0	0.9263983734273578	0.9292708297368114	0.9969089137229593
0	0.9278691907659548	0.9247107458656899	1.0034156031109036
0	0.8659864489591602	0.8942995573808459	0.968340464682095
0	0.9088752699182053	0.9293204045767349	0.9779999077198338
0	0.9790822594983524	0.9587730944080197	1.0211824520408264
0	0.8990068976470852	0.9104728494213237	0.9874065967134265
0	0.9448277304341012	0.9458228008823072	0.9989479314230131
0	0.9687639704557093	0.9494344914905004	1.0203589390721037
0	0.9678973688197485	0.9496658171736403	1.0191978602540084
0	0.9248213686776163	0.925301108461501	0.9994815311691538
0	0.9436420937530905	0.9350997565732807	1.0091352148471449
0	0.915601949898527	0.9061382396038018	1.010444002781367
0	0.955770241968639	0.9456393924434401	1.0107132270569037
0	0.9556422662690932	0.9506531904982397	1.005248050309744
0	0.9537762555375981	0.9390643440588852	1.0156665638215208
0	0.9559114733487222	0.9476448171251542	1.0087233698472031
0	0.9639384752816376	0.9606989475388008	1.0033720529736563
0	0.9517723843799163	0.9339989500687281	1.0190293943155722
0	0.9596462002317018	0.9525089977507364	1.0074930551814412
0	0.9579953404560877	0.9464833788720199	1.0121628777018643
0	0.9509024197514191	0.9480720821649933	1.0029853611762964
0	0.9307734551780702	0.9427145071008052	0.9873333317427584
0	0.9455013068884128	0.9561302873502076	0.9888833346224691
0	0.9323359386091945	0.929730880521996	1.0028019485442237
0	0.970209268867892	0.9556336148632424	1.0152523454365254
0	0.9271879135717467	0.9430218522922724	0.9832093618169748
0	0.9488439018295537	0.9514320346451033	0.9972797501857135
0	0.9389928123392577	0.9403432635855986	0.9985638741737868
0	0.934747686194775	0.9342746014509083	1.0005063658405484
0	0.9463135036997269	0.9253717638851976	1.0226306233146827
0	0.9520777551824674	0.9376746585235025	1.01536044141541
0	0.9675107003767924	0.9467679124224592	1.021909052558889
0	0.945277051142266	0.9446702711381485	1.0006423193601577
0	0.8934214233048731	0.9283974450231695	0.962326456297579
0	0.970551800695721	0.951262940051835	1.020277107234762
0	0.9562045276971106	0.9483696009918313	1.0082614696813197
0	0.9690324367638559	0.9561846783752539	1.0134364821766784
0	0.9311486472114923	0.9304404024527223	1.0007611930403097
0	0.9515662750130974	0.9420170025237378	1.0101370489744628
0	0.9643041112649287	0.9445530265056564	1.0209105092091448
0	0.9638416936403892	0.9546746865334427	1.009602231248252
0	0.9140733905127765	0.9289535604066443	0.9839817935706558
0	0.9490700679915657	0.954522232772767	0.9942880693670555
0	0.933950733847531	0.9254376666390051	1.009198963382854
0	0.9214597928947548	0.926167542478873	0.9949169568483063
0	0.9012557445248106	0.9005943085613227	1.0007344438635688
0	0.9405142454402229	0.9377689656017038	1.0029274586163743
0	0.9024321398700307	0.9172544355709856	0.9838405843284604
0	0.9327893694213112	0.9409016076960279	0.9913782289153686
0	0.9574127412162701	0.9455644628429568	1.0125303761286564
1	0.9273302755280965	0.9308689868008146	0.9961984862285724
1	0.9303120063130528	0.9261001114745776	1.0045479908557282
1	0.8668119659565195	0.8948715985809982	0.9686439566648747
1	0.915525907836693	0.9320843407954613	0.9822350486602565
1	0.9790822594983524	0.9588621483459839	1.0210876101296185
1	0.8990068976470852	0.9105606055013743	0.9873114345333144
1	0.9448277304341012	0.9459011554233029	0.9988651827064093
1	0.9687639704557093	0.9495225354790419	1.0202643268144869
1	0.9678973688197485	0.9497628996766568	1.019093680274588
1	0.9248213686776163	0.9253856970303447	0.9993901695751951
1	0.9436420937530905	0.9351552634520832	1.0090753168299331
1	0.9175622650161432	0.9083384173562901	1.0101546378349813
1	0.955770241968639	0.9457400040398459	1.0106057033497025
1	0.9558761394263413	0.9507444468334958	1.0053975520024723
1	0.9537762555375981	0.93915653917903	1.0155668578651948
1	0.9559114733487222	0.9477513538483837	1.0086099792600707
1	0.9639384752816376	0.9607743288952496	1.0032933294439978
1	0.9523819482697015	0.934618276898812	1.0190063385340928
1	0.9596462002317018	0.952597455565673	1.0073994997832985
1	0.9579953404560877	0.9465736917876142	1.0120663068998923
1	0.9509042998424786	0.9481795230583243	1.002873692921954
1	0.9308654870560034	0.943119231600801	0.9870072159126702
1	0.9455013068884128	0.9562212715378423	0.9887892426486298
1	0.9323359386091945	0.9297901035279376	1.0027380750468273
1	0.970209268867892	0.9557212929395349	1.0151592059687151
1	0.9271879135717467	0.9431133000607634	0.9831140261854109
1	0.9488935773439248	0.9515258426300628	0.9972336376289452
1	0.9391809427483727	0.9406848817308788	0.998401229772356
1	0.934747686194775	0.9343496716199609	1.0004259803228956
1	0.9485223219603677	0.9275438939637436	1.0226171808505744
1	0.9534550411031864	0.9388149793190654	1.015594192792641
1	0.9675107003767924	0.946871417722769	1.021797344673959
1	0.945277051142266	0.944770323295226	1.000536350300751
1	0.8939892362720507	0.9289357237867559	0.9623800801068908
1	0.970551800695721	0.951362464217178	1.0201703737537435
1	0.9562045276971106	0.9484435771634184	1.0081828278672131
1	0.9690324367638559	0.9562737131526228	1.0133421252051051
1	0.9315257087013962	0.9309056503004054	1.0006660808222516
1	0.9515662750130974	0.9420993105362937	1.010048796736105
1	0.9643041112649287	0.9446382622222266	1.0208183913664888
1	0.9638416936403892	0.9547564852645313	1.0095157336096447
1	0.9158510551119149	0.9299315444288508	0.9848585743743278
1	0.9490700679915657	0.9546101994697457	0.9941964463806721
1	0.9352069278690713	0.9264002861562154	1.0095063028848967
1	0.9217046883910381	0.9267308227551581	0.9945764894824829
1	0.9047542572667534	0.9046544706491643	1.0001103035698453
1	0.9405142454402229	0.9378647517544243	1.002825027468878
1	0.9065338986600349	0.9199058434901674	0.9854637896641697
1	0.9327893694213112	0.9410118777920261	0.9912620567659485
1	0.9574127412162701	0.9456482854220656	1.0124406250987423
2	0.7708299384598665	0.7605498996966077	1.0135165868371814
2	0.8090869620488691	0.7845496844847331	1.031275619695458
2	0.5964323738065782	0.6508994248161044	0.9163203270230044
2	0.7597449712685755	0.7697147313109691	0.9870474610438945
2	0.9007890415341111	0.8609714112825603	1.0462473314790277
2	0.6449935252962958	0.655459867159331	0.984032063002736
2	0.7362435101165656	0.799579100954591	0.9207888365736285
2	0.8611942165914432	0.8081068234000878	1.0656935341394491
2	0.8346064657362087	0.7761491890640978	1.0753170621006514
2	0.8482755840910137	0.8278763423621163	1.0246404452997095
2	0.8014864195381779	0.7803671560686634	1.0270632397907535
2	0.6895866769119796	0.6622935667148512	1.0412099883930768
2	0.796035783945783	0.7949255392649136	1.0013966650032355
2	0.8452609899213583	0.8278915710108278	1.0209803065023637
2	0.8801997246643751	0.8033715834542043	1.095632136849847
2	0.8444384412400117	0.8268488008317711	1.021273103849877
2	0.8920312791137472	0.8679015312870888	1.0278024026422379
2	0.7643897264285628	0.734272427397872	1.0410165190832796
2	0.8822418149812106	0.8282616691215173	1.065172816601481
2	0.8350615207177743	0.8078918654924808	1.0336303116614884
2	0.80921951980147	0.8122995702387348	0.996208233329042
2	0.7441329046812701	0.8195546082498212	0.907972326908617
2	0.8404749397881827	0.8374366003972709	1.0036281425835347
2	0.7794305499927815	0.7619561263289749	1.0229336349692424
2	0.8576068848901017	0.8249924474722072	1.0395330133237288
2	0.7686931231362899	0.7844545268141283	0.9799078172933114
2	0.789149445688871	0.802991361881166	0.9827620609020405
2	0.763867806861096	0.8010583869647835	0.9535731967745786
2	0.7488253481570133	0.7159088270215439	1.0459786496451158
2	0.777523089504209	0.7318600884604761	1.0623930745284778
2	0.8747640455639201	0.827921169289599	1.0565789087317512
2	0.8297568440536781	0.7715683887076392	1.0754158104422906
2	0.8141385875945044	0.8077753823702057	1.007877443857756
2	0.7150723776544123	0.757878991119319	0.9435178782279146
2	0.8812935710685933	0.8300028802705285	1.0617957985655992
2	0.7541622430742994	0.7508038037190964	1.0044731251207932
2	0.8941121373695702	0.8639999242055303	1.0348521016268941
2	0.7842331415020093	0.7927577730894518	0.9892468647084705
2	0.7900300352380368	0.7780663288116559	1.015376203780278
2	0.8594735531840537	0.8280833962341694	1.0379069995759311
2	0.7807101495719098	0.8248963533023818	0.9464342355817462
2	0.738722382575161	0.7517271787870846	0.9827001117175157
2	0.8014921214934416	0.8429575980116079	0.9508095346480343
2	0.77854529272102	0.7548099017632294	1.0314455214516198
2	0.7147521441183627	0.7728523599271003	0.9248236547867721
2	0.6500784518101694	0.657439571202297	0.9888033521032725
2	0.7678252887368778	0.7568572433089242	1.0144915643272463
2	0.7976453014775731	0.7838237860925715	1.0176334472495443
2	0.7750098238392732	0.7490106032391334	1.0347114186203838
2	0.836759331824189	0.7910068875011347	1.0578407660489413
3	0.770865702241589	0.7605833754581084	1.0135190001717924
3	0.8090869620488691	0.7845496844847331	1.031275619695458
3	0.5964323738065782	0.6508994248161044	0.9163203270230044
3	0.7597449712685755	0.7697147313109691	0.9870474610438945
3	0.9007890415341111	0.8609714112825603	1.0462473314790277
3	0.6449935252962958	0.655459867159331	0.984032063002736
3	0.7362435101165656	0.799579100954591	0.9207888365736285
3	0.8611942165914432	0.8081068234000878	1.0656935341394491
3	0.8346064657362087	0.7761491890640978	1.0753170621006514
3	0.8482755840910137	0.8278763423621163	1.0246404452997095
3	0.8014864195381779	0.7803671560686634	1.0270632397907535
3	0.6895866769119796	0.6622935667148512	1.0412099883930768
3	0.796035783945783	0.7949255392649136	1.0013966650032355
3	0.8452609899213583	0.8278915710108278	1.0209803065023637
3	0.8801997246643751	0.8033715834542043	1.095632136849847
3	0.8444384412400117	0.8268488008317711	1.021273103849877
3	0.8920312791137472	0.8679015312870888	1.0278024026422379
3	0.7643897264285628	0.734272427397872	1.0410165190832796
3	0.8822418149812106	0.8282616691215173	1.065172816601481
3	0.8350615207177743	0.8078918654924808	1.0336303116614884
3	0.80921951980147	0.8122995702387348	0.996208233329042
3	0.7441329046812701	0.8195546082498212	0.907972326908617
3	0.8404749397881827	0.8374366003972709	1.0036281425835347
3	0.7794305499927815	0.7619561263289749	1.0229336349692424
3	0.8576068848901017	0.8249924474722072	1.0395330133237288
3	0.7686931231362899	0.7844545268141283	0.9799078172933114
3	0.789149445688871	0.802991361881166	0.9827620609020405
3	0.763867806861096	0.8010583869647835	0.9535731967745786
3	0.7488253481570133	0.7159088270215439	1.0459786496451158
3	0.777523089504209	0.7318600884604761	1.0623930745284778
3	0.8747640455639201	0.827921169289599	1.0565789087317512
3	0.8297568440536781	0.7715683887076392	1.0754158104422906
3	0.8141385875945044	0.8077753823702057	1.007877443857756
3	0.7150723776544123	0.757878991119319	0.9435178782279146
3	0.8812935710685933	0.8300028802705285	1.0617957985655992
3	0.7541622430742994	0.7508038037190964	1.0044731251207932
3	0.8941121373695702	0.8639999242055303	1.0348521016268941
3	0.7842331415020093	0.7927577730894518	0.9892468647084705
3	0.7900300352380368	0.7780663288116559	1.015376203780278
3	0.8594735531840537	0.8280833962341694	1.0379069995759311
3	0.7807101495719098	0.8248963533023818	0.9464342355817462
3	0.738722382575161	0.7517271787870846	0.9827001117175157
3	0.8014921214934416	0.8429575980116079	0.9508095346480343
3	0.77854529272102	0.7548099017632294	1.0314455214516198
3	0.7147521441183627	0.7728523599271003	0.9248236547867721
3	0.6500686709673775	0.6574445260054734	0.9887810229664389
3	0.7678252887368778	0.7568572433089242	1.0144915643272463
3	0.7976453014775731	0.7838237860925715	1.0176334472495443
3	0.7750098238392732	0.7490106032391334	1.0347114186203838
3	0.836759331824189	0.7910068875011347	1.0578407660489413
4	0.770865702241589	0.7605833754581084	1.0135190001717924
4	0.8090869620488691	0.7845496844847331	1.031275619695458
4	0.5964323738065782	0.6508994248161044	0.9163203270230044
4	0.7597449712685755	0.7697147313109691	0.9870474610438945
4	0.9007890415341111	0.8609714112825603	1.0462473314790277
4	0.6449935252962958	0.655459867159331	0.984032063002736
4	0.7362435101165656	0.799579100954591	0.9207888365736285
4	0.8611942165914432	0.8081068234000878	1.0656935341394491
4	0.8346064657362087	0.7761491890640978	1.0753170621006514
4	0.8482755840910137	0.8278763423621163	1.0246404452997095
4	0.8014864195381779	0.7803671560686634	1.0270632397907535
4	0.6895866769119796	0.6622935667148512	1.0412099883930768
4	0.796035783945783	0.7949255392649136	1.0013966650032355
4	0.8452609899213583	0.8278915710108278	1.0209803065023637
4	0.8801997246643751	0.8033715834542043	1.095632136849847
4	0.8444384412400117	0.8268488008317711	1.021273103849877
4	0.8920312791137472	0.8679015312870888	1.0278024026422379
4	0.7643897264285628	0.734272427397872	1.0410165190832796
4	0.8822418149812106	0.8282616691215173	1.065172816601481
4	0.8350615207177743	0.8078918654924808	1.0336303116614884
4	0.80921951980147	0.8122995702387348	0.996208233329042
4	0.7441329046812701	0.8195546082498212	0.907972326908617
4	0.8404749397881827	0.8374366003972709	1.0036281425835347
4	0.7794305499927815	0.7619561263289749	1.0229336349692424
4	0.8576068848901017	0.8249924474722072	1.0395330133237288
4	0.7686931231362899	0.7844545268141283	0.9799078172933114
4	0.789149445688871	0.802991361881166	0.9827620609020405
4	0.763867806861096	0.8010583869647835	0.9535731967745786
4	0.7488253481570133	0.7159088270215439	1.0459786496451158
4	0.777523089504209	0.7318600884604761	1.0623930745284778
4	0.8747640455639201	0.827921169289599	1.0565789087317512
4	0.8297568440536781	0.7715683887076392	1.0754158104422906
4	0.8141385875945044	0.8077753823702057	1.007877443857756
4	0.7150723776544123	0.757878991119319	0.9435178782279146
4	0.8812935710685933	0.8300028802705285	1.0617957985655992
4	0.7541622430742994	0.7508038037190964	1.0044731251207932
4	0.8941121373695702	0.8639999242055303	1.0348521016268941
4	0.7842331415020093	0.7927577730894518	0.9892468647084705
4	0.7900300352380368	0.7780663288116559	1.015376203780278
4	0.8594735531840537	0.8280833962341694	1.0379069995759311
4	0.7807101495719098	0.8248963533023818	0.9464342355817462
4	0.738722382575161	0.7517271787870846	0.9827001117175157
4	0.8014921214934416	0.8429575980116079	0.9508095346480343
4	0.77854529272102	0.7548099017632294	1.0314455214516198
4	0.7147521441183627	0.7728523599271003	0.9248236547867721
4	0.6500686709673775	0.6574445260054734	0.9887810229664389
4	0.7678252887368778	0.7568572433089242	1.0144915643272463
4	0.7976453014775731	0.7838237860925715	1.0176334472495443
4	0.7750098238392732	0.7490106032391334	1.0347114186203838
4	0.836759331824189	0.7910068875011347	1.0578407660489413
5	0.5900422315054674	0.5910072856449494	0.9983671028041069
5	0.6804528261872431	0.6196366065410444	1.0981482033246697
5	0.48653671928459197	0.5312160708235132	0.9158923195421076
5	0.6182514112416864	0.6658697879491213	0.9284869541023936
5	0.7728226431145065	0.7048052935439165	1.0965051627642917
5	0.5634688145862525	0.575569825834482	0.9789755982591947
5	0.7223286450943185	0.6812904947469997	1.060235906215833
5	0.7423662690969597	0.6919988343125352	1.0727854329905944
5	0.7147823589526746	0.6274483256719623	1.1391892044451348
5	0.7392478929791355	0.7202179948760267	1.0264224141003093
5	0.7596494053707401	0.6826301552760916	1.112827201522467
5	0.5773804536816652	0.5398307177937158	1.0695583534805408
5	0.7202168223080696	0.6828845787177136	1.0546684531380934
5	0.6766510845116445	0.6547628706000758	1.0334292228444606
5	0.7426988099495628	0.631817624069432	1.1754955570342651
5	0.7220178776259633	0.6860859944794195	1.0523722732072496
5	0.7518078782910029	0.7565918806416719	0.9936769049826286
5	0.6232327205974874	0.6208077865705813	1.0039060947355407
5	0.7605626091538258	0.711646309134942	1.0687368140479012
5	0.731533485630239	0.7054837219117428	1.0369246843115043
5	0.5986374291901091	0.6636356859218567	0.9020573213427205
5	0.5017780035932229	0.6626139557465678	0.7572705030455767
5	0.6483664387675343	0.6688860786610198	0.9693226686156157
5	0.7000591722779269	0.621110114554268	1.1271095992057958
5	0.7682467647414487	0.6922991980361848	1.1097033868025574
5	0.6600211422272044	0.6719780751885716	0.9822063644591206
5	0.6376552682178621	0.6397460562672752	0.9967318469118635
5	0.6200131000545324	0.628653658515613	0.9862554550601315
5	0.6292479923596289	0.6354240286302323	0.9902804489721345
5	0.5962565922702249	0.5517864254537201	1.0805930787078317
5	0.7180858366874575	0.6417576069710722	1.1189362290174238
5	0.6995378702564632	0.6239507741636839	1.1211427234689995
5	0.6723779218098087	0.6589013412461684	1.0204531084094506
5	0.6202912727373557	0.6424458199757566	0.9655153064281173
5	0.6935822172436099	0.6415538437148861	1.0810974387238583
5	0.6918826103702549	0.6682788670566832	1.035320200109769
5	0.7623363228642548	0.7291637899351247	1.0454939389298001
5	0.7132319582746147	0.7091588004918965	1.0057436469517025
5	0.713220079085451	0.6834695896547687	1.043528622020637
5	0.7393058773856738	0.6858684259482083	1.0779121029862084
5	0.6837853658476325	0.70853351334319	0.965071309924658
5	0.6072323916137292	0.637634728589738	0.9523201362584972
5	0.6301594126593717	0.6783272568386973	0.9289902569980618
5	0.6776921726022151	0.5830199290919477	1.162382516936804
5	0.5058872249188305	0.5810981627536393	0.8705710280025528
5	0.652016086198951	0.6254647356392817	1.0424505956079704
5	0.6475506901397522	0.6428709555690398	1.0072794307009407
5	0.64998851198574	0.6180869346595139	1.0516134147760294
5	0.6676029042417456	0.585429371351204	1.1403645544822605
5	0.6753340457416999	0.6574536592170289	1.0271964210313544
6	0.5900422315054674	0.5910072856449494	0.9983671028041069
6	0.6804528261872431	0.6196366065410444	1.0981482033246697
6	0.48653671928459197	0.5312160708235132	0.9158923195421076
6	0.6182514112416864	0.6658697879491213	0.9284869541023936
6	0.7728226431145065	0.7048052935439165	1.0965051627642917
6	0.5634688145862525	0.575569825834482	0.9789755982591947
6	0.7223286450943185	0.6812904947469997	1.060235906215833
6	0.7423662690969597	0.6919988343125352	1.0727854329905944
6	0.7147823589526746	0.6274483256719623	1.1391892044451348
6	0.7392478929791355	0.7202179948760267	1.0264224141003093
6	0.7596494053707401	0.6826301552760916	1.112827201522467
6	0.5773804536816652	0.5398307177937158	1.0695583534805408
6	0.7202168223080696	0.6828845787177136	1.0546684531380934
6	0.6766510845116445	0.6547628706000758	1.0334292228444606
6	0.7426988099495628	0.631817624069432	1.1754955570342651
6	0.7220178776259633	0.6860859944794195	1.0523722732072496
6	0.7518078782910029	0.7565918806416719	0.9936769049826286
6	0.6232327205974874	0.6208077865705813	1.0039060947355407
6	0.7605626091538258	0.711646309134942	1.0687368140479012
6	0.731533485630239	0.7054837219117428	1.0369246843115043
6	0.5986374291901091	0.6636356859218567	0.9020573213427205
6	0.5017780035932229	0.6626139557465678	0.7572705030455767
6	0.6483664387675343	0.6688860786610198	0.9693226686156157
6	0.7000591722779269	0.621110114554268	1.1271095992057958
6	0.7682467647414487	0.6922991980361848	1.1097033868025574
6	0.6600211422272044	0.6719780751885716	0.9822063644591206
6	0.6376552682178621	0.6397460562672752	0.9967318469118635
6	0.6200131000545324	0.628653658515613	0.9862554550601315
6	0.6292479923596289	0.6354240286302323	0.9902804489721345
6	0.5962565922702249	0.5517864254537201	1.0805930787078317
6	0.7180858366874575	0.6417576069710722	1.1189362290174238
6	0.6995378702564632	0.6239507741636839	1.1211427234689995
6	0.6723779218098087	0.6589013412461684	1.0204531084094506
6	0.6202912727373557	0.6424458199757566	0.9655153064281173
6	0.6935822172436099	0.6415538437148861	1.0810974387238583
6	0.6918826103702549	0.6682788670566832	1.035320200109769
6	0.7623363228642548	0.7291637899351247	1.0454939389298001
6	0.7132319582746147	0.7091588004918965	1.0057436469517025
6	0.713220079085451	0.6834695896547687	1.043528622020637
6	0.7393058773856738	0.6858684259482083	1.0779121029862084
6	0.6837853658476325	0.70853351334319	0.965071309924658
6	0.6072323916137292	0.637634728589738	0.9523201362584972
6	0.6301594126593717	0.6783272568386973	0.9289902569980618
6	0.6776921726022151	0.5830199290919477	1.162382516936804
6	0.5058872249188305	0.5810981627536393	0.8705710280025528
6	0.652016086198951	0.6254647356392817	1.0424505956079704
6	0.6475506901397522	0.6428709555690398	1.0072794307009407
6	0.64998851198574	0.6180869346595139	1.0516134147760294
6	0.6676029042417456	0.585429371351204	1.1403645544822605
6	0.6753340457416999	0.6574536592170289	1.0271964210313544
7	0.2990519153040847	0.37732033711258184	0.7925677094231366
7	0.6185186264132992	0.43324930872965767	1.4276274974953218
7	0.4173560842482992	0.36741497443861204	1.1359256243869595
7	0.5050832872327865	0.508868156489779	0.9925621809721777
7	0.5972461373476814	0.5666048911449443	1.0540786828380886
7	0.41840238266747054	0.4260433608611037	0.9820652569771549
7	0.513413064400871	0.5339513022454745	0.9615353726861754
7	0.63098645499498	0.5724126364731278	1.1023279620148672
7	0.6059290225460879	0.5141136848008674	1.1785895619191378
7	0.6033295864650283	0.5662054573823927	1.0655665334881494
7	0.6143459839603809	0.5701663362614202	1.0774855421816842
7	0.3960225542443068	0.35456790128779014	1.1169159780283366
7	0.6403098554960416	0.5746462286388607	1.1142679157796187
7	0.5929437541437084	0.5621059561349648	1.0548611835049462
7	0.6497798965916207	0.48818796398751446	1.331003516113394
7	0.6437407302658764	0.5741944821195422	1.1211196734068498
7	0.5926158581990201	0.6269482986021943	0.9452388012221746
7	0.4207868066116507	0.4291561164070842	0.9804982162074217
7	0.6792300902065385	0.6059546520321266	1.120925613705045
7	0.5696996093153461	0.5673898845476002	1.0040707894706082
7	0.46623532212043395	0.5486124221575468	0.8498446321846931
7	0.29304698626390924	0.5063497740971952	0.5787441828850468
7	0.5752258883257948	0.5779728303582288	0.9952472817264932
7	0.5835637445804917	0.5164204753926217	1.1300166674003826
7	0.660988715981965	0.584844676399195	1.1301953196386738
7	0.3841878288337374	0.49862971909817116	0.770487225527963
7	0.55359349046962	0.5398297565852619	1.025496434230343
7	0.6142238081956554	0.5481578656845735	1.1205235692980062
7	0.49579385616479965	0.528977319373992	0.9372686465112292
7	0.37138461616382934	0.3617023806950712	1.0267685146283863
7	0.6036197179508732	0.4863333500970248	1.2411645588986433
7	0.5715283178878823	0.49933592048590364	1.1445768158071388
7	0.5535922618167745	0.5558280161468944	0.9959776149003453
7	0.4247272513948034	0.4724357061474357	0.8990159843300589
7	0.5941484448500425	0.4879390902814249	1.2176692884092561
7	0.5812072451903934	0.5639584928223851	1.0305851451614554
7	0.6606652998367415	0.5941861524331252	1.1118826938853954
7	0.5393792587219248	0.521286546471183	1.0347078058569117
7	0.5248601982468003	0.5332534214269488	0.9842603481892553
7	0.5847731984797202	0.5672181874337145	1.0309493091634288
7	0.5269331968777802	0.5543398338558604	0.9505598636355501
7	0.434891937386204	0.4329546951082498	1.0044744688066494
7	0.3919911688508168	0.5218226947016421	0.7511960917586041
7	0.5908249199502658	0.43779482125615987	1.3495475306332274
7	0.2717688979552274	0.4075364569123887	0.666857880677045
7	0.5157683598624052	0.5023319818560187	1.0267480042913886
7	0.5291119191662137	0.5276943183966464	1.0026864052163278
7	0.6145863053543048	0.45996187754925444	1.3361679203261636
7	0.5218528776601276	0.44749715481776847	1.1661590963022737
7	0.5071126039360451	0.5019436034468131	1.0102979706360173
8	0.2990519153040847	0.37732033711258184	0.7925677094231366
8	0.6185186264132992	0.43324930872965767	1.4276274974953218
8	0.4173560842482992	0.36741497443861204	1.1359256243869595
8	0.5050832872327865	0.508868156489779	0.9925621809721777
8	0.5972461373476814	0.5666048911449443	1.0540786828380886
8	0.41840238266747054	0.4260433608611037	0.9820652569771549
8	0.513413064400871	0.5339513022454745	0.9615353726861754
8	0.63098645499498	0.5724126364731278	1.1023279620148672
8	0.6059290225460879	0.5141136848008674	1.1785895619191378
8	0.6033295864650283	0.5662054573823927	1.0655665334881494
8	0.6143459839603809	0.5701663362614202	1.0774855421816842
8	0.3960225542443068	0.35456790128779014	1.1169159780283366
8	0.6403098554960416	0.5746462286388607	1.1142679157796187
8	0.5929437541437084	0.5621059561349648	1.0548611835049462
8	0.6497798965916207	0.48818796398751446	1.331003516113394
8	0.6437407302658764	0.5741944821195422	1.1211196734068498
8	0.5926158581990201	0.6269482986021943	0.9452388012221746
8	0.4207868066116507	0.4291561164070842	0.9804982162074217
8	0.6792300902065385	0.6059546520321266	1.120925613705045
8	0.5696996093153461	0.5673898845476002	1.0040707894706082
8	0.46623532212043395	0.5486124221575468	0.8498446321846931
8	0.29304698626390924	0.5063497740971952	0.5787441828850468
8	0.5752258883257948	0.5779728303582288	0.9952472817264932
8	0.5835637445804917	0.5164204753926217	1.1300166674003826
8	0.660988715981965	0.584844676399195	1.1301953196386738
8	0.3841878288337374	0.49862971909817116	0.770487225527963
8	0.55359349046962	0.5398297565852619	1.025496434230343
8	0.6142238081956554	0.5481578656845735	1.1205235692980062
8	0.49579385616479965	0.528977319373992	0.9372686465112292
8	0.37138461616382934	0.3617023806950712	1.0267685146283863
8	0.6036197179508732	0.4863333500970248	1.2411645588986433
8	0.5715283178878823	0.49933592048590364	1.1445768158071388
8	0.5535922618167745	0.5558280161468944	0.9959776149003453
8	0.4247272513948034	0.4724357061474357	0.8990159843300589
8	0.5941484448500425	0.4879390902814249	1.2176692884092561
8	0.5812072451903934	0.5639584928223851	1.0305851451614554
8	0.6606652998367415	0.5941861524331252	1.1118826938853954
8	0.5393792587219248	0.521286546471183	1.0347078058569117
8	0.5248601982468003	0.5332534214269488	0.9842603481892553
8	0.5847731984797202	0.5672181874337145	1.0309493091634288
8	0.5269331968777802	0.5543398338558604	0.9505598636355501
8	0.434891937386204	0.4329546951082498	1.0044744688066494
8	0.3919911688508168	0.5218226947016421	0.7511960917586041
8	0.5908249199502658	0.43779482125615987	1.3495475306332274
8	0.2717688979552274	0.4075364569123887	0.666857880677045
8	0.5157683598624052	0.5023319818560187	1.0267480042913886
8	0.5291119191662137	0.5276943183966464	1.0026864052163278
8	0.6145863053543048	0.45996187754925444	1.3361679203261636
8	0.5218528776601276	0.44749715481776847	1.1661590963022737
8	0.5071126039360451	0.5019436034468131	1.0102979706360173
9	0.2990519153040847	0.37732033711258184	0.7925677094231366
9	0.6185186264132992	0.43324930872965767	1.4276274974953218
9	0.4173560842482992	0.36741497443861204	1.1359256243869595
9	0.5050832872327865	0.508868156489779	0.9925621809721777
9	0.5972461373476814	0.5666048911449443	1.0540786828380886
9	0.41840238266747054	0.4260433608611037	0.9820652569771549
9	0.513413064400871	0.5339513022454745	0.9615353726861754
9	0.63098645499498	0.5724126364731278	1.1023279620148672
9	0.6059290225460879	0.5141136848008674	1.1785895619191378
9	0.6033295864650283	0.5662054573823927	1.0655665334881494
9	0.6143459839603809	0.5701663362614202	1.0774855421816842
9	0.3960225542443068	0.35456790128779014	1.1169159780283366
9	0.6403098554960416	0.5746462286388607	1.1142679157796187
9	0.5929437541437084	0.5621059561349648	1.0548611835049462
9	0.6497798965916207	0.48818796398751446	1.331003516113394
9	0.6437407302658764	0.5741944821195422	1.1211196734068498
9	0.5926158581990201	0.6269482986021943	0.9452388012221746
9	0.4207868066116507	0.4291561164070842	0.9804982162074217
9	0.6792300902065385	0.6059546520321266	1.120925613705045
9	0.5696996093153461	0.5673898845476002	1.0040707894706082
9	0.46623532212043395	0.5486124221575468	0.8498446321846931
9	0.29304698626390924	0.5063497740971952	0.5787441828850468
9	0.5752258883257948	0.5779728303582288	0.9952472817264932
9	0.5835637445804917	0.5164204753926217	1.1300166674003826
9	0.660988715981965	0.584844676399195	1.1301953196386738
9	0.3841878288337374	0.49862971909817116	0.770487225527963
9	0.55359349046962	0.5398297565852619	1.025496434230343
9	0.6142238081956554	0.5481578656845735	1.1205235692980062
9	0.49579385616479965	0.528977319373992	0.9372686465112292
9	0.37138461616382934	0.3617023806950712	1.0267685146283863
9	0.6036197179508732	0.4863333500970248	1.2411645588986433
9	0.5715283178878823	0.49933592048590364	1.1445768158071388
9	0.5535922618167745	0.5558280161468944	0.9959776149003453
9	0.4247272513948034	0.4724357061474357	0.8990159843300589
9	0.5941484448500425	0.4879390902814249	1.2176692884092561
9	0.5812072451903934	0.5639584928223851	1.0305851451614554
9	0.6606652998367415	0.5941861524331252	1.1118826938853954
9	0.5393792587219248	0.521286546471183	1.0347078058569117
9	0.5248601982468003	0.5332534214269488	0.9842603481892553
9	0.5847731984797202	0.5672181874337145	1.0309493091634288
9	0.5269331968777802	0.5543398338558604	0.9505598636355501
9	0.434891937386204	0.4329546951082498	1.0044744688066494
9	0.3919911688508168	0.5218226947016421	0.7511960917586041
9	0.5908249199502658	0.43779482125615987	1.3495475306332274
9	0.2717688979552274	0.4075364569123887	0.666857880677045
9	0.5157683598624052	0.5023319818560187	1.0267480042913886
9	0.5291119191662137	0.5276943183966464	1.0026864052163278
9	0.6145863053543048	0.45996187754925444	1.3361679203261636
9	0.5218528776601276	0.44749715481776847	1.1661590963022737
9	0.5071126039360451	0.5019436034468131	1.0102979706360173
10	0.39174717438440143	0.4110269479047044	0.9530936508698866
10	0.6050448183657409	0.5031528921838136	1.202506887597704
10	0.49022648317252004	0.5064001558953275	0.9680614775992475
10	0.5107779236509786	0.5550710853456617	0.920202722022351
10	0.6517621109669396	0.6045248373804425	1.0781395083636067
10	0.4799434022813219	0.4679469664642229	1.0256363149605248
10	0.6185292191042234	0.6037610629555165	1.02446026591449
10	0.6182395886323497	0.5982284919031009	1.0334505912040213
10	0.6373202677325538	0.5487345888794719	1.1614362947923071
10	0.639463800804122	0.6035621515964825	1.0594829366166783
10	0.6673255500098167	0.599953439737041	1.1122955646396575
10	0.45395861914306923	0.44228791902566283	1.0263871103310178
10	0.6512147637149633	0.6086377352145966	1.069954631527003
10	0.6320069373826995	0.5827339285894024	1.0845548995449261
10	0.6585619174775931	0.5465605457394233	1.2049203379410545
10	0.6639157199567896	0.6151510354137655	1.079272701719869
10	0.6101003442052515	0.6313398833528362	0.9663579955779309
10	0.5057797123836195	0.5232058303893357	0.9666935706875652
10	0.6664365410475267	0.6458385112831556	1.0318934678011795
10	0.5803720879141454	0.599463574011515	0.9681523833556519
10	0.5193601463671624	0.5469509266706976	0.949555291054207
10	0.4312630642406138	0.5521977926176935	0.7809938214280273
10	0.5498327166945165	0.6025669743064372	0.9124839895637848
10	0.6090883336612349	0.5896159712807792	1.0330255002050865
10	0.6790293449105209	0.6216786235100233	1.0922513968337741
10	0.4053524856316387	0.5384678696759074	0.7527886220502106
10	0.5591793972467572	0.5501603809194228	1.016393431152316
10	0.6049433808568933	0.567391911474089	1.066182595527746
10	0.4777449105716709	0.5640136729923257	0.8470449094558943
10	0.4271476189622142	0.44699388946739155	0.9556005776078397
10	0.5665371441792497	0.517383688483971	1.0950038758262892
10	0.5617991222540326	0.5450791405848344	1.0306744111529542
10	0.5782079960247438	0.578813610957048	0.9989536961107345
10	0.5441709463065423	0.4918366467965507	1.106405856194038
10	0.553668321222605	0.5016726961611632	1.1036445185462878
10	0.6248733392095062	0.5888465312620713	1.061181999102922
10	0.6823718172939401	0.6052161555241696	1.1274844715652823
10	0.5465761161300775	0.5365782268286732	1.0186326779610395
10	0.588650778116879	0.5676466502156785	1.0370021172382855
10	0.6093091856047752	0.58548991206248	1.0406826369704443
10	0.5724500776745055	0.57207761980645	1.0006510617705715
10	0.4804141462507527	0.48212596632329346	0.9964494339817555
10	0.46019136783160486	0.5122447609331806	0.8983817950490159
10	0.5827245683125378	0.5014148416495787	1.1621605902120138
10	0.3971702350179195	0.427656602286211	0.9287129741355229
10	0.5811398125030864	0.532774152727939	1.0907807924380395
10	0.5406456829636235	0.5500309674977611	0.9829368070368222
10	0.6058999787346793	0.496868581176652	1.2194370940094987
10	0.5710957585763633	0.5205969397882619	1.0970017588052676
10	0.553963332298841	0.5385942963626591	1.0285354598813523
11	0.39202169958268934	0.41120118784416637	0.9533574103663691
11	0.6050448183657409	0.5031528921838136	1.202506887597704
11	0.49022648317252004	0.5064001558953275	0.9680614775992475
11	0.5107779236509786	0.5550710853456617	0.920202722022351
11	0.6518259637298327	0.6046081007617011	1.0780966429471344
11	0.4799434022813219	0.4679469664642229	1.0256363149605248
11	0.6185292191042234	0.6037610629555165	1.02446026591449
11	0.6182395886323497	0.5982284919031009	1.0334505912040213
11	0.6375482269036508	0.5488268605553277	1.161656385145856
11	0.639463800804122	0.6035621515964825	1.0594829366166783
11	0.6673255500098167	0.599953439737041	1.1122955646396575
11	0.45395861914306923	0.44228791902566283	1.0263871103310178
11	0.6512147637149633	0.6086377352145966	1.069954631527003
11	0.6320937686597088	0.5828084841456794	1.084565145935161
11	0.6585619174775931	0.5465605457394233	1.2049203379410545
11	0.6639696236339411	0.6152351611298721	1.0792127394256348
11	0.6101003442052515	0.6313398833528362	0.9663579955779309
11	0.5057797123836195	0.5232058303893357	0.9666935706875652
11	0.6664365410475267	0.6458385112831556	1.0318934678011795
11	0.5803720879141454	0.599463574011515	0.9681523833556519
11	0.5193601463671624	0.5469509266706976	0.949555291054207
11	0.4315244269531908	0.5522986072203813	0.7813244888032128
11	0.5498327166945165	0.6025669743064372	0.9124839895637848
11	0.6090883336612349	0.5896159712807792	1.0330255002050865
11	0.6790293449105209	0.6216786235100233	1.0922513968337741
11	0.4053524856316387	0.5384678696759074	0.7527886220502106
11	0.5591793972467572	0.5501603809194228	1.016393431152316
11	0.6049773072112621	0.5674481757484675	1.0661366677464306
11	0.4777449105716709	0.5640136729923257	0.8470449094558943
11	0.42743844483751847	0.4472130387953478	0.9557826086397304
11	0.5666167345395798	0.5175847149965863	1.094732356119359
11	0.5617991222540326	0.5450791405848344	1.0306744111529542
11	0.5782079960247438	0.578813610957048	0.9989536961107345
11	0.5441709463065423	0.4918366467965507	1.106405856194038
11	0.553668321222605	0.5016726961611632	1.1036445185462878
11	0.6248733392095062	0.5888465312620713	1.061181999102922
11	0.6823718172939401	0.6052161555241696	1.1274844715652823
11	0.5465761161300775	0.5365782268286732	1.0186326779610395
11	0.588650778116879	0.5676466502156785	1.0370021172382855
11	0.6093091856047752	0.58548991206248	1.0406826369704443
11	0.5724500776745055	0.57207761980645	1.0006510617705715
11	0.4804141462507527	0.48212596632329346	0.9964494339817555
11	0.46033442266382757	0.5123825681101741	0.898419367313146
11	0.5827587018033104	0.5015035497918102	1.162023084473144
11	0.39790358354641986	0.428029906107112	0.9296163138816912
11	0.5811398125030864	0.532774152727939	1.0907807924380395
11	0.5406456829636235	0.5500309674977611	0.9829368070368222
11	0.6059443497199686	0.4970770683714809	1.2190148938174872
11	0.5710957585763633	0.5205969397882619	1.0970017588052676
11	0.553963332298841	0.5385942963626591	1.0285354598813523
12	0.34264610564250464	0.35385768292303815	0.9683161400144816
12	0.5673851127281753	0.4535970971742661	1.2508570188450594
12	0.4561505729834697	0.44656397881629484	1.0214674595845954
12	0.37527523306632704	0.48650766247166266	0.7713655138744818
12	0.5537789929888888	0.5395474669600197	1.026376782211682
12	0.4585102930075175	0.42990320833152795	1.066543082539474
12	0.5712142948380756	0.5305444017850639	1.0766569073505898
12	0.5498657089445865	0.4974713182742647	1.1053214300918468
12	0.573185118510476	0.49738369921020587	1.1524002885913531
12	0.5709337820142473	0.5231972541676444	1.0912400198325716
12	0.6089936571603685	0.5364937069394741	1.135136627481585
12	0.4067714643463334	0.3755243689022911	1.0832092349569267
12	0.612815647679374	0.5448050778178473	1.1248346842396093
12	0.5433091000804273	0.508158147643878	1.0691732536406824
12	0.5747561587327306	0.47370049434890976	1.2133324022021963
12	0.603575205646013	0.563409931061625	1.0712896105837275
12	0.5280068226633696	0.5554746231286606	0.950550755477215
12	0.446808311707803	0.4394678052048251	1.0167031723735864
12	0.5846099549132154	0.5637421562438761	1.0370165658860393
12	0.4607203287943011	0.5008915329534643	0.9198005925109232
12	0.40710750460099443	0.44998057473384184	0.9047223979430528
12	0.41978054033014656	0.5068459361554357	0.8282211819913091
12	0.402600573922682	0.540446355591411	0.7449408618587423
12	0.5318975184162248	0.5170810153846482	1.0286541230305173
12	0.6294205274620261	0.5502614898480094	1.1438571280644803
12	0.3175208644679414	0.4543476541956769	0.6988500139393096
12	0.4747178139951432	0.5007300865913962	0.9480513088931294
12	0.5746136694186041	0.5184484928473949	1.1083331851593239
12	0.34734971685509397	0.5139975784305997	0.6757808430064294
12	0.40703431108083626	0.39353973810109266	1.0342902423141753
12	0.5359454597931795	0.47930472870668617	1.11817269410074
12	0.4898052267168425	0.47428756016583073	1.0327178443086007
12	0.5214803314461158	0.5091218470219786	1.0242741192436076
12	0.4076511689863814	0.4334931808859029	0.940386578061713
12	0.510934742949822	0.446739747762011	1.1436966276437288
12	0.6046678719053731	0.5343013875592949	1.1316981126841434
12	0.5959486134675274	0.5149154472928975	1.1573717910399686
12	0.4234843478136301	0.4482754445170721	0.9446967327640499
12	0.4962497075651938	0.5024046005368468	0.9877491309492865
12	0.5370437090724595	0.5325810361998082	1.0083793311614966
12	0.48502434078541895	0.4622155489639652	1.049346656278826
12	0.4102886636942705	0.4167473046207703	0.9845022610707056
12	0.38320528508973234	0.4258846193691766	0.8997866268505746
12	0.553590263892777	0.45812884116977504	1.2083724361890273
12	0.34378844974037037	0.3905650481534108	0.8802335266962573
12	0.5481689637842073	0.49365465958511484	1.1104300407999963
12	0.5138834340780124	0.49375877704214627	1.0407580745327152
12	0.5684675613010853	0.4555555802817159	1.2478555546384584
12	0.5113271949722886	0.484776822444089	1.0547682382881698
12	0.5318441908705133	0.491979813972681	1.0810284807743065
13	0.34262801663164844	0.3538362526840151	0.9683236639339613
13	0.5673851127281753	0.4535970971742661	1.2508570188450594
13	0.4561505729834697	0.44656397881629484	1.0214674595845954
13	0.37527523306632704	0.48650766247166266	0.7713655138744818
13	0.5537789929888888	0.5395474669600197	1.026376782211682
13	0.4585102930075175	0.42990320833152795	1.066543082539474
13	0.5712142948380756	0.5305444017850639	1.0766569073505898
13	0.5498657089445865	0.4974713182742647	1.1053214300918468
13	0.573185118510476	0.49738369921020587	1.1524002885913531
13	0.5709337820142473	0.5231972541676444	1.0912400198325716
13	0.6089936571603685	0.5364937069394741	1.135136627481585
13	0.4067714643463334	0.3755243689022911	1.0832092349569267
13	0.612815647679374	0.5448050778178473	1.1248346842396093
13	0.5433091000804273	0.508158147643878	1.0691732536406824
13	0.5747561587327306	0.47370049434890976	1.2133324022021963
13	0.603575205646013	0.563409931061625	1.0712896105837275
13	0.5280068226633696	0.5554746231286606	0.950550755477215
13	0.446808311707803	0.4394678052048251	1.0167031723735864
13	0.5846099549132154	0.5637421562438761	1.0370165658860393
13	0.4607203287943011	0.5008915329534643	0.9198005925109232
13	0.40710750460099443	0.44998057473384184	0.9047223979430528
13	0.41978054033014656	0.5068459361554357	0.8282211819913091
13	0.402600573922682	0.540446355591411	0.7449408618587423
13	0.5318975184162248	0.5170810153846482	1.0286541230305173
13	0.6294205274620261	0.5502614898480094	1.1438571280644803
13	0.3175208644679414	0.4543476541956769	0.6988500139393096
13	0.4747178139951432	0.5007300865913962	0.9480513088931294
13	0.5746136694186041	0.5184484928473949	1.1083331851593239
13	0.34734971685509397	0.5139975784305997	0.6757808430064294
13	0.40702719199279414	0.3935258962416368	1.0343085318656313
13	0.5359454597931795	0.47930472870668617	1.11817269410074
13	0.4898052267168425	0.47428756016583073	1.0327178443086007
13	0.5214803314461158	0.5091218470219786	1.0242741192436076
13	0.4076511689863814	0.4334931808859029	0.940386578061713
13	0.510934742949822	0.446739747762011	1.1436966276437288
13	0.6046678719053731	0.5343013875592949	1.1316981126841434
13	0.5959486134675274	0.5149154472928975	1.1573717910399686
13	0.4234843478136301	0.4482754445170721	0.9446967327640499
13	0.4962497075651938	0.5024046005368468	0.9877491309492865
13	0.5370437090724595	0.5325810361998082	1.0083793311614966
13	0.48502434078541895	0.4622155489639652	1.049346656278826
13	0.41025296156570207	0.41675571177608783	0.9843967340419331
13	0.38320528508973234	0.4258846193691766	0.8997866268505746
13	0.553590263892777	0.45812884116977504	1.2083724361890273
13	0.3445373368480497	0.3911249686677449	0.8808881161988135
13	0.5481689637842073	0.49365465958511484	1.1104300407999963
13	0.5138834340780124	0.49375877704214627	1.0407580745327152
13	0.5684675613010853	0.4555555802817159	1.2478555546384584
13	0.5113271949722886	0.484776822444089	1.0547682382881698
13	0.5318441908705133	0.491979813972681	1.0810284807743065
14	0.28410041067955166	0.26903531035583866	1.0559967399959032
14	0.5155014708569496	0.35215318980368365	1.46385574739314
14	0.3411887652655235	0.31020515070773874	1.0998810448088792
14	0.3495687551191981	0.3741954257765429	0.9341876758481515
14	0.3479039867622045	0.3896085762085879	0.8929577222035902
14	0.31659459061477485	0.29928194000330594	1.0578472947992708
14	0.45091775344909407	0.40070080658959545	1.125322799539387
14	0.4009767259431696	0.35176492842966295	1.1398996703087947
14	0.4882539170563111	0.36279381924155707	1.3458165248708926
14	0.4928249793988586	0.4179046270376463	1.179276197280446
14	0.4997146709159638	0.39601421909683876	1.261860425253485
14	0.35388599983381264	0.2806532299069326	1.2609368506151337
14	0.4990702642374558	0.4259010908391032	1.1717985113731357
14	0.45033885380487915	0.3927846810463276	1.146528557593526
14	0.4462757154286275	0.37882319892946253	1.1780580405048655
14	0.5094346544169416	0.4529422773713122	1.1247231266939521
14	0.31925787198962463	0.43636603119331335	0.7316286080210287
14	0.31067801096587544	0.3118246454784036	0.996322822685266
14	0.4921299797444653	0.4562019529418316	1.0787546536593078
14	0.3296342120723343	0.344005363342807	0.958224048803124
14	0.3130074803903088	0.35413956923960044	0.8838534509498347
14	0.21541808521345396	0.3500725281055609	0.6153527281309454
14	0.30107092352404086	0.43198495301101814	0.6969477094642271
14	0.40535796808415203	0.4178047117826545	0.9702091830286075
14	0.49558187098305484	0.43898015925404466	1.1289391115652994
14	0.14822865559047782	0.2999453234830286	0.4941855864569425
14	0.34023653684700483	0.36031843043546147	0.9442662603625722
14	0.4622285070255754	0.4042890278563527	1.1433120247572217
14	0.19600682059443128	0.39570992589096005	0.49532955270988577
14	0.27771160172822457	0.33893102357292926	0.8193749831474727
14	0.4203830454597396	0.3585372343185933	1.172494807292987
14	0.34624863526310395	0.335404391632058	1.0323318474700898
14	0.40829315901077434	0.37207988423115035	1.097326612682794
14	0.29977487870961433	0.2706645814778275	1.1075511877942976
14	0.4466209921053405	0.34138735295796585	1.3082528928959234
14	0.4835613807565411	0.4322119689803337	1.1188060846564476
14	0.5054305567783492	0.40648391851437676	1.2434207941745987
14	0.3007703603006839	0.28818014715747925	1.04368869010371
14	0.4180569581232787	0.41765035993823013	1.0009735372552024
14	0.41647713724017926	0.4280278216271151	0.9730141738379837
14	0.32184472831723043	0.30040839196744473	1.0713573153179714
14	0.2999581739383094	0.30540647255660436	0.9821605004874769
14	0.257662102168054	0.30267767022988024	0.851275556509876
14	0.5302771399043849	0.37286725393535264	1.4221606598801078
14	0.17852512160493134	0.2863211520866016	0.6235135626687269
14	0.3907302484393824	0.3723165978363648	1.0494569694448876
14	0.3877686383562277	0.3793267458831479	1.0222549360536795
14	0.5172648100736177	0.35126712231589224	1.472568245679551
14	0.4471241830167969	0.3823054124902093	1.1695470909092809
14	0.355083303750239	0.3470235645163677	1.0232253370029896
15	0.28411712510434406	0.2689817336163231	1.056269216814589
15	0.5155014708569496	0.35215318980368365	1.46385574739314
15	0.3411887652655235	0.31020515070773874	1.0998810448088792
15	0.34960930706236015	0.3740787070014037	0.9345875627747191
15	0.3479039867622045	0.3896085762085879	0.8929577222035902
15	0.31659459061477485	0.29928194000330594	1.0578472947992708
15	0.45091775344909407	0.40070080658959545	1.125322799539387
15	0.4009767259431696	0.35176492842966295	1.1398996703087947
15	0.48818446743773347	0.36287519472632895	1.3453233357708827
15	0.4928249793988586	0.4179046270376463	1.179276197280446
15	0.4997146709159638	0.39601421909683876	1.261860425253485
15	0.3538647377368349	0.28070247062159775	1.260639911551986
15	0.4990702642374558	0.4259010908391032	1.1717985113731357
15	0.45033885380487915	0.3927846810463276	1.146528557593526
15	0.4462757154286275	0.37882319892946253	1.1780580405048655
15	0.5094346544169416	0.4529422773713122	1.1247231266939521
15	0.31925787198962463	0.43636603119331335	0.7316286080210287
15	0.31067801096587544	0.3118246454784036	0.996322822685266
15	0.4921299797444653	0.4562019529418316	1.0787546536593078
15	0.3296342120723343	0.344005363342807	0.958224048803124
15	0.3130074803903088	0.35413956923960044	0.8838534509498347
15	0.21541808521345396	0.3500725281055609	0.6153527281309454
15	0.30107092352404086	0.43198495301101814	0.6969477094642271
15	0.40535796808415203	0.4178047117826545	0.9702091830286075
15	0.49558187098305484	0.43898015925404466	1.1289391115652994
15	0.14822865559047782	0.2999453234830286	0.4941855864569425
15	0.34023653684700483	0.36031843043546147	0.9442662603625722
15	0.4622285070255754	0.4042890278563527	1.1433120247572217
15	0.19601764383823536	0.39570836983104013	0.49535885208071573
15	0.27770734223784144	0.3389174893826654	0.819395135800405
15	0.4203830454597396	0.3585372343185933	1.172494807292987
15	0.34624863526310395	0.335404391632058	1.0323318474700898
15	0.4081747265679467	0.3719753225593409	1.0973166815463435
15	0.29977487870961433	0.2706645814778275	1.1075511877942976
15	0.4465996111039916	0.3414564661815001	1.307925476117951
15	0.4835613807565411	0.4322119689803337	1.1188060846564476
15	0.5054305567783492	0.40648391851437676	1.2434207941745987
15	0.3007703603006839	0.28818014715747925	1.04368869010371
15	0.4180569581232787	0.41765035993823013	1.0009735372552024
15	0.41647713724017926	0.4280278216271151	0.9730141738379837
15	0.32184472831723043	0.30040839196744473	1.0713573153179714
15	0.29991390612315655	0.30550610797807465	0.9816952862516273
15	0.2576817280623197	0.30266508643324513	0.8513757932867926
15	0.5302771399043849	0.37286725393535264	1.4221606598801078
15	0.1786538622400816	0.28647017783212414	0.6236386055681351
15	0.3907302484393824	0.3723165978363648	1.0494569694448876
15	0.3877686383562277	0.3793267458831479	1.0222549360536795
15	0.5172648100736177	0.35126712231589224	1.472568245679551
15	0.4471241830167969	0.3823054124902093	1.1695470909092809
15	0.3551086365590311	0.34704083308585876	1.0232474184707145
16	0.28411712510434406	0.2689817336163231	1.056269216814589
16	0.5155014708569496	0.35215318980368365	1.46385574739314
16	0.3411887652655235	0.31020515070773874	1.0998810448088792
16	0.34960930706236015	0.3740787070014037	0.9345875627747191
16	0.3479039867622045	0.3896085762085879	0.8929577222035902
16	0.31659459061477485	0.29928194000330594	1.0578472947992708
16	0.45091775344909407	0.40070080658959545	1.125322799539387
16	0.4009767259431696	0.35176492842966295	1.1398996703087947
16	0.48818446743773347	0.36287519472632895	1.3453233357708827
16	0.4928249793988586	0.4179046270376463	1.179276197280446
16	0.4997146709159638	0.39601421909683876	1.261860425253485
16	0.3538647377368349	0.28070247062159775	1.260639911551986
16	0.4990702642374558	0.4259010908391032	1.1717985113731357
16	0.45033885380487915	0.3927846810463276	1.146528557593526
16	0.4462757154286275	0.37882319892946253	1.1780580405048655
16	0.5094346544169416	0.4529422773713122	1.1247231266939521
16	0.31925787198962463	0.43636603119331335	0.7316286080210287
16	0.31067801096587544	0.3118246454784036	0.996322822685266
16	0.4921299797444653	0.4562019529418316	1.0787546536593078
16	0.3296342120723343	0.344005363342807	0.958224048803124
16	0.3130074803903088	0.35413956923960044	0.8838534509498347
16	0.21541808521345396	0.3500725281055609	0.6153527281309454
16	0.30107092352404086	0.43198495301101814	0.6969477094642271
16	0.40535796808415203	0.4178047117826545	0.9702091830286075
16	0.49558187098305484	0.43898015925404466	1.1289391115652994
16	0.14822865559047782	0.2999453234830286	0.4941855864569425
16	0.34023653684700483	0.36031843043546147	0.9442662603625722
16	0.4622285070255754	0.4042890278563527	1.1433120247572217
16	0.19601764383823536	0.39570836983104013	0.49535885208071573
16	0.27770734223784144	0.3389174893826654	0.819395135800405
16	0.4203830454597396	0.3585372343185933	1.172494807292987
16	0.34624863526310395	0.335404391632058	1.0323318474700898
16	0.4081747265679467	0.3719753225593409	1.0973166815463435
16	0.29977487870961433	0.2706645814778275	1.1075511877942976
16	0.4465996111039916	0.3414564661815001	1.307925476117951
16	0.4835613807565411	0.4322119689803337	1.1188060846564476
16	0.5054305567783492	0.40648391851437676	1.2434207941745987
16	0.3007703603006839	0.28818014715747925	1.04368869010371
16	0.4180569581232787	0.41765035993823013	1.0009735372552024
16	0.41647713724017926	0.4280278216271151	0.9730141738379837
16	0.32184472831723043	0.30040839196744473	1.0713573153179714
16	0.29991390612315655	0.30550610797807465	0.9816952862516273
16	0.2576817280623197	0.30266508643324513	0.8513757932867926
16	0.5302771399043849	0.37286725393535264	1.4221606598801078
16	0.1786538622400816	0.28647017783212414	0.6236386055681351
16	0.3907302484393824	0.3723165978363648	1.0494569694448876
16	0.3877686383562277	0.3793267458831479	1.0222549360536795
16	0.5172648100736177	0.35126712231589224	1.472568245679551
16	0.4471241830167969	0.3823054124902093	1.1695470909092809
16	0.3551086365590311	0.34704083308585876	1.0232474184707145
17	0.22106068989578945	0.20524909130834876	1.0770361441634189
17	0.4401635118055545	0.3254220905118548	1.3525926009301443
17	0.28633031107006024	0.26659491530554996	1.0740276525600314
17	0.30626297706497496	0.3487603984622998	0.8781472277681244
17	0.39637271427826487	0.3769231185868443	1.0516009624571205
17	0.27540294601547055	0.24317787142322583	1.132516476123604
17	0.402688553350876	0.377277445985679	1.0673538999894565
17	0.359871176565832	0.3153254169905429	1.1412691688492245
17	0.4378576703809546	0.3647109962363747	1.200560649115094
17	0.4344235393983501	0.39962627549097257	1.0870745144688656
17	0.3933290506010839	0.3386799381924364	1.1613591661210123
17	0.29159783097655595	0.24254783712504666	1.2022281230494805
17	0.49392788290993017	0.4238083335359624	1.1654510867894903
17	0.4155863872887541	0.3789937304735862	1.0965521428796252
17	0.4758446504493977	0.3626373903864815	1.3121775720431512
17	0.5249771072420056	0.44641908073752806	1.1759737204213851
17	0.3427519598301942	0.38227510164438566	0.8966107349283811
17	0.30511826004973863	0.29310819246765996	1.0409748614699803
17	0.41128500253787265	0.41125743347351446	1.0000670360268635
17	0.3510335898048639	0.3127872398835523	1.122275927673873
17	0.26137009117842275	0.29812718612195394	0.8767066652938686
17	0.2453453411861185	0.32178201247473415	0.7624582222580968
17	0.203501808696928	0.379210724302484	0.5366457108280547
17	0.38728974203937566	0.39290954123867367	0.9856969642895889
17	0.4639926379965729	0.42265349917552664	1.0978085805551991
17	0.16020781817910382	0.266802301271385	0.6004738992717465
17	0.25193057586065926	0.32422996086001304	0.7770120170030518
17	0.42479347960672675	0.3540125400431544	1.1999390743473215
17	0.1679103960381516	0.36365842601868414	0.461725575497939
17	0.30732481257310207	0.34181695057991607	0.8990917859740551
17	0.37741414284774744	0.36275650639462387	1.0404062675506591
17	0.3492703568533002	0.3306614096208235	1.0562779528878679
17	0.4186485967036606	0.3839167393437513	1.090467160716353
17	0.32648589359933594	0.24482634058080324	1.3335407163494384
17	0.38851932952278234	0.2956369939591007	1.3141769719676262
17	0.4818720080003137	0.41006159740823883	1.1751210331470852
17	0.4424488428428621	0.39265130403087406	1.126823821290741
17	0.2774889043373507	0.2738025412465591	1.0134635824562053
17	0.36530557257935997	0.37148486906179695	0.9833659537788361
17	0.4226924734389721	0.4198114647065538	1.0068626251892194
17	0.31744689208607313	0.29685037526544283	1.069383495985858
17	0.3076876001393685	0.2898154159940376	1.061667472325553
17	0.24808445810054672	0.2836214201205301	0.8747028274349614
17	0.48236200795412093	0.3457763180008138	1.3950116964140546
17	0.261821641531977	0.276054629814911	0.9484414070777334
17	0.35132532950481354	0.32887991940949624	1.068248040608919
17	0.36138693448858206	0.31701570974343635	1.1399653814666022
17	0.48162831610159723	0.33516489383888504	1.4369891505794687
17	0.37456871057098207	0.37043842906771	1.0111497112048198
17	0.3652965659222595	0.3554711348425398	1.0276405877064307
18	0.22130586140413316	0.2045689901393614	1.0818152900562783
18	0.4398866193255423	0.32528475863724904	1.3523124205646995
18	0.28616346779175084	0.26660237372780426	1.073371792570452
18	0.3056747714119352	0.34830838720761453	0.8775980787098678
18	0.3963303941263118	0.3768879020244677	1.0515869360555434
18	0.275301315263998	0.24302587923323402	1.132806580651392
18	0.4025733996538925	0.3772505094561424	1.0671248668007274
18	0.3599066042921629	0.31530589285556276	1.141452197523727
18	0.43734174957718797	0.3644912342092234	1.1998690463050952
18	0.43432142517395556	0.39957364107696747	1.0869621529671794
18	0.3933242367123788	0.3385430852800116	1.1618144154002061
18	0.2912782856937466	0.24227837720721968	1.202246312904009
18	0.4938939760670538	0.42372734445102134	1.165593824743456
18	0.4152943317335016	0.3788382517270917	1.096231253946004
18	0.47564014611613536	0.36257791535577305	1.3118287848542072
18	0.5250453100668715	0.44631153451100763	1.1764099053414045
18	0.3430819261819772	0.3821275549355112	0.8978204312951903
18	0.3041278924276134	0.29273556135043655	1.0389167992594484
18	0.4112583775288526	0.4111783419373373	1.00019464933668
18	0.3519337499890979	0.31271696882500033	1.1254066298718943
18	0.2610644977207303	0.2979625650438292	0.8761654259565416
18	0.24529505947214392	0.32176104890382035	0.7623516280414248
18	0.20298981275866643	0.37918776316357417	0.5353279627620805
18	0.38694152889642347	0.39300728221961434	0.9845657991655196
18	0.4640037895405956	0.4225263680822145	1.0981652852735346
18	0.16023763504311433	0.26674952981465133	0.6007044704238246
18	0.25192685526527847	0.3241096530966028	0.7772889602587375
18	0.4240532821167565	0.3535866348850486	1.1992910372718604
18	0.16785471851808842	0.3634749703227115	0.46180543977776106
18	0.3074655860229554	0.34170125994543415	0.8998081718283807
18	0.3769383688032212	0.36247716011698544	1.0398955031582364
18	0.3492161680035161	0.33049871231576416	1.0566339746276197
18	0.4183964529655071	0.38364090915445276	1.0905939460097094
18	0.32618119563672443	0.24460992153049332	1.33347492037874
18	0.3878956424848149	0.29515480382495524	1.3142108393901006
18	0.48165551519907207	0.40994728926442736	1.1749206003125707
18	0.44223999902432415	0.39251443884928544	1.1266846649535152
18	0.27736794417776306	0.27369917961431556	1.0134043681410276
18	0.36518022568299513	0.37145588750817804	0.983105229890737
18	0.42262212731368265	0.41967080487327674	1.0070324702269844
18	0.3174323634893671	0.29680886500083326	1.0694841054982502
18	0.3065777555861491	0.2893049423607733	1.059704521756272
18	0.24830436957639831	0.28280935528175793	0.8779920640497096
18	0.4821802949713203	0.3456810186764443	1.3948706145842467
18	0.2619266125912991	0.27567871636022684	0.9501154679240527
18	0.3508343133691716	0.32864704923168153	1.067510918443844
18	0.36128722787316725	0.31691072505688384	1.1400284032934451
18	0.48112641314244564	0.33484793653190986	1.4368504644991174
18	0.3742280082647129	0.3703228125409227	1.010545382546096
18	0.36515511568684406	0.35545995466659713	1.0272749739962705
19	0.16274695322239222	0.17691938843855656	0.9198932613251352
19	0.3441528235760919	0.22787784303199626	1.510251365367582
19	0.20147745769699213	0.195021981129443	1.0331012767389764
19	0.23288523588314353	0.28079082028496477	0.8293904894996085
19	0.3291720463997163	0.28243860177957186	1.1654640843202353
19	0.15010662821840573	0.10874080512318726	1.380407548466807
19	0.34264653345095675	0.29582592816006636	1.1582707965528856
19	0.1958369226314127	0.17376696903014266	1.127008911558109
19	0.42115469206655143	0.281172829907784	1.4978498889977283
19	0.28855158104738543	0.2793561838447723	1.0329163903803993
19	0.32118354483953593	0.2662274433448859	1.2064253812611527
19	0.22920081237559875	0.16065925186491803	1.426626912020668
19	0.4189136217948928	0.33646159013856974	1.2450562978744932
19	0.35923462056957656	0.29832384123147665	1.204176706382772
19	0.3542748365894235	0.24911410251251365	1.422138823199009
19	0.4703135824475191	0.3598299882324804	1.307043875797414
19	0.25991292258855225	0.2963523171865186	0.8770402912860233
19	0.2600851146203689	0.231287451853746	1.12451026865406
19	0.21982893658166586	0.29488483925084685	0.7454738505381964
19	0.2326095083580441	0.17997446123931987	1.2924584230244374
19	0.17348343901236285	0.21451765769798367	0.8087140278988487
19	0.20963817178186056	0.23987271087867396	0.8739559035871078
19	0.051185319425793484	0.27050550583043137	0.18922098930540596
19	0.29320646122727123	0.3023396652540753	0.9697915785574187
19	0.3764914031478561	0.3238141021315177	1.1626776001094092
19	0.10693845048413796	0.19841477270029226	0.5389641558880783
19	0.12836033272232952	0.18019375334713042	0.7123461848039343
19	0.36880870399420007	0.2816549069365528	1.309434683761004
19	0.04519458026958603	0.283822681700307	0.15923526618393286
19	0.299156886897601	0.2860391161400132	1.0458600590527862
19	0.34792077749351685	0.3204364163211598	1.0857716531969033
19	0.28454892557912975	0.24733399059467875	1.1504642968601813
19	0.3288564886995424	0.2992071764630525	1.099092918114386
19	0.16485547306441944	0.11182091626729865	1.474281186091751
19	0.31390523400700193	0.20951604084819053	1.4982396227811927
19	0.44568725839873014	0.35254811532384606	1.2641884583309364
19	0.3654250323874906	0.2887398089615547	1.2655859048384506
19	0.1363094700535386	0.13226685753491244	1.0305640626379824
19	0.26701501579999487	0.26258001832919026	1.01689007982795
19	0.34629027246437594	0.3602569540745113	0.9612313337683783
19	0.1394881978380093	0.14186359014255998	0.9832558001516555
19	0.3073806958320304	0.25646853264532093	1.1985123190809441
19	0.22965731154813368	0.23246027517257917	0.9879421822831254
19	0.3761562555178727	0.24656377000875104	1.5255941921415386
19	0.18649744871294005	0.19780022829710467	0.9428576009164795
19	0.32815371851145425	0.2673178271590027	1.2275788786666513
19	0.22025544919466694	0.14638981040539367	1.5045818324698896
19	0.39567518756697617	0.2394761786412355	1.6522528036483572
19	0.3899035797252916	0.3374598832244607	1.155407202775413
19	0.26985798360138	0.25311213257152354	1.0661598116997593
20	0.15837709425676022	0.1734099920906585	0.9133100829274066
20	0.34356937950675004	0.22743428861173506	1.5106314074447906
20	0.20144158681776034	0.1952052408210425	1.0319476360905449
20	0.23023573955779775	0.279103478301717	0.824911753012651
20	0.3284521242075803	0.28131770458379823	1.1675487139834164
20	0.15027434015906332	0.10869438414127808	1.3825400580377798
20	0.3423158380537161	0.29568780580415843	1.1576934568632182
20	0.19555903868649618	0.17373261306055593	1.1256322876944957
20	0.41988102123058346	0.27995900676952795	1.4997946523515289
20	0.2891657779091956	0.2785023214616611	1.0382885729338613
20	0.32040173953519957	0.26542740961364825	1.2071162507352615
20	0.22930006172891665	0.16074586530725377	1.426475643965253
20	0.4186269485480863	0.33615674086397307	1.2453326013101877
20	0.3585837088152293	0.29766328585417834	1.2046622000635145
20	0.35391075143868844	0.24862851056794477	1.4234520032728601
20	0.4701261432696912	0.3594910851177757	1.3077546641126565
20	0.2594933201230104	0.295715228000271	0.8775108467622527
20	0.2585739225645074	0.23013780940378106	1.1235612402603288
20	0.21958260075896324	0.2945213118562208	0.7455575943725217
20	0.23260203088625597	0.18001690740466367	1.2921121367971573
20	0.17230298014449952	0.21401696678033655	0.805090282030529
20	0.20974120566060725	0.23963964849554661	0.8752358258633692
20	0.050922532586145236	0.27029551228405513	0.18839577526033968
20	0.2916923475151527	0.3019878693247435	0.9659074987594305
20	0.3757673461953247	0.32291881148643853	1.1636588914272825
20	0.10702461428496558	0.1978937375586617	0.5408186009587103
20	0.1284122155459876	0.18018428725928556	0.7126715514389008
20	0.366692040599194	0.2799138447327029	1.3100175196741621
20	0.04518762664043525	0.2823227571862306	0.16005662133225698
20	0.30036461685472327	0.2857469787434976	1.0511558798469303
20	0.3462266164410981	0.31872807576123896	1.0862758657648297
20	0.2846716484988017	0.24717514971041943	1.1517001156156341
20	0.32883501473789156	0.29875559329462015	1.100682370868981
20	0.16486376640076922	0.1118094277994877	1.4745068429866752
20	0.3121260327946473	0.2075713198097536	1.503705006456199
20	0.44497567607598687	0.3519979309788545	1.2641428739043292
20	0.3647064370198926	0.28827003026040166	1.265155578921763
20	0.1362344889688521	0.13214104712005093	1.0309778220924968
20	0.2659427636919972	0.2613939070392421	1.0174023056018373
20	0.34547937986751887	0.35883964711760297	0.9627681407074132
20	0.13947602360852374	0.14171581309386586	0.9841952042157879
20	0.299440768389607	0.25220779473296606	1.1872780090189143
20	0.22799721249083188	0.23039952339269823	0.9895732818085227
20	0.3756464459268687	0.24601424092906438	1.5269296789822113
20	0.18601547117789774	0.19706356983552184	0.9439363720709751
20	0.3268315431526289	0.2667801443521351	1.2250969574453385
20	0.22016539097358273	0.1463861773607451	1.5040039636462441
20	0.39456944698779484	0.23933542927492588	1.6486044217655331
20	0.38994198279579245	0.33704130459600273	1.1569560688212963
20	0.2682598341683422	0.25202022922678025	1.0644377040342614
21	0.15011365654770792	0.1608051082989587	0.933512984355112
21	0.23199764990725585	0.10308832732043209	2.250474480841382
21	0.11385712387077498	0.10993015654944482	1.0357223845084207
21	0.15667284808288018	0.1935473812720844	0.8094805884386167
21	0.19142419220438803	0.1426585387212063	1.3418348030220828
21	0.01938521914961796	0.001643626886830029	11.794172573439186
21	0.21553709346953315	0.16363566984732147	1.317176711352957
21	0.05544972543709806	0.037307075896921685	1.4863058576422328
21	0.3303933713638514	0.207797322973088	1.5899789594817875
21	0.20724780846127355	0.17888917447647348	1.1585262723012322
21	0.22308512490023047	0.16925743320976427	1.3180226160215747
21	0.10727401417875114	0.07564704071604154	1.4180860634248558
21	0.32843928420067103	0.22436482480167969	1.4638626375189816
21	0.22235266603609713	0.1772500439965289	1.2544576070201228
21	0.2341295382223903	0.1418471922499341	1.6505757675474824
21	0.3961518122627088	0.2548357069361735	1.5545380866188014
21	0.2517999298793602	0.22254943320452203	1.1314337055532155
21	0.16167787459273364	0.13359531740405492	1.2102061489456541
21	0.08729305894670442	0.19187577301557754	0.45494570562390635
21	0.17362518562117868	0.047830456195578956	3.630013163813962
21	0.10187290352717987	0.10513498495070651	0.9689724459935377
21	0.11341828082077146	0.12240458749864266	0.9265852133362987
21	-0.008078564331301906	0.1962194434115124	-0.041171069445750594
21	0.21622098058640243	0.21123352490052968	1.0236110990820295
21	0.30537781748627735	0.23849511592354633	1.2804363573808841
21	0.04182080613448573	0.1133151659708587	0.3690662743700239
21	-0.0275479620074182	0.03480115895832941	-0.7915817412978654
21	0.2685629743087188	0.19462935646101798	1.3798687885119163
21	-0.03315748491911329	0.19430177535642967	-0.1706494181964564
21	0.23224624862052462	0.21560748499673837	1.0771715491418954
21	0.25596786115735864	0.20401516940761336	1.254651121779803
21	0.15679510342870157	0.1290640271504487	1.214862939662707
21	0.2011103549563763	0.18925274673641607	1.062654880441313
21	0.08067562313360825	-0.016675389343878574	-4.838005366466826
21	0.19173186596846303	0.1202591205413472	1.5943228680318033
21	0.3255508750955123	0.25178207140076736	1.2929867217484496
21	0.230832849674794	0.1830706539012815	1.2608948772273882
21	0.0030856197462484827	-0.00626819031695871	-0.4922664421819291
21	0.22075068794615413	0.20367305669923014	1.0838482591840461
21	0.20463225785422898	0.2466515681908474	0.8296410169016
21	0.02657256714119558	0.019371185679079316	1.371757391696146
21	0.21675147412143617	0.184522952987075	1.1746586026976202
21	0.15189045200526638	0.13281325205262431	1.143639280401651
21	0.34047065002470356	0.15265985167131446	2.230256654236483
21	0.11188633340381249	0.11104537475273975	1.0075731083167152
21	0.27007817942710266	0.19555975301647735	1.3810519560450998
21	0.13958351478145267	0.0440334648405343	3.1699416633905515
21	0.3289842761479378	0.14885549122241337	2.210091636165332
21	0.29906361148829513	0.26038188399634093	1.1485576757425173
21	0.15435552218441978	0.17411204753743012	0.8865298201219354
22	0.14516704001002934	0.15358973547623886	0.9451610783748465
22	0.23098334592854647	0.10237664311655809	2.256211367133486
22	0.10912800853615628	0.10683437687438596	1.0214690414160148
22	0.1498580278814467	0.18735758394822952	0.7998503435166806
22	0.18964214785092998	0.14152029156810467	1.340035027836749
22	0.01914349729967179	0.0009575428026572287	19.992314961323544
22	0.21338985228047552	0.16235242161294433	1.314361992020093
22	0.05486411735646182	0.03717160441619136	1.475968503865921
22	0.3215856760264034	0.20417068102475197	1.5750825457031072
22	0.2051157504327088	0.17428360161640527	1.1769079163521332
22	0.22234825247894524	0.16732672170080834	1.3288269214795183
22	0.10572695721094781	0.07350223254932808	1.438418311171615
22	0.3270719192620307	0.22278325413551353	1.4681171640624344
22	0.21789466937989277	0.1740880828085126	1.251634608553677
22	0.23367093393564145	0.14099842761338277	1.6572591474308238
22	0.39545526556164307	0.25316285867466726	1.5620587776259547
22	0.25110348920259745	0.22158023728554152	1.133239553665657
22	0.15498886023452701	0.12926881357958492	1.1989655969040625
22	0.08682638277457619	0.1916523951425274	0.4530409479620927
22	0.17421285672388626	0.048522115801731304	3.590380465595241
22	0.09893006578179264	0.10221799780863314	0.9678341182832012
22	0.11235161650824106	0.12124142439738965	0.9266768108892328
22	-0.009289180099807915	0.19538026360680769	-0.04754410669903636
22	0.21419819055924355	0.2102557724104972	1.018750582224441
22	0.3042888028107206	0.23666505420565564	1.285736095817094
22	0.040050758594626354	0.11173432809808449	0.3584463188382744
22	-0.02743867285917077	0.034820850441326795	-0.7879954829192064
22	0.2618581105860419	0.1910846839539551	1.3703772859636454
22	-0.03490265073291307	0.19074242476349393	-0.18298315530060866
22	0.22621551683920008	0.20804300090847822	1.0873498067772838
22	0.25243187524337674	0.1995648804097559	1.2649113146815807
22	0.1555068865880189	0.12787166419375473	1.2161168587935987
22	0.2003612565415554	0.18694629356925427	1.0717583789235787
22	0.08074919749532711	-0.016226236049225816	-4.976458942810696
22	0.18796069381186856	0.11651224581837044	1.6132269401525248
22	0.322587724669948	0.24858159204352234	1.297713648134768
22	0.2285217138175002	0.1809978371963854	1.262565991711551
22	0.0022357040699917223	-0.006743587551830673	-0.33153036908148376
22	0.21453644307613107	0.20010558117102753	1.0721162389407304
22	0.20355845960176694	0.2435746928952828	0.8357126809117252
22	0.026436350207773095	0.01927861069797804	1.3712788033292131
22	0.20580024181295806	0.18020093703806594	1.142059776134707
22	0.14467005057927476	0.1283090912063861	1.1275120821062627
22	0.3384153019457117	0.15064584704309944	2.2464296798629424
22	0.10747731904187628	0.10705735255572223	1.003922817780642
22	0.2662380362762674	0.19083060987170253	1.3951537253654542
22	0.13927433846320558	0.0442418311315099	3.1480238249906356
22	0.32613197802395083	0.14578482894409622	2.2370776190231147
22	0.29906477325048947	0.25849454159948243	1.1569481173566423
22	0.15383374059834104	0.17221640343004424	0.8932583513209275
23	0.14516704001002934	0.15358973547623886	0.9451610783748465
23	0.23098334592854647	0.10237664311655809	2.256211367133486
23	0.10912800853615628	0.10683437687438596	1.0214690414160148
23	0.1498580278814467	0.18735758394822952	0.7998503435166806
23	0.18964214785092998	0.14152029156810467	1.340035027836749
23	0.01914349729967179	0.0009575428026572287	19.992314961323544
23	0.21338985228047552	0.16235242161294433	1.314361992020093
23	0.05486411735646182	0.03717160441619136	1.475968503865921
23	0.3215856760264034	0.20417068102475197	1.5750825457031072
23	0.2051157504327088	0.17428360161640527	1.1769079163521332
23	0.22234825247894524	0.16732672170080834	1.3288269214795183
23	0.10572695721094781	0.07350223254932808	1.438418311171615
23	0.3270719192620307	0.22278325413551353	1.4681171640624344
23	0.21789466937989277	0.1740880828085126	1.251634608553677
23	0.23367093393564145	0.14099842761338277	1.6572591474308238
23	0.39545526556164307	0.25316285867466726	1.5620587776259547
23	0.25110348920259745	0.22158023728554152	1.133239553665657
23	0.15498886023452701	0.12926881357958492	1.1989655969040625
23	0.08682638277457619	0.1916523951425274	0.4530409479620927
23	0.17421285672388626	0.048522115801731304	3.590380465595241
23	0.09893006578179264	0.10221799780863314	0.9678341182832012
23	0.11235161650824106	0.12124142439738965	0.9266768108892328
23	-0.009289180099807915	0.19538026360680769	-0.04754410669903636
23	0.21419819055924355	0.2102557724104972	1.018750582224441
23	0.3042888028107206	0.23666505420565564	1.285736095817094
23	0.040050758594626354	0.11173432809808449	0.3584463188382744
23	-0.02743867285917077	0.034820850441326795	-0.7879954829192064
23	0.2618581105860419	0.1910846839539551	1.3703772859636454
23	-0.03490265073291307	0.19074242476349393	-0.18298315530060866
23	0.22621551683920008	0.20804300090847822	1.0873498067772838
23	0.25243187524337674	0.1995648804097559	1.2649113146815807
23	0.1555068865880189	0.12787166419375473	1.2161168587935987
23	0.2003612565415554	0.18694629356925427	1.0717583789235787
23	0.08074919749532711	-0.016226236049225816	-4.976458942810696
23	0.18796069381186856	0.11651224581837044	1.6132269401525248
23	0.322587724669948	0.24858159204352234	1.297713648134768
23	0.2285217138175002	0.1809978371963854	1.262565991711551
23	0.0022357040699917223	-0.006743587551830673	-0.33153036908148376
23	0.21453644307613107	0.20010558117102753	1.0721162389407304
23	0.20355845960176694	0.2435746928952828	0.8357126809117252
23	0.026436350207773095	0.01927861069797804	1.3712788033292131
23	0.20580024181295806	0.18020093703806594	1.142059776134707
23	0.14467005057927476	0.1283090912063861	1.1275120821062627
23	0.3384153019457117	0.15064584704309944	2.2464296798629424
23	0.10747731904187628	0.10705735255572223	1.003922817780642
23	0.2662380362762674	0.19083060987170253	1.3951537253654542
23	0.13927433846320558	0.0442418311315099	3.1480238249906356
23	0.32613197802395083	0.14578482894409622	2.2370776190231147
23	0.29906477325048947	0.25849454159948243	1.1569481173566423
23	0.15383374059834104	0.17221640343004424	0.8932583513209275
24	0.15790505879863997	0.1664262920358767	0.9487987556954055
24	0.2774404877258111	0.15648793164955174	1.7729193861870933
24	0.12021952260255027	0.12804859776370567	0.9388585638742973
24	0.175658207924842	0.21334310803650883	0.8233601241751014
24	0.2316108376688374	0.1552673110949771	1.4916909170093176
24	0.04810885454396906	0.03540739787672836	1.3587232451099938
24	0.28498533710839186	0.21185962751067214	1.3451611354977773
24	0.061664770934629944	0.03931560016016857	1.5684555413986474
24	0.36696445148290147	0.23586752450781376	1.5558074484762092
24	0.29778233648809305	0.2072375477478077	1.436913048452356
24	0.26014764261883994	0.18474156150395804	1.4081706384909296
24	0.15559748329137796	0.09811493476245989	1.5858695077164917
24	0.36848755910160624	0.27786635203780446	1.326132352475238
24	0.26834262754601856	0.20305860832617814	1.321503332254563
24	0.251636009866105	0.1676758451433992	1.5007290385261018
24	0.4371369637803706	0.2922955438956441	1.4955307150917019
24	0.3327192987559058	0.28564198396361673	1.1648123085375484
24	0.2193671140294269	0.16702296791158855	1.313394898751566
24	0.10076311708231131	0.2594371256982545	0.3883912790473428
24	0.23027645866888663	0.03851918783137743	5.9782272585016765
24	0.10012385848877972	0.11260299742583922	0.889175783750532
24	0.16364012246653914	0.14926500323234188	1.096306025678513
24	0.039489204816045675	0.24260262597186777	0.16277319611793833
24	0.23707921230024148	0.2200359886938276	1.0774565274870964
24	0.35644947535922	0.26401462683179494	1.3501126041259668
24	0.06701085804694693	0.1407960922596973	0.47594259877146244
24	-0.024013779754113222	0.03445716845304378	-0.696916805187803
24	0.26229291562255674	0.2253479370546467	1.1639463802100434
24	-0.043996061674400094	0.2032780255937511	-0.216432944711524
24	0.26471056731743003	0.24016473424941143	1.1022041522654518
24	0.3045826491196191	0.26073926582920476	1.1681502904864878
24	0.16560024119227817	0.13787035120952792	1.2011301903525862
24	0.21743918098134649	0.21565392804017347	1.008278323318277
24	0.13938638358880828	0.00038013682934260544	366.67424156153965
24	0.18506521711416699	0.10999104789050451	1.682547995164101
24	0.3710635776942822	0.2938366166456215	1.2628227956415639
24	0.24080967654477597	0.200608159681968	1.2003982137443514
24	0.0374715196008983	0.009184614759299367	4.079813969656007
24	0.23667402812478192	0.20358790600902402	1.1625151648953616
24	0.27846468692143767	0.27761897637911004	1.0030462994762028
24	0.014939381124698678	0.02548702601166332	0.5861563101894333
24	0.23853855982085412	0.19400804720634923	1.2295292038434968
24	0.18675405838043632	0.1504796844237994	1.241058280362129
24	0.39533255649236276	0.18007751409016087	2.19534658999362
24	0.15441119646441565	0.13616876155381344	1.1339693091311025
24	0.317622319942563	0.20982648191449763	1.513738004109468
24	0.17853133418611655	0.06735355135779832	2.6506595507891637
24	0.34651690150418324	0.16100950269018924	2.152151865042047
24	0.3458829671509316	0.3068079860353984	1.1273597262589667
24	0.21000715293759115	0.20006483163189892	1.0496954973275123
25	0.15675730196225718	0.16356540205241887	0.9583768938618213
25	0.2722531902358965	0.1504281497515841	1.80985534080884
25	0.11789792991645631	0.1227156498759932	0.9607407860007644
25	0.1720423931745768	0.20881219130362447	0.823909715713953
25	0.2274675519264232	0.1516192972285957	1.50025462513173
25	0.04614526966959551	0.03228712426105692	1.429215847670075
25	0.2789675763771269	0.20755469563645113	1.34406776739834
25	0.06150970812291143	0.038675460062391094	1.5904066305529196
25	0.36369020628767573	0.23166385609520454	1.5699048285642525
25	0.29582549194097013	0.20189988083658714	1.465208848639213
25	0.2574839150940177	0.18057411293230682	1.4259182056208832
25	0.1529418923212849	0.0957586047527288	1.5971608266036958
25	0.3652383965190934	0.2738843780780538	1.3335495769496015
25	0.2614899543306489	0.19881466422868224	1.3152448052316492
25	0.24703900083021677	0.16345897540845855	1.5113211141383012
25	0.42970906538252707	0.2865234574100494	1.4997343298407917
25	0.3306996255510689	0.28294990782903645	1.1687567883955055
25	0.21338673884629725	0.16292679600897358	1.3097092932125447
25	0.10037723444656774	0.2564457733628921	0.391416996779766
25	0.22973896104189795	0.039602540668827166	5.801116725390682
25	0.09766840677293212	0.10916396319153707	0.8946945852594683
25	0.16075233222948898	0.145794576662402	1.1025947323248022
25	0.038620236879963785	0.23956989217081243	0.16120655450488622
25	0.23510895806499163	0.2189852075748752	1.0736294047834414
25	0.354997118343804	0.26112969071992176	1.3594666978124714
25	0.06591983774053833	0.13750478205061153	0.47940032890110795
25	-0.025080762090306467	0.034648471517003655	-0.723863448868102
25	0.25559238910563264	0.22132072621348725	1.1548506706917578
25	-0.042981625119554334	0.19968602693468068	-0.21524603288147978
25	0.25693734142221164	0.23247670567306516	1.1052175772980273
25	0.29913513388441854	0.25528518682640083	1.1717684743213737
25	0.1628086280606167	0.13474376597997878	1.2082831949702815
25	0.21444286008654412	0.21147599523016739	1.0140293221135932
25	0.1375457510526364	-0.00041872117576788857	-328.4900764820232
25	0.18168631187554626	0.1061232465288734	1.712031226128331
25	0.36535870703925794	0.28886769622651803	1.2647960011172688
25	0.23443515764606337	0.19661233732952105	1.1923725684271353
25	0.038909037564856155	0.009522606565175383	4.0859650452375424
25	0.2337176850769288	0.20019650405177947	1.1674413905673364
25	0.27566601735286594	0.2725964887680765	1.0112603379400127
25	0.013524086880434168	0.024274783262747145	0.5571249281219602
25	0.23085064764781432	0.19077496416852713	1.2100678338688355
25	0.18304938379992253	0.14773251124933537	1.2390595831068028
25	0.39368354519695525	0.17648387831208742	2.2307054273862916
25	0.15224985649747316	0.13248551682410956	1.1491811342639298
25	0.3112029304797182	0.20551449107193398	1.5142627113860854
25	0.17721555514511833	0.06658580165744982	2.6614616139459053
25	0.34057628748167873	0.15707520812146222	2.168237060162415
25	0.3432008009927675	0.3025609679148484	1.1343194839638293
25	0.2043688456832639	0.19680580272449133	1.038428963242309
26	0.07643971428710142	0.08603783165055205	0.8884430583695556
26	0.15322513867801346	0.03553378692013141	4.31209707601429
26	0.03652984184375578	0.0452849934143846	0.8066654997492441
26	0.1224301122630381	0.11605444341311437	1.0549368784375495
26	0.1549217416855394	0.09360504572026335	1.6550575932468392
26	-0.06446937670744061	-0.038257738378917355	1.6851329806512472
26	0.13949404830429268	0.08786206495056341	1.5876481890424565
26	-0.0242227891918155	-0.024773989792881704	0.9777508344164821
26	0.30792117846977496	0.1575835570881472	1.9540184531913676
26	0.16359687311536375	0.10355026831113755	1.5798787949424151
26	0.16432096782878364	0.09526712576167466	1.7248443942757101
26	0.09472235786057161	0.06402654709520401	1.4794231792591372
26	0.2668327878435514	0.17210370826592222	1.5504185850037622
26	0.1773280734270209	0.1374370210159777	1.2902496875743956
26	0.09918750780521417	0.06039480657574035	1.6423184944027331
26	0.32671064113316023	0.19097829435863578	1.71072132689401
26	0.23134256410903217	0.15431020904506057	1.4992045279484856
26	0.07839893395188806	0.07627889808418131	1.0277932156986205
26	0.02660716589860928	0.13931854839775512	0.1909807861523628
26	0.20895984511234025	-0.052700048049073404	-3.9650788348003085
26	0.015186196449961583	0.025531561813072232	0.5948009197849466
26	0.05827694329135445	0.038871227002662476	1.4992308652197366
26	0.015792343597039328	0.14658385062495066	0.10773590357812067
26	0.1848615468200688	0.14371949524348157	1.2862663239032859
26	0.2583134409122657	0.15120995448589372	1.7083097590401273
26	0.04915722364226224	0.06742438360121773	0.7290719027259217
26	-0.045382354111769704	-0.01593362626842393	2.8482125378894483
26	0.1583800443599954	0.1334212164891213	1.187067908145697
26	-0.07913415108820832	0.0978437962070727	-0.8087804659656904
26	0.18077005177457733	0.16604850979183214	1.0886580795046035
26	0.20225532495617093	0.1977814557649708	1.0226202662625588
26	0.10528448012448696	0.09131151234703902	1.1530252584618488
26	0.15078374881587348	0.1395068660010286	1.080833891105845
26	0.12897127721788634	-0.06331970384401692	-2.036826917820034
26	0.07259539059385191	0.036395928785696134	1.9946019518090283
26	0.31551241826215126	0.22321883181652527	1.413466846388152
26	0.15886667200253796	0.11602997656324554	1.3691864525710993
26	0.0004600959278464149	-0.032568483488579617	-0.014127029525576498
26	0.13666962346558909	0.13132786415122077	1.0406749881214652
26	0.22106073083315125	0.20099324937021912	1.0998415694348465
26	-0.04326106376996516	-0.035118885908142716	1.2318461321102043
26	0.15783984572285373	0.09409498214401978	1.6774523160147627
26	0.09944155164615084	0.04800431365444022	2.071512830325674
26	0.3246262965937985	0.12866727933779024	2.522990291428771
26	0.06094799536873606	0.05542886250537837	1.099571461760056
26	0.2491443213176418	0.14826943197612338	1.6803485249593648
26	0.13469252488557423	0.02558173681407129	5.265182964883225
26	0.30338506588372166	0.12644170966353768	2.3994065462340832
26	0.2793046432182748	0.2436010408458603	1.146565885960258
26	0.08828526853984887	0.09086026842444546	0.9716597812305847
27	0.06600050047251736	0.06970021759279141	0.9469195757481152
27	0.13899623605450073	0.025984528118780936	5.349192235437899
27	0.03097563984663252	0.04004019984945332	0.7736135174923569
27	0.10832717566086854	0.10535005574841667	1.028259310270907
27	0.1480704127929975	0.0866149673045592	1.7095245475570762
27	-0.06754226272365862	-0.03844840087251385	1.7566988793009466
27	0.13275419193957338	0.08225585997077627	1.6139177438147032
27	-0.02166561071905436	-0.024819906045250285	0.8729126806344396
27	0.2928100534250683	0.14391249330471423	2.034639569513153
27	0.15099418518750976	0.0885704144093926	1.7047925788128335
27	0.1558594817371327	0.08530449975130912	1.8270956654281396
27	0.08621701795878792	0.05688439647296989	1.5156532072860471
27	0.2584905634032364	0.1638132753706478	1.5779585800868063
27	0.1628139998378825	0.1255799031059177	1.2964972564165818
27	0.08839035952154578	0.052128359424532304	1.6956290299047487
27	0.30573710837758106	0.17840866519812767	1.713689792130061
27	0.22365005232092386	0.14650303806159498	1.5265898597058007
27	0.06380741269406313	0.06609963764590014	0.9653216714421855
27	0.02315013480608257	0.13010334542342256	0.17793650678804793
27	0.2079343283230807	-0.05039128134063835	-4.126394939582353
27	0.01066023782407809	0.019844374346945217	0.537191933477061
27	0.05037522112020397	0.031452221672029254	1.6016426961979322
27	0.015510330239203769	0.13850045631397956	0.11198757500150007
27	0.16816763443584115	0.13748332558641918	1.2231856751976402
27	0.2506026098292121	0.1425728249431051	1.7577165208672636
27	0.043377098797931835	0.05868281915294356	0.7391788503698022
27	-0.048475921838360386	-0.016323863357820084	2.9696353599491254
27	0.1457802958909279	0.12431840748445262	1.1726364489438887
27	-0.08539948703582242	0.08722038502187393	-0.9791230228392727
27	0.16484383133440234	0.14911198761836017	1.1055035478187476
27	0.18146182194305693	0.18387645484310267	0.9868681778637397
27	0.10124148556456865	0.0865320931457312	1.169987710733692
27	0.14432157946306767	0.1298920560028459	1.1110885754237783
27	0.1235822769143271	-0.06380482249206659	-1.936879879725285
27	0.06014802614301367	0.025661157219361217	2.343932724032893
27	0.3019146258970636	0.2098041309677946	1.4390308927873692
27	0.14650494732598798	0.10770191420331414	1.360281740670119
27	-0.0028136920844047814	-0.03417851885916324	0.0823234059965835
27	0.12525268570589665	0.12158785333671411	1.030141434926345
27	0.2142239947952724	0.1888211869806567	1.1345336729464477
27	-0.04191245464765937	-0.036857505037375254	1.137148447925549
27	0.1369799649565634	0.08288990467259148	1.6525530521192338
27	0.07478874371698677	0.036469443357385126	2.05072347784661
27	0.31835574919243886	0.12071279768015374	2.6372990711056925
27	0.05475384675074257	0.04722666556219381	1.1593841339197672
27	0.23611959009178138	0.13525421221577869	1.745746666396507
27	0.13030600963959543	0.0233781960491125	5.573826541870505
27	0.2922487255197651	0.11650199222775079	2.508529853707956
27	0.2715877116148933	0.23273051634270087	1.166962183914783
27	0.08065596707038011	0.08604857578457696	0.9373306453357546
28	0.08154534256801238	0.051163411853346434	1.5938214363372007
28	0.15613038162576773	0.028366770462897397	5.5039886133664755
28	0.044972525922065895	0.054219453216610224	0.8294536970411293
28	0.1133632376534543	0.07285145195937548	1.5560875535695515
28	0.10835497811616128	0.04125604406421103	2.6264025205014145
28	-0.04095011982090639	-0.013976583602889786	2.929909124032255
28	0.11796845742752884	0.047527612650433655	2.4821035782964467
28	-0.03531899435340793	-0.040563121156952986	0.8707168813944646
28	0.27993375845886037	0.10161448394037398	2.7548607994025907
28	0.17329185445873183	0.08638334194561016	2.0060795351937433
28	0.13073697692710368	0.05958961609046917	2.1939556839671246
28	0.06746886269125274	0.04429759388496701	1.5230818826516266
28	0.1765975755323446	0.10624896327001762	1.6621110465195348
28	0.07407008346940422	0.06700455023595088	1.1054485584721137
28	0.08399009188437656	0.023371387898521296	3.5937143420434436
28	0.1930656615766509	0.127605972135303	1.5129829611104701
28	0.237123774092123	0.07440459326501342	3.1869507470800666
28	0.030310554184689448	0.03989768981069562	0.7597069987887848
28	-0.004285748663998424	0.065871303919434	-0.0650624537391919
28	0.16422380370079243	-0.10766385662408183	-1.5253382969012044
28	0.04476287092312791	0.003958968988219904	11.3066990563255
28	-0.03163342815975707	0.00628727570940127	-5.031341016659421
28	-0.011568207085276495	0.09377347174995848	-0.12336332301018403
28	0.185148462122274	0.09277765926219078	1.9956147158125883
28	0.297014286283363	0.0795627112891534	3.733084022286886
28	0.08307015913285129	0.05054394637131485	1.6435234107480772
28	-0.10708003367105695	-0.08518689220107047	1.257001293324695
28	0.10329097214319735	0.10597946695538259	0.9746319273966806
28	-0.028756026478851573	0.05714887466166338	-0.5031774754812748
28	0.18806537326130002	0.13267269712238688	1.4175137563368816
28	0.11880492312300309	0.13237573387643442	0.8974826400879564
28	0.07006526579713097	0.058096709188139126	1.2060109217242088
28	0.14626588495912551	0.09894778609034441	1.4782128103965586
28	0.15055358526377555	-0.05639645283217	-2.669557706258715
28	0.03873489787528117	0.006277011139920049	6.170914311261607
28	0.25375262655428354	0.17403708418612918	1.4580376805376731
28	0.06202551988371599	0.047688056568903216	1.3006510297624931
28	0.0003522412257492111	-0.01695608846044133	-0.020773731310201188
28	0.1374763877795212	0.07535749125455853	1.8243227778791664
28	0.15768033424917005	0.14887800831450163	1.0591244202842485
28	-0.023577510532722182	-0.030993597904335323	0.760721959596185
28	0.08098896526137477	0.03345113399980412	2.4211126971614476
28	0.16506484653267414	0.044125198131690656	3.7408295831339236
28	0.3151318492946181	0.08336642254399122	3.7800812326848705
28	0.005615699041070758	0.024408346751972503	0.23007289670763706
28	0.21835363528101281	0.1368792568910968	1.5952280881736394
28	0.0876965783085142	-0.034308137095627016	-2.556145151923512
28	0.31856047272217203	0.09260331481663948	3.440054746991965
28	0.22382566864310152	0.19220875568212686	1.1644925739661018
28	0.022364738240479586	0.042730541579895726	0.5233900019418889
29	0.0686077240969811	0.027163256359375804	2.5257547618476206
29	0.10119187885632358	-0.0061043502726747315	-16.577010547591748
29	0.0255629917125147	0.021552856754046112	1.1860604839641857
29	0.07521422305085607	0.04682692231822164	1.606217520334198
29	0.07237898143009279	0.02297864273345845	3.149837101766856
29	-0.06003242919711707	-0.029003327888470785	2.069846240678497
29	0.09271401949107472	0.02371042977143961	3.9102631367210963
29	-0.03242776679800981	-0.04096346392394145	0.7916265787048619
29	0.24311315579129322	0.07764858694106042	3.1309411461129306
29	0.14719742632138993	0.05095188649742398	2.8889494862733285
29	0.12009162263995021	0.037467111743503555	3.2052543431179474
29	0.04826600158091863	0.019545436544863876	2.4694256109414914
29	0.1474269827351351	0.08298445939827008	1.7765613441859502
29	0.035075066031471216	0.04062628866183205	0.8633588542490679
29	0.052698495551189675	0.0003590571328526508	146.76910922924344
29	0.16091243058395105	0.1011981046925726	1.5900735599029572
29	0.22248436260626528	0.058236388235859055	3.8203667731796345
29	0.007021203478952911	0.019835004870703832	0.3539804262575797
29	-0.0022394489141897437	0.04931999517063049	-0.04540651122211201
29	0.16559518313827087	-0.09373188425199423	-1.7666900058583606
29	0.034181443471855255	-0.019519008106947136	-1.751187523698477
29	-0.05038025170160877	-0.012138916900320356	4.150308640821093
29	-0.02141578261420222	0.07763208170641188	-0.275862531874286
29	0.1496315261706492	0.07144022185771233	2.0944997408976516
29	0.27843423054724686	0.062084944528377914	4.484730278207458
29	-0.002564183920223619	0.02305458293888861	-0.11122230781708646
29	-0.10462674357022463	-0.07379299440250327	1.4178411435581395
29	0.06629801585204556	0.0809871031144303	0.8186243648988176
29	-0.048217722904651206	0.0359104565671162	-1.342720965257929
29	0.1704566198381089	0.10340975478041536	1.6483611260858675
29	0.09109897383632647	0.10512753701772976	0.8665567216795218
29	0.05541061734910126	0.046047540500127174	1.203335004373322
29	0.13230977039376368	0.07316038609545364	1.8084892310592346
29	0.1237111759559157	-0.0556786829203229	-2.2218768380880776
29	0.02119852374055839	-0.010907650190016834	-1.9434546736711653
29	0.22716812033942818	0.148682892092154	1.5278699327332754
29	0.03268330692464837	0.02699107680232749	1.2108930356505831
29	-0.019100222129516543	-0.029045489049481933	0.6575968508217362
29	0.11257193056073764	0.05497534718756213	2.0476802115804813
29	0.13607200519727233	0.12143189646429609	1.1205623000154723
29	-0.03312886180218581	-0.03752847470809748	0.8827660079411016
29	0.05179045266406109	0.011712918955410895	4.421652097245665
29	0.1322123160352044	0.025724275459659256	5.13959338689789
29	0.2927757538624166	0.05785307533736728	5.060677451546174
29	0.004674548138044344	0.005301217867291896	0.8817875920335106
29	0.17506631822267826	0.09990407801643204	1.7523440654132625
29	0.08004537267216426	-0.04118951396187498	-1.9433434622766919
29	0.29158673441658667	0.06881423511784476	4.2373025569090865
29	0.20501444481786146	0.16243939486411854	1.2620980581056533
29	0.010921714999161232	0.024893727780222138	0.43873360774188447
30	0.0686077240969811	0.027163256359375804	2.5257547618476206
30	0.10119187885632358	-0.0061043502726747315	-16.577010547591748
30	0.0255629917125147	0.021552856754046112	1.1860604839641857
30	0.07521422305085607	0.04682692231822164	1.606217520334198
30	0.07237898143009279	0.02297864273345845	3.149837101766856
30	-0.06003242919711707	-0.029003327888470785	2.069846240678497
30	0.09271401949107472	0.02371042977143961	3.9102631367210963
30	-0.03242776679800981	-0.04096346392394145	0.7916265787048619
30	0.24311315579129322	0.07764858694106042	3.1309411461129306
30	0.14719742632138993	0.05095188649742398	2.8889494862733285
30	0.12009162263995021	0.037467111743503555	3.2052543431179474
30	0.04826600158091863	0.019545436544863876	2.4694256109414914
30	0.1474269827351351	0.08298445939827008	1.7765613441859502
30	0.035075066031471216	0.04062628866183205	0.8633588542490679
30	0.052698495551189675	0.0003590571328526508	146.76910922924344
30	0.16091243058395105	0.1011981046925726	1.5900735599029572
30	0.22248436260626528	0.058236388235859055	3.8203667731796345
30	0.007021203478952911	0.019835004870703832	0.3539804262575797
30	-0.0022394489141897437	0.04931999517063049	-0.04540651122211201
30	0.16559518313827087	-0.09373188425199423	-1.7666900058583606
30	0.034181443471855255	-0.019519008106947136	-1.751187523698477
30	-0.05038025170160877	-0.012138916900320356	4.150308640821093
30	-0.02141578261420222	0.07763208170641188	-0.275862531874286
30	0.1496315261706492	0.07144022185771233	2.0944997408976516
30	0.27843423054724686	0.062084944528377914	4.484730278207458
30	-0.002564183920223619	0.02305458293888861	-0.11122230781708646
30	-0.10462674357022463	-0.07379299440250327	1.4178411435581395
30	0.06629801585204556	0.0809871031144303	0.8186243648988176
30	-0.048217722904651206	0.0359104565671162	-1.342720965257929
30	0.1704566198381089	0.10340975478041536	1.6483611260858675
30	0.09109897383632647	0.10512753701772976	0.8665567216795218
30	0.05541061734910126	0.046047540500127174	1.203335004373322
30	0.13230977039376368	0.07316038609545364	1.8084892310592346
30	0.1237111759559157	-0.0556786829203229	-2.2218768380880776
30	0.02119852374055839	-0.010907650190016834	-1.9434546736711653
30	0.22716812033942818	0.148682892092154	1.5278699327332754
30	0.03268330692464837	0.02699107680232749	1.2108930356505831
30	-0.019100222129516543	-0.029045489049481933	0.6575968508217362
30	0.11257193056073764	0.05497534718756213	2.0476802115804813
30	0.13607200519727233	0.12143189646429609	1.1205623000154723
30	-0.03312886180218581	-0.03752847470809748	0.8827660079411016
30	0.05179045266406109	0.011712918955410895	4.421652097245665
30	0.1322123160352044	0.025724275459659256	5.13959338689789
30	0.2927757538624166	0.05785307533736728	5.060677451546174
30	0.004674548138044344	0.005301217867291896	0.8817875920335106
30	0.17506631822267826	0.09990407801643204	1.7523440654132625
30	0.08004537267216426	-0.04118951396187498	-1.9433434622766919
30	0.29158673441658667	0.06881423511784476	4.2373025569090865
30	0.20501444481786146	0.16243939486411854	1.2620980581056533
30	0.010921714999161232	0.024893727780222138	0.43873360774188447
