0	1.0	0.999990397723597	1.0000096023686076
0	1.0	0.9999945461442663	1.0000054538854783
0	1.0	0.9999905350952194	1.0000094649943658
0	1.0	0.9999905350952194	1.0000094649943658
0	1.0	0.9999905350952194	1.0000094649943658
0	0.9997357878090597	0.9998611882448749	0.9998745821547136
0	1.0	0.9999899605941704	1.0000100395066203
0	1.0	0.9999902563056824	1.000009743789258
0	1.0	0.9999902563056824	1.000009743789258
0	1.0	0.9999910345448308	1.0000089655355493
0	1.0	0.9999901106600274	1.0000098894377727
0	1.0	0.999990397723597	1.0000096023686076
0	1.0	0.999990397723597	1.0000096023686076
0	1.0	0.999990397723597	1.0000096023686076
0	1.0	0.9999905350952194	1.0000094649943658
0	1.0	0.9999905350952194	1.0000094649943658
0	1.0	1.0	1.0
0	1.0	0.9999901106600274	1.0000098894377727
0	1.0	0.9999902563056824	1.000009743789258
0	1.0	0.9999905350952194	1.0000094649943658
0	1.0	0.9999898059037879	1.0000101942001327
0	0.9989410185026011	0.999468920132245	0.9994718178634568
0	1.0	0.9999901106600274	1.0000098894377727
0	1.0	0.9999905350952194	1.0000094649943658
0	1.0	0.9999902563056824	1.000009743789258
0	1.0	0.999990397723597	1.0000096023686076
0	1.0	0.9999902563056824	1.000009743789258
0	1.0	0.9999902563056824	1.000009743789258
0	1.0	0.9999901106600274	1.0000098894377727
0	1.0	0.9999905350952194	1.0000094649943658
0	1.0	0.9999902563056824	1.000009743789258
0	1.0	1.0	1.0
0	1.0	0.9999905350952194	1.0000094649943658
0	1.0	0.999990397723597	1.0000096023686076
0	1.0	0.9999905350952194	1.0000094649943658
0	1.0	0.9999905350952194	1.0000094649943658
0	1.0	0.9999905350952194	1.0000094649943658
0	1.0	0.9999905350952194	1.0000094649943658
0	1.0	0.9999905350952194	1.0000094649943658
0	1.0	0.9999905350952194	1.0000094649943658
0	1.0	0.9999905350952194	1.0000094649943658
0	1.0	0.999990397723597	1.0000096023686076
0	1.0	0.999990397723597	1.0000096023686076
0	1.0	0.999990397723597	1.0000096023686076
0	1.0	0.9999944621095092	1.0000055379211592
0	1.0	0.9999944621095092	1.0000055379211592
0	1.0	0.9999902563056824	1.000009743789258
0	1.0	0.9999902563056824	1.000009743789258
0	1.0	0.9999902563056824	1.000009743789258
0	1.0	0.9999905350952194	1.0000094649943658
0	1.0	0.9999905350952194	1.0000094649943658
0	1.0	0.9999899605941704	1.0000100395066203
0	1.0	0.9999902563056824	1.000009743789258
0	1.0	0.9999901106600274	1.0000098894377727
0	1.0	0.9999902563056824	1.000009743789258
0	1.0	0.9999902563056824	1.000009743789258
0	1.0	0.9999905350952194	1.0000094649943658
0	1.0	0.999990397723597	1.0000096023686076
0	1.0	0.999990397723597	1.0000096023686076
0	1.0	0.9999898059037879	1.0000101942001327
0	1.0	0.9999898059037879	1.0000101942001327
0	1.0	0.9999905350952194	1.0000094649943658
0	1.0	0.9999909005320481	1.000009099550753
0	1.0	0.999990397723597	1.0000096023686076
0	1.0	0.9999909005320481	1.000009099550753
0	1.0	0.9999905350952194	1.0000094649943658
0	1.0	0.9999901106600274	1.0000098894377727
0	1.0	0.9999901106600274	1.0000098894377727
0	1.0	0.9999909005320481	1.000009099550753
0	1.0	0.9999902563056824	1.000009743789258
0	1.0	0.999990397723597	1.0000096023686076
0	1.0	0.9999905350952194	1.0000094649943658
0	1.0	0.999990811154942	1.0000091889294935
1	0.7568120146498185	0.8170878822002073	0.9262308634561053
1	0.8412056360469957	0.8509641499653509	0.9885324030175038
1	0.9557101443475172	0.8808502596560566	1.0849859370203183
1	0.9331341051489048	0.8806172599660524	1.0596364022945415
1	0.8264831839110992	0.8380418452461716	0.9862075367708194
1	0.896920151015245	0.8674181705470141	1.0340112548594944
1	0.8969315696224263	0.8495847925648814	1.0557293132738472
1	0.7251421862447406	0.6734268618592051	1.076794270194033
1	0.8288258489972246	0.8385317794558288	0.9884250893091935
1	0.9314466910663757	0.8773971286819068	1.0616021646499645
1	0.9386187640854926	0.87918495526479	1.0676010303233663
1	0.8584278092255896	0.8513818796258769	1.0082758745145115
1	0.9035003149841536	0.8787951281570171	1.0281125668947977
1	0.957036626582435	0.8959330916378863	1.0682010024128512
1	0.7979530648706334	0.811439898675919	0.9833791340217644
1	0.9137983705933945	0.8663172462177291	1.054808010094413
1	0.9008225497805895	0.8052991231185004	1.118618565350198
1	0.9624526418149405	0.8855813646488728	1.0868031783805057
1	0.8756407346227306	0.8629840734987176	1.0146661584062615
1	0.889358131509337	0.8339973802017767	1.066380006246742
1	0.7662277171997058	0.8334242194520499	0.9193729907483086
1	0.9243079081397539	0.8802746900744435	1.0500221335019715
1	0.7731625782195576	0.8100915817336242	0.9544137917900132
1	0.8188317041477905	0.8352087671070074	0.9803916534354115
1	0.8990821426279654	0.870180439736608	1.0332134596131644
1	0.9042657644515667	0.8752533210456653	1.033147481658499
1	0.9029609767821534	0.8676594305782394	1.0406859476884702
1	0.8207902319120322	0.8246100398962235	0.9953677401445754
1	0.8707065082573182	0.8535842039248125	1.0200593031756875
1	0.9366286608849006	0.883819176497497	1.059751457981126
1	0.9323383751272992	0.884726530554221	1.053815323638201
1	0.9027520330232116	0.8906366628427229	1.0136030445252715
1	0.8405688280212926	0.8432896412163323	0.9967735721369525
1	0.9212030032024261	0.8851869909636548	1.0406874622045255
1	0.8957785892830117	0.860522637302211	1.0409703945631577
1	0.8435604483152858	0.8517615213655635	0.9903716323823486
1	0.9387736022268897	0.8717731743512847	1.0768553447695408
1	0.745384035833672	0.8218536219987749	0.906954737293575
1	0.8938979057218783	0.8702642729266913	1.0271568459494578
1	0.9035425102057718	0.8624969042206548	1.0475892792011878
1	0.8683193162772812	0.8465241585688207	1.02574664584329
1	0.9554212965074995	0.8918843476711762	1.071238999767432
1	0.888695141385342	0.8593782875948064	1.034114026632656
1	0.7727356300840773	0.8074464636025229	0.9570115975694798
1	0.9053340042372474	0.8540857802603354	1.0600036028714714
1	0.9271136248439241	0.8637983631898941	1.0732986589835793
1	0.860561438449578	0.8594277589803901	1.0013191096719203
1	0.9295267603282389	0.8864601267493925	1.0485827080985242
1	0.9178458322993126	0.8735276911339964	1.0507346723122002
1	0.9227749097777618	0.8785021647073239	1.0503957153995034
1	0.8964726178805152	0.8744811331547376	1.0251480379530227
1	0.888172330265421	0.8656397064949072	1.0260300256578472
1	0.9090428146225794	0.8568600437761473	1.0608999932083012
1	0.8846249951569618	0.8605706218821421	1.0279516551729488
1	0.8966962885772257	0.861799385449611	1.040493070332614
1	0.9133176605583935	0.8669233265881654	1.0535160752367987
1	0.8974438909859699	0.8253368678921598	1.0873667782198624
1	0.7969470251629767	0.8047292201522787	0.9903294241163141
1	0.8295054883820877	0.8607746827715878	0.9636731946055649
1	0.8621633246930783	0.829562242419539	1.03929913948163
1	0.9019523964280325	0.8644918928127374	1.0433323943541128
1	0.8200801560614953	0.8222880029165652	0.9973149956618133
1	0.8091040770253621	0.8271486284699675	0.9781846323338725
1	0.7516084310248067	0.7990319841451466	0.9406487424016241
1	0.9151677906861309	0.8495088458084098	1.0772904781412118
1	0.9069155861322808	0.8714434794910121	1.0407049997803497
1	0.803177222491493	0.8029930265451775	1.0002293867321714
1	0.8645823657838083	0.8412915326929373	1.0276846160763298
1	0.6993534783410279	0.8088414925679147	0.8646360068901959
1	0.8889996792758794	0.8592756177021834	1.0345919993088855
1	0.9380590219016554	0.8601542362872627	1.0905707166550245
1	0.9072829419131082	0.8812288076449577	1.0295656860535223
1	0.8071461806287857	0.8371256068015377	0.9641876608131766
2	0.8753595710552939	0.8856369805200173	0.9883954603400947
2	0.8950375090617048	0.9026871747132045	0.9915256737153376
2	0.951962007816726	0.916986888660454	1.038141351407286
2	0.9509175097344504	0.919391253876309	1.0342903586750705
2	0.8664213700698455	0.8809676689543987	0.9834882715936467
2	0.9244865931003193	0.9102253402918039	1.0156678266108736
2	0.9179083578074373	0.8996298556244537	1.0203178030038766
2	0.8599232970875577	0.8089217639303513	1.0630487834934772
2	0.9056577603484744	0.9014147524590669	1.0047070539702536
2	0.9352645306608726	0.9102882949220986	1.0274377204212115
2	0.9458890356771331	0.9120825893402671	1.0370651152998316
2	0.9096882006531806	0.9045607627337733	1.005668428402655
2	0.926863317206691	0.9162822120134881	1.0115478670812035
2	0.9707935139918381	0.9290931764431791	1.044882836948926
2	0.8804831598856476	0.8829795827201162	0.997172728698009
2	0.9283910986572915	0.909134318494871	1.021181446757286
2	0.9119527587049189	0.8839402389295166	1.031690513161078
2	0.9678969750238379	0.921954394491621	1.0498317279105225
2	0.9241966276408162	0.9079654727778201	1.017876400975181
2	0.9348905376849692	0.902444785287855	1.0359531717907429
2	0.8349148989708008	0.8784718630954033	0.9504173486318342
2	0.9363327067574235	0.914879851257855	1.0234488227826564
2	0.8908562750202377	0.8923361719456147	0.9983415477575561
2	0.8772261272046076	0.8892606077379853	0.9864668687349258
2	0.8999881507224218	0.9072872430326585	0.9919550369893452
2	0.9226415616174648	0.9121123150284746	1.0115438048752379
2	0.9250986119658478	0.910276908732471	1.0162826312424156
2	0.863475161456915	0.888162924139796	0.9722035653460861
2	0.9056070861589588	0.8990706441825304	1.007270220664775
2	0.9577575883952271	0.9214674454318947	1.0393829897553495
2	0.9613131321931015	0.9247774409388793	1.0395075502892128
2	0.9345280561071577	0.9268182385711563	1.0083185863367206
2	0.9014380278112044	0.9023151002706314	0.99902797541661
2	0.9384985742695381	0.9210816454446628	1.0189092127837018
2	0.9234661937300424	0.9103501467896206	1.0144076946509824
2	0.9144857684484529	0.9097701678594508	1.0051832877748643
2	0.949595403635846	0.9065973597380576	1.047427938583686
2	0.8785003153606099	0.8970769280390409	0.979292062812229
2	0.899819762084143	0.9039518987924582	0.9954288090839402
2	0.928520465303052	0.9083941954981518	1.0221558767159045
2	0.9239893281502579	0.9067842452415931	1.0189737338280298
2	0.9573882642218458	0.9216038705359046	1.0388283891051073
2	0.9162448874941964	0.907836777746448	1.0092616976463766
2	0.8790727586693451	0.8920095531899773	0.9854970224541115
2	0.9057809573195867	0.8910934199459443	1.0164826010885968
2	0.9334442812154817	0.9110122565722705	1.0246231864405566
2	0.9227866849745321	0.9136321177485719	1.010019970892135
2	0.9360917083717422	0.9169104578800694	1.020919436927375
2	0.9173617044832423	0.9067736935456496	1.011676574886278
2	0.9213048010075291	0.910821664235981	1.01150953823693
2	0.9072047918019744	0.9079778296593453	0.9991486159329894
2	0.9442826642187967	0.9111415451241025	1.036373184026177
2	0.9295954909868146	0.894330406421882	1.039431830016855
2	0.9169176877503379	0.9037026072184021	1.0146232625936664
2	0.9168067285731474	0.9023706377171146	1.0159979616497212
2	0.911669997654279	0.8997380217578574	1.0132616112778134
2	0.903794470271047	0.8933588183422202	1.011681366674358
2	0.8734613063270013	0.8825689849891822	0.9896804909110957
2	0.9055448031547282	0.91231368076116	0.992580536991636
2	0.9132839545633447	0.8979552160778973	1.0170707160123202
2	0.9360575373241364	0.9122312344014584	1.026118709844781
2	0.8484822760193806	0.8696473541357015	0.9756624590235708
2	0.8813944501001915	0.8920896559312046	0.9880110639553947
2	0.7924642510680016	0.8590145047243455	0.9225272061294243
2	0.9101604461547126	0.8837024899164484	1.029939891015545
2	0.9144138532767735	0.9050606997976891	1.010334283083085
2	0.881934745982995	0.8848955493102719	0.9966540646186043
2	0.9186775997769838	0.9042746793245406	1.0159275945481538
2	0.8542806598691193	0.8820316722778144	0.9685373969201931
2	0.9061734618006595	0.9010853888044108	1.005646604705243
2	0.9487847877267663	0.9145267792960117	1.0374598198831597
2	0.9424858199315475	0.9221287941513698	1.0220761198536394
2	0.8871736712116846	0.8952839895064791	0.9909410663098472
3	0.8771457577819693	0.8867890668004833	0.9891255887340754
3	0.8953518992300856	0.90321470446198	0.9912946443486236
3	0.9519612316003182	0.917371240584171	1.0377055541812286
3	0.950916863209643	0.9198327712002354	1.0337931991364557
3	0.8657819090097348	0.8812099883424699	0.9824921647089421
3	0.9244853625615125	0.9106142357446293	1.0152327146582993
3	0.9189114605882299	0.9009579127790333	1.0199271770129843
3	0.8591879207060573	0.810150254473126	1.0605291005738466
3	0.9073052161660543	0.9028088269649198	1.0049804444383321
3	0.935645904093471	0.9107154809616661	1.0273745463352393
3	0.9458883512170203	0.9124777549068949	1.036615244733867
3	0.910138507758655	0.904987835842943	1.0056914266819006
3	0.9268620298908917	0.9167076748239059	1.011076982713095
3	0.9708654324156608	0.9293680100857478	1.0446512273712587
3	0.8805383314835106	0.8833206591545005	0.9968501498949961
3	0.9283898475145332	0.9094549621241186	1.0208200363723239
3	0.9126111506078317	0.8843566747996024	1.031949185903563
3	0.9679088865005363	0.9223864646882589	1.049352872743707
3	0.9241954756052259	0.9083148868384218	1.0174835720485433
3	0.9348894447994394	0.902659336384144	1.0357057276385155
3	0.8361905931570037	0.8791240576739227	0.9511633606859574
3	0.9376014264597817	0.9156470835878684	1.0239768610258524
3	0.8914717477315444	0.89274308309178	0.9985759224749939
3	0.8776442297965074	0.8900208669727065	0.9860939921349297
3	0.9002258831458301	0.9077387129914355	0.9917235766877817
3	0.923017106306022	0.9125193576317139	1.0115041380618524
3	0.9256854428000498	0.9107875974016794	1.0163571017445467
3	0.8640366770546346	0.8886779882408219	0.9722719460679274
3	0.9055359614619334	0.8993476617644524	1.0068808759510643
3	0.9577569596839334	0.9217997598688159	1.0390076037991534
3	0.9613125527796853	0.925099571655399	1.0391449550230423
3	0.9345650666334778	0.9269005531135522	1.008268970704764
3	0.9014363757168663	0.9026709080465943	0.9986323561347517
3	0.9385731940709605	0.9214252150737047	1.0186102775534358
3	0.9239535804821949	0.9110417364531064	1.0141726152737605
3	0.9155918622561542	0.9103807345747016	1.0057241190235502
3	0.9495949147472775	0.9069515880022319	1.047018305397069
3	0.8785138414491422	0.8973770346038722	0.9789796346158371
3	0.8997593716186583	0.9042950864211801	0.994984253624033
3	0.9286469757027724	0.9087402215497346	1.0219058798994167
3	0.9240417673835338	0.9071137663184868	1.0186613870206702
3	0.9573904521333678	0.9220011454818395	1.0383831482476453
3	0.9185465583199738	0.9089152270980768	1.0105965121220901
3	0.8790702058084336	0.8922749641848541	0.9852010210905292
3	0.9077418470295038	0.8915985333139987	1.0181060344003727
3	0.935157849498509	0.9119681484782347	1.025428191827719
3	0.9248248226722362	0.9147962705073908	1.0109626071816877
3	0.9361995497611058	0.9173143318366213	1.020587509939666
3	0.917981497171831	0.9072862770768089	1.0117881426901782
3	0.922015070932772	0.91143217671387	1.0116112800154349
3	0.9072116449984972	0.9083674915615203	0.9987275562217267
3	0.9442820783097085	0.9115327436750962	1.0359277654717858
3	0.9302644946925482	0.8949315313409878	1.0394811917048186
3	0.9169154183124562	0.9039732053047551	1.0143170316683643
3	0.9168056193105101	0.9027893032211998	1.0155255673049064
3	0.9116688264106556	0.9001967318954239	1.0127439859630198
3	0.9038508031889606	0.8937061377198868	1.0113512317314457
3	0.8737772158782192	0.8830450009195695	0.9895047420780377
3	0.905700328999552	0.9126789224491946	0.9923537256334184
3	0.9132823515519723	0.8982570736444977	1.0167271467693682
3	0.9360567136358923	0.912565363410598	1.025742101516431
3	0.8481878388674314	0.8701571688046134	0.9747524576883478
3	0.8822404983808471	0.8927362523489842	0.9882431637109834
3	0.7928169065442525	0.8592888311862634	0.9226430948133642
3	0.912606193410487	0.8847938113334046	1.0314337439082768
3	0.9149997490480876	0.9056017916429322	1.0103775826106811
3	0.8826963275646892	0.8855395914256864	0.9967892301049808
3	0.9186759242669527	0.9045938979338641	1.0155672356018015
3	0.8567572944695805	0.8835649773542679	0.9696596361651184
3	0.9067207930840182	0.9014726420481871	1.0058217529751174
3	0.9487838487132748	0.9148879001726681	1.0370492915407554
3	0.9427697597137817	0.9225489631431115	1.0219183993246042
3	0.8872026889377692	0.8955097845974259	0.9907236126254152
4	0.8771457577819693	0.8867890668004833	0.9891255887340754
4	0.8953518992300856	0.90321470446198	0.9912946443486236
4	0.9519612316003182	0.917371240584171	1.0377055541812286
4	0.950916863209643	0.9198327712002354	1.0337931991364557
4	0.8657819090097348	0.8812099883424699	0.9824921647089421
4	0.9244853625615125	0.9106142357446293	1.0152327146582993
4	0.9189114605882299	0.9009579127790333	1.0199271770129843
4	0.8591879207060573	0.810150254473126	1.0605291005738466
4	0.9073052161660543	0.9028088269649198	1.0049804444383321
4	0.935645904093471	0.9107154809616661	1.0273745463352393
4	0.9458883512170203	0.9124777549068949	1.036615244733867
4	0.910138507758655	0.904987835842943	1.0056914266819006
4	0.9268620298908917	0.9167076748239059	1.011076982713095
4	0.9708654324156608	0.9293680100857478	1.0446512273712587
4	0.8805383314835106	0.8833206591545005	0.9968501498949961
4	0.9283898475145332	0.9094549621241186	1.0208200363723239
4	0.9126111506078317	0.8843566747996024	1.031949185903563
4	0.9679088865005363	0.9223864646882589	1.049352872743707
4	0.9241954756052259	0.9083148868384218	1.0174835720485433
4	0.9348894447994394	0.902659336384144	1.0357057276385155
4	0.8361905931570037	0.8791240576739227	0.9511633606859574
4	0.9376014264597817	0.9156470835878684	1.0239768610258524
4	0.8914717477315444	0.89274308309178	0.9985759224749939
4	0.8776442297965074	0.8900208669727065	0.9860939921349297
4	0.9002258831458301	0.9077387129914355	0.9917235766877817
4	0.923017106306022	0.9125193576317139	1.0115041380618524
4	0.9256854428000498	0.9107875974016794	1.0163571017445467
4	0.8640366770546346	0.8886779882408219	0.9722719460679274
4	0.9055359614619334	0.8993476617644524	1.0068808759510643
4	0.9577569596839334	0.9217997598688159	1.0390076037991534
4	0.9613125527796853	0.925099571655399	1.0391449550230423
4	0.9345650666334778	0.9269005531135522	1.008268970704764
4	0.9014363757168663	0.9026709080465943	0.9986323561347517
4	0.9385731940709605	0.9214252150737047	1.0186102775534358
4	0.9239535804821949	0.9110417364531064	1.0141726152737605
4	0.9155918622561542	0.9103807345747016	1.0057241190235502
4	0.9495949147472775	0.9069515880022319	1.047018305397069
4	0.8785138414491422	0.8973770346038722	0.9789796346158371
4	0.8997593716186583	0.9042950864211801	0.994984253624033
4	0.9286469757027724	0.9087402215497346	1.0219058798994167
4	0.9240417673835338	0.9071137663184868	1.0186613870206702
4	0.9573904521333678	0.9220011454818395	1.0383831482476453
4	0.9185465583199738	0.9089152270980768	1.0105965121220901
4	0.8790702058084336	0.8922749641848541	0.9852010210905292
4	0.9077418470295038	0.8915985333139987	1.0181060344003727
4	0.935157849498509	0.9119681484782347	1.025428191827719
4	0.9248248226722362	0.9147962705073908	1.0109626071816877
4	0.9361995497611058	0.9173143318366213	1.020587509939666
4	0.917981497171831	0.9072862770768089	1.0117881426901782
4	0.922015070932772	0.91143217671387	1.0116112800154349
4	0.9072116449984972	0.9083674915615203	0.9987275562217267
4	0.9442820783097085	0.9115327436750962	1.0359277654717858
4	0.9302644946925482	0.8949315313409878	1.0394811917048186
4	0.9169154183124562	0.9039732053047551	1.0143170316683643
4	0.9168056193105101	0.9027893032211998	1.0155255673049064
4	0.9116688264106556	0.9001967318954239	1.0127439859630198
4	0.9038508031889606	0.8937061377198868	1.0113512317314457
4	0.8737772158782192	0.8830450009195695	0.9895047420780377
4	0.905700328999552	0.9126789224491946	0.9923537256334184
4	0.9132823515519723	0.8982570736444977	1.0167271467693682
4	0.9360567136358923	0.912565363410598	1.025742101516431
4	0.8481878388674314	0.8701571688046134	0.9747524576883478
4	0.8822404983808471	0.8927362523489842	0.9882431637109834
4	0.7928169065442525	0.8592888311862634	0.9226430948133642
4	0.912606193410487	0.8847938113334046	1.0314337439082768
4	0.9149997490480876	0.9056017916429322	1.0103775826106811
4	0.8826963275646892	0.8855395914256864	0.9967892301049808
4	0.9186759242669527	0.9045938979338641	1.0155672356018015
4	0.8567572944695805	0.8835649773542679	0.9696596361651184
4	0.9067207930840182	0.9014726420481871	1.0058217529751174
4	0.9487838487132748	0.9148879001726681	1.0370492915407554
4	0.9427697597137817	0.9225489631431115	1.0219183993246042
4	0.8872026889377692	0.8955097845974259	0.9907236126254152
5	0.80457383528868	0.8108451889614893	0.9922656584041135
5	0.8365660291126344	0.8300007331922299	1.007909988097425
5	0.8815679790706104	0.8392316604969265	1.0504465221779355
5	0.885482958035902	0.8405036473458996	1.0535147120801152
5	0.7545478034244364	0.7936351168429014	0.9507490122489095
5	0.8117804882955741	0.8075009896229167	1.0052996822637403
5	0.8542870897900184	0.8225721968451842	1.0385557560375496
5	0.813542513941742	0.7530236502198073	1.080367812756305
5	0.830412705459511	0.8194638825396793	1.0133609584914214
5	0.8585243677933846	0.8279630079474236	1.0369115039592465
5	0.8558987604609009	0.8247621646153769	1.0377522117058369
5	0.8035791528132313	0.8119644835862666	0.9896727862578433
5	0.846491607963138	0.8307142004835983	1.0189925818896017
5	0.9017218360717243	0.850303221350679	1.0604709160567078
5	0.7961079146138944	0.8047530672893484	0.9892573846228714
5	0.8488289783504821	0.8234152635873142	1.0308637887673466
5	0.8713458921664489	0.8219551620418487	1.0600893240963496
5	0.8670668567854541	0.8265324101839997	1.0490415694557347
5	0.8235160605663985	0.8162783582308557	1.0088667085958634
5	0.8273245935056872	0.7994108491559143	1.034917895321594
5	0.7784396540128252	0.810228829242242	0.9607651886947206
5	0.8444940501008189	0.8275738869597136	1.0204455014926408
5	0.8308315535081329	0.8181092333096806	1.0155508820588466
5	0.7859672469280313	0.7976033948568162	0.9854111103289953
5	0.8318907936119754	0.8294613515120361	1.0029289394804357
5	0.8552743510750532	0.835514654075596	1.023649731220237
5	0.8359522185456782	0.8304126987129467	1.0066708033744152
5	0.7688864058825908	0.8038491308864292	0.9565058620324888
5	0.836747618998344	0.8217121776432348	1.018297698104259
5	0.874757302333097	0.8288051687214664	1.0554438308855112
5	0.8858969125652653	0.8404824928837032	1.054033748550484
5	0.8544786803396821	0.8425164356231188	1.014198233067959
5	0.8050432220107402	0.8145361460720789	0.9883456073654726
5	0.8543297156849781	0.8369566343579707	1.02075744502621
5	0.8555168502695111	0.8316119378996495	1.0287452732223117
5	0.83903652335595	0.8330398292440188	1.0071985683053994
5	0.8874516826177505	0.8344472793111806	1.0635203740496633
5	0.8072174122739934	0.813568364385986	0.9921937081258244
5	0.8236887758005103	0.8258162429395066	0.9974238008065528
5	0.8367671511762782	0.8256022962354473	1.0135232847482862
5	0.8554985517995773	0.8254503047309721	1.036402248441108
5	0.872071520274454	0.840374789413038	1.0377173747484199
5	0.8416852744412081	0.8287035412878818	1.0156651112328439
5	0.8005717246918235	0.8103940688121499	0.9878795458921316
5	0.815830539169225	0.7967904594849432	1.0238959684539766
5	0.8558326520220235	0.8261610486041361	1.0359150355345605
5	0.8227078738483198	0.8274129445915138	0.9943135156708034
5	0.8728368551344887	0.8342480853826999	1.0462557486530961
5	0.8346848892861496	0.8246003319840264	1.0122296304172704
5	0.8632750541734058	0.8360484431322988	1.0325658294860296
5	0.7858601907617939	0.8099728604545283	0.9702302745314167
5	0.8690742814716246	0.8187709815397832	1.0614375705368073
5	0.8875861219517281	0.8254594224817106	1.075263178029074
5	0.8277438239446414	0.8225273571564758	1.0063419979199224
5	0.8502956626025184	0.8113650621581155	1.0479816081072717
5	0.8352145858599982	0.8127769950771534	1.0276060849639512
5	0.8103388529376992	0.8034070949991456	1.0086279521075936
5	0.8168361548944574	0.8116869715765805	1.0063438043213573
5	0.836877324663107	0.8351274108641586	1.0020953854180616
5	0.8501196648017456	0.8180206951027458	1.0392398015003375
5	0.8470826743533446	0.8205205722195906	1.0323722561420987
5	0.792770279004968	0.7978267948460985	0.9936621383566017
5	0.7762546258692318	0.7931534998924095	0.9786940686443797
5	0.7381137305797638	0.791343475988401	0.932734966517349
5	0.8566662014222877	0.8129120466666916	1.0538239714062647
5	0.8406064644930947	0.8225527836044303	1.0219483554715518
5	0.8070121118027451	0.8102603713019619	0.9959910917351205
5	0.8209261356345212	0.8197623878513629	1.0014196159770254
5	0.8051695109475591	0.8143105797876529	0.9887744687751969
5	0.7913134682485139	0.8037116305838581	0.9845738672136205
5	0.85817928400381	0.8288930089235491	1.0353317916365272
5	0.8647609467540387	0.842971991775156	1.0258477804618382
5	0.8135884794036401	0.8168841693327803	0.9959655358092787
6	0.5635254144717066	0.6344257911640888	0.8882448070683109
6	0.6357731547732183	0.6569536470138769	0.9677595332076583
6	0.7913843376027553	0.6940610070033965	1.140223020191772
6	0.7585006392313679	0.6887869372208025	1.1012122882176807
6	0.5358051245724978	0.5834888120068916	0.9182783175046884
6	0.6824432624145359	0.6582202018736752	1.0368008463913867
6	0.7807251648373942	0.6985057933404774	1.1177075011843747
6	0.6660767389000831	0.6021052195613436	1.1062464121891273
6	0.6452682864357925	0.6451363704808469	1.0002044776282684
6	0.6602727805321312	0.6498043428186338	1.016110138119559
6	0.7419275710934548	0.6951647539565081	1.0672686825256856
6	0.6161473005843849	0.6343554944598602	0.9712965458098868
6	0.7282251900622828	0.6854224692574494	1.0624472098955313
6	0.7883568547072949	0.7104640517045421	1.1096365154800905
6	0.6270320571473893	0.6463840275816957	0.9700611871448812
6	0.6753897897664355	0.6623961012355352	1.019616191137997
6	0.7306300731324814	0.6543382390221011	1.1165938799853687
6	0.7605490318370243	0.6850735160879486	1.1101714107707328
6	0.5831697197948787	0.6293410098444394	0.9266354975643916
6	0.6594962599317684	0.6135701601833718	1.074850608339022
6	0.612132067179376	0.6424775582244852	0.952768013984846
6	0.66015975913741	0.6630298661849421	0.9956712250926997
6	0.6297912906079743	0.6464618180975648	0.9742126649665882
6	0.5980393035530919	0.6226179063555402	0.960523777823356
6	0.7056763077395926	0.6759291324625563	1.0440093108114172
6	0.6588883368085948	0.6637066802983806	0.9927402516310071
6	0.7459621813181357	0.6927611530418619	1.0767956286848246
6	0.6485450713794968	0.646926138240433	1.0025025007390598
6	0.7216956608439759	0.6763474931194677	1.067048622469719
6	0.7238727271951955	0.6633606067463648	1.091220551587513
6	0.7565179918342825	0.6903708293306876	1.0958139592423457
6	0.7607948133584042	0.7029196062196134	1.0823354571798767
6	0.6509887701776249	0.6512914939855908	0.9995351945929565
6	0.6896221064086141	0.6851319995751795	1.0065536376000812
6	0.7278328461342697	0.6815032750191156	1.0679814357661812
6	0.7147289173293566	0.676127128849211	1.0570925005565848
6	0.7672184091860832	0.6929796204663039	1.1071298296908418
6	0.5442822001949531	0.6362326876904137	0.8554766372830516
6	0.6394617950211193	0.6628969476272811	0.9646473668493366
6	0.7701237619249429	0.6985724648742488	1.1024250176587966
6	0.7143267253647764	0.6692952914241908	1.0672818627556209
6	0.7918092515481425	0.7135830212440436	1.1096245678151382
6	0.7265941000152693	0.6889583598047836	1.0546270172571093
6	0.6434954172154821	0.645251464287037	0.9972785074211413
6	0.6973760819223238	0.6275515276615911	1.1112650534385853
6	0.7610845844153712	0.6823157849211867	1.1154433199919052
6	0.6484488409936583	0.6689052973335801	0.9694180081672754
6	0.7198894290686778	0.6797436972109877	1.0590601016565648
6	0.6813242491526874	0.6602824386900621	1.03186789354018
6	0.7263396554012848	0.6744678148641776	1.0769078070056655
6	0.6187684125217814	0.647521011032072	0.9555958833452177
6	0.7223965520586926	0.6811929048734386	1.0604874873042156
6	0.769665519065467	0.6794549965973561	1.1327689441094353
6	0.7213491469260266	0.6868972583660518	1.050155810261824
6	0.7043830003258154	0.652420983424938	1.0796449198002467
6	0.7107769209918223	0.6617354185887406	1.074110439044763
6	0.7098888721494891	0.6571246650292134	1.080295581536161
6	0.6344959779919606	0.6362592716873782	0.9972286554021581
6	0.628785462700203	0.673501069337962	0.9336072225071392
6	0.7095521525552888	0.6616444452730086	1.0724070271042818
6	0.7094465536486371	0.6810457720261592	1.0417017222469256
6	0.581316831238427	0.5872479575155554	0.9899001329826316
6	0.5361073129357259	0.5847278316984973	0.9168493166785987
6	0.5920528028984428	0.6240473429330559	0.9487305884770905
6	0.7888272275412498	0.6930786833207763	1.1381496019495356
6	0.6987865181719219	0.6643100893121834	1.0518980961066464
6	0.6204507650912541	0.6378919835725346	0.9726580378333014
6	0.6828738207515976	0.6582570425891165	1.0373969081525602
6	0.6414781708275099	0.6644698773070976	0.9653984217121078
6	0.5710147356589684	0.6084472177451673	0.9384786699741694
6	0.7213847495071903	0.6666640854827958	1.0820813138370369
6	0.6946255825685858	0.6743145344203598	1.0301210297442058
6	0.6137419795293723	0.6377957874068643	0.9622860351974267
7	0.15580323989272274	0.30932974314652656	0.5036801127104038
7	0.2594759040107538	0.3265704899781639	0.794547921424571
7	0.455322682189786	0.36011709800842945	1.2643739625468382
7	0.444786461052174	0.3736862754717445	1.1902670508588309
7	0.29794652279776324	0.31745864619827396	0.9385364877152406
7	0.39984730403518604	0.36544175386841005	1.0941478356060126
7	0.4691799235702991	0.38598934246719113	1.2155255908657092
7	0.4921152580971656	0.3637146689934415	1.3530255995972476
7	0.42163192972757385	0.3727051081557446	1.1312748886483839
7	0.3227058416589415	0.312332425100085	1.0332127429789988
7	0.4065912902227051	0.39202973516733547	1.037144006561528
7	0.23660142360162273	0.2997001263800193	0.7894605399719201
7	0.40640277547372555	0.3498227354248931	1.161739173356216
7	0.5032194679886467	0.3910194760567112	1.2869422082588609
7	0.3459617665257289	0.3328514277301485	1.0393879602229297
7	0.4010406037685357	0.36250069470726426	1.106316786764765
7	0.44504190158652557	0.3049669267350331	1.4593120190150815
7	0.5229640930018937	0.40607962628492744	1.2878363235956927
7	0.22296283980831713	0.29328564518635875	0.7602241823552008
7	0.3434680779324249	0.2882140242871642	1.1917118841871759
7	0.30092747933929476	0.33602761089594596	0.8955439064573766
7	0.32264412351816807	0.3514194904612741	0.9181167586768298
7	0.3683883863556601	0.356767653200142	1.0325722723214457
7	0.42154699777776317	0.35857417336563085	1.175620078325943
7	0.32774447261404194	0.3566353897075634	0.9189903247762045
7	0.3488958354180673	0.34619054453554116	1.0078144563022529
7	0.4470327132480073	0.375300039382114	1.1911342028740324
7	0.34627092610871857	0.34431950300975206	1.005667477682527
7	0.43284846604628596	0.3893014695647402	1.111859316971584
7	0.41236756716395656	0.34198168609211704	1.205817691222448
7	0.4550171829696258	0.3582143502456931	1.27023717128456
7	0.5044367316691719	0.35686709684827517	1.4135142637810545
7	0.32382625444849183	0.3345008639909595	0.9680879462758094
7	0.3352676561768003	0.3590100792570738	0.9338669735139319
7	0.3960350732931039	0.36608514252430774	1.0818113801676819
7	0.38301311894025764	0.3522439823182744	1.087351773675388
7	0.43943808605285234	0.3652709564164312	1.2030468843295223
7	0.28236937946020363	0.3350765587939502	0.842701084422447
7	0.2695612134195782	0.33018462152492517	0.8163954219752462
7	0.49549767553525664	0.4059437617084086	1.220606700420673
7	0.47599084042236917	0.3570750627353194	1.333027394229419
7	0.49358741333562284	0.3739678295098769	1.3198659734515656
7	0.4332682869088718	0.3908156512618801	1.1086257305968148
7	0.32395988199392994	0.34933911520452815	0.9273507256817223
7	0.46367939739169645	0.3354509801156617	1.382256797198274
7	0.4664647013852576	0.3706870408685081	1.2583787668766229
7	0.2409292056114257	0.3185142759548702	0.7564157207369964
7	0.4277583736457858	0.35535389032276843	1.2037531747781127
7	0.3824375513968102	0.3637962673162572	1.0512409987547993
7	0.4460707086137784	0.34799484455425467	1.28183137076398
7	0.2594151357268425	0.3342427088830182	0.7761280316144019
7	0.42153285110335204	0.3584328944846039	1.1760439892367593
7	0.5195798982254429	0.34596404918055074	1.5018320529434144
7	0.4676170847676478	0.392096517817689	1.1926070840166787
7	0.43209969078850163	0.31897780878428106	1.3546387205911332
7	0.45455780144737395	0.370740623147957	1.2260803728162446
7	0.3912274681889821	0.32304814402230086	1.2110500413894179
7	0.31787790433854507	0.3292266686801506	0.9655290247685522
7	0.3445605482101079	0.36330505474546204	0.9484055993977654
7	0.3635536898267888	0.33049918119932087	1.1000138896184832
7	0.3982739082300108	0.3466002731939981	1.1490871157135243
7	0.3264070157205616	0.3113683393047434	1.04829866918839
7	0.30296246136530075	0.2956734764661329	1.0246521432570999
7	0.4396052927123406	0.36496729250897564	1.204505997483403
7	0.5624576606070435	0.4091336818710279	1.3747527654893694
7	0.4593732972222647	0.3601890158261052	1.2753673128223446
7	0.28479929160241163	0.34041889603665487	0.8366142271131319
7	0.2789945038887034	0.321279856608945	0.8683846750725166
7	0.4557419498431628	0.3995335483698025	1.140685060623081
7	0.26591248923326716	0.2844097301910114	0.9349626999564278
7	0.386818365477857	0.3180052518235532	1.2163898654494079
7	0.38273733469241633	0.34073565292765734	1.1232676457654889
7	0.3300255345360828	0.3493218910346977	0.9447605289165855
8	0.2254039717045274	0.3241551203989214	0.6953583562929194
8	0.2730739746156024	0.3204249910492069	0.8522243340678352
8	0.3126558425862298	0.26318354670949823	1.1879764008626992
8	0.3956577999703306	0.35673964224192817	1.1090940089635721
8	0.41554570096658244	0.37265978532125255	1.1150806106120625
8	0.435424120903875	0.386053150248964	1.1278864597350697
8	0.45371962231647955	0.3558023392967825	1.2752013469423036
8	0.6117069487819721	0.4193548513252556	1.458685757059542
8	0.3688534973046076	0.3593855610555178	1.0263447875348204
8	0.28151639214904456	0.275662618116067	1.0212352841781138
8	0.361715417324081	0.35255080846385073	1.0259951435089958
8	0.25940820849132473	0.3121069538165393	0.8311516463161164
8	0.3752923849662594	0.32114323602560807	1.1686136990172618
8	0.4411270003844766	0.3455688018711249	1.2765243795039949
8	0.49007861414684945	0.38831242697020685	1.2620729600921337
8	0.5237356108473571	0.4044439878252854	1.2949521481664457
8	0.5712174180701822	0.26811388029406674	2.13050296927437
8	0.5145576566646096	0.392476544695148	1.3110532683278866
8	0.16887281363695197	0.30528836142078186	0.5531583741058277
8	0.4139616998402762	0.3139419725103996	1.3185930397585284
8	0.43853667011641734	0.38026580597150295	1.1532371915377562
8	0.2872692444053153	0.3426610690521446	0.8383480656263288
8	0.4095456014658253	0.3712808144689701	1.1030615790142133
8	0.44414705726090525	0.3624402801328927	1.22543514506184
8	0.24068693567225047	0.34869390099615827	0.6902527832710852
8	0.3463222567249019	0.3224635784123055	1.0739887537999422
8	0.5289819439801101	0.3642514885625328	1.4522437398064256
8	0.2530809865670188	0.30704346017847706	0.8242513500203158
8	0.4542526309619737	0.4081847012585807	1.1128605005561183
8	0.41525712827098504	0.2969757730176275	1.3982862105264617
8	0.4740453607180455	0.3372772121843882	1.405506638435112
8	0.5746657683599113	0.28834002850415064	1.9930141900212757
8	0.3898989917406263	0.34289081143280037	1.1370937299585195
8	0.4112942409136635	0.3849878451587912	1.0683304579239952
8	0.4007947352978211	0.3775549341897707	1.0615534297225457
8	0.3639747948095827	0.3402763701918603	1.0696446379875288
8	0.4330503767788405	0.3330641259680972	1.3002012015557645
8	0.236959337439463	0.31974082484501526	0.7410981614697526
8	0.34229415535145963	0.34290190593637976	0.9982276255267216
8	0.5061470844299073	0.37407999216172133	1.3530450573017845
8	0.5997790566637158	0.35964984290801133	1.6676750136023915
8	0.432579240015816	0.31869545615699835	1.3573436070664129
8	0.3693804890605537	0.3862384381525324	0.9563535178616241
8	0.4588234146049412	0.3954604103494001	1.1602259103498076
8	0.4692874812442075	0.2942710066105378	1.5947458998748754
8	0.33639137136763736	0.3293786230008124	1.0212908424442824
8	0.3143696205781914	0.3279637364385986	0.9585499421124192
8	0.4061688803064418	0.32033961598068283	1.2679320947020636
8	0.26957045339356356	0.31186644242250533	0.8643778769514396
8	0.4111337750174819	0.31472290545946624	1.3063357254447836
8	0.4383381629012276	0.38690652952737264	1.132930383564944
8	0.4544327019832577	0.3194373887445805	1.4226033582644213
8	0.47814560431158676	0.3280771028846249	1.4574183937479372
8	0.4490560757620306	0.40002440584785753	1.1225716961200147
8	0.540511332272199	0.29522633536845166	1.8308371155223129
8	0.37938385729189916	0.32496824170336397	1.1674490261057775
8	0.42285312676503795	0.32182857381172675	1.3139079658365316
8	0.4053776073487616	0.36659208185511266	1.105800227046306
8	0.23394641961740806	0.34087949069586554	0.6863024206584968
8	0.3775626909197968	0.3489057436874284	1.0821337789670813
8	0.5109229951703651	0.36065476464156765	1.41665394516038
8	0.3174691964659279	0.3267360424606453	0.9716381274470705
8	0.4886015266274892	0.3714659532461529	1.315333269059294
8	0.5249122742907115	0.415479914928833	1.263387844826682
8	0.6665433547917258	0.40381364858628715	1.6506211643049464
8	0.5403084431040699	0.3620690300467928	1.4922801959456238
8	0.29088021871714426	0.3409510372345151	0.8531436685938844
8	0.2933386296819739	0.3040495220700283	0.9647725399627911
8	0.43765965200465906	0.3961846939806319	1.1046859170840526
8	0.3280795553009041	0.27105523526924274	1.2103789656562742
8	0.4408925794835759	0.34158983621420663	1.2907075467172209
8	0.46760298954878116	0.3412941192905816	1.3700880358581824
8	0.34932859503073355	0.36391170474405315	0.9599267912430126
9	0.2972277673624739	0.3938354753551376	0.75470034052786
9	0.28180770658901005	0.36652828364056883	0.7688566453588097
9	0.2883555697100786	0.29813707482225	0.967191248797208
9	0.43588640311972965	0.4231235424432695	1.0301634378526014
9	0.44868266362353276	0.4391927358545178	1.0216076610432794
9	0.5066478044347101	0.4598866275665475	1.101679792507983
9	0.5396161498998245	0.42195307806952426	1.2788534506457925
9	0.6521341399503666	0.4695214651594623	1.388933602277127
9	0.4658580368319275	0.4420296128494892	1.053906849880105
9	0.2952386610577156	0.30056604271174925	0.9822755038926911
9	0.3805287497385495	0.4013042002586108	0.9482301692664241
9	0.32721209675751955	0.3885547477815895	0.8421261061039685
9	0.46796830888174085	0.40649085438196325	1.1512394530825278
9	0.533107090076228	0.4120495081557248	1.29379377847662
9	0.5800632032980253	0.4659064743630305	1.2450206966775157
9	0.6397878550890838	0.5031853137564891	1.271475612658087
9	0.6409059025327858	0.3068881682999543	2.0884021240804587
9	0.6045133868637669	0.46887560651870164	1.2892830816090988
9	0.2088605120068015	0.3719233237801798	0.5615687391798145
9	0.47323602672532744	0.3945397496984966	1.199463494076249
9	0.4994293770710014	0.44910467775019225	1.1120556115623483
9	0.3820872926453452	0.4383028668852002	0.8717426271031467
9	0.5172933276234426	0.46944962104060767	1.101914464169301
9	0.5794102891623656	0.4561946124874616	1.2700945458409825
9	0.3222145249894283	0.429274457380237	0.7506026027167543
9	0.4531311721752573	0.4090699701369015	1.1077106736131475
9	0.571716826173983	0.40684301853227617	1.4052516575963485
9	0.3402963708224429	0.3875378647150076	0.8780983790388953
9	0.5556949951870845	0.49175789232176176	1.130017441232012
9	0.5061831177417521	0.3573392123834812	1.416533926868731
9	0.5142338350138078	0.39463183356110826	1.3030723608215435
9	0.6420124952313623	0.35474353234498013	1.809793376604875
9	0.4447423640792887	0.40792514172848243	1.090254849688358
9	0.48023557530231953	0.4534679435503432	1.0590287188602663
9	0.506078404045795	0.4644997392726145	1.0895127838786105
9	0.44592184714376415	0.4220918483734627	1.0564569035439342
9	0.5074732057891225	0.40232712490523836	1.2613447475326194
9	0.3726708491476314	0.41876546543674253	0.8899273696291127
9	0.43502878886572743	0.4282744224909715	1.015771117816167
9	0.5822920821975631	0.43047766405560467	1.3526650296131244
9	0.6521931797300375	0.42657102542762726	1.5289204865150638
9	0.4776494613218097	0.3894532408002394	1.2264616423279642
9	0.5227949308138673	0.48591543781768076	1.075896936227871
9	0.5432904457118338	0.482333630723622	1.126378944169332
9	0.6097343316450011	0.3666446747906046	1.663011557424714
9	0.36411051193806093	0.3765334498050874	0.9670070803179447
9	0.3691496471940898	0.3872877285005961	0.9531663929122444
9	0.48035546250679045	0.3720084558862075	1.291248773801327
9	0.35474711154177163	0.38592833297320384	0.9192046326549514
9	0.5765931121852776	0.43424992020204345	1.3277909456310462
9	0.5374222968381317	0.46716200298039945	1.1503981347144796
9	0.492486513200502	0.3626434631642808	1.3580460237812175
9	0.55148248936079	0.3950260774040136	1.396066034386789
9	0.5272513156822597	0.47711195511106136	1.105089298295883
9	0.6345169612477812	0.343583844864822	1.846760174354014
9	0.49701680603880405	0.4115636858403144	1.2076303695842718
9	0.5534485350795748	0.41618145430724096	1.3298250783443082
9	0.5322267281851175	0.45850946971554307	1.1607758690683276
9	0.2199881138629769	0.37407097504461834	0.5880919091269704
9	0.5195959167570287	0.45588352331988635	1.1397558590693708
9	0.6264759069978907	0.4746555875291659	1.3198536443214122
9	0.4407153217076316	0.42319716984151184	1.0413947755668602
9	0.5895097116722064	0.4525581365676128	1.302616534846309
9	0.592679181680686	0.4875745896865679	1.2155661804723734
9	0.7542211281601309	0.47743995241148685	1.5797193434497019
9	0.6185731651544388	0.43348491264091066	1.4269773805642256
9	0.40651672178003134	0.4377778246077287	0.9285913971185981
9	0.3473109168680224	0.3767900355679887	0.921762477992476
9	0.47068390733814686	0.45555915953259896	1.0332004032606124
9	0.4204855137936622	0.33731188662716427	1.2465778125940488
9	0.5332584152480209	0.4191629431618498	1.2721983752321249
9	0.5281923044972444	0.43188469011798075	1.2229938142816654
9	0.41502686946337486	0.4327391626941577	0.9590693545726039
