0	1.0	0.9999906023175544	1.000009397770763
0	1.0	0.9999906023175544	1.000009397770763
0	1.0	0.9999906023175544	1.000009397770763
0	1.0	0.9999904669042627	1.0000095331866181
0	1.0	0.9999906023175544	1.000009397770763
0	1.0	0.9999905350952194	1.0000094649943658
0	1.0	0.999991422337862	1.0000085777357148
0	1.0	0.9999906023175544	1.000009397770763
0	1.0	0.9999906023175544	1.000009397770763
0	1.0	0.9999918127839794	1.0000081872830517
0	0.9994715756181195	0.9997318694230428	0.9997396363836301
0	1.0	0.9999902563056824	1.000009743789258
0	1.0	0.9999905350952194	1.0000094649943658
0	1.0	0.9999905350952194	1.0000094649943658
0	1.0	0.9999906023175544	1.000009397770763
0	1.0	0.9999918127839794	1.0000081872830517
0	1.0	0.9999906023175544	1.000009397770763
0	1.0	0.999991422337862	1.0000085777357148
0	1.0	0.9999906023175544	1.000009397770763
0	1.0	0.9999904669042627	1.0000095331866181
0	1.0	0.9999904669042627	1.0000095331866181
0	1.0	0.9999905350952194	1.0000094649943658
0	1.0	0.9999906023175544	1.000009397770763
0	1.0	0.9999905350952194	1.0000094649943658
0	1.0	0.9999906023175544	1.000009397770763
0	1.0	0.9999905350952194	1.0000094649943658
0	1.0	0.9999906023175544	1.000009397770763
0	1.0	0.9999905350952194	1.0000094649943658
0	1.0	0.9999906023175544	1.000009397770763
0	1.0	0.9999918127839794	1.0000081872830517
0	1.0	0.9999906023175544	1.000009397770763
0	1.0	0.9999905350952194	1.0000094649943658
0	1.0	1.0	1.0
0	1.0	1.0	1.0
0	1.0	0.9999906023175544	1.000009397770763
0	1.0	0.9999905350952194	1.0000094649943658
0	1.0	0.9999906023175544	1.000009397770763
0	1.0	0.9999906023175544	1.000009397770763
0	1.0	0.9999906023175544	1.000009397770763
0	1.0	0.9999906023175544	1.000009397770763
0	1.0	0.9999906023175544	1.000009397770763
0	1.0	0.9999906023175544	1.000009397770763
0	1.0	0.9999906023175544	1.000009397770763
0	0.9983882828890931	0.9989397393442419	0.9994479582366893
0	1.0	0.9999903275315181	1.0000096725620395
0	1.0	0.9999905350952194	1.0000094649943658
0	1.0	0.9999906023175544	1.000009397770763
0	1.0	0.9999906023175544	1.000009397770763
0	1.0	0.9999906023175544	1.000009397770763
0	1.0	0.9999906023175544	1.000009397770763
0	1.0	0.9999906023175544	1.000009397770763
0	1.0	0.9999905350952194	1.0000094649943658
0	1.0	0.9999906023175544	1.000009397770763
0	1.0	0.9999905350952194	1.0000094649943658
0	1.0	0.9999905350952194	1.0000094649943658
0	1.0	0.9999906023175544	1.000009397770763
0	1.0	0.9999905350952194	1.0000094649943658
0	1.0	0.9999906023175544	1.000009397770763
0	1.0	0.9999906023175544	1.000009397770763
0	1.0	0.9999906023175544	1.000009397770763
0	1.0	0.9999906023175544	1.000009397770763
0	1.0	0.9999905350952194	1.0000094649943658
0	1.0	1.0	1.0
0	1.0	1.0	1.0
0	1.0	0.9999906023175544	1.000009397770763
0	1.0	0.9999906023175544	1.000009397770763
0	1.0	0.9999904669042627	1.0000095331866181
0	1.0	0.9999918127839794	1.0000081872830517
0	1.0	0.9999906023175544	1.000009397770763
0	1.0	0.9999906023175544	1.000009397770763
0	1.0	0.9999906023175544	1.000009397770763
0	1.0	0.9999906023175544	1.000009397770763
0	1.0	0.9999906023175544	1.000009397770763
0	1.0	0.9999906023175544	1.000009397770763
0	1.0	0.9999906023175544	1.000009397770763
0	1.0	0.9999906023175544	1.000009397770763
0	1.0	0.9999906023175544	1.000009397770763
0	1.0	0.9999906023175544	1.000009397770763
0	1.0	0.9999906023175544	1.000009397770763
0	1.0	0.9999906023175544	1.000009397770763
0	1.0	0.9999906023175544	1.000009397770763
0	1.0	0.9999904669042627	1.0000095331866181
0	1.0	0.9999906023175544	1.000009397770763
0	1.0	0.9999906023175544	1.000009397770763
0	1.0	0.9999906023175544	1.000009397770763
0	1.0	0.9999906023175544	1.000009397770763
0	1.0	0.9999906023175544	1.000009397770763
0	1.0	0.9999906023175544	1.000009397770763
0	1.0	0.9999906023175544	1.000009397770763
0	1.0	0.9999905350952194	1.0000094649943658
0	1.0	0.9999906023175544	1.000009397770763
0	1.0	0.9999906023175544	1.000009397770763
0	1.0	0.9999906023175544	1.000009397770763
0	1.0	0.9999906023175544	1.000009397770763
0	1.0	0.9999906023175544	1.000009397770763
0	1.0	0.9999905350952194	1.0000094649943658
0	1.0	0.9999906023175544	1.000009397770763
0	1.0	0.9999914845850473	1.0000085154874656
0	1.0	0.9999906023175544	1.000009397770763
0	1.0	0.9999906023175544	1.000009397770763
0	1.0	0.9999906023175544	1.000009397770763
0	1.0	0.9999906023175544	1.000009397770763
0	1.0	0.9999904669042627	1.0000095331866181
0	1.0	0.9999905350952194	1.0000094649943658
0	1.0	0.9999906023175544	1.000009397770763
0	1.0	0.9999906023175544	1.000009397770763
0	1.0	0.9999906023175544	1.000009397770763
0	1.0	0.9999906023175544	1.000009397770763
0	1.0	0.9999906023175544	1.000009397770763
0	1.0	0.9999906023175544	1.000009397770763
0	1.0	0.9999905350952194	1.0000094649943658
0	1.0	0.9999914845850473	1.0000085154874656
0	1.0	0.9999906023175544	1.000009397770763
0	1.0	0.9999906023175544	1.000009397770763
0	1.0	0.9999906023175544	1.000009397770763
0	1.0	0.9999906023175544	1.000009397770763
0	1.0	0.9999906023175544	1.000009397770763
0	1.0	0.9999906023175544	1.000009397770763
0	1.0	0.9999906023175544	1.000009397770763
0	1.0	0.9999906023175544	1.000009397770763
0	1.0	0.9999906023175544	1.000009397770763
0	1.0	0.9999906023175544	1.000009397770763
0	1.0	0.9999906023175544	1.000009397770763
0	1.0	0.9999906023175544	1.000009397770763
0	1.0	0.9999906023175544	1.000009397770763
0	1.0	0.9999906023175544	1.000009397770763
0	1.0	0.9999906023175544	1.000009397770763
0	1.0	0.9999918127839794	1.0000081872830517
0	1.0	0.9999906023175544	1.000009397770763
0	1.0	0.9999906023175544	1.000009397770763
0	1.0	0.9999906023175544	1.000009397770763
0	1.0	0.9999906023175544	1.000009397770763
0	1.0	0.9999905350952194	1.0000094649943658
0	1.0	0.9999906023175544	1.000009397770763
0	1.0	0.9999906023175544	1.000009397770763
0	1.0	0.9999905350952194	1.0000094649943658
0	1.0	0.9999906023175544	1.000009397770763
0	1.0	0.9999906023175544	1.000009397770763
0	1.0	0.9999906023175544	1.000009397770763
0	1.0	0.9999906023175544	1.000009397770763
0	1.0	0.9999906023175544	1.000009397770763
0	1.0	0.9999906023175544	1.000009397770763
0	1.0	0.9999906023175544	1.000009397770763
0	1.0	0.9999906023175544	1.000009397770763
0	1.0	0.9999905350952194	1.0000094649943658
0	1.0	0.9999908745262873	1.0000091255569876
1	0.920345857047875	0.8718064238587906	1.0556768473604945
1	0.9247209469523415	0.7616319798238885	1.2141309339008637
1	0.8513934450910806	0.855692472668449	0.9949759665829921
1	0.8176979644133937	0.8456071951803209	0.9669950410474266
1	0.9732696674989996	0.8873321142658604	1.0968493666029884
1	0.9569661174482818	0.875928938286819	1.0925157003260548
1	0.92963632157925	0.8748153299165325	1.0626657876102241
1	0.939329497514468	0.8872999297654797	1.0586380839258493
1	0.9114688962169822	0.8621602217032309	1.0571920082514827
1	0.8164884741271219	0.815511837769743	1.001197574715837
1	0.9168434263778661	0.8642645496752445	1.0608365537176998
1	0.9125107092266163	0.8741514921856939	1.0438816582524049
1	0.8975203977880757	0.8527678299651844	1.0524791933400188
1	0.9051619096845573	0.8442690290124801	1.0721249727036677
1	0.8200290243062393	0.6429082933278534	1.275499216321452
1	0.7030504340207087	0.7052252754575576	0.9969161039563735
1	0.865119730183934	0.8570490748485422	1.0094167948746902
1	0.8355830093471379	0.8176690392423475	1.0219085831125385
1	0.9315372934875871	0.8835884356452923	1.0542660540903042
1	0.9187704997782623	0.8718132742524451	1.053861562920204
1	0.9655094457107527	0.882752999205213	1.0937481340534096
1	0.9282429741594438	0.8761274888463285	1.059483906139893
1	0.8937084512505912	0.8713679261733527	1.0256384523760793
1	0.8694761096768335	0.8317353380627428	1.0453759385792067
1	0.888851781130812	0.8668697896724862	1.0253578931002207
1	0.9471113684338259	0.8917563156250938	1.0620741920621328
1	0.9681838349642492	0.8897598658455267	1.0881406007723189
1	0.970859563265989	0.9020282020238809	1.0763073272960548
1	0.7998336688454574	0.8085216051063412	0.9892545403783722
1	0.855840189731882	0.8154079123551559	1.0495853385331337
1	0.9374079311012669	0.8546051961378851	1.0968900438911233
1	0.9093567823012139	0.8783733567726955	1.0352736399500517
1	0.9336919944686504	0.809287384121481	1.153721178394763
1	0.9404781066779082	0.7618217669428897	1.2345119915015654
1	0.9701390526747193	0.8867045210731248	1.0940950785957635
1	0.9611665759300326	0.8851432499689413	1.085888160999656
1	0.9564068019908831	0.8481520951347622	1.1276359599617807
1	0.9550265496347052	0.8807547212255534	1.0843274825774467
1	0.8458211968696367	0.8207218819948612	1.0305819979038073
1	0.920164510963048	0.8482499687731256	1.0847798937074369
1	0.8667546650092917	0.8058444276573583	1.0755856034507842
1	0.9033786200468155	0.8598993329126202	1.0505632292874607
1	0.9425082761884503	0.8884342021320163	1.0608644668639164
1	0.8975799742243638	0.8730848026799553	1.0280558904120425
1	0.9186053190324286	0.8843511388989895	1.0387336869109314
1	0.8419191756540509	0.7346483004126912	1.1460166384120127
1	0.8015705974710287	0.8249377408550543	0.971674052202042
1	0.8379110596589537	0.8457785161309006	0.9906979707785233
1	0.9443768016356021	0.8841429377962533	1.0681268392975949
1	0.9584427481384221	0.8589164025952936	1.1158743100520618
1	0.9546713005637297	0.8766920565686059	1.0889471319043729
1	0.9097308269885819	0.875463311507166	1.039142149112362
1	0.8759137258237694	0.8529228353025076	1.0269554167970043
1	0.9408305609903092	0.8854061278684596	1.0625977518986447
1	0.949416377322683	0.8565349629952403	1.1084385557393281
1	0.8837349893282986	0.7930676999580764	1.114324778798853
1	0.8681575573882642	0.8527578608316236	1.018058697860167
1	0.8981258435569546	0.8559120121934551	1.0493202931634498
1	0.9597114792222119	0.8888630943512115	1.0797067459783705
1	0.9277717339464278	0.8798062885839761	1.054518188815916
1	0.9425464452951564	0.8908958134126573	1.0579760630871602
1	0.9147168208357043	0.8797855938504948	1.0397042497960536
1	0.9278789083954532	0.8215536635736413	1.1294197196556974
1	0.9769666109218826	0.8433984654384468	1.1583689690661216
1	0.8230876725092221	0.8211112808971801	1.0024069716955812
1	0.880176535985955	0.8659427718812116	1.0164373034419139
1	0.918563319751096	0.885259341853347	1.03762058904459
1	0.9570454131753264	0.888666518764195	1.076945505391855
1	0.9273839228048425	0.8695799207591121	1.066473478360988
1	0.8720984852179303	0.8527202367026125	1.0227252124216633
1	0.8213997666619524	0.820233216825355	1.001422217258053
1	0.9597921659004218	0.8837308417415141	1.0860684278134034
1	0.9633601881003686	0.8712663686365368	1.105701106778575
1	0.927575552309191	0.8740212421457538	1.0612734651985796
1	0.8569578291037502	0.7754677789923281	1.1050850239288
1	0.8984550898093661	0.8679337460622841	1.0351655225822867
1	0.8870020233020091	0.8519099333722359	1.0411922534942903
1	0.950936594563785	0.889739421680318	1.0687810064298298
1	0.8343340655690337	0.8386421289432285	0.9948630491773369
1	0.9640879108238052	0.88771397444533	1.0860343968632418
1	0.9155376500484145	0.8645923077166229	1.0589241216664738
1	0.8451929326126202	0.8295189600585902	1.018895255333191
1	0.963559144917783	0.8911115108608627	1.08130030099929
1	0.9622361337041646	0.8954597506089252	1.0745721770853804
1	0.9017682369107594	0.8635472977960876	1.0442603887618174
1	0.8865458540269161	0.857227087398226	1.0342018667628383
1	0.8221225118044846	0.7818164337136038	1.0515544012031421
1	0.8216407631583905	0.8340809819407417	0.9850851187693968
1	0.8800839322683405	0.8400544736126935	1.0476510273000492
1	0.9540325279917244	0.8678685798174783	1.0992822533019542
1	0.9000030585230689	0.8571539113148645	1.0499900270448213
1	0.951321170095674	0.8705348325916307	1.0928008098923945
1	0.888034719841535	0.8661594971847044	1.0252554208871831
1	0.8327035368070153	0.8542406266938442	0.9747880290238786
1	0.958840349195151	0.8888660371124881	1.0787231249266502
1	0.935653870822931	0.8853789470825278	1.0567835093730966
1	0.9501831410649672	0.8862340939076179	1.0721581888994844
1	0.9133544626505262	0.8626627713322813	1.0587618858757026
1	0.9369319677425085	0.8874615490020347	1.0557437319916612
1	0.9235069784453074	0.8708612356656271	1.0604525045134676
1	0.9368437530019484	0.8776791523275267	1.0674102837210186
1	0.8927024354958142	0.8721161757711545	1.0236049511482304
1	0.9300171056137012	0.874612217013222	1.0633479472647724
1	0.8993102905249089	0.8565032902039064	1.049978792621814
1	0.932455673658896	0.8607477347879228	1.0833088905992196
1	0.8805575608670784	0.8502491629824768	1.0356464895281834
1	0.9416614752250346	0.8770881342802633	1.0736224085368116
1	0.8646766238828867	0.844828376265608	1.0234938221476577
1	0.8965974423395553	0.8466201784257357	1.0590315057299375
1	0.9216378596462688	0.8785672136721517	1.0490237346714708
1	0.8783602678822333	0.8583195239379955	1.0233488151968049
1	0.9747479513792247	0.8770168094871355	1.1114358822258386
1	0.9124495994308622	0.8308181494768906	1.0982542930788999
1	0.9286539911522358	0.8205129732164086	1.1317968410809092
1	0.7303108160550777	0.7773939927430585	0.9394346018524707
1	0.8277794515751561	0.8326422653880201	0.994159780238158
1	0.9360221916902504	0.8823207496400295	1.0608638548647191
1	0.9510645383825551	0.8383805795641566	1.1344066901895304
1	0.8680470899760369	0.8277970190500615	1.0486231165366653
1	0.8628777760067374	0.8342170843019965	1.0343563950488042
1	0.9612518426025453	0.8517669373911142	1.128538571298357
1	0.929352908622187	0.8778400013333949	1.0586814307966674
1	0.845402286511519	0.8056158933337356	1.0493863061876083
1	0.8801001515907121	0.8388550015875008	1.0491683901570075
1	0.8026501262282896	0.8313025973901512	0.9655330426588162
1	0.8431704366329157	0.8211074630384316	1.0268697759886898
1	0.9177977070414715	0.8745999328946539	1.0493914674837057
1	0.8674262941663657	0.723784913291234	1.1984586556549761
1	0.9202059877473729	0.8451697272049524	1.0887824754331556
1	0.913288662430495	0.8521381678744094	1.0717612434948438
1	0.9436497323136261	0.8879197332699249	1.0627646812606197
1	0.913905890406826	0.8559552711063724	1.0677028593159419
1	0.8516399203410014	0.8137438965647289	1.0465699637640946
1	0.7322523910620893	0.7928049221322632	0.9236224077578672
1	0.9224498361004858	0.8759218268482525	1.0531189060782407
1	0.9076105701492615	0.807063399373944	1.1245839804571909
1	0.93358787087876	0.7820893047613511	1.1937100599574593
1	0.8697152553373844	0.8323381953908894	1.0449060972492576
1	0.9164893489717247	0.8607549298113898	1.0647506243996159
1	0.9374588529642672	0.8608114428142364	1.0890408820536224
1	0.9456564365485235	0.8693788489086669	1.0877380301299118
1	0.9477219498994348	0.8517431984041568	1.1126850812253104
1	0.8983463561550632	0.8689509755328976	1.0338285834872771
1	0.9536305686279576	0.8944597030989109	1.0661526341813339
1	0.802611668388882	0.8041064116689123	0.9981411125961203
1	0.9032017716138672	0.8776626088681531	1.029099066643217
2	0.9304126242841904	0.9018903566333433	1.0316249835038902
2	0.9303877775676306	0.8691308972914961	1.070480615137526
2	0.9014086969880741	0.9014214565181347	0.9999858451005706
2	0.90342247702322	0.9039870300145287	0.999375485518526
2	0.9552953192195052	0.9194352515221463	1.0390022762755633
2	0.9580002183613006	0.9155226119163472	1.04639711339957
2	0.9537956716627104	0.915703470349668	1.0415988390854265
2	0.9595349200199224	0.9236836774671275	1.0388133334250358
2	0.9420242758425651	0.9121571387742767	1.032743412070888
2	0.8352357551241522	0.8502894246037485	0.9822958288742547
2	0.9298256597653438	0.9107605073637333	1.0209332225623136
2	0.9391059354025544	0.9121620776102958	1.0295384542436217
2	0.9285223179780437	0.8983495721464234	1.033586865032427
2	0.9244504752775192	0.9000642440270223	1.0270938784784842
2	0.8891001251830086	0.8005625234191942	1.1105942373940654
2	0.8549229093691153	0.8188519842949723	1.044050604707516
2	0.9143702390110219	0.9055849239993075	1.009701260234011
2	0.9058019367762367	0.895727164392599	1.011247590543343
2	0.947916191646544	0.9197276371929545	1.0306488065745443
2	0.9088072564348	0.9013096573609771	1.0083185606773324
2	0.9744630794029275	0.9136692063748361	1.0665381656773825
2	0.9511707765451497	0.9113881168872814	1.0436506236154806
2	0.9279330529149163	0.9123993061601798	1.017025162831513
2	0.9058765421280466	0.8970868002324068	1.0097980952270869
2	0.9235857006845386	0.9117984037268722	1.0129275253274048
2	0.9497663982443904	0.9211481356746755	1.0310680350547028
2	0.9720184687106656	0.9266315694742162	1.048980523361839
2	0.9747040854020501	0.9320594260548615	1.0457531549546053
2	0.8821835536961679	0.8786443359085697	1.004028043706602
2	0.9027156997705745	0.8883038781190346	1.01622397695939
2	0.9383664911019081	0.90477624989043	1.037125467446284
2	0.9254410560284534	0.9138613120275658	1.0126712268573836
2	0.9432969291460408	0.8934365865816645	1.0558073659767444
2	0.9380772737972617	0.868624831041376	1.0799567779712451
2	0.9751742024798868	0.9250552284452469	1.0541794397712616
2	0.9715779823048354	0.9200895976930686	1.055960185552432
2	0.9564008150127652	0.8976078456687627	1.0654996161494097
2	0.9578902872173336	0.9199218958337383	1.0412734945820417
2	0.9091956046564803	0.8966815778214258	1.0139559316758338
2	0.9505015776499557	0.9087690645844643	1.0459220220976313
2	0.9027298228006175	0.8621013842488144	1.0471272164667782
2	0.8896970913799723	0.8946431068783888	0.9944715211458185
2	0.9477344769641072	0.9216401290380412	1.0283129467824952
2	0.9142423366782808	0.9085469362240502	1.0062686914975476
2	0.9540890551021303	0.9233419718918099	1.0332997785720968
2	0.9192879718329419	0.8611157059467891	1.0675545289493853
2	0.8697584014722961	0.884957093935675	0.9828255035554485
2	0.8939881576142824	0.8935147917529015	1.0005297795467407
2	0.948275985532611	0.9145872163243219	1.0368349443409919
2	0.9625867230631373	0.9010308380491794	1.068317178962745
2	0.9537009168782884	0.9071507710398765	1.0513146737284376
2	0.9438782787900291	0.9178543467514092	1.028353008438351
2	0.913832539645712	0.8973342808919061	1.0183858558679018
2	0.9558950309821054	0.9243568883268413	1.034119010799336
2	0.9513948074377625	0.9039975390372101	1.0524307493702163
2	0.8945736000641844	0.8721447443549124	1.0257168960249388
2	0.9085184176929928	0.9022615910288085	1.0069346038071396
2	0.9117444180412925	0.8964507241689358	1.0170602727623816
2	0.9675902507176011	0.9223399951497692	1.049060276910668
2	0.9564896862884211	0.9213326277866203	1.0381589205043797
2	0.9668198374836787	0.9276260452843507	1.0422517159781923
2	0.9530640650085722	0.9227908772468806	1.0328061194666454
2	0.9378223906820026	0.8965735866851368	1.0460071594896891
2	0.9738340380377692	0.9007741985679616	1.081107828783237
2	0.8810377409128003	0.8872178451695268	0.9930342877001694
2	0.934204441564877	0.9176977547779359	1.0179870624080751
2	0.944409516866083	0.9236635055288803	1.0224605727226646
2	0.9688128511707956	0.9208176743157961	1.0521223453825013
2	0.9371973129665043	0.9137473654617057	1.025663491235293
2	0.9210183327377003	0.9074752530418552	1.014923910762799
2	0.8967087500949706	0.8975367752942732	0.9990774470505333
2	0.9631274250809533	0.9224073367118912	1.0441454515249382
2	0.9633418591932802	0.9066960177704643	1.0624750085062755
2	0.941281144089994	0.907585503621039	1.0371266843008375
2	0.9178909705645409	0.8847295713904118	1.037481960868578
2	0.9280963845784914	0.9095367870857755	1.0204055490181791
2	0.9156681184844931	0.882324352244665	1.0377908261910718
2	0.9587266274888757	0.925941718031295	1.0354070983293493
2	0.8845521350449047	0.8943773035300567	0.9890145149632346
2	0.9676992371742685	0.9231185393218208	1.0482935787263026
2	0.9503158106733605	0.9107450639331744	1.0434487633337197
2	0.9190507244963317	0.9034512226440419	1.0172665678691943
2	0.9680225456279814	0.9206645796265899	1.0514388921322457
2	0.9639998906239556	0.9243732416732594	1.0428686672917595
2	0.9186777378653599	0.906462652646511	1.0134755526696944
2	0.93486464518409	0.9101543791018054	1.0271495327052869
2	0.905715012744829	0.8805599572012938	1.0285671127080163
2	0.9087084270366421	0.9041716553463219	1.0050175999916549
2	0.8838145954350111	0.8773324853924481	1.0073884304416967
2	0.9545325537184116	0.9051308902121483	1.0545795796392323
2	0.9211517395243671	0.9072202926016762	1.0153561897108132
2	0.9480182323803958	0.9144235741700002	1.0367386178127447
2	0.9342029922670936	0.9165582059019567	1.019251135663308
2	0.9098627695943083	0.9114526811054036	0.998255629124743
2	0.9503787773465844	0.9157191628467654	1.0378496114377143
2	0.9508046005517296	0.9185105828760434	1.035159113327325
2	0.949978543424324	0.9159868701550633	1.0371093455340756
2	0.9156088176932613	0.8981841923632857	1.0193998352210232
2	0.9379563909889317	0.9181985927840532	1.0215180009642262
2	0.927442203482214	0.9039836161012408	1.0259502351183607
2	0.9355656270579672	0.9049417358127573	1.0338407325392123
2	0.931358508987811	0.9112790440930566	1.0220343757764543
2	0.9581039555253392	0.9162402351873032	1.045690768349065
2	0.9384127241770649	0.906874342910691	1.0347770135001821
2	0.948110692817532	0.9034851359431851	1.0493926851688162
2	0.905626728849572	0.8849295679391758	1.0233884838525575
2	0.946480894935544	0.9103485007741026	1.0396907273760727
2	0.9200625500613381	0.8967751585907033	1.025967926572845
2	0.9332329815503251	0.8982092692694442	1.038992819913078
2	0.9245533348067692	0.9071079542632493	1.0192318681161703
2	0.8878461692776731	0.8887283264418364	0.9990073938931426
2	0.9680125925158789	0.9111798564696763	1.06237268706356
2	0.9224176056378424	0.8945947876652	1.031101028483809
2	0.9303253778048036	0.8920928402491501	1.0428571285752901
2	0.8427341111201901	0.8657436865856643	0.973422185085496
2	0.9001805079647726	0.8995957735550293	1.0006499968396168
2	0.9385593594020968	0.9151621390940009	1.0255662022155536
2	0.9639910801046778	0.9089790656749628	1.0605206615939673
2	0.9242828165727983	0.8972410511557669	1.0301387964607704
2	0.9152237082912738	0.9001263412950891	1.0167724977078916
2	0.9583387088465447	0.9109625111631587	1.052006747920827
2	0.9324468700003721	0.9147430606659718	1.0193538602211545
2	0.8505062463429344	0.8443022823436922	1.0073480365136769
2	0.8915500862763928	0.8948253038670252	0.996339824570809
2	0.8671828054761537	0.8875829066418336	0.9770161175783977
2	0.9086742041140023	0.895189223480293	1.015063832628908
2	0.9480730939141455	0.9145162423804652	1.0366935544483415
2	0.8757993230168907	0.8026790869062576	1.0910952300905936
2	0.91163373286551	0.8705345392896403	1.0472114450615673
2	0.9212249404055324	0.8965398209262043	1.0275337680526295
2	0.9542874782554117	0.9192581877400926	1.0381060413521421
2	0.8970471727124194	0.8911304705753064	1.006639546432851
2	0.9088752124769517	0.8908170021159346	1.0202715151575732
2	0.860406790402567	0.8790104366662216	0.9788356935394172
2	0.9400743530526292	0.9137120740731305	1.028851844828953
2	0.9265644931864638	0.8945284686236108	1.0358133091193242
2	0.9320477298664965	0.8757220436445717	1.064319137140261
2	0.892160174298214	0.8870331816379139	1.0057799333400732
2	0.955958367406971	0.9120614522210105	1.0481293393982003
2	0.9269989563939637	0.8912808294745225	1.040075053494082
2	0.955453855813305	0.9169131703776993	1.04203308086384
2	0.9582795631615296	0.9124357656848419	1.050243314872997
2	0.9380925079087923	0.9184719117138931	1.021362216900337
2	0.9627786491423477	0.9264174045941014	1.0392493106972418
2	0.8811146379846619	0.8806351519811131	1.000544477474548
2	0.9353867965178251	0.91312370361848	1.02438124518192
3	0.9336520858556592	0.903960419887193	1.0328462013548905
3	0.9303862915721812	0.8693682964736644	1.0701865887518769
3	0.9025638178365583	0.9022254110049612	1.0003750801379225
3	0.9036515888332314	0.9042438583425346	0.9993450112999508
3	0.9552947166617709	0.9199123041576831	1.0384628103615656
3	0.9579994585687922	0.9158084263456042	1.0460697139373842
3	0.9537950953622945	0.916100325141199	1.0411469892397271
3	0.959534338308276	0.9241411061064198	1.0382985152029158
3	0.9422950672113395	0.9124052148397247	1.0327594054543685
3	0.8358142349144337	0.850536139270029	0.9826910301915797
3	0.9298242981278808	0.9111762830273434	1.02046586972016
3	0.9391050695704612	0.9125196364996365	1.0291340942237743
3	0.931218897332261	0.899842222094561	1.0348690853432778
3	0.9251883806291751	0.901210950414514	1.0266057910233255
3	0.889133121979105	0.8005655189482873	1.1106312986689335
3	0.8541669345930917	0.8212829215610349	1.0400398110915947
3	0.916147033318776	0.9068512958336082	1.0102505642632653
3	0.9055660291422232	0.8971999677850342	1.0093246340365378
3	0.9486208156326088	0.920232750397912	1.030848788224959
3	0.9088052095087582	0.9016804489294682	1.0079016469612365
3	0.9744627947928073	0.9139955229600772	1.066157076608975
3	0.951170130005492	0.9118193004610795	1.0431563902239336
3	0.9289397350441705	0.9130497865771144	1.0174031566521964
3	0.9058740753636811	0.8972890144950856	1.0095677766359665
3	0.9235844776108355	0.9120901043421253	1.0126022343779302
3	0.9497653537779162	0.9216990468955811	1.0304506194043126
3	0.972028043620224	0.926856674664658	1.048736088534842
3	0.9748547126080276	0.932382086620684	1.045552812089388
3	0.882181129585074	0.8790091883972714	1.0036085415598284
3	0.9028268459701116	0.8886138620758733	1.0159945556791514
3	0.9383654678497801	0.9050863454422923	1.0367690028416296
3	0.9254397155652352	0.9141844924547059	1.0123117633294212
3	0.9432956935999603	0.8934619516178088	1.0557760091427695
3	0.9375270269042535	0.8688471531435612	1.079047129880328
3	0.9751939380465393	0.9254187837079123	1.053786626352224
3	0.9715776921509764	0.9205497112489155	1.0554320752899167
3	0.9564001484415527	0.8979120452058117	1.0651378980246722
3	0.9578896803627771	0.9203193935854704	1.0408230958069205
3	0.9091942168653929	0.8968815367696066	1.0137283237428816
3	0.9505006310564872	0.9089930807236319	1.045663219240142
3	0.9021631543049372	0.8631351669926288	1.0452165417477906
3	0.889572049614568	0.8949261907860838	0.9940172259716605
3	0.9477333110423484	0.9219755339860324	1.027937592817627
3	0.9168185995765359	0.9097594565039845	1.0077593511362644
3	0.9540879742303447	0.9236245261735336	1.0329825022977872
3	0.9199847245237424	0.8616431848559842	1.0677096281768994
3	0.8699590622010873	0.8851987016408923	0.98278393380881
3	0.8972415658441945	0.8947993350245068	1.0027293614602661
3	0.9482752601423599	0.915071821801985	1.036285062603053
3	0.9631930705022382	0.9014605931390515	1.0684805057847542
3	0.9537000976419577	0.907626967871951	1.0507621868905364
3	0.9442340249624446	0.9181969902275938	1.0283566979765386
3	0.9153060267308721	0.8978805314278493	1.019407365114947
3	0.9564742191304874	0.9248516875202097	1.0341920029308338
3	0.9513941812578498	0.9044174571834805	1.0519414167663939
3	0.8953583679439747	0.8727478359875286	1.0259072907707207
3	0.9085661582292535	0.9025372289704957	1.0066799784709544
3	0.9116750143225236	0.8967280507174727	1.01666833505776
3	0.9675897144369265	0.9226505878980431	1.0487065495089127
3	0.9564891084646497	0.9216796443332604	1.0377674220597226
3	0.9668193264050675	0.9279867182049362	1.0418460818870854
3	0.953063408126452	0.9230597387037561	1.0325045803263282
3	0.9378311479768879	0.8965685482611307	1.0460228052788432
3	0.9738337675140432	0.9008125168302132	1.0810615409083988
3	0.8810353921830693	0.8876644915773465	0.9925319763748828
3	0.934203267155312	0.9179554581589312	1.0176999971534215
3	0.9444469623605276	0.923929127049043	1.02220715281162
3	0.9688125353361918	0.9212307331420151	1.0516502549061633
3	0.9379065530657247	0.9144065456124952	1.0256997366936917
3	0.9217097948439406	0.9081898147682247	1.0148867338697982
3	0.8974335697049227	0.8984220496140086	0.9988997599630256
3	0.9631267163706406	0.9227471621464869	1.0437601499962603
3	0.9633415248485246	0.9070463617721821	1.062064262036566
3	0.9412805647848981	0.907935658135404	1.0367260679220083
3	0.9179016945108689	0.8848923302434527	1.0373032550280266
3	0.9280953600387534	0.9099668622401719	1.019922151619843
3	0.9161962488723778	0.8827450976426331	1.037894462760627
3	0.9588311123242921	0.9262004248754222	1.0352306979920236
3	0.8845220198399801	0.8946431570214662	0.9886869562438924
3	0.9676987951326858	0.9235384371725757	1.047816480811895
3	0.9503148318714775	0.9110195285176936	1.0431333271392333
3	0.919320490392818	0.9038291172769222	1.0171397145984504
3	0.9680221604910312	0.9211039738767303	1.050936906087629
3	0.9640041085868221	0.9247092489019598	1.042494286427353
3	0.9207714149495434	0.9082518305042757	1.0137842655800833
3	0.9348635231943613	0.9105383518997596	1.02671515290251
3	0.9057131397561191	0.8808077325696135	1.0282756454849098
3	0.9087205856059424	0.9044422117081599	1.0047304005080682
3	0.8866320411073076	0.8778256733411675	1.0100320234798117
3	0.9545318420133307	0.9056994893619362	1.0539167275955923
3	0.9242460123319993	0.9088579551144206	1.016931201549137
3	0.9480942165948569	0.9146948899761531	1.0365141720859232
3	0.9342021034925715	0.9168491826606785	1.0189266906270615
3	0.9145088355657014	0.9135326201998266	1.0010686157716637
3	0.9503778466389579	0.9160697972052594	1.037451348727319
3	0.9509626205054588	0.9189891953791215	1.0347919489011477
3	0.9499776397512288	0.9163091592078195	1.036743581797782
3	0.9173215031627064	0.8989014909024332	1.0204916917445324
3	0.9398932261203858	0.9192109430503906	1.0225000400902118
3	0.9276584700295555	0.9041934421318525	1.0259513360795656
3	0.935564337996681	0.9053175358714314	1.033410158233746
3	0.9314023340049017	0.9116738925873891	1.0216398007861365
3	0.9581034354865142	0.9165866324449327	1.0452950125738123
3	0.9384121426448642	0.9072750653150929	1.0343193354696212
3	0.9482858335975003	0.9039806404559452	1.049011219000452
3	0.9068803566930065	0.8856307317379511	1.0239937755020712
3	0.9464801571630546	0.9106091981062204	1.0393922652345642
3	0.9200585363744631	0.8970536483549961	1.0256449411488968
3	0.9332318299576492	0.8986115079151507	1.0385264619221497
3	0.924552484125676	0.907519438792367	1.0187687939290588
3	0.8878446180279237	0.8892419582936519	0.9984286163594782
3	0.9680121694052781	0.9115411478899001	1.061951149046975
3	0.9226975538590703	0.8949522688829944	1.0310019717707462
3	0.9303006712460823	0.8924257923912635	1.0424403677905059
3	0.8431579094694237	0.8662928828664114	0.9732942820441534
3	0.9007765860842352	0.9000029961701038	1.0008595414875543
3	0.9386610063656292	0.9155445153636526	1.025248899003884
3	0.9639950117725335	0.9093258524912836	1.0601205377934353
3	0.92428136561785	0.8975009735026883	1.0298388446428592
3	0.9152222069631716	0.9004339977159566	1.0164234239097223
3	0.9583381614272091	0.9112954560687484	1.0516217929598803
3	0.9324478332444859	0.9150389112591188	1.0190253351755412
3	0.8491407724255321	0.8442066624384844	1.0058446707501638
3	0.8932765985663732	0.8959378156648781	0.9970296854848906
3	0.86794930781838	0.8883082256962842	0.977081245800751
3	0.9098538501538208	0.895747285176652	1.0157483759209907
3	0.9480721688439544	0.9148594088375364	1.0363036764836029
3	0.8789160983334103	0.8028992512726744	1.0946779399037199
3	0.9155017993211889	0.871481240985256	1.050512341821799
3	0.9244253855223532	0.8977874108561597	1.029670693021626
3	0.9546988393262087	0.9196699791767455	1.0380885110339468
3	0.8971917686367629	0.8918027285551088	1.0060428611722072
3	0.9095334355178324	0.8912186683645317	1.0205502508008613
3	0.8615735562918474	0.8798858432443937	0.9791878831860465
3	0.9400730615467146	0.9140967387082765	1.0284174767707253
3	0.9265635451613765	0.8947947104664736	1.0355040483848426
3	0.9321530361963758	0.8760513109345655	1.0640393143204836
3	0.8935414618209812	0.8897884652127385	1.0042178526188754
3	0.9554581909746277	0.9123704386397911	1.0472261600223196
3	0.9269976888486362	0.8917623137242566	1.0395120701807037
3	0.9554530341908052	0.9173514323375047	1.0415343569652622
3	0.958278831015047	0.9127158927238298	1.0499201763160309
3	0.9386364994097882	0.9189750810772087	1.021394941753516
3	0.9627780052755279	0.9267488740027685	1.0388769086032381
3	0.8811929993479168	0.880867661309614	1.0003693381566752
3	0.9355390456046994	0.913338514172706	1.0243070133225494
4	0.9336520858556592	0.903960419887193	1.0328462013548905
4	0.9303862915721812	0.8693682964736644	1.0701865887518769
4	0.9025638178365583	0.9022254110049612	1.0003750801379225
4	0.9036515888332314	0.9042438583425346	0.9993450112999508
4	0.9552947166617709	0.9199123041576831	1.0384628103615656
4	0.9579994585687922	0.9158084263456042	1.0460697139373842
4	0.9537950953622945	0.916100325141199	1.0411469892397271
4	0.959534338308276	0.9241411061064198	1.0382985152029158
4	0.9422950672113395	0.9124052148397247	1.0327594054543685
4	0.8358142349144337	0.850536139270029	0.9826910301915797
4	0.9298242981278808	0.9111762830273434	1.02046586972016
4	0.9391050695704612	0.9125196364996365	1.0291340942237743
4	0.931218897332261	0.899842222094561	1.0348690853432778
4	0.9251883806291751	0.901210950414514	1.0266057910233255
4	0.889133121979105	0.8005655189482873	1.1106312986689335
4	0.8541669345930917	0.8212829215610349	1.0400398110915947
4	0.916147033318776	0.9068512958336082	1.0102505642632653
4	0.9055660291422232	0.8971999677850342	1.0093246340365378
4	0.9486208156326088	0.920232750397912	1.030848788224959
4	0.9088052095087582	0.9016804489294682	1.0079016469612365
4	0.9744627947928073	0.9139955229600772	1.066157076608975
4	0.951170130005492	0.9118193004610795	1.0431563902239336
4	0.9289397350441705	0.9130497865771144	1.0174031566521964
4	0.9058740753636811	0.8972890144950856	1.0095677766359665
4	0.9235844776108355	0.9120901043421253	1.0126022343779302
4	0.9497653537779162	0.9216990468955811	1.0304506194043126
4	0.972028043620224	0.926856674664658	1.048736088534842
4	0.9748547126080276	0.932382086620684	1.045552812089388
4	0.882181129585074	0.8790091883972714	1.0036085415598284
4	0.9028268459701116	0.8886138620758733	1.0159945556791514
4	0.9383654678497801	0.9050863454422923	1.0367690028416296
4	0.9254397155652352	0.9141844924547059	1.0123117633294212
4	0.9432956935999603	0.8934619516178088	1.0557760091427695
4	0.9375270269042535	0.8688471531435612	1.079047129880328
4	0.9751939380465393	0.9254187837079123	1.053786626352224
4	0.9715776921509764	0.9205497112489155	1.0554320752899167
4	0.9564001484415527	0.8979120452058117	1.0651378980246722
4	0.9578896803627771	0.9203193935854704	1.0408230958069205
4	0.9091942168653929	0.8968815367696066	1.0137283237428816
4	0.9505006310564872	0.9089930807236319	1.045663219240142
4	0.9021631543049372	0.8631351669926288	1.0452165417477906
4	0.889572049614568	0.8949261907860838	0.9940172259716605
4	0.9477333110423484	0.9219755339860324	1.027937592817627
4	0.9168185995765359	0.9097594565039845	1.0077593511362644
4	0.9540879742303447	0.9236245261735336	1.0329825022977872
4	0.9199847245237424	0.8616431848559842	1.0677096281768994
4	0.8699590622010873	0.8851987016408923	0.98278393380881
4	0.8972415658441945	0.8947993350245068	1.0027293614602661
4	0.9482752601423599	0.915071821801985	1.036285062603053
4	0.9631930705022382	0.9014605931390515	1.0684805057847542
4	0.9537000976419577	0.907626967871951	1.0507621868905364
4	0.9442340249624446	0.9181969902275938	1.0283566979765386
4	0.9153060267308721	0.8978805314278493	1.019407365114947
4	0.9564742191304874	0.9248516875202097	1.0341920029308338
4	0.9513941812578498	0.9044174571834805	1.0519414167663939
4	0.8953583679439747	0.8727478359875286	1.0259072907707207
4	0.9085661582292535	0.9025372289704957	1.0066799784709544
4	0.9116750143225236	0.8967280507174727	1.01666833505776
4	0.9675897144369265	0.9226505878980431	1.0487065495089127
4	0.9564891084646497	0.9216796443332604	1.0377674220597226
4	0.9668193264050675	0.9279867182049362	1.0418460818870854
4	0.953063408126452	0.9230597387037561	1.0325045803263282
4	0.9378311479768879	0.8965685482611307	1.0460228052788432
4	0.9738337675140432	0.9008125168302132	1.0810615409083988
4	0.8810353921830693	0.8876644915773465	0.9925319763748828
4	0.934203267155312	0.9179554581589312	1.0176999971534215
4	0.9444469623605276	0.923929127049043	1.02220715281162
4	0.9688125353361918	0.9212307331420151	1.0516502549061633
4	0.9379065530657247	0.9144065456124952	1.0256997366936917
4	0.9217097948439406	0.9081898147682247	1.0148867338697982
4	0.8974335697049227	0.8984220496140086	0.9988997599630256
4	0.9631267163706406	0.9227471621464869	1.0437601499962603
4	0.9633415248485246	0.9070463617721821	1.062064262036566
4	0.9412805647848981	0.907935658135404	1.0367260679220083
4	0.9179016945108689	0.8848923302434527	1.0373032550280266
4	0.9280953600387534	0.9099668622401719	1.019922151619843
4	0.9161962488723778	0.8827450976426331	1.037894462760627
4	0.9588311123242921	0.9262004248754222	1.0352306979920236
4	0.8845220198399801	0.8946431570214662	0.9886869562438924
4	0.9676987951326858	0.9235384371725757	1.047816480811895
4	0.9503148318714775	0.9110195285176936	1.0431333271392333
4	0.919320490392818	0.9038291172769222	1.0171397145984504
4	0.9680221604910312	0.9211039738767303	1.050936906087629
4	0.9640041085868221	0.9247092489019598	1.042494286427353
4	0.9207714149495434	0.9082518305042757	1.0137842655800833
4	0.9348635231943613	0.9105383518997596	1.02671515290251
4	0.9057131397561191	0.8808077325696135	1.0282756454849098
4	0.9087205856059424	0.9044422117081599	1.0047304005080682
4	0.8866320411073076	0.8778256733411675	1.0100320234798117
4	0.9545318420133307	0.9056994893619362	1.0539167275955923
4	0.9242460123319993	0.9088579551144206	1.016931201549137
4	0.9480942165948569	0.9146948899761531	1.0365141720859232
4	0.9342021034925715	0.9168491826606785	1.0189266906270615
4	0.9145088355657014	0.9135326201998266	1.0010686157716637
4	0.9503778466389579	0.9160697972052594	1.037451348727319
4	0.9509626205054588	0.9189891953791215	1.0347919489011477
4	0.9499776397512288	0.9163091592078195	1.036743581797782
4	0.9173215031627064	0.8989014909024332	1.0204916917445324
4	0.9398932261203858	0.9192109430503906	1.0225000400902118
4	0.9276584700295555	0.9041934421318525	1.0259513360795656
4	0.935564337996681	0.9053175358714314	1.033410158233746
4	0.9314023340049017	0.9116738925873891	1.0216398007861365
4	0.9581034354865142	0.9165866324449327	1.0452950125738123
4	0.9384121426448642	0.9072750653150929	1.0343193354696212
4	0.9482858335975003	0.9039806404559452	1.049011219000452
4	0.9068803566930065	0.8856307317379511	1.0239937755020712
4	0.9464801571630546	0.9106091981062204	1.0393922652345642
4	0.9200585363744631	0.8970536483549961	1.0256449411488968
4	0.9332318299576492	0.8986115079151507	1.0385264619221497
4	0.924552484125676	0.907519438792367	1.0187687939290588
4	0.8878446180279237	0.8892419582936519	0.9984286163594782
4	0.9680121694052781	0.9115411478899001	1.061951149046975
4	0.9226975538590703	0.8949522688829944	1.0310019717707462
4	0.9303006712460823	0.8924257923912635	1.0424403677905059
4	0.8431579094694237	0.8662928828664114	0.9732942820441534
4	0.9007765860842352	0.9000029961701038	1.0008595414875543
4	0.9386610063656292	0.9155445153636526	1.025248899003884
4	0.9639950117725335	0.9093258524912836	1.0601205377934353
4	0.92428136561785	0.8975009735026883	1.0298388446428592
4	0.9152222069631716	0.9004339977159566	1.0164234239097223
4	0.9583381614272091	0.9112954560687484	1.0516217929598803
4	0.9324478332444859	0.9150389112591188	1.0190253351755412
4	0.8491407724255321	0.8442066624384844	1.0058446707501638
4	0.8932765985663732	0.8959378156648781	0.9970296854848906
4	0.86794930781838	0.8883082256962842	0.977081245800751
4	0.9098538501538208	0.895747285176652	1.0157483759209907
4	0.9480721688439544	0.9148594088375364	1.0363036764836029
4	0.8789160983334103	0.8028992512726744	1.0946779399037199
4	0.9155017993211889	0.871481240985256	1.050512341821799
4	0.9244253855223532	0.8977874108561597	1.029670693021626
4	0.9546988393262087	0.9196699791767455	1.0380885110339468
4	0.8971917686367629	0.8918027285551088	1.0060428611722072
4	0.9095334355178324	0.8912186683645317	1.0205502508008613
4	0.8615735562918474	0.8798858432443937	0.9791878831860465
4	0.9400730615467146	0.9140967387082765	1.0284174767707253
4	0.9265635451613765	0.8947947104664736	1.0355040483848426
4	0.9321530361963758	0.8760513109345655	1.0640393143204836
4	0.8935414618209812	0.8897884652127385	1.0042178526188754
4	0.9554581909746277	0.9123704386397911	1.0472261600223196
4	0.9269976888486362	0.8917623137242566	1.0395120701807037
4	0.9554530341908052	0.9173514323375047	1.0415343569652622
4	0.958278831015047	0.9127158927238298	1.0499201763160309
4	0.9386364994097882	0.9189750810772087	1.021394941753516
4	0.9627780052755279	0.9267488740027685	1.0388769086032381
4	0.8811929993479168	0.880867661309614	1.0003693381566752
4	0.9355390456046994	0.913338514172706	1.0243070133225494
5	0.8891353463713486	0.8321529805958776	1.0684758296901944
5	0.8632085770966972	0.7894299294338422	1.0934581334099749
5	0.8478888719692985	0.8217875499139108	1.031761642115559
5	0.8763891068277786	0.8390306175913782	1.0445257758812738
5	0.8907460425311168	0.8394041930897675	1.0611646330385422
5	0.9037364785730487	0.8399980186540298	1.075879297931143
5	0.8978318661950706	0.8438534952943428	1.0639665193090178
5	0.889927095537353	0.8377065909071988	1.0623374642111885
5	0.8559273450244487	0.8222258804731172	1.0409880853323898
5	0.7744990343894372	0.7648399790080386	1.0126288578611253
5	0.8281998582079112	0.7983518416991163	1.037387045347412
5	0.8295005755511937	0.8181480194862458	1.0138759195091331
5	0.8646609025619266	0.8251823287102782	1.0478422434389156
5	0.8666062194782814	0.8201314600704518	1.056667451098434
5	0.8507532464587063	0.7244132294483862	1.174403243721161
5	0.8466542007757208	0.7832726492014914	1.0809188877447002
5	0.8413546288570153	0.8261345872903689	1.0184231985935444
5	0.8425522457143158	0.8114041905429661	1.0383878411454917
5	0.8797487857608101	0.840672399338956	1.0464822997074497
5	0.8380194194256848	0.8155710103929632	1.0275247755825767
5	0.9053012355324673	0.8208099819149968	1.1029364353249551
5	0.8788018637473506	0.8295393250108647	1.059385417003396
5	0.8298592917912331	0.8082906907416717	1.0266842131136886
5	0.8326065842159828	0.8154088779406744	1.021090898984006
5	0.8343074852611385	0.8203548205428953	1.0170080852441503
5	0.8798515217290592	0.84083732287434	1.0463992234804136
5	0.8996918666670336	0.8485627968458186	1.060253725488869
5	0.9034398958725767	0.8525616371316391	1.0596769271863
5	0.8043112921892444	0.8029212582884979	1.0017312206974187
5	0.8333261846615916	0.8070237464441324	1.0325919012090432
5	0.8680072263786641	0.8219834865226305	1.0559910759895375
5	0.8482532324207332	0.82491824861896	1.0282876319451528
5	0.8967559575421863	0.8197066933430814	1.0939961388931303
5	0.8962085817786474	0.8113891355738089	1.1045360881555983
5	0.8833631834355822	0.8370746433193674	1.0552979838603884
5	0.8994774244436137	0.8166741141031454	1.1013908839652657
5	0.896537657736826	0.7999213999053267	1.120782189153752
5	0.87089515686643	0.8331026668912311	1.0453635445871559
5	0.8194901654617059	0.7962576126220803	1.0291771814439812
5	0.8807399181214566	0.8031109798656582	1.096660287559241
5	0.8771541189605971	0.8090855864752556	1.084130200343673
5	0.8230348278885511	0.811222522446268	1.0145611162356079
5	0.8687737139858858	0.8279161350260779	1.0493499005892921
5	0.8477693856006674	0.8273642206645272	1.024662856365424
5	0.9029949498713401	0.8468624838297225	1.0662828583311101
5	0.8453168891485341	0.7889872119004788	1.0713949179383666
5	0.7960617796818408	0.7821655038885305	1.0177664135329736
5	0.8230046703801985	0.8129901250623034	1.0123181635411964
5	0.8775713685452935	0.835992046913461	1.0497365038164492
5	0.8996845272460285	0.8236513531647685	1.0923123282552902
5	0.8748044462570675	0.8315143645295758	1.0520617364824272
5	0.8751442978732605	0.839987167788065	1.0418543656777217
5	0.8734802480949435	0.8253037617056661	1.0583742479129266
5	0.8681028052161317	0.8355281305466807	1.0389869275234787
5	0.8869166076336876	0.8109542633037969	1.0936703187432828
5	0.8492361144609089	0.796797065547987	1.0658123017519618
5	0.8525997137350025	0.8269863657165302	1.0309719108806348
5	0.8400389657346038	0.8159310820299254	1.0295464705728592
5	0.8935325604554283	0.8266646488349765	1.080888800210205
5	0.8769618320617335	0.8316410143021	1.054495650142587
5	0.9160857252149743	0.8513037391598607	1.0760973822563566
5	0.8773540274393294	0.8308376770046196	1.0559872905648826
5	0.890168688533618	0.8150123219731092	1.092215006490403
5	0.9130191598121457	0.8080490362893654	1.1299056354362014
5	0.8170137435103774	0.8107036136765043	1.0077835225197245
5	0.8183657064361615	0.8183686701596317	0.9999963784983733
5	0.8596278918108666	0.8347931058712815	1.029749629896218
5	0.9018751264346043	0.8409177614035568	1.0724890920716255
5	0.8827622987149206	0.8359167196625629	1.0560409643095403
5	0.8552139345560315	0.8277590170262829	1.0331677661795582
5	0.8354597350646842	0.8168898757851114	1.0227323900442826
5	0.9137245104939252	0.8492967893986639	1.07586007847843
5	0.9070531264383966	0.8343491516145335	1.0871385494707761
5	0.8808494423802378	0.8355581881456089	1.054204787742127
5	0.8527907605203394	0.8085732013634694	1.0546859073270143
5	0.8555614085578952	0.8184786298691896	1.0453069601763851
5	0.8623746626001096	0.8008892316418003	1.0767714541900706
5	0.9125269629194788	0.8509147394500498	1.0724070469260518
5	0.8295436674537104	0.8211229457929653	1.0102551289108272
5	0.8851944127096554	0.8304468824922248	1.0659253847195256
5	0.8988663861544033	0.8297926803851083	1.0832421246922035
5	0.857079455878598	0.8216653134910865	1.0431004471115424
5	0.8843254572622516	0.8304681529038068	1.0648517395521164
5	0.9050899257482165	0.851706822364222	1.062677792383781
5	0.8574208329895405	0.8280244700344694	1.0355018046191888
5	0.8562472823932996	0.8301630393897264	1.0314206267515216
5	0.8438977934368967	0.8033568663860987	1.0504644059783437
5	0.835801615286395	0.8180363008095148	1.0217170246103993
5	0.8132679407312615	0.7783401767466152	1.0448746769447788
5	0.8760949276758445	0.8155972086331276	1.074175976085188
5	0.8279808897345717	0.8143675511418178	1.0167164550867318
5	0.8808847036091383	0.8374591650130804	1.0518539176717705
5	0.8295565796209899	0.8208465957189803	1.0106109764570328
5	0.8603607214863093	0.8344292134041061	1.0310769417772587
5	0.8728774603009566	0.8370921185816736	1.042749586246154
5	0.8897925855222051	0.8311176461930904	1.0705976339184633
5	0.8598833773250488	0.8288435114490621	1.0374496095429642
5	0.8340805715128617	0.8198934602383582	1.0173036034101053
5	0.8926992336275561	0.8468744910498954	1.0541104296586503
5	0.8667090643038533	0.8255785483305694	1.0498202334065672
5	0.8656320170479883	0.8119351523134312	1.0661344253682818
5	0.8319486766870601	0.8080960491210114	1.0295170698978096
5	0.9133519832747465	0.825160914570486	1.1068774188731005
5	0.8673077762207166	0.8133560701198707	1.066332210556804
5	0.9061552727410669	0.8367682164182513	1.0829226719674223
5	0.8599789486667889	0.8144270971348025	1.0559311590837783
5	0.8624967222320089	0.8202126941283312	1.0515525160807397
5	0.8638388632769741	0.8246544914856624	1.0475161078923112
5	0.8414875979122062	0.8007479751377083	1.050876960091584
5	0.8667611985991815	0.8230154717291108	1.053152982383385
5	0.800258892860672	0.7907409300812077	1.0120367650356568
5	0.9155168526494363	0.8349859873165993	1.0964457686189915
5	0.838169534707742	0.786297928944098	1.0659694040314989
5	0.8885568035103836	0.8201543788106379	1.0834018892869177
5	0.7964843072020031	0.7985474977867912	0.9974163207692638
5	0.8437481356682482	0.8247569855123084	1.0230263586602342
5	0.8728052862202278	0.8364295050238529	1.0434893568171504
5	0.9285417755013754	0.8331849055751018	1.1144486287356035
5	0.8731735694648318	0.8191311487677568	1.0659752968476082
5	0.8490382317701071	0.8176828685201002	1.0383466065600175
5	0.8701253240902969	0.817656220033553	1.064170127703047
5	0.850571921857459	0.8246231595435165	1.0314674188004942
5	0.8022212829966957	0.7750610818525075	1.0350426589337596
5	0.8540403131773951	0.8201934133189114	1.041266973507532
5	0.7753349049604953	0.7893563993214037	0.982236801560154
5	0.8193223586221171	0.7962187545874226	1.0290166539052024
5	0.862154941917306	0.8165569670844526	1.0558417558981374
5	0.8411662244952265	0.7653663868197473	1.0990373224913141
5	0.8747792209408726	0.8020702393232346	1.0906516387878795
5	0.8633165587439546	0.8239108865567994	1.0478275901315435
5	0.8779308621870688	0.8335098901971076	1.0532938751086163
5	0.8348525640776459	0.8118123821409576	1.0283811659486215
5	0.8227960669841705	0.8058997607682696	1.02096576651145
5	0.8225820736399964	0.8147834834213774	1.0095713651261948
5	0.8845075408475322	0.8418144294549919	1.050715585167839
5	0.8443522086184002	0.7975036613787096	1.0587439901638818
5	0.8596871793277895	0.7985191921529156	1.0766017746047616
5	0.8706012743500743	0.8291935122450748	1.0499373927720277
5	0.9045915889242714	0.8014895413299751	1.1286380448872868
5	0.8561245334757229	0.8067311435033855	1.061226581333946
5	0.8734501021352429	0.8293082865144633	1.0532272694468123
5	0.8944338487712086	0.8286370318327446	1.0794036645851288
5	0.8688836107599593	0.8338340943629245	1.0420341607928778
5	0.8942329447513501	0.8525251518188722	1.048922653887095
5	0.7963107276748419	0.7949849418636715	1.0016676866961307
5	0.8980095004976831	0.8440137038388275	1.0639750236438894
6	0.7654077739393446	0.6493343566666965	1.178757547757832
6	0.7613525179635392	0.6189922269869469	1.2299872030212011
6	0.676762147353093	0.6260438874595854	1.0810139047907912
6	0.74827248563076	0.6882817936254225	1.0871600739129614
6	0.8304648282223717	0.7038275416248785	1.1799265858581411
6	0.8094510469035153	0.6856077774326946	1.180632824695426
6	0.7944545141850792	0.6990249658236546	1.1365180830830282
6	0.7641895084196207	0.6794086122496873	1.1247863136282645
6	0.7609048394942997	0.6619607066284832	1.1494713083043275
6	0.5454475544348931	0.5040777223882669	1.0820703439354955
6	0.7506665693621521	0.6561782899874029	1.1439978749930346
6	0.7128472585433077	0.6624915000715021	1.0760096672430826
6	0.798448620709749	0.6983427167695107	1.143347816962024
6	0.8170063700463922	0.6976399362606011	1.1711003450083486
6	0.7220120964448572	0.5587974125830752	1.2920820322114808
6	0.7358291504830925	0.6482945511935223	1.135022882929399
6	0.6788344318493241	0.6517172528111107	1.0416088095278229
6	0.692789377149397	0.6381057003884997	1.0856968943038812
6	0.7425519091191422	0.681872063391344	1.088990074510462
6	0.6961062760146053	0.6179898689943083	1.1264040252753988
6	0.8684958718849092	0.7029400895144806	1.2355190503998394
6	0.7708015061307167	0.6885387463077064	1.11947440904981
6	0.7136131163206146	0.6540404382721332	1.0910840898551513
6	0.6586954427504279	0.6139456384437137	1.0728888707804003
6	0.7271355301215958	0.6713770367003387	1.0830509391493297
6	0.7911202495938248	0.699899758235435	1.1303336517623208
6	0.7774950933399005	0.7049142875258423	1.1029640157653882
6	0.8263564945050559	0.716637201797915	1.1531029821391838
6	0.741024600799642	0.6691557401368303	1.107402292698133
6	0.6573369650719684	0.6235712380507904	1.0541489487660234
6	0.7472278026176294	0.6715354091421393	1.1127154167077866
6	0.6805842748914774	0.6528878058934777	1.04242148306032
6	0.7934769849420886	0.6337374941827602	1.2520593971882972
6	0.78055111079941	0.6442788489429667	1.211511307689237
6	0.7581898952365058	0.6809166224578662	1.1134841920875873
6	0.7997623888075378	0.6907264579358853	1.1578568905518507
6	0.7556996656679452	0.5640109086086685	1.3398671091879135
6	0.7766162749023664	0.6938788355428431	1.1192390301035702
6	0.6482676932990327	0.6148361208963264	1.054374769579199
6	0.7880283774446136	0.612988588513657	1.2855514641069976
6	0.7355552194018756	0.6367088134355686	1.155245857887453
6	0.707920518443418	0.6475393423661189	1.0932471158534791
6	0.7266990818652573	0.6341379894495774	1.1459636450672535
6	0.7734915141726149	0.6916337390128827	1.1183542249927854
6	0.7721316368929569	0.6980798758514255	1.1060792089891045
6	0.688734131481078	0.5923059821176789	1.1628012417140179
6	0.6070832031875557	0.5850573359025344	1.0376473653664102
6	0.6891401457293245	0.659882472282133	1.0443377035701629
6	0.7777726431060966	0.6945612817802888	1.1198042037594174
6	0.7956984293732756	0.6585982477277029	1.208169672662501
6	0.7608478143882393	0.6878337518109356	1.106150741200285
6	0.6920325817074906	0.6401290105728236	1.081082985269205
6	0.8012310982417649	0.6993540045760407	1.1456731397820246
6	0.7895609267287507	0.6883399427380161	1.1470508649957272
6	0.816467616474494	0.6552053596648403	1.2461247522336276
6	0.7681016281771882	0.6395716574729616	1.2009625805059385
6	0.727792814882882	0.6729163342488538	1.08155022822456
6	0.7586865316871039	0.6801865237654053	1.1154095313255177
6	0.7805649248675698	0.6474441321986825	1.2056096982712885
6	0.7385165021536917	0.6800999327335442	1.0858940967474473
6	0.7959147326659292	0.6975368729505459	1.1410360706800342
6	0.7587865594130964	0.6847091130349681	1.1081881998762666
6	0.7946314781011591	0.6520105446101787	1.218740225399652
6	0.8338139878497671	0.6534372711096881	1.2760428961050194
6	0.692938955879287	0.6500478936366588	1.0659813879292437
6	0.68255143712203	0.6522858307795614	1.04639930060461
6	0.717126285644077	0.6710884418909429	1.0686017533298773
6	0.8089938176577117	0.7010641415677658	1.1539512145758681
6	0.777415127473794	0.6992301247801712	1.1118158384812198
6	0.7199606194922451	0.6644748068503322	1.0835032601234655
6	0.7454705290660957	0.676456655792508	1.1020226095532077
6	0.8078860738898934	0.676106696746506	1.1949091434495813
6	0.8419078199917809	0.6958580945977596	1.2098843521802318
6	0.7593830863921596	0.691559504280681	1.098073385864351
6	0.7143803428342878	0.5976625561349307	1.1952904452542052
6	0.7868222792708511	0.6739583783671401	1.167464200351892
6	0.6833828528828695	0.6176377837676106	1.1064459960888595
6	0.8322474595633725	0.7082366114451621	1.1750980479040265
6	0.7728056799234032	0.6882614145392993	1.1228374329842319
6	0.8280568788762697	0.7102106213409601	1.1659314208970883
6	0.8084621149947886	0.6677234262278151	1.2107739271063944
6	0.7046989151359379	0.6718656817928491	1.048868745990232
6	0.8240938647755185	0.7097470842169538	1.1611091938260243
6	0.8229361827193001	0.719325783280758	1.1440382116792582
6	0.7637123418470164	0.6888401684433096	1.1086931001322242
6	0.724530511805235	0.6905179256044227	1.0492566303344557
6	0.645351057880923	0.6121002973286884	1.0543224054903202
6	0.7373182425225749	0.6798896492713548	1.0844675210348724
6	0.7074890971351501	0.5855286709232709	1.2082911260682931
6	0.8142517089891104	0.6706668684811041	1.2140926401108656
6	0.7411736513836527	0.6642333082187463	1.115833310695055
6	0.8383402019229621	0.7003391242923669	1.1970489336434453
6	0.6950468274189433	0.658799628437665	1.0550200659147881
6	0.7359114289774886	0.6800539815861142	1.0821367845845062
6	0.7734916892884314	0.6865056414960639	1.1267084238416507
6	0.7833094221893759	0.6707119524718486	1.16787753565828
6	0.7390538965891134	0.674428510110084	1.0958224415342122
6	0.7195222883206325	0.6446227483973034	1.1161912763853719
6	0.7994004427494978	0.6901937016054981	1.1582262209724137
6	0.7237632699388307	0.6593954901505589	1.0976163482306722
6	0.7262500511633441	0.617546681467401	1.1760245386432076
6	0.7476032798202145	0.677431333365663	1.103585327395351
6	0.8047833097462747	0.6816316371749694	1.1806718847172482
6	0.745925704571253	0.6823352304209855	1.093195355179057
6	0.8011389903653676	0.679701228570462	1.1786634431282577
6	0.7619137640041089	0.6793451621936119	1.1215414584596177
6	0.8209697518511003	0.6988239762000391	1.17478761435068
6	0.7528818444933648	0.6749958266880256	1.1153874064488656
6	0.6819979183289814	0.6496017660149097	1.049870788549131
6	0.7438556474071621	0.6572348494869142	1.1317958078270962
6	0.669331677275723	0.6263225718579385	1.0686692566263438
6	0.8456160213213689	0.6986016795783109	1.2104408650030711
6	0.7473211109285675	0.6556177528773732	1.1398732075950153
6	0.775797997515018	0.6587124517404475	1.1777491004841454
6	0.6856568643464025	0.6488586561942133	1.0567122096636943
6	0.6764118771793021	0.6226006151399444	1.0864298247236108
6	0.8044229652130312	0.6929051473836724	1.160942400630789
6	0.8146300028049724	0.6522067304785112	1.2490364860345653
6	0.750337174628408	0.6542742367913268	1.146823659614339
6	0.739937405344732	0.6725217766123927	1.1002430420497658
6	0.7638022249566084	0.6752895647114702	1.1310736384368043
6	0.7544376318557842	0.6884362265983643	1.0958714877390163
6	0.6234969521556177	0.5372155784827723	1.1606084728900175
6	0.7130965857522504	0.6364401763074847	1.1204455851444088
6	0.5577637603384888	0.568499724925698	0.9811152686333976
6	0.6734915361125606	0.6009291614480659	1.1207502969062784
6	0.7343296815879505	0.6632176485127461	1.1072227695307444
6	0.7125649035783355	0.5842575974410138	1.2196074243609223
6	0.8157679730399681	0.6854393872050161	1.1901387464271447
6	0.8193088383745092	0.6998080345162433	1.1707622633125
6	0.7743891889362201	0.6836820117007028	1.1326745119560444
6	0.6799845231061503	0.6450820414012522	1.0541054927355946
6	0.6885269998573851	0.6009865009881619	1.145661339689471
6	0.7336048065498684	0.6742982590873068	1.0879529891458355
6	0.7466658298572121	0.6764453576026059	1.1038080481525883
6	0.7833977724376358	0.6402961734531794	1.2234928224116906
6	0.804871447020753	0.6516634335985503	1.2351029772779683
6	0.7518696444743156	0.675477965031979	1.1130927778505995
6	0.789142875290031	0.5974099235100804	1.3209403530718475
6	0.7639382613240773	0.6201190602398535	1.2319219167825555
6	0.7970248484360296	0.69237144086279	1.1511521148862336
6	0.7783887906602132	0.6417232132881023	1.2129665477922404
6	0.6898074159740976	0.659374112887545	1.0461548345495069
6	0.7582701507624527	0.6894722305291051	1.0997834534692597
6	0.6151197813482778	0.6051265652653003	1.016514257771176
6	0.7295082603920815	0.6768222185380584	1.0778432510206675
7	0.6572931645251344	0.3510466157861126	1.8723814301790995
7	0.501928576447224	0.26545759495775584	1.8908051077879293
7	0.4684023932777766	0.27641164934850065	1.6945826790650687
7	0.48983294574478686	0.37696552474792555	1.2994104595435751
7	0.5633554502035645	0.3878772771305566	1.4524064270306385
7	0.5122636824682681	0.3340093606049997	1.533680617634164
7	0.5731111086921785	0.38865530745795407	1.47459998022587
7	0.48075461455104335	0.35960550237928945	1.3368944895731139
7	0.6068836010914946	0.33139821035947986	1.831282071297807
7	0.4801962898770353	0.3032998804871517	1.5832392980365095
7	0.6005540749738303	0.35677991656549035	1.6832619973540266
7	0.4940523178578996	0.3764453549331543	1.3124144351459162
7	0.6414066732181954	0.38782829266220975	1.6538418814556346
7	0.5723156221218492	0.3859920253087253	1.4827135914637044
7	0.6295262661116023	0.34076991849027244	1.8473645470252171
7	0.5740387901658064	0.39036531253434226	1.4705169023318523
7	0.5068029762506496	0.37731450767674707	1.3431844414655743
7	0.5758312896124961	0.3684819560528688	1.5627123123767757
7	0.4892029185612795	0.3234784231311493	1.51232009178844
7	0.48684906334635814	0.3019380435777811	1.6124137838925316
7	0.7784952142129791	0.39631522163555327	1.9643333682723747
7	0.5847360441261713	0.3865108488498447	1.512858037144864
7	0.41192063671535434	0.29778586925030714	1.3832779834462527
7	0.4244835778378011	0.2995921814086873	1.4168713477163268
7	0.48508941813190615	0.34126002900994923	1.4214656768893483
7	0.48896129760679957	0.358360417428322	1.3644400269307084
7	0.5285984334089023	0.3915827791254634	1.3499021448017738
7	0.6660676524671804	0.391957305647981	1.6993372565566602
7	0.5732279653242719	0.35175145560792853	1.6296392131016706
7	0.4688992282472119	0.31391216338473954	1.4937274911278793
7	0.49470573064782936	0.36941903879956767	1.3391451947235382
7	0.4986795227870163	0.35598402807485197	1.400848025356239
7	0.6230788869776864	0.2740358957683701	2.273712665381422
7	0.5961528200433731	0.32683449716512036	1.8240204911484303
7	0.5935268315048402	0.4083993089652137	1.4533002835109967
7	0.6421133055917334	0.4060486441076698	1.5813703971425346
7	0.6104290138195398	0.2204894808737888	2.7685176245163268
7	0.5329349052888511	0.36456290252980855	1.461846231722043
7	0.38551754854260223	0.28480774429136047	1.3536062704398055
7	0.6586579716227027	0.2930586877155774	2.2475292466400134
7	0.5675507623943297	0.3556945108301872	1.595612935014578
7	0.4437144747899023	0.31782535493114544	1.39609527026574
7	0.6320761294346419	0.32597975408255386	1.9390042526216815
7	0.574143956532726	0.3762677499388983	1.5258920187179492
7	0.5094327965710125	0.36855061202702566	1.3822600748622715
7	0.49642125829985434	0.3421143183666726	1.451039116602533
7	0.5610982642743514	0.3227324457941036	1.7385864718179593
7	0.5415507567914467	0.3957391589042365	1.3684538024767334
7	0.523316639280943	0.38675754496466314	1.3530870854213246
7	0.6388852161776241	0.3261743123290113	1.9587232716633491
7	0.5549519814571712	0.36843823581410157	1.5062279848098519
7	0.6122965611231524	0.32511540895935387	1.883320643223349
7	0.6395937980141746	0.40504212011756036	1.5790797209646676
7	0.5157512086669366	0.3497983670429144	1.4744242891324377
7	0.6078387156000284	0.33173279397106126	1.8323142198990834
7	0.6027346349169772	0.3564594996853927	1.6908923326463294
7	0.4960278323086865	0.39320797617120845	1.2614897519085646
7	0.5472867588817615	0.3856464785693268	1.4191410768538288
7	0.5690790166520024	0.31030067921085025	1.8339599452352844
7	0.5460648913066924	0.37523594031174656	1.455257433104678
7	0.5701732310081876	0.3431560830956823	1.6615565309655491
7	0.5488014266552697	0.3756502674557323	1.4609371380786838
7	0.5848929383237549	0.32770660376194666	1.7848066886947267
7	0.5689391955391272	0.3147045266604008	1.8078519606204213
7	0.5106858213568811	0.355808134260689	1.4352842787532178
7	0.39220796779868294	0.31270029142762334	1.2542615998471565
7	0.4647418792796779	0.33982996884227173	1.367571791454869
7	0.5613380327273978	0.3805249935025782	1.4751673144003208
7	0.5635110366994388	0.38551269813992806	1.461718484030073
7	0.45693505102620796	0.34764884884477154	1.3143580154071897
7	0.5715090809552313	0.39929473202031446	1.4312963210497736
7	0.5108404186644455	0.3049847155681794	1.6749705561892232
7	0.5720204373559902	0.361920492593611	1.5805140882096824
7	0.5084381303290919	0.37050485702015296	1.3722846561804622
7	0.45999226251357256	0.29881546411520377	1.5393857338528822
7	0.624093374843628	0.3715559137589908	1.679675525897955
7	0.4637623916021689	0.29463097407684125	1.574044932157124
7	0.6191437628492242	0.3657420370142666	1.6928427694656087
7	0.5877604666083975	0.41337663442226846	1.42185217466354
7	0.5842094674605658	0.40093490870878074	1.4571179879098695
7	0.6179776769238222	0.35211835907103733	1.7550282767254113
7	0.5530274348467769	0.3645715016996886	1.5169244778280189
7	0.6423490985489906	0.3611544814446939	1.7785992741373693
7	0.5613344945240731	0.38814667324711666	1.4461916930219187
7	0.52594004210394	0.3873726278710379	1.3577109074393177
7	0.5027232426346743	0.3952118497745245	1.2720348413679574
7	0.4522654738410445	0.3341715291365351	1.3533931960321457
7	0.5168804220181781	0.3656757417308242	1.4134938773123662
7	0.5578346271889216	0.312290437260335	1.786268680151398
7	0.6340247389533152	0.3619068979222283	1.7519001229138316
7	0.5298536473268924	0.36208838305476293	1.4633268343402124
7	0.5632947281082317	0.38109782664325254	1.4780843361658278
7	0.32215585635972166	0.29243067574634773	1.1016486404427603
7	0.48946944466197406	0.34540468554931814	1.4170897649623395
7	0.5795856199304417	0.368090164825656	1.5745751321689332
7	0.6340928686360151	0.3394605271970301	1.8679428617866196
7	0.4883855226698278	0.37174736501437644	1.3137565148604098
7	0.627872462881294	0.35378295666106535	1.774739147433873
7	0.6042048436584677	0.363992503035803	1.6599376048111545
7	0.5615014007218914	0.33377318994121685	1.6822843105546654
7	0.6101328790227971	0.306739479599808	1.9890914590414497
7	0.5685455089922906	0.3614318498517453	1.5730365467943699
7	0.6362169167124792	0.34902713165824867	1.8228293992211286
7	0.5274277804095576	0.36971204748866965	1.426590731874166
7	0.5623133447018185	0.3318220844211945	1.6946230257177597
7	0.6104083318361709	0.3632948912279372	1.68020070354689
7	0.6973711774079312	0.4042378940082743	1.7251504318238329
7	0.5304331317030055	0.3800733997464877	1.3956070907798577
7	0.4763264713674971	0.3273522933342017	1.4550882369447895
7	0.4645421447464299	0.3150537093370444	1.4744855590621306
7	0.49633622434927493	0.33911684225645256	1.4636141957642061
7	0.6261895699543905	0.40355033551036285	1.5517012745447474
7	0.4561854710040628	0.3137587352280415	1.4539371172327835
7	0.575070406079184	0.33211603335699685	1.7315346093545312
7	0.4822129510021065	0.3540632914886716	1.361939976817775
7	0.42340500105798873	0.3020353967747696	1.4018390082064636
7	0.6124991809813227	0.41927230164028256	1.4608624957696834
7	0.6644918962588928	0.3054517568815545	2.1754397586148566
7	0.602336341873244	0.3640278505063954	1.6546435692635608
7	0.5020560986280358	0.29960013239964084	1.675753927766414
7	0.5561579703488766	0.3346935805314587	1.6616929714210693
7	0.48064448928747644	0.3600439690383888	1.3349605343235977
7	0.6031113118670011	0.3178719275413967	1.897340594156297
7	0.49392561563926113	0.303299265774662	1.6285091042924784
7	0.41807053529386684	0.305589234712383	1.3680800493098193
7	0.4947615316409385	0.2888866750371603	1.7126491956657257
7	0.6297587737700887	0.3678252225050005	1.7121141652039027
7	0.6406286003039838	0.36250876422290196	1.767208585086979
7	0.5907183021624878	0.4042756988669583	1.4611768746379317
7	0.6485073516093713	0.4162446130146931	1.557995782606031
7	0.6450547625543257	0.3774256832271058	1.7090907991181439
7	0.40596322453766176	0.3440877785955768	1.1798245964870788
7	0.4605053737550692	0.3040012336377764	1.514814161260183
7	0.5567812289079015	0.37481621878027016	1.485477951620619
7	0.48254877811050384	0.31912674039545746	1.51209133246727
7	0.5112494777822298	0.32314652365450136	1.5820980278557555
7	0.7201265692401633	0.41008678566412227	1.7560345624742373
7	0.5706027656458608	0.39162383778872395	1.457017450387414
7	0.6621447585728222	0.26604901773341577	2.4888073792337733
7	0.5935564465557237	0.3045005437811104	1.9492787736444914
7	0.5441094903205339	0.33000648054001624	1.6487842585096015
7	0.5087367189572056	0.3068262182597705	1.6580614324375962
7	0.47735748333608025	0.3456308310660067	1.381119507955345
7	0.43495655895485363	0.33643981183142757	1.2928213120413574
7	0.3820166786755294	0.325155798935989	1.1748727223245192
7	0.6401864572178599	0.3789903086348372	1.6891895191829012
8	0.6738929380801773	0.3050730108786541	2.208956263090166
8	0.5942058112904605	0.3431563979299825	1.731588904869266
8	0.7086656846513151	0.25983799799967333	2.7273366101450875
8	0.5604190386535404	0.38496964556396024	1.4557486417729273
8	0.6163158167060029	0.3610615200831796	1.7069551376286762
8	0.6973843675415694	0.1661133676506782	4.198243509264754
8	0.6323961033454715	0.32305171516586606	1.9575692486906537
8	0.6254096971048012	0.393160368064318	1.5907241622138502
8	0.6837599358227722	0.41102950005574357	1.6635300768680619
8	0.5401179522124505	0.3351959030482129	1.6113501009430973
8	0.6376240643728129	0.4090657313728794	1.5587325348248096
8	0.4797908558194832	0.3644812193284205	1.3163664693163835
8	0.7451980305409276	0.33060910891278733	2.2540154232033163
8	0.6173311706719826	0.38506870173244545	1.6031715065248757
8	0.7198652843908162	0.42033866020337923	1.7125840484016202
8	0.6936989960735381	0.42130252898750137	1.6465578731290214
8	0.5283278167992567	0.34566030411645815	1.5284596191909126
8	0.6814950967835742	0.37618466069429524	1.8115972499404704
8	0.5550483364377043	0.2663327395776216	2.08404095312487
8	0.6468744982738457	0.28842896028688336	2.242751551822111
8	0.8421312636628094	0.29954479553794877	2.811370039497553
8	0.6522760823209154	0.40712938819704203	1.6021346069108318
8	0.5436865323347828	0.2992391023138295	1.8168966827222568
8	0.5561074900520809	0.32439506089683035	1.7142908665583652
8	0.6153720022278175	0.32884484212473214	1.871314137852296
8	0.46961796299056635	0.3152363986712203	1.489732673543071
8	0.5278536002752231	0.36729762006142624	1.4371277444894572
8	0.7052273604658208	0.3267531140669758	2.158288108376735
8	0.7121055611002169	0.4169806078162708	1.7077666149260917
8	0.565464728430138	0.36036609290667343	1.569139659808617
8	0.6590610629066035	0.42193788787059583	1.5619859743639115
8	0.5842106441673783	0.3910533426044918	1.493941057443522
8	0.7336516122540733	0.27852068334420615	2.6341010062344257
8	0.6954312713385071	0.2979820701231957	2.333802403114364
8	0.6305358559035315	0.3975448586868942	1.58607473377021
8	0.707147376524081	0.39379822917230767	1.795709894405509
8	0.760129360715909	0.24625596295832877	3.0867449932350977
8	0.6198583908352442	0.3638670205190359	1.7035300147593782
8	0.44980163718356564	0.3243797427261144	1.3866514394622647
8	0.6931899909574224	0.30683348163802554	2.2591732403414353
8	0.636784728725468	0.3977593377051863	1.600929678733134
8	0.5952635323279235	0.3670636954322097	1.6216900220192394
8	0.764566176497843	0.3567168246402225	2.1433420676722195
8	0.6986422531650145	0.3284485649770456	2.1270979010483444
8	0.5179963985517392	0.34022706780152523	1.5225020216613612
8	0.673067359938661	0.40099949595167644	1.678474329104321
8	0.5775417599148532	0.3412901463467908	1.6922309832174385
8	0.5020272574126958	0.38730892669583084	1.2961933557678051
8	0.5707105510618247	0.38589012165826264	1.4789457387749243
8	0.7875239240215619	0.3094864813339093	2.5446149396486604
8	0.68124834219474	0.34104686233086384	1.9975212131810567
8	0.6356847549638027	0.30663649244435104	2.0730890504794304
8	0.7169437422356882	0.38613931140247365	1.8566971066264129
8	0.5822748518016594	0.34870261203154657	1.669832205756411
8	0.8113490348341866	0.24720341505469615	3.2821109475962045
8	0.7123852203851981	0.3676231761431415	1.9378136815504161
8	0.6345801511734919	0.4168273407368829	1.5224052962832464
8	0.6014898467802062	0.39736100908234573	1.5137112928348704
8	0.7561359186939332	0.2696716096300236	2.8039136924028263
8	0.6067146257061878	0.32859423484039757	1.8463946149294947
8	0.7475528622676479	0.2638054262684522	2.833728148968882
8	0.6610093898538206	0.4141027084013882	1.5962450291754835
8	0.630716299933763	0.30244420361118446	2.085397215099542
8	0.6749778918880853	0.2436383437355225	2.770409129938907
8	0.6210248830768856	0.3472299192684171	1.788512016433752
8	0.5200140417777439	0.339474814857053	1.531819207256105
8	0.6119652743569122	0.4120085250401047	1.4853218736125515
8	0.6496864984669353	0.3633651912891793	1.7879712037411173
8	0.6569918431181222	0.3752038546942322	1.751026368461832
8	0.5474647178215564	0.3825904160207074	1.4309420594370696
8	0.6426851960662188	0.4319971487523616	1.4877070321467147
8	0.7386231052053347	0.24770826071508462	2.981826698363132
8	0.7055807987051772	0.3235552231869952	2.1807121262183875
8	0.568074667134806	0.3468536155756695	1.6377937020837396
8	0.6098193349763245	0.3238285154110753	1.8831551452539805
8	0.6100115193681231	0.3162796493292071	1.9287093578796097
8	0.5420492835348153	0.3354268458563303	1.6159985112431499
8	0.7425298647257994	0.3535519312679676	2.1002002791013292
8	0.5377952521293403	0.3941664082339211	1.3643863122150723
8	0.6877314308739256	0.3592957731158448	1.9141094394455511
8	0.7948132620403585	0.38650420027465887	2.0564155873999446
8	0.706902425998195	0.3370704372636967	2.097194971284805
8	0.789941874735877	0.26312211496504617	3.0021873107884334
8	0.5928275799958346	0.3755299485341452	1.578642615082753
8	0.5208307656476633	0.37191855942172536	1.400389285378694
8	0.6034910112745436	0.4029555057507201	1.4976616590713134
8	0.6927990724801013	0.3976666522327507	1.74216034608457
8	0.6066463983747854	0.39553617392790524	1.5337317756564015
8	0.6053437977063499	0.2847171001713091	2.126123781613839
8	0.7428686285883815	0.3088870703870607	2.4049845390339795
8	0.5175218376341909	0.3352016316572898	1.5439120480275745
8	0.663143400665561	0.32551597104316515	2.0372069565140465
8	0.4027580666611229	0.3279562688291846	1.2280846714684959
8	0.7179639869920489	0.3300723635706386	2.1751714661151804
8	0.7065198982951258	0.36892547948274895	1.9150748256414827
8	0.7735008245630498	0.2693955690266128	2.87124553443059
8	0.5743118039632394	0.28561188932650927	2.0108119634567827
8	0.5931816240347597	0.3388532398993936	1.7505561528963893
8	0.6467285275717227	0.30904781838947487	2.0926487394151043
8	0.6279291402865942	0.3234100446789684	1.941588242597429
8	0.7394864328179267	0.3643609476198237	2.0295436095679253
8	0.6560156435880231	0.4126540382967295	1.5897473009007566
8	0.8243966649832005	0.2662625946492863	3.096179041104414
8	0.6898786582396536	0.37682080156611253	1.8307870886438193
8	0.617536398381932	0.31902462123697883	1.9357013762370765
8	0.6270285329021382	0.34173986824189767	1.8348123563338574
8	0.7274770554707721	0.43121279310721194	1.6870488703007944
8	0.5784468881260683	0.36943354089138336	1.5657671112654512
8	0.6348017547864888	0.2872833528922341	2.2096712127438027
8	0.6275915041924767	0.3119134727539909	2.012069240393037
8	0.6273658780344951	0.29187547998144286	2.1494298804215495
8	0.5999312470624265	0.3612497873134221	1.6607103121750026
8	0.609780464936172	0.3358851860899484	1.8154431638818267
8	0.719679579248211	0.3078100915116428	2.338063627848892
8	0.5679016523086549	0.4055016319755188	1.4004916565735068
8	0.5747223864232106	0.326598211100329	1.7597230079336208
8	0.6571576785060665	0.4204880077028724	1.5628452333185943
8	0.8275828309997401	0.2584017866412473	3.202697789968134
8	0.680403442716969	0.3500650273085097	1.9436487213483753
8	0.6564058951924474	0.35026002259777184	1.8740531400760068
8	0.738153337322351	0.36181017062886606	2.0401674614048546
8	0.5728437206069309	0.36440387755840137	1.5720022642051161
8	0.654337605234487	0.35012855594505693	1.8688495814582098
8	0.6245056763416329	0.3012309921098106	2.073178699069503
8	0.6176790228894022	0.38239030357188736	1.6153103703720926
8	0.7091551787058276	0.36937794093537957	1.919863370590097
8	0.7048934773553188	0.40600253890129573	1.7361799738072259
8	0.7907671150785862	0.4268589885859988	1.852525391811613
8	0.6994487208398403	0.4268127821921199	1.6387717285491223
8	0.7802697127254554	0.38725785986321365	2.0148582988117028
8	0.7236468822989643	0.3860086076339103	1.8746910508930137
8	0.4622070766319716	0.3423663991921538	1.3500363286893613
8	0.6235024071813836	0.3011566251549084	2.0703592586105906
8	0.5862326276294876	0.3817633303567342	1.5355917685485652
8	0.672803088369325	0.2603078677678142	2.584643691866596
8	0.6164963704963367	0.35288875337051434	1.7469992018959255
8	0.8396493835341865	0.4344099819123863	1.9328501150867448
8	0.7070677375269236	0.3648118522310694	1.9381709590922822
8	0.725301143953456	0.29575498367142206	2.452371672489723
8	0.7912543183706745	0.24846702347728328	3.1845446019238723
8	0.6438877171941165	0.36130424029390595	1.7821205659538917
8	0.6513682563216368	0.3243985197280766	2.0079261054200828
8	0.5816451508300051	0.38049456109718294	1.5286556242822242
8	0.5509987962815319	0.30486185591712733	1.8073720460171758
8	0.5169947622110607	0.373642448751463	1.383661743837226
8	0.7919914162429151	0.35323567902105407	2.2421048135279382
9	0.7519911229593127	0.3946903144225918	1.905268752438049
9	0.643300988570695	0.39307787545076467	1.6365738922166129
9	0.7759954402800778	0.26080478849320715	2.975388008645743
9	0.6997266326083142	0.47815025415381174	1.4634032430802089
9	0.6883119414713665	0.42332507847346235	1.6259654257986889
9	0.7623135714438025	0.17244251713530634	4.420682231434004
9	0.7156660954814402	0.37368575201305293	1.9151548905092903
9	0.728074136956329	0.47492724600665165	1.5330224641315524
9	0.7321226065822731	0.4701343652539229	1.557262477902139
9	0.6338348516962004	0.4091156266292897	1.5492804733917793
9	0.6884298645335492	0.45463244082555665	1.5142559190968534
9	0.6127055786402653	0.467201116781831	1.3114386002771061
9	0.8196165906021763	0.4080768236775992	2.0084860081387856
9	0.6830993322085174	0.43955003449502345	1.5540877684000076
9	0.7728312003693532	0.46411198164002926	1.6651826088143749
9	0.7517137873077105	0.47702438750547355	1.575839321839882
9	0.5918170973740141	0.42113559521825383	1.40528871008233
9	0.7561936364229389	0.4654327911511561	1.6247107010931552
9	0.6255385098588035	0.26874770456526687	2.3276050333925293
9	0.7107167831958957	0.33672275890229203	2.1106882870430708
9	0.8974841674067278	0.32886347293666346	2.7290478914925775
9	0.7295703568423362	0.4758255172563277	1.5332728707975445
9	0.5868133733338494	0.3527006165043305	1.6637718956939915
9	0.6779032483942894	0.424081144837367	1.598522491855331
9	0.7013050668609686	0.4060987839535554	1.7269322011591526
9	0.5794765870869361	0.4082228506584332	1.4195104123943165
9	0.6267561287785846	0.4465816636327951	1.4034524473757597
9	0.7764906994982377	0.38120127114739466	2.036957267117824
9	0.7637385725495418	0.4587610171854944	1.6647852453442735
9	0.7156565537155852	0.4742478342226823	1.5090349434881127
9	0.7519190451801316	0.5003048049764802	1.5029218942150275
9	0.7345595440665832	0.510513955961544	1.438862807742549
9	0.7997364206840682	0.3102228627101068	2.5779415923686964
9	0.7385033466963516	0.3318425391817569	2.2254631624906245
9	0.7484583596882922	0.4832065347765661	1.5489408892915286
9	0.77869802720975	0.46097501297528487	1.6892412935438212
9	0.8301888428352875	0.27879659047335326	2.9777582337924433
9	0.7419265300278404	0.46345947323333075	1.6008444597146343
9	0.5068036425588368	0.3875123946909169	1.3078385349791652
9	0.7682141406864084	0.40484119686548214	1.8975690879148974
9	0.6716176350862313	0.4500816078699733	1.4922130194670358
9	0.694583285666338	0.4539035837734271	1.5302441101964284
9	0.8334137349738981	0.42869417082469585	1.944075267855001
9	0.8118278272724384	0.44787766326990985	1.812610661012574
9	0.6527193669888611	0.4416995708500081	1.4777450784766801
9	0.7799625496180338	0.4955854662282361	1.573820466435614
9	0.6899966077321833	0.4416422193845639	1.562342949670223
9	0.5967857402796429	0.47501470957078645	1.2563521260612882
9	0.6587453093114721	0.47954073231913646	1.373700428169414
9	0.8444749754907328	0.3773976565860518	2.2376264419071217
9	0.7998297477118829	0.41621079900111424	1.9216938859621988
9	0.7622134935826252	0.4055772092943934	1.8793301894568806
9	0.7584779048208385	0.40477855879655567	1.8738094899983437
9	0.6464394886199873	0.41567724984134513	1.5551476268348077
9	0.885251859569516	0.29565049039586827	2.9942512809100603
9	0.7949216469493511	0.4803910026089421	1.6547388328095933
9	0.7135529607233533	0.5017387162187114	1.4221604545508317
9	0.6955109051905207	0.47852790040163135	1.4534385656651874
9	0.8329576646953901	0.33131012221221395	2.5141328587656493
9	0.6996622872097713	0.3883592641731205	1.801585160326908
9	0.8292507976402428	0.28981908174552656	2.861270530034872
9	0.7700489770233908	0.5036324773028524	1.528989911745371
9	0.7169242536438867	0.37785380499633364	1.8973588307542466
9	0.7379081376498456	0.2900447838548025	2.5441179387637094
9	0.7218795149326802	0.42013799092672727	1.71819623676588
9	0.5873831894763258	0.39656862366136675	1.4811640518940732
9	0.6799315665407925	0.4841305084403527	1.404438585643407
9	0.7283877306467902	0.42885680938010473	1.698440399488224
9	0.7601613317126068	0.4657129045541126	1.6322530990211832
9	0.6685209915163419	0.4666754053052783	1.432518156981136
9	0.7126441244706889	0.5018668819680667	1.419986355098908
9	0.8612139785239699	0.3417358304907761	2.520116129722649
9	0.771791109595997	0.3714234013526779	2.077928064804828
9	0.6905947442361239	0.437545828887787	1.5783369389935011
9	0.7346711241451918	0.4518826759559115	1.625800596562084
9	0.6939544989019858	0.38681197043075877	1.7940357381628835
9	0.6885783023424846	0.4457243921545822	1.544852187725185
9	0.8009373203021447	0.4141955244581288	1.9337179496325336
9	0.6086702910044209	0.4582586235271594	1.3282244124934557
9	0.7927311434202936	0.40837837373973246	1.9411682752953923
9	0.8679623101092974	0.46232675684060975	1.877378493169352
9	0.7685910642708873	0.3957110848692467	1.9423035989119433
9	0.8480740469222792	0.31456637674134463	2.6960098396645127
9	0.6969887500353746	0.46493032488954017	1.4991251650469728
9	0.6440376700165379	0.47403259239943324	1.3586358413808255
9	0.7044602330018656	0.5003064138161342	1.4080575694173676
9	0.7593452760354978	0.48420024591708993	1.5682463659168013
9	0.7485083849555891	0.48344706646170194	1.5482737136742664
9	0.7659574298148513	0.36387597980367903	2.104995856632543
9	0.8192821988662583	0.37715825435624134	2.1722504794828454
9	0.5949017930566598	0.39830479159246257	1.49358432440188
9	0.7016067459579457	0.35730795506464147	1.9635911711817786
9	0.46238365162880424	0.39376209320029626	1.1742716214016111
9	0.8273814588072259	0.38382312730228274	2.1556321126934477
9	0.7665283368029948	0.4363078124789913	1.7568521921433713
9	0.8212758513272835	0.30588484230819724	2.6849184324726987
9	0.6097086814492773	0.3440325984253673	1.772241015066322
9	0.7450026440584983	0.42923113823359216	1.7356677503044056
9	0.7382680382331461	0.4336344516462516	1.702512416691945
9	0.7171084065431877	0.43875574999403527	1.6344136949839099
9	0.8298855601353881	0.4629768470516357	1.7924990535063001
9	0.7370811440715752	0.4749073681739316	1.5520524495244814
9	0.9051817659918587	0.30687688594487733	2.9496576883097405
9	0.7512299323859117	0.4227537219105535	1.7769918831012856
9	0.7025190410417398	0.38834478241906295	1.8090085739420372
9	0.678338722429767	0.40597632190855343	1.6708824771868431
9	0.808089759251995	0.5121001431620719	1.5779916683136856
9	0.6271174169384096	0.4417492235421356	1.4196231334826397
9	0.7433412452091523	0.3563650566479996	2.0858982421034318
9	0.6813416344260368	0.34018823991589486	2.002837119221069
9	0.7147707493459627	0.36505380843891594	1.957987378360866
9	0.7172180763537096	0.4621047329637116	1.5520682330038627
9	0.7399191324917782	0.4423853515402868	1.672566982418259
9	0.8040055660300943	0.39073345733061016	2.057682931794099
9	0.6709238354610021	0.5054557202943114	1.3273642151489426
9	0.6957862512380506	0.41123603748694004	1.691938905670803
9	0.7549558151190319	0.5150755302682707	1.4657186582438162
9	0.8840153500244415	0.22910839573967987	3.8585026409459364
9	0.7976752686482277	0.448603117097641	1.778131355415012
9	0.7479843717726562	0.46310779091297666	1.61514098110522
9	0.8216557182386903	0.4627420051368693	1.7756238014218353
9	0.723424559676727	0.48744041212561484	1.4841292221177147
9	0.733935316286132	0.42772068710002864	1.7159219519220743
9	0.7194105481636012	0.4176038493295038	1.7227105289347118
9	0.7058622236606503	0.46610671708633855	1.5143789990263132
9	0.7911659909558845	0.4470412427429267	1.7697829983235984
9	0.790805267400342	0.4884983305874234	1.6188494778465095
9	0.8555593396542622	0.488134737028127	1.75271144369503
9	0.7710638758413145	0.506935227322199	1.521030368937529
9	0.866336576917579	0.45504649683404	1.903841877577492
9	0.8075538952977815	0.4696792707606265	1.7193730819543747
9	0.5428691153836421	0.4016146786078279	1.351716319895139
9	0.7304956692842832	0.41141046743551174	1.775588438081702
9	0.6822825701817259	0.4647610409817519	1.4680287503024907
9	0.7525749868860684	0.37147356372632045	2.0259180204826652
9	0.6608757312003753	0.38659149464018333	1.7094937171741962
9	0.9205856556273936	0.4965676479666045	1.8538977708215607
9	0.7876813778845481	0.4222447217793833	1.865461750629295
9	0.8169543399667631	0.4016556454707847	2.0339670291679894
9	0.8669396036577366	0.2758262640439623	3.143064010465516
9	0.6986525551044854	0.4291335577009378	1.6280538833818603
9	0.7736363079605532	0.4131172928076253	1.8726795547646302
9	0.696573857227986	0.49450223203402166	1.4086364269030476
9	0.6145252107710274	0.3717030536897698	1.6532692015059995
9	0.5899687411446107	0.4364014006802607	1.351894701128296
9	0.8409211650099623	0.42995036682529575	1.955856372955855
