0	1.0	0.999990397723597	1.0000096023686076
0	1.0	0.9999945461442663	1.0000054538854783
0	1.0	0.9999905350952194	1.0000094649943658
0	1.0	0.9999905350952194	1.0000094649943658
0	1.0	0.9999905350952194	1.0000094649943658
0	0.9997357878090597	0.9998611882448749	0.9998745821547136
0	1.0	0.9999899605941704	1.0000100395066203
0	1.0	0.9999902563056824	1.000009743789258
0	1.0	0.9999902563056824	1.000009743789258
0	1.0	0.9999910345448308	1.0000089655355493
0	1.0	0.9999901106600274	1.0000098894377727
0	1.0	0.999990397723597	1.0000096023686076
0	1.0	0.999990397723597	1.0000096023686076
0	1.0	0.999990397723597	1.0000096023686076
0	1.0	0.9999905350952194	1.0000094649943658
0	1.0	0.9999905350952194	1.0000094649943658
0	1.0	0.9999901106600274	1.0000098894377727
0	1.0	0.9999902563056824	1.000009743789258
0	1.0	0.9999905350952194	1.0000094649943658
0	1.0	0.9999898059037879	1.0000101942001327
0	0.9989410185026011	0.999468920132245	0.9994718178634568
0	1.0	0.9999901106600274	1.0000098894377727
0	1.0	0.9999905350952194	1.0000094649943658
0	1.0	0.9999902563056824	1.000009743789258
0	1.0	0.999990397723597	1.0000096023686076
0	1.0	0.9999902563056824	1.000009743789258
0	1.0	0.9999902563056824	1.000009743789258
0	1.0	0.9999902563056824	1.000009743789258
0	1.0	0.9999905350952194	1.0000094649943658
0	1.0	0.999990397723597	1.0000096023686076
0	1.0	0.9999905350952194	1.0000094649943658
0	1.0	0.999990397723597	1.0000096023686076
0	1.0	0.9999905350952194	1.0000094649943658
0	1.0	0.9999905350952194	1.0000094649943658
0	1.0	0.9999905350952194	1.0000094649943658
0	1.0	0.9999905350952194	1.0000094649943658
0	1.0	0.9999905350952194	1.0000094649943658
0	1.0	0.9999905350952194	1.0000094649943658
0	1.0	0.9999905350952194	1.0000094649943658
0	1.0	0.999990397723597	1.0000096023686076
0	1.0	0.999990397723597	1.0000096023686076
0	1.0	0.999990397723597	1.0000096023686076
0	1.0	0.9999944621095092	1.0000055379211592
0	1.0	0.9999944621095092	1.0000055379211592
0	1.0	0.9999902563056824	1.000009743789258
0	1.0	0.9999902563056824	1.000009743789258
0	1.0	0.9999902563056824	1.000009743789258
0	1.0	0.9999905350952194	1.0000094649943658
0	1.0	0.9999905350952194	1.0000094649943658
0	1.0	0.9999899605941704	1.0000100395066203
0	1.0	0.9999902563056824	1.000009743789258
0	1.0	0.9999901106600274	1.0000098894377727
0	1.0	0.9999902563056824	1.000009743789258
0	1.0	0.9999902563056824	1.000009743789258
0	1.0	0.9999905350952194	1.0000094649943658
0	1.0	0.999990397723597	1.0000096023686076
0	1.0	0.999990397723597	1.0000096023686076
0	1.0	0.9999898059037879	1.0000101942001327
0	1.0	0.9999898059037879	1.0000101942001327
0	1.0	0.9999905350952194	1.0000094649943658
0	1.0	0.9999909005320481	1.000009099550753
0	1.0	0.999990397723597	1.0000096023686076
0	1.0	0.9999909005320481	1.000009099550753
0	1.0	0.9999905350952194	1.0000094649943658
0	1.0	0.9999901106600274	1.0000098894377727
0	1.0	0.9999901106600274	1.0000098894377727
0	1.0	0.9999909005320481	1.000009099550753
0	1.0	0.9999902563056824	1.000009743789258
0	1.0	0.999990397723597	1.0000096023686076
0	1.0	0.9999905350952194	1.0000094649943658
0	1.0	0.9999905486165118	1.0000094514728177
1	0.7586873048715763	0.8215032269228985	0.9235353922021566
1	0.8494034106648013	0.8547167947244642	0.9937834565876575
1	0.9589028844864306	0.8829984063786706	1.0859621915050306
1	0.9345545150634861	0.8816752434868148	1.0599759060575937
1	0.8373473892813478	0.8495255874256258	0.9856647070735298
1	0.8958238115901318	0.8684371880387334	1.0315355260329742
1	0.9035366268295292	0.8566014980538859	1.0547922562384904
1	0.7428342076827724	0.6827564365868624	1.0879929765235787
1	0.8286859191405789	0.8393161481160579	0.9873346545287615
1	0.9371128791456456	0.8796730488732682	1.0652967944692058
1	0.9367322714043912	0.879108174160549	1.0655483579126845
1	0.8464849027239285	0.8430255731129523	1.0041034693623851
1	0.9279618776971685	0.8872522524200287	1.0458828085993608
1	0.9516298945135249	0.8966329849617435	1.0613371473882682
1	0.8195874989416073	0.8236849715841008	0.995025437170945
1	0.905631491169904	0.8637105452500822	1.048535873679398
1	0.9504601354363845	0.8810418881544473	1.078791086116632
1	0.8594725279863692	0.8641614757864627	0.9945739911677662
1	0.8919682690177065	0.8341518430223377	1.069311632503125
1	0.7749558871770538	0.8402448345825679	0.9222977104786969
1	0.9221289910002817	0.8815400357864648	1.0460432352089437
1	0.7768790231846254	0.8110695415770605	0.9578451456505761
1	0.8023101792353899	0.8349396331775502	0.9609199843370934
1	0.9161627439784676	0.8730988035447458	1.049323100958201
1	0.915803149079605	0.8811056431916836	1.0393795070500678
1	0.9045084357712035	0.8704158343901833	1.0391681769035206
1	0.830672093985874	0.8335326312969469	0.9965681759733606
1	0.8715068293383653	0.8547721609083513	1.0195779287105355
1	0.92634440011577	0.88258968268183	1.0495753783354766
1	0.9250055901185554	0.882678965596473	1.0479524562970413
1	0.8411120500033122	0.8410700070404983	1.0000499874712712
1	0.9343630433072146	0.8901140233065302	1.0497116311417176
1	0.9050935891748979	0.8657677323479778	1.0454231029380914
1	0.8485709001876657	0.8495293902384531	0.9988717399753311
1	0.9354587867754176	0.8797367995822654	1.0633393842563041
1	0.7113391236245422	0.8150211021555208	0.8727861422768485
1	0.9018096375317313	0.8747297690996809	1.0309579819833072
1	0.9186327645107093	0.8683497370691416	1.057906423293549
1	0.8811375822723952	0.8535776075469288	1.0322876027695598
1	0.9561523583404474	0.8953968847545688	1.0678531214708569
1	0.8989220307565184	0.8645406702493849	1.039768355255301
1	0.7725185912543008	0.8140404163413746	0.9489929194502533
1	0.9135411598810091	0.8540498768385022	1.069657855654438
1	0.9272563470801676	0.8630576809138553	1.0743851397027544
1	0.8551646325898985	0.85913597986607	0.9953775102320931
1	0.9353432687674715	0.8887428894754825	1.0524340389597846
1	0.9359276479636859	0.8817875642082375	1.0613981030726614
1	0.9290605338690787	0.8830730566036424	1.0520766395504209
1	0.90848333281261	0.881581940060248	1.0305149090855055
1	0.880530183133244	0.8691983412637909	1.0130371186085985
1	0.9083493855955198	0.8609701275271713	1.0550300835691344
1	0.8992356359775949	0.8688731637311014	1.0349446541956844
1	0.905593310161349	0.8673210456102126	1.0441269870538072
1	0.9114891577471083	0.8667328707138127	1.051637925069619
1	0.9193312236198041	0.8267101444833643	1.1120357355652404
1	0.8082824010048886	0.810529629204583	0.9972274570617489
1	0.8094955645509389	0.8595882782264618	0.9417247594640584
1	0.8774988836394205	0.8316467116891929	1.05513419497216
1	0.9067160323564187	0.866393018147884	1.0465412501762013
1	0.8325856025866097	0.826614946032241	1.0072230203228576
1	0.8186617346746591	0.8359787113709688	0.9792853855477843
1	0.709339605725766	0.7755479166220974	0.91463027689546
1	0.91366355937132	0.8520745789853971	1.0722812085994393
1	0.9146265897232223	0.8756782430192424	1.0444779198460958
1	0.810774856070433	0.8184222907929894	0.9906558816779701
1	0.865787158014043	0.8424003866368717	1.0277620615424201
1	0.6710913360732624	0.8067324636562564	0.8318635561432052
1	0.88690839351116	0.8617473884524932	1.0291976574525517
1	0.9401179329683464	0.8611833243328357	1.0916583106119269
1	0.9161040259302391	0.8853728633080382	1.0347098537754809
1	0.8103782937021893	0.8360961792323554	0.9692405178148542
2	0.8152291968700303	0.8244339185265084	0.9888351007283525
2	0.877725208025774	0.8628661538484143	1.0172205783145947
2	0.910822040463771	0.8803769499907963	1.034581880492547
2	0.9000386744008185	0.8725354198746071	1.0315210751331607
2	0.7994862469980574	0.8197157445228253	0.9753213261305065
2	0.7946543954153823	0.8438988488651342	0.9416464976626342
2	0.83542972378636	0.8393034856284232	0.9953845517046046
2	0.9022298058986086	0.8310167247147545	1.0856939205505134
2	0.8734950083139279	0.8475001269001466	1.030672421854214
2	0.8840131577302037	0.8468717816363671	1.0438571421308551
2	0.6981229651136449	0.7827915229891361	0.8918376663659063
2	0.871211451087782	0.8603281350889445	1.0126501918918558
2	0.9012944833851332	0.8749163691162634	1.0301492979214846
2	0.9243942676807468	0.8730902929208476	1.0587613619987302
2	0.8228588937662691	0.8501554365744437	0.9678922916517932
2	0.8301106600969649	0.8481453358068721	0.9787363380442926
2	0.8102093946514315	0.8198480815020688	0.9882433257232511
2	0.8458108753733145	0.8495082970610595	0.9956475743667995
2	0.9053377038924101	0.8480298479501376	1.0675776401983932
2	0.8130732670442938	0.8378728459452003	0.9704017393320222
2	0.8655835170897541	0.8673788921471648	0.9979301144244285
2	0.8623356962841009	0.8607117025566534	1.0018868033542747
2	0.8712114652553906	0.8568451919972677	1.016766474728808
2	0.8522389399795689	0.8518745275023868	1.0004277771730663
2	0.8312719742499501	0.8377241355313892	0.992297988075339
2	0.8383544344679565	0.8519572199731679	0.9840334876138033
2	0.8768592234179061	0.8680192063911877	1.010184126067292
2	0.909508078303969	0.8663615678158153	1.0498019673205614
2	0.8609591685355922	0.816679871591967	1.0542186706001593
2	0.928985474663396	0.8803283358112705	1.055271580923594
2	0.8719815754378376	0.8625202573048509	1.0109693865771348
2	0.8365135986730333	0.8334671549755573	1.0036551454718876
2	0.8745849383608117	0.8493863517344815	1.0296668136647988
2	0.9067687821502788	0.8777321162855517	1.0330814668006072
2	0.8926848872513257	0.8585949791979903	1.0397042946665942
2	0.8610586757434596	0.8413728742698579	1.023397238104075
2	0.8295525656768913	0.8519364726346267	0.9737258496651601
2	0.7871409913253982	0.8127642353997777	0.9684739522750085
2	0.91957889970328	0.8591307444033177	1.0703596695773525
2	0.9413684318792582	0.877250188616925	1.0730900307510018
2	0.8294180965619381	0.8363677678954125	0.9916906514092931
2	0.8551338928833626	0.8498354672363881	1.0062346487658425
2	0.8121179025377826	0.8179129836651405	0.9929147950416564
2	0.9115029955208876	0.8624202774037493	1.0569127598262162
2	0.8894772619817602	0.8708647755101285	1.021372418537343
2	0.8812439556580308	0.8486122541317457	1.0384530171081163
2	0.7500153907701474	0.8205240803957378	0.9140687137523325
2	0.9221813722868611	0.8640586480429023	1.0672671055091076
2	0.8362247152908395	0.8547563189711764	0.9783194306154502
2	0.8486049803881681	0.8291156023880744	1.0235062251198255
2	0.9005812315555721	0.857730392139079	1.049958401625047
2	0.8826761199715673	0.8552349394684264	1.0320861312333625
2	0.7815718097066212	0.8034625655191368	0.9727544794842167
2	0.9018887635594348	0.8748066339349437	1.030957846653121
2	0.9119469699555885	0.8746305569027039	1.042665343393709
2	0.8351479065612544	0.8534702772054522	0.9785319171228887
2	0.8498615534639007	0.8549684725915866	0.9940267749146284
2	0.8787138241828855	0.8688788945511653	1.011319102919171
2	0.8260284153619074	0.8440421893277682	0.9786577327607193
2	0.8323916615326935	0.8304362062595435	1.002354732679537
2	0.8098198694467293	0.8132576095858974	0.9957728767629749
2	0.7361212566762902	0.8157220936299584	0.9024167206266966
2	0.8743748436155798	0.8378376629446564	1.0436089021619177
2	0.8614710429770059	0.8408446747705485	1.0245305331951897
2	0.856479783712078	0.8623925738015008	0.9931437372386468
2	0.9079307912224667	0.8798842556841604	1.031875255588587
2	0.8213981971763888	0.8273945065859337	0.9927527807329936
2	0.6291179005179824	0.7662875766981633	0.8209945190926523
2	0.9236737117072871	0.8704774208905965	1.06111162626397
2	0.9189776201249578	0.8820699809757148	1.041842075963652
2	0.8614039226180794	0.8595855162195163	1.0021154456005268
3	0.8152226638765316	0.824436668765122	0.988823877882104
3	0.8777252044658823	0.862874043272608	1.0172112735445704
3	0.9108220379830104	0.8803706603155307	1.0345892690887333
3	0.9000288999439604	0.8725361709092937	1.0315089849008963
3	0.7995400933600483	0.8197143718912202	0.9753886485061541
3	0.7946543908264347	0.8438994867584696	0.9416457804457355
3	0.8354297201810589	0.8393069861044636	0.9953803959843102
3	0.9022981238374319	0.8310171557206788	1.085775567479033
3	0.8736215093231237	0.8475174451676227	1.0308006216324408
3	0.884013155052528	0.8468811959329472	1.0438455350029059
3	0.6980938649976792	0.7827716363500058	0.8918231481314635
3	0.8712114478912376	0.8603313907266203	1.0126463561389154
3	0.9012916575162662	0.8749103989497197	1.0301530975037165
3	0.9243883123065446	0.8730879017113772	1.0587574406822169
3	0.8228756509108895	0.8501648432399768	0.9679012928538798
3	0.8301429624317695	0.84815203816068	0.9787666893214508
3	0.81018171204987	0.8198543357788318	0.9882020216191536
3	0.8458802249842169	0.8495049225201989	0.9957331647646858
3	0.9053377015126923	0.8480341252180719	1.0675722528027807
3	0.8130952378122803	0.8378766040374337	0.9704236087918666
3	0.8655988298771952	0.8673939223299073	0.9979304761003047
3	0.8623356931633473	0.8607090284965684	1.0018899124011982
3	0.8712641714595811	0.8568581109704577	1.0168126557999286
3	0.8522221350451643	0.8518680220098209	1.0004156900202779
3	0.8312719710223958	0.8377293074366341	0.9922918580537703
3	0.8383544309659088	0.8519639877813936	0.9840256665649383
3	0.8768592208200229	0.8680276520854106	1.0101742942329024
3	0.9095238013866195	0.8663664689907671	1.0498141767260758
3	0.860942928096014	0.8166588337144228	1.0542259417928208
3	0.9289856348722839	0.8803231674631175	1.0552779583768086
3	0.8719831666686524	0.8625194260714832	1.010972205739497
3	0.8365135950269209	0.8334684143720185	1.003653624543405
3	0.8745849358102907	0.8493897635086857	1.029662674762559
3	0.9067724992160151	0.8777314471001978	1.0330864892807037
3	0.8926475466372404	0.8585863029372524	1.0396713103661954
3	0.8610586721036162	0.8413778034603329	1.0233912382313175
3	0.8294673738337671	0.8519135621423021	0.9736520354810532
3	0.7871200498227341	0.8127478448186187	0.9684677170671502
3	0.9195781525097425	0.8591238009701568	1.0703674505016834
3	0.9413684304906415	0.8772468600069657	1.0730941008818962
3	0.8293828162988308	0.8363672903929603	0.991649034850648
3	0.8551507239336743	0.8498398851685327	1.0062492227745798
3	0.8121178989843435	0.8179182790399407	0.9929083623581495
3	0.9115029931467201	0.862414458415331	1.0569198884044548
3	0.8894772592536404	0.8708650731324268	1.0213720663457855
3	0.8812439532321393	0.8486132419708226	1.038451805424972
3	0.7500153860714138	0.8205222973080635	0.9140706944004253
3	0.9221862076281997	0.8640563971216179	1.067275481901675
3	0.8361669913776117	0.8547409944367246	0.9782694369639389
3	0.8486049770271487	0.8291157572563206	1.02350602988818
3	0.9005812289916025	0.8577439979088827	1.0499417439086183
3	0.882687930852486	0.8552329146472917	1.0321023849000446
3	0.7815900692512108	0.8034642997242722	0.9727751059000778
3	0.9018863755386914	0.8748110962884634	1.0309498580494687
3	0.9119469675731043	0.874642874952273	1.042650656272558
3	0.8351352935977983	0.853474215083715	0.9785126238592715
3	0.8498615499091884	0.8549752921099221	0.9940188421257018
3	0.8787182000885647	0.8688887731451076	1.011312641211691
3	0.8259703774164788	0.8440308105230637	0.9786021637108336
3	0.8323916579665486	0.8304558406215589	1.002331029839637
3	0.8098215723694253	0.8132590262524173	0.9957732361129367
3	0.7361212507530756	0.8157210067493501	0.9024179157608313
3	0.8743748411165604	0.8378381973809922	1.0436082334868217
3	0.8614582547136106	0.8408506640986132	1.024508026805317
3	0.8564797528221156	0.8623962643970395	0.9931394512949792
3	0.9079307889047109	0.8798827046496746	1.031877071917448
3	0.821398193853015	0.8273991653438083	0.9927471869175748
3	0.629116724629191	0.7662927126881874	0.8209874819534989
3	0.9236737097254184	0.8704853676188538	1.0611019370171118
3	0.9189644310959703	0.8820739113106606	1.0418224814409198
3	0.8613978430249132	0.8595821901721167	1.0021122504323094
4	0.8152226638765316	0.824436668765122	0.988823877882104
4	0.8777252044658823	0.862874043272608	1.0172112735445704
4	0.9108220379830104	0.8803706603155307	1.0345892690887333
4	0.9000288999439604	0.8725361709092937	1.0315089849008963
4	0.7995400933600483	0.8197143718912202	0.9753886485061541
4	0.7946543908264347	0.8438994867584696	0.9416457804457355
4	0.8354297201810589	0.8393069861044636	0.9953803959843102
4	0.9022981238374319	0.8310171557206788	1.085775567479033
4	0.8736215093231237	0.8475174451676227	1.0308006216324408
4	0.884013155052528	0.8468811959329472	1.0438455350029059
4	0.6980938649976792	0.7827716363500058	0.8918231481314635
4	0.8712114478912376	0.8603313907266203	1.0126463561389154
4	0.9012916575162662	0.8749103989497197	1.0301530975037165
4	0.9243883123065446	0.8730879017113772	1.0587574406822169
4	0.8228756509108895	0.8501648432399768	0.9679012928538798
4	0.8301429624317695	0.84815203816068	0.9787666893214508
4	0.81018171204987	0.8198543357788318	0.9882020216191536
4	0.8458802249842169	0.8495049225201989	0.9957331647646858
4	0.9053377015126923	0.8480341252180719	1.0675722528027807
4	0.8130952378122803	0.8378766040374337	0.9704236087918666
4	0.8655988298771952	0.8673939223299073	0.9979304761003047
4	0.8623356931633473	0.8607090284965684	1.0018899124011982
4	0.8712641714595811	0.8568581109704577	1.0168126557999286
4	0.8522221350451643	0.8518680220098209	1.0004156900202779
4	0.8312719710223958	0.8377293074366341	0.9922918580537703
4	0.8383544309659088	0.8519639877813936	0.9840256665649383
4	0.8768592208200229	0.8680276520854106	1.0101742942329024
4	0.9095238013866195	0.8663664689907671	1.0498141767260758
4	0.860942928096014	0.8166588337144228	1.0542259417928208
4	0.9289856348722839	0.8803231674631175	1.0552779583768086
4	0.8719831666686524	0.8625194260714832	1.010972205739497
4	0.8365135950269209	0.8334684143720185	1.003653624543405
4	0.8745849358102907	0.8493897635086857	1.029662674762559
4	0.9067724992160151	0.8777314471001978	1.0330864892807037
4	0.8926475466372404	0.8585863029372524	1.0396713103661954
4	0.8610586721036162	0.8413778034603329	1.0233912382313175
4	0.8294673738337671	0.8519135621423021	0.9736520354810532
4	0.7871200498227341	0.8127478448186187	0.9684677170671502
4	0.9195781525097425	0.8591238009701568	1.0703674505016834
4	0.9413684304906415	0.8772468600069657	1.0730941008818962
4	0.8293828162988308	0.8363672903929603	0.991649034850648
4	0.8551507239336743	0.8498398851685327	1.0062492227745798
4	0.8121178989843435	0.8179182790399407	0.9929083623581495
4	0.9115029931467201	0.862414458415331	1.0569198884044548
4	0.8894772592536404	0.8708650731324268	1.0213720663457855
4	0.8812439532321393	0.8486132419708226	1.038451805424972
4	0.7500153860714138	0.8205222973080635	0.9140706944004253
4	0.9221862076281997	0.8640563971216179	1.067275481901675
4	0.8361669913776117	0.8547409944367246	0.9782694369639389
4	0.8486049770271487	0.8291157572563206	1.02350602988818
4	0.9005812289916025	0.8577439979088827	1.0499417439086183
4	0.882687930852486	0.8552329146472917	1.0321023849000446
4	0.7815900692512108	0.8034642997242722	0.9727751059000778
4	0.9018863755386914	0.8748110962884634	1.0309498580494687
4	0.9119469675731043	0.874642874952273	1.042650656272558
4	0.8351352935977983	0.853474215083715	0.9785126238592715
4	0.8498615499091884	0.8549752921099221	0.9940188421257018
4	0.8787182000885647	0.8688887731451076	1.011312641211691
4	0.8259703774164788	0.8440308105230637	0.9786021637108336
4	0.8323916579665486	0.8304558406215589	1.002331029839637
4	0.8098215723694253	0.8132590262524173	0.9957732361129367
4	0.7361212507530756	0.8157210067493501	0.9024179157608313
4	0.8743748411165604	0.8378381973809922	1.0436082334868217
4	0.8614582547136106	0.8408506640986132	1.024508026805317
4	0.8564797528221156	0.8623962643970395	0.9931394512949792
4	0.9079307889047109	0.8798827046496746	1.031877071917448
4	0.821398193853015	0.8273991653438083	0.9927471869175748
4	0.629116724629191	0.7662927126881874	0.8209874819534989
4	0.9236737097254184	0.8704853676188538	1.0611019370171118
4	0.9189644310959703	0.8820739113106606	1.0418224814409198
4	0.8613978430249132	0.8595821901721167	1.0021122504323094
5	0.6035934957977688	0.6243074105021043	0.9668209693559842
5	0.683837303456295	0.6671981297207251	1.024938879463788
5	0.7217084107921076	0.6979317564774798	1.0340673054262934
5	0.7404075626824258	0.6821199382703939	1.0854506973653752
5	0.6107966791468773	0.6320402860251163	0.9663888404774964
5	0.6036770502688574	0.653737167626612	0.923424703632046
5	0.6716721949572743	0.6405728487932874	1.0485492730804498
5	0.7667983206054757	0.6502435543157317	1.1792478610762973
5	0.6372900021237483	0.6377254231174555	0.9993172281080176
5	0.7292669954435067	0.6570295621333979	1.1099454841507455
5	0.5328865980431275	0.6060117651615682	0.8793337500651579
5	0.6882235839756953	0.6772795487234113	1.016158815474219
5	0.6943064974378507	0.682202249696499	1.0177429021184505
5	0.7280910133750585	0.6521382071523603	1.1164673460160468
5	0.5700633519089345	0.643133511113141	0.8863841520592886
5	0.6559746675413491	0.6638265282475816	0.9881718184312995
5	0.6663656888048872	0.6324852889030604	1.0535670955455527
5	0.6307709442216242	0.6386776623720485	0.9876201742815636
5	0.7138971469205656	0.6658208044099793	1.0722061284239826
5	0.6092741495365701	0.6453407553563604	0.9441123073036444
5	0.7130700574924198	0.6889058269107164	1.0350762464734313
5	0.7014790296241449	0.6836555325202001	1.0260708737896715
5	0.6896504943084715	0.6628210340375442	1.0404776838590906
5	0.6569013934151043	0.6665937728940051	0.9854598409510765
5	0.5656093479910473	0.6344416776739409	0.8915072384032933
5	0.6925954740174128	0.6643292204729384	1.0425485627808928
5	0.6584213723391342	0.6769613131396958	0.9726129980536484
5	0.739333229778864	0.6867380264097446	1.076586997292237
5	0.7083192817477121	0.6496019084513718	1.090389779544091
5	0.7969854837571784	0.704755977297757	1.130867292269101
5	0.6445227876350985	0.6572350858329905	0.980657913017866
5	0.7159556692261311	0.661287006373318	1.0826700998597132
5	0.690535537923852	0.6641819379507824	1.0396782846193906
5	0.7220395694997059	0.6910679951713152	1.044816971043078
5	0.7228318476154791	0.6687467802093964	1.0808752565345403
5	0.6853004670718928	0.6531807004425365	1.0491743963157436
5	0.6460587189515894	0.6680780269462915	0.9670408139370339
5	0.6484861605738313	0.6342442249900527	1.0224549708497574
5	0.7675859662466464	0.6772628411629861	1.1333649501994805
5	0.8224893214894498	0.7145427541627327	1.1510708305386201
5	0.6500980587235448	0.6424580530788981	1.0118918357518174
5	0.6751556802127254	0.6755935701472402	0.999351844135492
5	0.6918980511320065	0.6386351293434941	1.0834011775131533
5	0.716982904448846	0.6682337103936808	1.0729523118886732
5	0.707242877138937	0.6854022234550532	1.0318654549642208
5	0.7649019236868924	0.6787992027291526	1.1268456424397062
5	0.5284453507402757	0.6047877810866005	0.8737698863406878
5	0.7708343001980366	0.6897029630920922	1.1176322872997593
5	0.6752513585787919	0.6710313467278816	1.0062888445845164
5	0.6950792156698775	0.655381472735734	1.0605719639409927
5	0.7566624472262896	0.6681769661871857	1.1324282121606617
5	0.6015164150441866	0.6503641538886781	0.9248917109708161
5	0.5980127959644463	0.6142105613709119	0.9736283183240739
5	0.6975872286710405	0.6720902851799297	1.037936783276498
5	0.7636377338422108	0.689140315806047	1.1081019588137557
5	0.6193483642671679	0.6521552248879348	0.9496947055413006
5	0.6104398195983955	0.6569347141249654	0.9292244822402164
5	0.7168949375590427	0.6965182285754271	1.0292550979251347
5	0.6249267662584124	0.6549518508534341	0.9541568062508754
5	0.679566327273179	0.6479186764743763	1.0488450973060572
5	0.6211724821538089	0.5818425498753442	1.067595490028859
5	0.4941494988065346	0.6224029541155505	0.7939382285046074
5	0.7248032634736356	0.6476473267444788	1.1191326413975884
5	0.6841655524675887	0.615832779727623	1.1109599472281886
5	0.6187209840239452	0.6643799802838727	0.9312757795013351
5	0.7133253838922825	0.6919351253219753	1.0309136764235718
5	0.6678427302473869	0.6061015184397026	1.1018661229667033
5	0.4711309338994345	0.5991355103768434	0.7863512106019275
5	0.7990778909876837	0.6947241033524141	1.1502089637191324
5	0.7418987028198397	0.701689046620446	1.0573040955862942
5	0.6545931917232357	0.6631980191250076	0.9870252516539106
6	0.5067455895670687	0.5454050426857133	0.9291179030390412
6	0.6073102203567007	0.5704637464300233	1.0645903866060964
6	0.6526106092334532	0.6011933776143499	1.085525279441927
6	0.6453538127720343	0.602448019162039	1.0712190798961776
6	0.46456204272205803	0.5219643486874932	0.8900263856913287
6	0.5088956851374212	0.5590103523092483	0.9103510928468399
6	0.5935470393128202	0.5604307007630462	1.0590908715469813
6	0.6307283577428835	0.5490639714673213	1.1487338279678447
6	0.5920208554990345	0.5726963405287994	1.0337430390290112
6	0.5802120763391251	0.5472992006577824	1.060136897042396
6	0.4854832113972966	0.525302670171098	0.9241971133311931
6	0.5471352691983611	0.5730283637227818	0.9548135901053806
6	0.5888135343657519	0.5790923568497122	1.0167869207753377
6	0.6540685417985516	0.5979935172643542	1.093771960590349
6	0.48185837625789774	0.5514506760192145	0.8738014063856331
6	0.5850438107924166	0.5831636156388184	1.0032241297350806
6	0.5780284079014772	0.5641440644828905	1.024611343613645
6	0.5010496977356498	0.5484723118380747	0.9135369040900182
6	0.6162530762595947	0.563502900820601	1.0936111870270344
6	0.5326850501756529	0.5539696573165803	0.9615780271359452
6	0.5334874233311506	0.5674634405236477	0.9401265090114977
6	0.5865617257643341	0.5830027285913105	1.0061045977977205
6	0.5810549133752573	0.5592559152748013	1.0389785740393012
6	0.5700846843364189	0.578867097973618	0.9848282729007352
6	0.5568093829208087	0.5604283494990661	0.9935424990875424
6	0.5852478799673585	0.5792560032132644	1.0103440909042907
6	0.604644357406025	0.5891928905493105	1.0262248019359312
6	0.6127533428873633	0.5856861784911818	1.0462144496322427
6	0.6151528899586051	0.5572063025512379	1.1039948527898042
6	0.6381079370679726	0.5893658626601862	1.0827025749129449
6	0.5349094868431425	0.5568917123797804	0.9605269300153514
6	0.5476144296755835	0.551208152855689	0.9934802793436794
6	0.6097267886536525	0.5750652239914444	1.0602741449424244
6	0.6149328182772263	0.5943764200402396	1.0345848145113077
6	0.6499391819165145	0.5851808701069902	1.1106637539222435
6	0.5836698465458275	0.5757660430232769	1.013727456869545
6	0.54811253897542	0.5690920713561984	0.9631350822885614
6	0.5226081603957324	0.5496187925658054	0.9508556975572502
6	0.6123578152724992	0.5732617935291843	1.0681992454139098
6	0.6941992693172766	0.6109587156594569	1.1362457912855395
6	0.6003265935713319	0.5743085461223127	1.0453032566286728
6	0.5863055531036241	0.586081179608633	1.0003828368881267
6	0.5822126053840935	0.5457318902271577	1.066847321569848
6	0.6180792995007066	0.5851844617637599	1.056212766890291
6	0.5875405065435809	0.5774061930513535	1.0175514457832047
6	0.6495316170133744	0.5813524883836957	1.1172767468824871
6	0.49131522020326984	0.5403556106215697	0.9092442283297683
6	0.6463041445575409	0.5903909061945544	1.0947054532451779
6	0.5513874350611203	0.5749990386053193	0.9589362730040909
6	0.5569013203400742	0.5507520010066194	1.011165314555763
6	0.6452186178118978	0.5735400124201183	1.1249757712444914
6	0.5816605275587565	0.5715479701314818	1.0176932785273445
6	0.5037739420937093	0.5143669889741069	0.9794056634514489
6	0.6160606552502952	0.5885106982000005	1.046813009745716
6	0.6266604462410427	0.5839712743222732	1.0731014928231055
6	0.5185092978320841	0.5572889096622867	0.9304138102197246
6	0.48786619720104063	0.5503205624200331	0.8865127536860523
6	0.6466738214909735	0.5959727753757683	1.0850727553506745
6	0.5757651343817615	0.5811964991577987	0.9906548563456461
6	0.5549353630773993	0.5428648678135268	1.0222348064491413
6	0.5722641185640575	0.5235844294228185	1.0929739052685388
6	0.5077186863773087	0.5429806070795014	0.9350586001738552
6	0.588234297077912	0.5483551244546464	1.0727250842470497
6	0.5798137264469606	0.5415217540095971	1.070711789792077
6	0.5870919651451874	0.5853914039137847	1.0029049986385743
6	0.5905859880859888	0.5857805415093755	1.0082034930082027
6	0.5744781775872391	0.5334264246928191	1.0769586038375587
6	0.41829400052785515	0.5177163544053626	0.8079597968433859
6	0.6496309736894362	0.5740676557520616	1.1316278964338833
6	0.6558474996449536	0.604508220102992	1.0849273472794378
6	0.5414348640082491	0.5594661077851386	0.9677706235892053
7	0.23349711092865907	0.29606881801696494	0.7886582332195468
7	0.31449817850265477	0.29831892377868247	1.0542347582883325
7	0.3495112381765756	0.296535700579601	1.1786480936137875
7	0.3067820101062636	0.2921347187555177	1.0501388243518017
7	0.24492640317080838	0.27068080246833015	0.9048532475791848
7	0.3051514465508345	0.2954860984490015	1.0327099926276266
7	0.28533029789855124	0.2798189178617119	1.0196962381205514
7	0.34577874930629304	0.28663909881798605	1.2063209476033843
7	0.310695968068136	0.28928551622539256	1.074011489140928
7	0.3579341751694246	0.28797895111435384	1.2429178375168544
7	0.2733578378419866	0.29282688353416697	0.9335134620933506
7	0.22168894935729822	0.26081713610411467	0.8499784664026178
7	0.24018528881081813	0.2597379105625439	0.9247217254139819
7	0.3197756965807887	0.28518134220914215	1.1213065136157339
7	0.21672714261474696	0.2704079296744248	0.8014822008943662
7	0.2673933340594421	0.2759358984370632	0.969041489614047
7	0.2962340537751549	0.29406206931572093	1.0073861428795905
7	0.2294016796135816	0.2833803310324038	0.8095187085773787
7	0.3639557910448831	0.28259609135780434	1.287901008454029
7	0.30051927133914824	0.2867423194381786	1.0480464548377901
7	0.2208246157900006	0.2724261292893679	0.8105853001913896
7	0.31078519029679536	0.28944922484522273	1.0737122908620038
7	0.352646077244919	0.28007284424058976	1.2591227050273641
7	0.24360904642107914	0.2898508816716244	0.8404633617677478
7	0.26855581615286	0.27260981663740563	0.9851289269970135
7	0.30607430705584265	0.289584911822105	1.0569414861084587
7	0.2550732383736126	0.27780456798682995	0.9181751049741739
7	0.2774023636775436	0.2886744071024661	0.9609523977616712
7	0.3355910305998458	0.2967486932293874	1.1308930359482094
7	0.3530618103174462	0.2800019572576978	1.2609262227138947
7	0.24403452690284663	0.27236980894762763	0.8959676105282673
7	0.37176323529245325	0.30178286225706125	1.231889818102998
7	0.3371319689662645	0.29153977296171596	1.1563841377160418
7	0.22858758264902115	0.2561331312528482	0.8924561283068266
7	0.2929253454287217	0.29013892698623106	1.0096037387035033
7	0.3033315211083222	0.2964985789284838	1.0230454466410326
7	0.25737603684652216	0.2779556201910524	0.9259609022102705
7	0.2947478899029228	0.2873332152768531	1.025805142711835
7	0.3186348818232824	0.2895729000627562	1.100361538508016
7	0.2821949686316476	0.24799291714725893	1.1379154367706372
7	0.2937038141909489	0.29377456754382986	0.9997591576647613
7	0.24377441462820548	0.2929603641746966	0.8321071531807599
7	0.35298436833324603	0.29232578751479593	1.2075033521131964
7	0.34112138868449693	0.30235743395314063	1.1282057273225965
7	0.3287829058795067	0.30209099349144664	1.0883571935712668
7	0.3043406159628628	0.28370867448501125	1.0727222793427191
7	0.241031553594808	0.2721315930675295	0.8857169095210344
7	0.32968276533025864	0.2915225507586468	1.1308997004598964
7	0.19385500288617424	0.27985195799716817	0.6927055442940152
7	0.30629282744390257	0.303404439548195	1.0095199262740147
7	0.34213634979821733	0.2726710066171808	1.2547588173852422
7	0.34170136250252875	0.3010356039203586	1.135086209247623
7	0.39899808909105594	0.2980238568913293	1.3388125811570368
7	0.3368472545338465	0.30498957975542224	1.1044549613923584
7	0.29927447371410976	0.28897666583027043	1.035635430474126
7	0.3181668799431774	0.2979911652207944	1.067705747945359
7	0.26901683983572844	0.2868816754172416	0.9377275123776014
7	0.34484984910729294	0.30270231060693276	1.1392375843311282
7	0.32939287037098486	0.28194506433314176	1.16828741496173
7	0.29090089119732926	0.2881056906381217	1.0097019970449612
7	0.35078169850812524	0.26460800891910613	1.3256654624364126
7	0.31280081775262636	0.27809305601799345	1.124806286901271
7	0.3354718542068074	0.29489333951631075	1.1376040393352196
7	0.38073821103192984	0.27600506453676926	1.3794609590622497
7	0.20513385290168717	0.2748852251570422	0.7462527416105903
7	0.24814423171908906	0.2551285975756937	0.9726241357379293
7	0.27532675509866456	0.27956609074235134	0.9848360162978644
7	0.2667089400297056	0.282286126067342	0.944817741294447
7	0.35102301489052495	0.2883777087452125	1.2172335248029202
7	0.333649353662571	0.2888872565427628	1.1549465963140615
7	0.28590497910576096	0.30235284710597543	0.9456004196499282
8	0.4295283013078371	0.4336620006774268	0.9904679234908007
8	0.41228700358489584	0.4263183866701089	0.9670870796945693
8	0.4493934009224017	0.433912357036821	1.0356778128912956
8	0.4492729484489413	0.4361860517162918	1.0300030151839004
8	0.43607464079781866	0.4336195623237952	1.00566182591225
8	0.4156638140314407	0.4268228543382037	0.9738555698380648
8	0.45033351901308033	0.43274433280593083	1.0406456766125636
8	0.432554757376971	0.4238878977704389	1.0204461124087711
8	0.43503606819852836	0.4317684715461214	1.007567937141649
8	0.4364551710277346	0.42148591634982513	1.0355154326567944
8	0.42417511874931924	0.4299627227386985	0.9865392889120377
8	0.4201749706544948	0.4248689411639905	0.9889519565806908
8	0.4249861255337666	0.4243738335547049	1.001442812752928
8	0.4463014873785933	0.43205799818963636	1.0329666138542477
8	0.42631205794291793	0.42972283584144794	0.9920628423391759
8	0.42156635914300067	0.4229328071835861	0.9967691131608234
8	0.45092088504126854	0.4373497325906495	1.031030435002738
8	0.41248016996107995	0.4320655527029826	0.9546703443045219
8	0.4511152650596447	0.4379838551069036	1.0299814931523812
8	0.43156569046173443	0.4305991099580384	1.0022447340956888
8	0.3981614520935243	0.42213481583614265	0.9432092240600124
8	0.4242444132741885	0.42620177657809727	0.995407425751192
8	0.4316250652319748	0.4187191503405481	1.0308223659723474
8	0.4200840196776647	0.43009305424415095	0.9767282115632483
8	0.38201932996620774	0.41293203298713854	0.9251385202612905
8	0.4395082373470436	0.42866013481207815	1.0253070011740681
8	0.4094844695171904	0.42283259433051495	0.9684316559501306
8	0.4157891137460148	0.42777735241453724	0.9719755181033866
8	0.439313300910974	0.42914698180290617	1.0236895971290714
8	0.4511479853402772	0.4228795044640585	1.0668476021604432
8	0.4485844276992389	0.4358984198583328	1.029103128763415
8	0.44915994470353865	0.43273517326051447	1.0379557116174982
8	0.44119521302472975	0.43013992073816737	1.0257016188304269
8	0.4184819914446175	0.42155099340363905	0.9927197373341665
8	0.44070300689771635	0.42857052736233275	1.0283091784450362
8	0.42121489888795116	0.42447879810784933	0.9923108074314965
8	0.4219720130825914	0.42667722797563995	0.9889724255607164
8	0.42790712328701697	0.4280102932693873	0.999758954436394
8	0.42459237983727793	0.42346378384648287	1.0026651535121696
8	0.4264296178782586	0.41897889923852605	1.0177830402754742
8	0.432188491725908	0.4337283527058079	0.9964497110454194
8	0.42129314001607765	0.4291847525715243	0.9816125514521128
8	0.4437509126571368	0.4277297062419836	1.0374563800020224
8	0.4481481642127017	0.43545132464695935	1.0291578848130414
8	0.42563758478772873	0.42617622900942664	0.9987360997985507
8	0.4537734057699117	0.430259055817441	1.054651609616435
8	0.40433690866275696	0.42330806784850117	0.955183563398244
8	0.43307976429867673	0.4257103106723232	1.017310958747311
8	0.42662027512109396	0.42772670027757087	0.9974132427184019
8	0.4424719580177866	0.4328928934107049	1.022128024628932
8	0.4574136835718714	0.432758261989074	1.0569727345457818
8	0.4293671576034585	0.43057451472326214	0.9971959391963093
8	0.4273720847800759	0.4194227618923436	1.0189530078240547
8	0.42789308888601923	0.42853413143608654	0.998504103867015
8	0.43784015366433926	0.42784728204057704	1.0233561647887586
8	0.43927360595986953	0.4281230093480151	1.026045310269204
8	0.4340664567810573	0.4339186546226993	1.0003406218119075
8	0.42559950702420585	0.4187788602952211	1.0162869890905584
8	0.43535821505480643	0.4151583924618314	1.048655700955948
8	0.42266646464012675	0.42277657561281273	0.9997395528062869
8	0.4559691257363518	0.423758800496646	1.076010988330992
8	0.44428227060952147	0.43392427661887395	1.023870510475599
8	0.43225980759449983	0.42697943272954064	1.012366813153513
8	0.4333322099651397	0.41731878701150366	1.0383721592509916
8	0.39635249583010757	0.4197079335779404	0.9443531182536112
8	0.40999798936525744	0.4198386212061548	0.976560918067456
8	0.4278298688476442	0.42654920370555804	1.0030023854949455
8	0.4007084467606603	0.4172506312470564	0.9603543212458284
8	0.4612503240723791	0.4363184864139179	1.0571413736405597
8	0.4412529902008116	0.4275266622112968	1.032106367164373
8	0.43600952594516523	0.4391184419892334	0.9929200968422447
9	0.8856958578588966	0.8875553458404222	0.9979049329258843
9	0.8879360231429599	0.8874010656224067	1.0006028362386268
9	0.8938337499110857	0.8862859058512035	1.0085162632171536
9	0.8866410308879006	0.8845535540152879	1.0023599214124876
9	0.8863626647271449	0.8860401264928924	1.0003640221527315
9	0.8857631847060725	0.884421930708794	1.0015165318166677
9	0.8963092900396522	0.8889446480213488	1.0082847025792843
9	0.8933169418600463	0.8859666770423218	1.0082963219816148
9	0.886165347070628	0.8844163966186124	1.0019775192530378
9	0.8947030222590658	0.8863924201309198	1.0093757594710913
9	0.8878310339115917	0.8872091082239023	1.0007009910988565
9	0.8787131250428404	0.8830447251344099	0.9950946990924948
9	0.8856518881512149	0.8835651872051696	1.0023616830724689
9	0.8844045406335037	0.8841442865155846	1.000294357065796
9	0.8826849324458389	0.8849355990620527	0.9974566888047003
9	0.8842483346850343	0.8838732851404931	1.0004243250145088
9	0.88742519940091	0.885697685744815	1.0019504551992164
9	0.8757624284284501	0.884648952680966	0.989954745070816
9	0.8854105370994318	0.8820153299600646	1.0038493742954797
9	0.8885232728060963	0.8850385907526942	1.0039373221572616
9	0.8693990733149173	0.8810862336031505	0.9867355091448435
9	0.8849591724320305	0.8835950541806809	1.0015438273957005
9	0.8879791813078238	0.8810672886432448	1.0078449089572066
9	0.8811055970298072	0.8858850001487399	0.9946049395597281
9	0.8760938127418718	0.8816507556576498	0.9936971154619689
9	0.8930417068743864	0.8863537087957496	1.0075455182420612
9	0.8720124289660631	0.8794760358229066	0.9915135756372715
9	0.8792660185542922	0.8839553079107209	0.9946951058334476
9	0.8831868964905161	0.881300609586766	1.0021403444899857
9	0.8890404532709898	0.8809206839753037	1.0092173670608395
9	0.8818125691375888	0.882880425019245	0.9987904863995224
9	0.8866051037216325	0.8838056741003619	1.0031674718813275
9	0.8904402709200536	0.8862298139918696	1.0047509763965383
9	0.8843891037766304	0.8845173926281432	0.9998549617536274
9	0.891146296143334	0.8858316790628685	1.00599957893365
9	0.8903559865992682	0.8863297739703128	1.0045425672782264
9	0.8836111812082411	0.8841765004017385	0.9993606263079369
9	0.888432885108319	0.8853693908358657	1.0034601312222473
9	0.8881562349185325	0.8847591104186079	1.003839603864963
9	0.896652102368297	0.8856894916577566	1.0123774876113993
9	0.883798395889643	0.8856529473424001	0.9979060065702688
9	0.8814170811696438	0.8860729972367363	0.9947454486463168
9	0.9021718653145626	0.8901027285833831	1.0135592627048653
9	0.8940599547021703	0.8880802090581053	1.0067333396049971
9	0.8790043060449638	0.8826418664202734	0.9958787810620604
9	0.8962540603228244	0.8865050479259217	1.010997131285052
9	0.8829214474272834	0.8855478820798806	0.9970341133373517
9	0.8888723921584494	0.8852445875311299	1.0040980816809477
9	0.8827488969385974	0.8856068251143409	0.9967729153675228
9	0.894008204598497	0.8876381149460565	1.0071764489888175
9	0.895066009570645	0.8830390911388524	1.01361991621037
9	0.8873143865668353	0.8854042228013339	1.0021573917497906
9	0.8913106049947408	0.8813631107309077	1.0112864881031653
9	0.8886312200517926	0.8863924580993781	1.002525700587768
9	0.8846348154412814	0.8815147760991865	1.0035394067424501
9	0.8855563276242138	0.882428673049475	1.0035443709732712
9	0.8812298696353084	0.8835590077053445	0.9973639133892314
9	0.8848587351158873	0.8802467066648431	1.005239472543463
9	0.8829679123398562	0.8783990869405566	1.0052013093674912
9	0.8841341176641286	0.8842298612363259	0.9998917209467871
9	0.8940304964470615	0.8824183340765192	1.0131594754121862
9	0.8971714924141694	0.8876924411438237	1.0106783057182864
9	0.8917609166228108	0.8872386950297823	1.005096961638803
9	0.8960738332109376	0.8838165271973247	1.013868609192546
9	0.8703635754768376	0.8802621320981745	0.9887549898372399
9	0.8809352873596232	0.8842917690476204	0.9962043277960032
9	0.888360012101819	0.8860031356432175	1.002660122028677
9	0.8872328485798326	0.8838745579706188	1.0037995104383641
9	0.8953037436585283	0.8860980619953573	1.0103890100407635
9	0.8859263797559772	0.8833571623898425	1.0029084695019441
9	0.8905484010768092	0.8892038910557054	1.0015120379416105
