0	1.0	0.9999906023175544	1.000009397770763
0	1.0	0.9999906023175544	1.000009397770763
0	1.0	0.9999906023175544	1.000009397770763
0	1.0	0.9999904669042627	1.0000095331866181
0	1.0	0.9999906023175544	1.000009397770763
0	1.0	0.9999905350952194	1.0000094649943658
0	1.0	0.999991422337862	1.0000085777357148
0	1.0	0.9999906023175544	1.000009397770763
0	1.0	0.9999906023175544	1.000009397770763
0	1.0	0.9999918127839794	1.0000081872830517
0	0.9994715756181195	0.9997318694230428	0.9997396363836301
0	1.0	0.9999902563056824	1.000009743789258
0	1.0	0.9999905350952194	1.0000094649943658
0	1.0	0.9999905350952194	1.0000094649943658
0	1.0	0.9999906023175544	1.000009397770763
0	1.0	0.9999918127839794	1.0000081872830517
0	1.0	0.9999906023175544	1.000009397770763
0	1.0	0.999991422337862	1.0000085777357148
0	1.0	0.9999906023175544	1.000009397770763
0	1.0	0.9999904669042627	1.0000095331866181
0	1.0	0.9999904669042627	1.0000095331866181
0	1.0	0.9999905350952194	1.0000094649943658
0	1.0	0.9999906023175544	1.000009397770763
0	1.0	0.9999905350952194	1.0000094649943658
0	1.0	0.9999906023175544	1.000009397770763
0	1.0	0.9999905350952194	1.0000094649943658
0	1.0	0.9999906023175544	1.000009397770763
0	1.0	0.9999905350952194	1.0000094649943658
0	1.0	0.9999906023175544	1.000009397770763
0	1.0	0.9999918127839794	1.0000081872830517
0	1.0	0.9999906023175544	1.000009397770763
0	1.0	0.9999905350952194	1.0000094649943658
0	1.0	0.9999906023175544	1.000009397770763
0	1.0	0.9999905350952194	1.0000094649943658
0	1.0	0.9999906023175544	1.000009397770763
0	1.0	0.9999906023175544	1.000009397770763
0	1.0	0.9999906023175544	1.000009397770763
0	1.0	0.9999906023175544	1.000009397770763
0	1.0	0.9999906023175544	1.000009397770763
0	1.0	0.9999906023175544	1.000009397770763
0	1.0	0.9999906023175544	1.000009397770763
0	0.9983882828890931	0.9989397393442419	0.9994479582366893
0	1.0	0.9999903275315181	1.0000096725620395
0	1.0	0.9999905350952194	1.0000094649943658
0	1.0	0.9999906023175544	1.000009397770763
0	1.0	0.9999906023175544	1.000009397770763
0	1.0	0.9999906023175544	1.000009397770763
0	1.0	0.9999906023175544	1.000009397770763
0	1.0	0.9999906023175544	1.000009397770763
0	1.0	0.9999905350952194	1.0000094649943658
0	1.0	0.9999906023175544	1.000009397770763
0	1.0	0.9999905350952194	1.0000094649943658
0	1.0	0.9999905350952194	1.0000094649943658
0	1.0	0.9999906023175544	1.000009397770763
0	1.0	0.9999905350952194	1.0000094649943658
0	1.0	0.9999906023175544	1.000009397770763
0	1.0	0.9999906023175544	1.000009397770763
0	1.0	0.9999906023175544	1.000009397770763
0	1.0	0.9999906023175544	1.000009397770763
0	1.0	0.9999905350952194	1.0000094649943658
0	1.0	0.9999906023175544	1.000009397770763
0	1.0	0.9999906023175544	1.000009397770763
0	1.0	0.9999904669042627	1.0000095331866181
0	1.0	0.9999918127839794	1.0000081872830517
0	1.0	0.9999906023175544	1.000009397770763
0	1.0	0.9999906023175544	1.000009397770763
0	1.0	0.9999906023175544	1.000009397770763
0	1.0	0.9999906023175544	1.000009397770763
0	1.0	0.9999906023175544	1.000009397770763
0	1.0	0.9999906023175544	1.000009397770763
0	1.0	0.9999906023175544	1.000009397770763
0	1.0	0.9999906023175544	1.000009397770763
0	1.0	0.9999906023175544	1.000009397770763
0	1.0	0.9999906023175544	1.000009397770763
0	1.0	0.9999906023175544	1.000009397770763
0	1.0	0.9999906023175544	1.000009397770763
0	1.0	0.9999906023175544	1.000009397770763
0	1.0	0.9999904669042627	1.0000095331866181
0	1.0	0.9999906023175544	1.000009397770763
0	1.0	0.9999906023175544	1.000009397770763
0	1.0	0.9999906023175544	1.000009397770763
0	1.0	0.9999906023175544	1.000009397770763
0	1.0	0.9999906023175544	1.000009397770763
0	1.0	0.9999906023175544	1.000009397770763
0	1.0	0.9999906023175544	1.000009397770763
0	1.0	0.9999905350952194	1.0000094649943658
0	1.0	0.9999906023175544	1.000009397770763
0	1.0	0.9999906023175544	1.000009397770763
0	1.0	0.9999906023175544	1.000009397770763
0	1.0	0.9999906023175544	1.000009397770763
0	1.0	0.9999906023175544	1.000009397770763
0	1.0	0.9999905350952194	1.0000094649943658
0	1.0	0.9999906023175544	1.000009397770763
0	1.0	0.9999914845850473	1.0000085154874656
0	1.0	0.9999906023175544	1.000009397770763
0	1.0	0.9999906023175544	1.000009397770763
0	1.0	0.9999906023175544	1.000009397770763
0	1.0	0.9999906023175544	1.000009397770763
0	1.0	0.9999904669042627	1.0000095331866181
0	1.0	0.9999905350952194	1.0000094649943658
0	1.0	0.9999906023175544	1.000009397770763
0	1.0	0.9999906023175544	1.000009397770763
0	1.0	0.9999906023175544	1.000009397770763
0	1.0	0.9999906023175544	1.000009397770763
0	1.0	0.9999906023175544	1.000009397770763
0	1.0	0.9999906023175544	1.000009397770763
0	1.0	0.9999905350952194	1.0000094649943658
0	1.0	0.9999914845850473	1.0000085154874656
0	1.0	0.9999906023175544	1.000009397770763
0	1.0	0.9999906023175544	1.000009397770763
0	1.0	0.9999906023175544	1.000009397770763
0	1.0	0.9999906023175544	1.000009397770763
0	1.0	0.9999906023175544	1.000009397770763
0	1.0	0.9999906023175544	1.000009397770763
0	1.0	0.9999906023175544	1.000009397770763
0	1.0	0.9999906023175544	1.000009397770763
0	1.0	0.9999906023175544	1.000009397770763
0	1.0	0.9999906023175544	1.000009397770763
0	1.0	0.9999906023175544	1.000009397770763
0	1.0	0.9999906023175544	1.000009397770763
0	1.0	0.9999906023175544	1.000009397770763
0	1.0	0.9999906023175544	1.000009397770763
0	1.0	0.9999906023175544	1.000009397770763
0	1.0	0.9999918127839794	1.0000081872830517
0	1.0	0.9999906023175544	1.000009397770763
0	1.0	0.9999906023175544	1.000009397770763
0	1.0	0.9999906023175544	1.000009397770763
0	1.0	0.9999906023175544	1.000009397770763
0	1.0	0.9999905350952194	1.0000094649943658
0	1.0	0.9999906023175544	1.000009397770763
0	1.0	0.9999906023175544	1.000009397770763
0	1.0	0.9999905350952194	1.0000094649943658
0	1.0	0.9999906023175544	1.000009397770763
0	1.0	0.9999906023175544	1.000009397770763
0	1.0	0.9999906023175544	1.000009397770763
0	1.0	0.9999906023175544	1.000009397770763
0	1.0	0.9999906023175544	1.000009397770763
0	1.0	0.9999906023175544	1.000009397770763
0	1.0	0.9999906023175544	1.000009397770763
0	1.0	0.9999906023175544	1.000009397770763
0	1.0	0.9999905350952194	1.0000094649943658
0	1.0	0.9999906156476005	1.0000093844404665
1	0.9193289077299447	0.877424367266992	1.0477585784327796
1	0.9551640816501358	0.7651767675607459	1.2482920576575232
1	0.8500262897273376	0.8572367520565628	0.9915887153555575
1	0.8211306179824327	0.8514928485224748	0.9643423540283079
1	0.9760809292091895	0.8864836704311666	1.1010703995646585
1	0.9563181274945354	0.8800797892087437	1.0866266209275588
1	0.9297019038031863	0.8765169597980653	1.06067759831752
1	0.9390178407570813	0.8867584735565109	1.0589330339195682
1	0.9217752252269286	0.8666984967416361	1.0635477374108229
1	0.8271282908197918	0.8339088143590749	0.9918689868454088
1	0.9058253181369389	0.8601467491834867	1.0531055532056752
1	0.9193970973814883	0.8795188298883898	1.0453410048061837
1	0.9039417977284299	0.8598539160026973	1.0512736883617266
1	0.9127992041384481	0.8489166419279551	1.0752518669741362
1	0.8273401090030414	0.6742699405870006	1.2270161536235504
1	0.6803762121161933	0.6924552175794355	0.9825562647856624
1	0.8524471795410047	0.8565117636918708	0.9952544911545099
1	0.8357218908268795	0.8191236919240256	1.0202633607921494
1	0.9393332518421268	0.8834549956864027	1.0632496917540313
1	0.9386709585376078	0.8757014387279152	1.0719075212451006
1	0.9643187455328561	0.878967731741344	1.097103694150889
1	0.9331070502341763	0.8786206667845579	1.0620135463567222
1	0.891255941821214	0.873930024622088	1.019825291168613
1	0.8662245676366449	0.8122280181464624	1.0664795455017728
1	0.9169005171969055	0.877367264096629	1.0450589561726826
1	0.955201487811195	0.89807340808993	1.0636118152554679
1	0.9645906453455467	0.8897372682997768	1.0841297534819567
1	0.967748376641811	0.9029565675065256	1.0717551778976535
1	0.8160199296728365	0.8287113717461	0.9846853289263757
1	0.8603766536948886	0.8198420457629827	1.0494419725621447
1	0.9314332373991133	0.8518505960437522	1.0934232384469373
1	0.8969513313412495	0.8759684406955383	1.0239539344922637
1	0.9590210154623662	0.8795318552000534	1.090376670034575
1	0.9558077940425864	0.8817175335599825	1.0840294739103808
1	0.9591784042674615	0.8531937118784779	1.1242211363180783
1	0.9542376324120528	0.87660205182878	1.0885642241212057
1	0.8505492003507792	0.8301272564668567	1.024600979819457
1	0.9330941104829215	0.8388894127477802	1.1122969205518687
1	0.8763337235163821	0.8184297656227937	1.0707500635067027
1	0.9141778437973891	0.8600731795576916	1.062907047360228
1	0.9361292245441615	0.8877026556981524	1.0545526911913121
1	0.8994527017252288	0.875730261612572	1.0270887522705614
1	0.9201337561869796	0.8865602335855509	1.0378694208577863
1	0.8388363903903464	0.7342179985673083	1.1424895494623963
1	0.80739226002684	0.8229254872300291	0.9811243819225066
1	0.8458406881386702	0.8464029626531734	0.999335689335561
1	0.9440375552789917	0.887583364012069	1.0636043819160124
1	0.95648096095514	0.860589047511575	1.111425904990123
1	0.9511397741498155	0.8830442400672387	1.0771145215526141
1	0.9190917627231194	0.8802813203787812	1.0440886810226058
1	0.8670285224417826	0.8557630321593775	1.013164263772856
1	0.9410668479584825	0.8873046570951859	1.0605904527079804
1	0.9594875306454925	0.861759235213582	1.113405567864543
1	0.9064167531824673	0.805865911683987	1.1247736627652645
1	0.8765960900702371	0.8563009760919167	1.0237009118814107
1	0.885499027789615	0.8531900950977271	1.0378683869837788
1	0.9605897082837354	0.8912864071451942	1.0777564883554331
1	0.9098085136807921	0.874336471820108	1.040570241553394
1	0.9267421294224251	0.8861218091654203	1.045840560334772
1	0.9119109884616355	0.8803374170187783	1.0358653066795454
1	0.8200706189112908	0.8222428464732887	0.9973581678803107
1	0.8732278052080865	0.8599276969182822	1.0154665425215026
1	0.9297967589637255	0.8914680669840799	1.042995025171586
1	0.9527848746727472	0.8909683666978612	1.06938126008221
1	0.9411977309464639	0.8704313940198481	1.081300303978928
1	0.8775738096722172	0.8615242431830896	1.0186292685506202
1	0.8272415301343404	0.8267403481710786	1.0006062144715333
1	0.9623185836325862	0.8724194604030088	1.103045756439281
1	0.9613229669864696	0.8818727427846376	1.0900926180697645
1	0.9257413787054976	0.878223076075087	1.0541073264013707
1	0.885033339792877	0.7611286747667513	1.1627906937865617
1	0.8996995475815586	0.8674630099648118	1.03716185848438
1	0.8918895264523357	0.8590162937277955	1.0382684623849021
1	0.9562473814486185	0.8907613679286339	1.0735168990009805
1	0.8570057957909558	0.8480927898410355	1.0105094702568935
1	0.9670131569056583	0.8891136062473222	1.0876148448420742
1	0.9116555304298906	0.8670554524915127	1.0514385531054766
1	0.8587361202089655	0.8402556111818192	1.021993913258316
1	0.959801210253783	0.8946407935454385	1.0728341667163594
1	0.9586395172326991	0.897802806305495	1.0677617740777068
1	0.9068676389608642	0.8680450405522522	1.0447241751233474
1	0.8971780215464161	0.8621219523551303	1.0406625409497117
1	0.8440256897184046	0.7899519243752406	1.0684519698916235
1	0.8254134365982033	0.838487239247501	0.9844078692705798
1	0.9030928388066567	0.8423039273040965	1.0721698065650993
1	0.9556148511953838	0.8646926809138213	1.1051496933979763
1	0.9022403194462063	0.8563703260107721	1.053563268182248
1	0.9508187024813367	0.8691434388971236	1.093972133860727
1	0.8746407466770346	0.8649587534334598	1.0111935895268325
1	0.8294016512313682	0.8540485102676076	0.9711411486116678
1	0.9543023329118017	0.8915227340364449	1.0704183936971712
1	0.9404474217097306	0.8870258565983649	1.0602254880328188
1	0.9461787618681944	0.889459928753503	1.0637677216040273
1	0.9289769157061828	0.8751570308801295	1.0614974032396536
1	0.9394591950735063	0.8897807465992652	1.055832235822265
1	0.9258733919053828	0.8768567709060442	1.0559003734996428
1	0.9539598958120589	0.8836259164736322	1.0795970082216635
1	0.9000098592625626	0.879760380793597	1.0230170384016377
1	0.9284023040931902	0.8765111422310383	1.0592019420655283
1	0.9047548339071424	0.8616317849134205	1.050048117709649
1	0.9361107802276976	0.862713045269742	1.0850778081546297
1	0.88246742260397	0.8560199022195697	1.0308959176250747
1	0.9449773282254412	0.8821626958328682	1.0712052693786471
1	0.866188734006383	0.8564419849603242	1.0113805128861242
1	0.898007399549364	0.8540622867854718	1.051454224643607
1	0.9229762059143045	0.8815007538507676	1.0470509547295956
1	0.8754943888738401	0.8595816772086263	1.0185121578171468
1	0.9766397598531633	0.8745853284344258	1.1166889360028742
1	0.9262676498402881	0.8377947000292899	1.1056021836947705
1	0.9287922691100936	0.8169191200345626	1.136945196081098
1	0.7575871564882359	0.7971354049833115	0.9503870380767951
1	0.8190474641266594	0.824071283903678	0.9939036587305646
1	0.9475194928114549	0.8850745268343647	1.0705533422145097
1	0.9517693210151752	0.8334182189579414	1.142006857259748
1	0.8803275293551931	0.8368143336345357	1.0519986261846956
1	0.8663134212178795	0.828622364930708	1.045486409590602
1	0.9614319819195221	0.8542398991280725	1.1254824117918878
1	0.9345861915172217	0.8801454008136967	1.0618543148134323
1	0.8381363315201746	0.8218019464310337	1.0198763037250993
1	0.878598998825009	0.8312724575624781	1.0569326468499936
1	0.8322373687294504	0.8471428160717777	0.9824050360109949
1	0.8368869358755366	0.8218841592120518	1.0182541255909692
1	0.9074597210698299	0.8702098778729893	1.042805585346708
1	0.8954276986479316	0.6815892215025005	1.3137351213888682
1	0.9185862814361027	0.8495930109457445	1.0812074365036934
1	0.9164457032593557	0.8514427203257877	1.0763445166442858
1	0.9392213013838729	0.8917267731084518	1.0532613012277976
1	0.9296849717735853	0.8600186532588276	1.0810055901122313
1	0.910490215527053	0.8427887274603293	1.0803303198783119
1	0.7158361375392136	0.793652570891199	0.9019515135387205
1	0.9345954540307606	0.8818468195982234	1.0598160964696453
1	0.9283102337070475	0.8039649205810256	1.1546650978703865
1	0.9511778041836021	0.7711062725424188	1.2335236245031032
1	0.8717329631632562	0.8372415571551531	1.0411964811270247
1	0.912214909156642	0.8622607995446547	1.0579338752711096
1	0.9526189389976146	0.8634186876633653	1.1033105405393162
1	0.9549724962935215	0.8711512663993196	1.0962189152759376
1	0.9440699122926833	0.8522211848306597	1.1077756914483115
1	0.8954141188899716	0.8722212184583976	1.0265906170828614
1	0.9486372810440231	0.8988216664317964	1.0554232463153543
1	0.799637383789095	0.8010517196266205	0.9982344013465388
1	0.9029067460203806	0.8796444326142062	1.0264451323099282
2	0.8627300236460655	0.7833163460195465	1.1013813614768322
2	0.888547669821877	0.8655959538408384	1.0265155074711207
2	0.8587497434246382	0.8459953998876824	1.0150761381665303
2	0.9174801731553599	0.8804174183616095	1.042096798655712
2	0.9374115064119272	0.8815890636343289	1.0633202532566268
2	0.9234750325196825	0.879909855083925	1.0495109552234783
2	0.9373994132811058	0.8861839556360069	1.0577932576181002
2	0.8876485646682235	0.8594701897204678	1.0327857502037625
2	0.9230048624660455	0.8513252380721592	1.0841976969415426
2	0.7804376463681738	0.788483491907584	0.9897957970940585
2	0.9121938745886382	0.8493001437480792	1.074053597310134
2	0.8823311118694349	0.8387545591332619	1.051953878833402
2	0.8247620182239415	0.8288702389525933	0.9950435900149543
2	0.8712691825785276	0.8498491567240976	1.0252045032756136
2	0.9386170287084689	0.8423386375918174	1.11429891354848
2	0.8897426846458389	0.8219331453868621	1.0825000666289721
2	0.8983977299283351	0.8498915739208304	1.0570733461725357
2	0.8952902739332412	0.8442868940905116	1.0604100101514329
2	0.8911514948691364	0.8566357278458359	1.0402922337947502
2	0.8794901145370165	0.8365559474341603	1.0513225292755872
2	0.8658703193344028	0.7083163869038592	1.2224344026815923
2	0.9128418354369738	0.8573145232258002	1.0647688925206145
2	0.8808849165162502	0.8448941166545381	1.0425980003319495
2	0.915661505768389	0.875660200527654	1.0456813101893074
2	0.9163722496542406	0.8744024765600058	1.0479982321863364
2	0.9436330548108278	0.8752586368996607	1.0781191010617877
2	0.9173682435762377	0.8614854594565416	1.0648679365464266
2	0.9511774540167682	0.8854840240060085	1.0741892888293534
2	0.9245788907026619	0.8550133166772609	1.0813619772563843
2	0.8594969261214549	0.8458136897468806	1.0161776009781411
2	0.9445412382002747	0.8673000005278931	1.0890594230662605
2	0.8452065663878537	0.8287608509004252	1.0198437407722152
2	0.784563277117778	0.8001530646348324	0.980516493398461
2	0.8564742350840051	0.8393940115315256	1.020348279017759
2	0.9747047049567394	0.8578445562179298	1.1362253194844802
2	0.8492355388780993	0.8401557504820165	1.01080726804628
2	0.94739321285224	0.8731832462730122	1.0849878497966794
2	0.9006861575138085	0.8236466587149497	1.0935346461783206
2	0.8943774348432296	0.8369802434667608	1.0685765187703002
2	0.8680263702842901	0.8393407033520529	1.0341764277815624
2	0.9514969265667996	0.8761760523734755	1.0859654563592411
2	0.9039757220841309	0.8585028661168991	1.0529676227790716
2	0.8717345998010224	0.8519564888390033	1.023214930834052
2	0.9273258257907553	0.8695988284584872	1.0663834810295214
2	0.897712028229742	0.8589220836509541	1.0451611913549905
2	0.8671358057588743	0.8549394211757398	1.0142657880559087
2	0.9104260581902246	0.8695933156020893	1.0469561366854154
2	0.9370679729087925	0.8344453963610073	1.1229829740751394
2	0.9070311098036999	0.846435822276749	1.0715887559720256
2	0.9070923407605267	0.8294754495479542	1.0935734641150283
2	0.9041025862428448	0.8588698974543327	1.052665355861907
2	0.8850225960574676	0.8439002427332757	1.0487289270009004
2	0.944426259962109	0.8811262538938611	1.0718398819562047
2	0.9134267807079762	0.8554921957041559	1.0677207639002881
2	0.8903962509040223	0.8588648801821964	1.036712842088894
2	0.9203701757994107	0.873580487539444	1.0535608211577117
2	0.9000335009874607	0.8185412696503125	1.099557877359027
2	0.814644440796713	0.8154652335709426	0.9989934668696601
2	0.9410084011003488	0.8840134679487712	1.0644729240198414
2	0.9173236991275445	0.8780841144841801	1.0446877286538947
2	0.884465911271965	0.8657697555640336	1.0215948357952875
2	0.8662769269990825	0.8594285002981686	1.0079685822596505
2	0.9152540774068882	0.8559092615733439	1.069335405629863
2	0.8080749901415857	0.8113025653501008	0.9960217367153001
2	0.8615071807220925	0.8562037863489148	1.0061940795611204
2	0.9287736482550244	0.8429316522016571	1.1018374334729941
2	0.930913999099225	0.8701163651764993	1.0698729921145584
2	0.9514758926313341	0.8858307032919712	1.0741057959443139
2	0.9168605909085652	0.8596569805385749	1.0665423670894318
2	0.8987239493540382	0.8579948089326933	1.047470147834589
2	0.9183647012255536	0.8792059196825919	1.0445388056043785
2	0.8797771976157952	0.8037827464205127	1.094546009520245
2	0.8993849188064476	0.8329792091477122	1.079720728836294
2	0.939567620030239	0.8707793872437678	1.0789961657271228
2	0.9247384375132064	0.8849294957204331	1.0449854389364255
2	0.7954892353808567	0.7401800084275418	1.0747240216211935
2	0.9163157287452728	0.8590337176902088	1.0666819123341111
2	0.9372377770006268	0.8599655743255041	1.0898549953417955
2	0.9362874247095592	0.8760626699735262	1.0687448019419123
2	0.9413988007948746	0.878985798793017	1.0710057000779312
2	0.8386833035466548	0.8050753650701786	1.0417450836711997
2	0.901841487100709	0.8683102132169841	1.0386166987020635
2	0.8916369366219158	0.8499395844837563	1.0490591953820882
2	0.9379937740227249	0.8508389447141551	1.1024339915914991
2	0.8574680030584554	0.8102204289709873	1.0583144689988555
2	0.803578768522625	0.8262482572382776	0.972563344591582
2	0.9074884864774606	0.8651235668977358	1.048969790213486
2	0.9217168685765301	0.8592109738910688	1.0727480171748667
2	0.9076975283533134	0.8763269673314042	1.0357977811837047
2	0.8910961247216974	0.8657557564566076	1.0292696503327956
2	0.909426177508216	0.8615334362228095	1.0555901132466556
2	0.9192482605449243	0.8324775425789236	1.1042319023972642
2	0.9043992349520191	0.8663424632145209	1.0439280923577154
2	0.9166065417142913	0.7705524831060612	1.1895445953525359
2	0.9259791316599728	0.870095003547579	1.0642276163919357
2	0.9343673891947617	0.858895915412232	1.0878703372879668
2	0.9164884635895814	0.8474652183752547	1.0814466997792036
2	0.9308247453780905	0.8619061386420616	1.0799606867223508
2	0.9032856280120788	0.8437508776040888	1.0705596307965268
2	0.8266386015260828	0.8145070242340122	1.0148943801970025
2	0.9236857269915365	0.8705097463753568	1.0610860255586967
2	0.8666547328611939	0.846581918437883	1.0237104218577564
2	0.896017049996437	0.8595110921612443	1.042472933936662
2	0.9221169069685384	0.8504146596933364	1.08431445349385
2	0.8744043319918735	0.8531023256208338	1.0249700484118802
2	0.7663094079734613	0.7538246364326793	1.0165619043705756
2	0.8918951292878676	0.8691549179419189	1.0261635881895435
2	0.9292315496682173	0.8802966220470746	1.0555891348388315
2	0.928272070674766	0.8828163242614923	1.0514894720046088
2	0.9321954434147312	0.8669793416668125	1.0752222095886823
2	0.862103613074326	0.8433886278977352	1.0221902270881227
2	0.8880700320567009	0.862933488827422	1.029129178035998
2	0.8928163465010328	0.8615944184376608	1.0362373843135928
2	0.9460169861959609	0.8483845346998679	1.1150804234434004
2	0.9394861568974834	0.8757113495628842	1.0728262884413142
2	0.8877954719572848	0.8598203587860628	1.0325359976480653
2	0.9415834415050229	0.8610203951919329	1.0935669430863266
2	0.8494729258829363	0.824830982591222	1.0298751426798993
2	0.7824422736363367	0.8008384675951468	0.9770288332751392
2	0.8864063350798622	0.8600939168761954	1.0305924942467117
2	0.8404325263549687	0.8073407743387038	1.0409885801238894
2	0.8286964871957636	0.8191339457423031	1.0116739655378277
2	0.871844813694478	0.8193982009267374	1.064006258139722
2	0.9032809282533366	0.8105533097530615	1.1144003946249075
2	0.9180491572617004	0.825278708167255	1.1124110535948106
2	0.8649712366850668	0.8513409230690009	1.016010405757226
2	0.9113449274952894	0.862434613122218	1.0567119102467426
2	0.8451155503548797	0.8194387360365653	1.0313346357563071
2	0.9201946707244051	0.8668972745091421	1.0614806364980687
2	0.9156006059270517	0.8571818102937913	1.0681521643736676
2	0.9178972019630048	0.8781298005386012	1.0452864729109663
2	0.9547220564022249	0.881401697446002	1.0831860877607564
2	0.9421521175659539	0.8412511883497744	1.1199414997726302
2	0.8504621227624067	0.8130882290246645	1.045965360711929
2	0.7741918125408616	0.7205520181193805	1.0744426399102722
2	0.8685665162192473	0.8099411398666023	1.0723822676328068
2	0.917078179974894	0.8588388190079492	1.067811747301103
2	0.9465592516325503	0.8831842120008314	1.071757441732506
2	0.9323723035853358	0.8817415175911939	1.0574213473949359
2	0.9240577199725204	0.8829890832036819	1.046510922445193
2	0.907245744990297	0.8711311154118877	1.0414571686620717
2	0.8508708748966793	0.8452688272800561	1.0066275336742865
3	0.8627912445584943	0.78331917930181	1.1014555335253242
3	0.8885476671166366	0.8655984974766839	1.0265124878414784
3	0.8587497393634834	0.8460045136926123	1.0150651981929046
3	0.9174801707333291	0.8804246987088585	1.0420881786696947
3	0.9374115047206718	0.8815846993300649	1.0633255153282843
3	0.9234750302279526	0.8799016981399287	1.049520681889961
3	0.9373994117028257	0.8861792217442345	1.0577989064760245
3	0.8876343506586764	0.8594761921910987	1.032761999370562
3	0.9230048603940333	0.8513456028839191	1.0841717597029568
3	0.7806071167687982	0.7884607074112994	0.9900393379547267
3	0.912193872348638	0.849297263896832	1.0740572366419943
3	0.8823311096671074	0.8387589622607432	1.0519483538976708
3	0.8247620147696104	0.828879253997344	0.9950327635685442
3	0.8712691792045308	0.8498473577085605	1.0252066695291375
3	0.9386155241714663	0.8423175181333431	1.1143250662191246
3	0.8897426823385415	0.8219572310867489	1.0824683434710711
3	0.8984325287945765	0.8499036450735236	1.0570992770796444
3	0.8953415154785965	0.8443124607622999	1.0604385900810043
3	0.8911514921010589	0.8566445596275591	1.0402815054221581
3	0.8794901119214937	0.8365654158897423	1.0513106270190458
3	0.8658241650651458	0.7082737340876687	1.222442854217118
3	0.9128418336022946	0.8573168966048014	1.06476594269562
3	0.8808849131941126	0.844905515867193	1.0425839299794262
3	0.9156615039218625	0.875655002373932	1.0456875155620324
3	0.9163630332086757	0.8743928138931636	1.0479992729224787
3	0.9436330534468261	0.8752564211447663	1.0781218288151815
3	0.9173682415858269	0.8614723932997882	1.0648840853413015
3	0.9512047280820859	0.8854913887056742	1.0742111557656875
3	0.9246062344289054	0.8550256907467447	1.081378307617157
3	0.8595125837383076	0.8458205139529471	1.0161879140544494
3	0.9445412369769424	0.867310184690393	1.089046633660965
3	0.8452251858422748	0.8287642134268066	1.019862069511188
3	0.7845215466972573	0.8001451203167986	0.9804740749861031
3	0.8564990881906291	0.8394134412731935	1.0203542689184495
3	0.9747047039999861	0.8578569773123974	1.136208866720026
3	0.8490640698388603	0.8401372472145997	1.0106254337060483
3	0.9473932111189949	0.8731870935045128	1.0849830673935614
3	0.9006861552001986	0.8236512801228417	1.0935285076784773
3	0.8943774324734195	0.8369913808569379	1.068562296971001
3	0.8680252303252443	0.8393369180933686	1.0341797335652096
3	0.9515230214802181	0.8761822697292897	1.0859875329070583
3	0.9040752917973197	0.8585267203431552	1.0530543434174753
3	0.8717345968454733	0.851953023350923	1.0232190894947997
3	0.9273258241054577	0.8695974249570773	1.0663852001990806
3	0.8977707530616386	0.8589261685177648	1.0452245908526774
3	0.8672499701218968	0.8549617207924903	1.01437286492548
3	0.9103828506044762	0.8695787485478021	1.0469239871889888
3	0.9370679716757755	0.8344469813780251	1.1229808395115526
3	0.9070311080251408	0.8464367202193378	1.071587617075617
3	0.90709233907513	0.8294850602288983	1.0935607915889598
3	0.9041025840480679	0.8588812226076079	1.0526514729279628
3	0.8850225936592446	0.8439018374570403	1.0487269423729602
3	0.9444262585327289	0.8811212284582627	1.0718459935249023
3	0.9134267790531719	0.8555142242767119	1.0676932693029408
3	0.8903962483242236	0.8588742656104335	1.0367015103094122
3	0.9203768053426247	0.8735807968850656	1.05356803700862
3	0.8999828705569832	0.8185054360168486	1.0995441581141283
3	0.8146467153151453	0.8154591876082566	0.999003662837506
3	0.9410083994828137	0.8840078499711124	1.0644796870452722
3	0.9173216942209594	0.8780795560858355	1.0446908686839849
3	0.8844659086092245	0.8657745316367932	1.0215891970593016
3	0.8662718090564827	0.8594220920817536	1.0079701430040473
3	0.9152540749883918	0.8559101192511002	1.0693343312604087
3	0.8080749863831315	0.8113045445476621	0.9960193022629606
3	0.8615071775467719	0.8562043989759666	1.006193355905608
3	0.9287736468963106	0.8429378377344986	1.101829346506151
3	0.9309139973787979	0.8701140575237585	1.0698758275760638
3	0.9514737828589963	0.8858318034693061	1.074102080251135
3	0.9168379356236095	0.859645087112069	1.0665307687660692
3	0.8986815292936559	0.8579889727661989	1.0474278316145045
3	0.9183646991633658	0.8792202103650523	1.0445218255186157
3	0.8797771943341128	0.8037781277490078	1.0945522949199196
3	0.899329894759974	0.8329401048126349	1.0797053588412255
3	0.939564201416663	0.8707721197640237	1.0790012450918636
3	0.9247625933628818	0.8849392922499176	1.045001167268452
3	0.7954171203855441	0.7401373846838623	1.0746884792548261
3	0.9163154313108463	0.8590288997619376	1.0666875486549805
3	0.9372377756020196	0.8599564829346439	1.0898665155748921
3	0.9362874232556081	0.8760578691079228	1.068750657087318
3	0.9413987993300802	0.8789837570618083	1.0710081861773049
3	0.838684119588871	0.8050667006020794	1.0417573090051426
3	0.9017942158506991	0.8683175716695279	1.0385534570224175
3	0.8915661908438086	0.8499483090626603	1.0489651915738798
3	0.9379937727142765	0.8508384108713293	1.102434681755485
3	0.8574680005359923	0.8102273312826948	1.0583054501241145
3	0.8035787645093645	0.8262517281382926	0.9725592542117706
3	0.9074884837239214	0.8651187707160747	1.0489756024745325
3	0.9217168666462274	0.8592050938194928	1.0727553564060544
3	0.9076975256804765	0.8763253361779053	1.0357997061221589
3	0.8910961221914896	0.8657580949827528	1.029266867217963
3	0.9094261755455539	0.8615315146427378	1.0555924653814635
3	0.9192482589896397	0.8324816355794027	1.1042264714342291
3	0.9043992326319067	0.8663417723124447	1.0439289222057004
3	0.9166065404686183	0.7705497864700909	1.1895487566969778
3	0.925974309827124	0.8700942207625573	1.0642230320936887
3	0.9343673878322027	0.8588923035313081	1.0878749104987684
3	0.9164122281875816	0.8474355929601902	1.0813945458515002
3	0.9308362255441003	0.8619045544373866	1.0799759912531257
3	0.9032856255168671	0.843745016531535	1.070567064478901
3	0.8266385982858211	0.814513364458179	1.0148864762160261
3	0.9236857249976026	0.8705196789375519	1.0610739163587186
3	0.8666547295270751	0.8465994391008731	1.0236892318845636
3	0.8959509796182115	0.859508418225784	1.0423993071151683
3	0.9221169052170474	0.8504136721836542	1.084315710552109
3	0.8743389860934242	0.8531023101720492	1.0248934690108764
3	0.766309404773545	0.7538280405559804	1.0165573095534615
3	0.8919033700977639	0.8691621650255331	1.0261645133524222
3	0.9292300502997375	0.8802976072559705	1.0555862501958824
3	0.9282720688707349	0.8828249010494646	1.0514792545693314
3	0.9321954414964931	0.8669952186957052	1.0752025171475272
3	0.862232226502735	0.8433982810712203	1.0223310218365553
3	0.8880725504098242	0.862931651001136	1.0291342881901722
3	0.8928163444392588	0.8615862656316202	1.0362471873721713
3	0.9460169842748807	0.8484060505751841	1.1150521423480189
3	0.9395702419936013	0.8757337245709114	1.0728948944543255
3	0.887794396644875	0.859816794656705	1.032539027106746
3	0.9415842930061817	0.8610176308158102	1.0935714430307717
3	0.8493667557795106	0.8248095825881294	1.029773142443768
3	0.7824422692973927	0.8008612074033372	0.9770010859114215
3	0.8864063323437051	0.8601101921905374	1.0305729898237765
3	0.8404397331354968	0.8073406761203276	1.040997633333956
3	0.8287052761694864	0.819136830007222	1.0116811328849418
3	0.8718448106735359	0.8193859124439421	1.064022211552463
3	0.9032809261412197	0.8105636552865751	1.114386168501306
3	0.9180491557648024	0.8252795173565083	1.112409961058344
3	0.8649712337497208	0.8513411405377515	1.0160101427770305
3	0.9113379685861196	0.862451118883948	1.0566836179254233
3	0.8451063230393163	0.8194339924860755	1.0313293453635646
3	0.9201946687756006	0.8668997797187953	1.061477566731062
3	0.9156676303851496	0.8571866017345071	1.0682243849032484
3	0.9178971998905749	0.8781275000297378	1.045289208981031
3	0.9547220552856668	0.881401089325004	1.0831868338361297
3	0.9421521164982615	0.8412589348973807	1.1199311857688479
3	0.8504621200605396	0.8130893433575495	1.0459639239012333
3	0.7741884839975335	0.7205438100204941	1.07445025997172
3	0.8685665135610579	0.8099591832244586	1.0723583750273473
3	0.9170781778327601	0.8588443897960658	1.0678048185778124
3	0.9465592502924014	0.8831943843793929	1.0717450960215673
3	0.932344702497977	0.8817559766278245	1.057372705386839
3	0.9240577180618587	0.8829822753848173	1.0465189889107798
3	0.907245977761483	0.8711303407811082	1.0414583619576276
3	0.8508532483566734	0.8452622538606349	1.0066145086575229
4	0.8627912445584943	0.78331917930181	1.1014555335253242
4	0.8885476671166366	0.8655984974766839	1.0265124878414784
4	0.8587497393634834	0.8460045136926123	1.0150651981929046
4	0.9174801707333291	0.8804246987088585	1.0420881786696947
4	0.9374115047206718	0.8815846993300649	1.0633255153282843
4	0.9234750302279526	0.8799016981399287	1.049520681889961
4	0.9373994117028257	0.8861792217442345	1.0577989064760245
4	0.8876343506586764	0.8594761921910987	1.032761999370562
4	0.9230048603940333	0.8513456028839191	1.0841717597029568
4	0.7806071167687982	0.7884607074112994	0.9900393379547267
4	0.912193872348638	0.849297263896832	1.0740572366419943
4	0.8823311096671074	0.8387589622607432	1.0519483538976708
4	0.8247620147696104	0.828879253997344	0.9950327635685442
4	0.8712691792045308	0.8498473577085605	1.0252066695291375
4	0.9386155241714663	0.8423175181333431	1.1143250662191246
4	0.8897426823385415	0.8219572310867489	1.0824683434710711
4	0.8984325287945765	0.8499036450735236	1.0570992770796444
4	0.8953415154785965	0.8443124607622999	1.0604385900810043
4	0.8911514921010589	0.8566445596275591	1.0402815054221581
4	0.8794901119214937	0.8365654158897423	1.0513106270190458
4	0.8658241650651458	0.7082737340876687	1.222442854217118
4	0.9128418336022946	0.8573168966048014	1.06476594269562
4	0.8808849131941126	0.844905515867193	1.0425839299794262
4	0.9156615039218625	0.875655002373932	1.0456875155620324
4	0.9163630332086757	0.8743928138931636	1.0479992729224787
4	0.9436330534468261	0.8752564211447663	1.0781218288151815
4	0.9173682415858269	0.8614723932997882	1.0648840853413015
4	0.9512047280820859	0.8854913887056742	1.0742111557656875
4	0.9246062344289054	0.8550256907467447	1.081378307617157
4	0.8595125837383076	0.8458205139529471	1.0161879140544494
4	0.9445412369769424	0.867310184690393	1.089046633660965
4	0.8452251858422748	0.8287642134268066	1.019862069511188
4	0.7845215466972573	0.8001451203167986	0.9804740749861031
4	0.8564990881906291	0.8394134412731935	1.0203542689184495
4	0.9747047039999861	0.8578569773123974	1.136208866720026
4	0.8490640698388603	0.8401372472145997	1.0106254337060483
4	0.9473932111189949	0.8731870935045128	1.0849830673935614
4	0.9006861552001986	0.8236512801228417	1.0935285076784773
4	0.8943774324734195	0.8369913808569379	1.068562296971001
4	0.8680252303252443	0.8393369180933686	1.0341797335652096
4	0.9515230214802181	0.8761822697292897	1.0859875329070583
4	0.9040752917973197	0.8585267203431552	1.0530543434174753
4	0.8717345968454733	0.851953023350923	1.0232190894947997
4	0.9273258241054577	0.8695974249570773	1.0663852001990806
4	0.8977707530616386	0.8589261685177648	1.0452245908526774
4	0.8672499701218968	0.8549617207924903	1.01437286492548
4	0.9103828506044762	0.8695787485478021	1.0469239871889888
4	0.9370679716757755	0.8344469813780251	1.1229808395115526
4	0.9070311080251408	0.8464367202193378	1.071587617075617
4	0.90709233907513	0.8294850602288983	1.0935607915889598
4	0.9041025840480679	0.8588812226076079	1.0526514729279628
4	0.8850225936592446	0.8439018374570403	1.0487269423729602
4	0.9444262585327289	0.8811212284582627	1.0718459935249023
4	0.9134267790531719	0.8555142242767119	1.0676932693029408
4	0.8903962483242236	0.8588742656104335	1.0367015103094122
4	0.9203768053426247	0.8735807968850656	1.05356803700862
4	0.8999828705569832	0.8185054360168486	1.0995441581141283
4	0.8146467153151453	0.8154591876082566	0.999003662837506
4	0.9410083994828137	0.8840078499711124	1.0644796870452722
4	0.9173216942209594	0.8780795560858355	1.0446908686839849
4	0.8844659086092245	0.8657745316367932	1.0215891970593016
4	0.8662718090564827	0.8594220920817536	1.0079701430040473
4	0.9152540749883918	0.8559101192511002	1.0693343312604087
4	0.8080749863831315	0.8113045445476621	0.9960193022629606
4	0.8615071775467719	0.8562043989759666	1.006193355905608
4	0.9287736468963106	0.8429378377344986	1.101829346506151
4	0.9309139973787979	0.8701140575237585	1.0698758275760638
4	0.9514737828589963	0.8858318034693061	1.074102080251135
4	0.9168379356236095	0.859645087112069	1.0665307687660692
4	0.8986815292936559	0.8579889727661989	1.0474278316145045
4	0.9183646991633658	0.8792202103650523	1.0445218255186157
4	0.8797771943341128	0.8037781277490078	1.0945522949199196
4	0.899329894759974	0.8329401048126349	1.0797053588412255
4	0.939564201416663	0.8707721197640237	1.0790012450918636
4	0.9247625933628818	0.8849392922499176	1.045001167268452
4	0.7954171203855441	0.7401373846838623	1.0746884792548261
4	0.9163154313108463	0.8590288997619376	1.0666875486549805
4	0.9372377756020196	0.8599564829346439	1.0898665155748921
4	0.9362874232556081	0.8760578691079228	1.068750657087318
4	0.9413987993300802	0.8789837570618083	1.0710081861773049
4	0.838684119588871	0.8050667006020794	1.0417573090051426
4	0.9017942158506991	0.8683175716695279	1.0385534570224175
4	0.8915661908438086	0.8499483090626603	1.0489651915738798
4	0.9379937727142765	0.8508384108713293	1.102434681755485
4	0.8574680005359923	0.8102273312826948	1.0583054501241145
4	0.8035787645093645	0.8262517281382926	0.9725592542117706
4	0.9074884837239214	0.8651187707160747	1.0489756024745325
4	0.9217168666462274	0.8592050938194928	1.0727553564060544
4	0.9076975256804765	0.8763253361779053	1.0357997061221589
4	0.8910961221914896	0.8657580949827528	1.029266867217963
4	0.9094261755455539	0.8615315146427378	1.0555924653814635
4	0.9192482589896397	0.8324816355794027	1.1042264714342291
4	0.9043992326319067	0.8663417723124447	1.0439289222057004
4	0.9166065404686183	0.7705497864700909	1.1895487566969778
4	0.925974309827124	0.8700942207625573	1.0642230320936887
4	0.9343673878322027	0.8588923035313081	1.0878749104987684
4	0.9164122281875816	0.8474355929601902	1.0813945458515002
4	0.9308362255441003	0.8619045544373866	1.0799759912531257
4	0.9032856255168671	0.843745016531535	1.070567064478901
4	0.8266385982858211	0.814513364458179	1.0148864762160261
4	0.9236857249976026	0.8705196789375519	1.0610739163587186
4	0.8666547295270751	0.8465994391008731	1.0236892318845636
4	0.8959509796182115	0.859508418225784	1.0423993071151683
4	0.9221169052170474	0.8504136721836542	1.084315710552109
4	0.8743389860934242	0.8531023101720492	1.0248934690108764
4	0.766309404773545	0.7538280405559804	1.0165573095534615
4	0.8919033700977639	0.8691621650255331	1.0261645133524222
4	0.9292300502997375	0.8802976072559705	1.0555862501958824
4	0.9282720688707349	0.8828249010494646	1.0514792545693314
4	0.9321954414964931	0.8669952186957052	1.0752025171475272
4	0.862232226502735	0.8433982810712203	1.0223310218365553
4	0.8880725504098242	0.862931651001136	1.0291342881901722
4	0.8928163444392588	0.8615862656316202	1.0362471873721713
4	0.9460169842748807	0.8484060505751841	1.1150521423480189
4	0.9395702419936013	0.8757337245709114	1.0728948944543255
4	0.887794396644875	0.859816794656705	1.032539027106746
4	0.9415842930061817	0.8610176308158102	1.0935714430307717
4	0.8493667557795106	0.8248095825881294	1.029773142443768
4	0.7824422692973927	0.8008612074033372	0.9770010859114215
4	0.8864063323437051	0.8601101921905374	1.0305729898237765
4	0.8404397331354968	0.8073406761203276	1.040997633333956
4	0.8287052761694864	0.819136830007222	1.0116811328849418
4	0.8718448106735359	0.8193859124439421	1.064022211552463
4	0.9032809261412197	0.8105636552865751	1.114386168501306
4	0.9180491557648024	0.8252795173565083	1.112409961058344
4	0.8649712337497208	0.8513411405377515	1.0160101427770305
4	0.9113379685861196	0.862451118883948	1.0566836179254233
4	0.8451063230393163	0.8194339924860755	1.0313293453635646
4	0.9201946687756006	0.8668997797187953	1.061477566731062
4	0.9156676303851496	0.8571866017345071	1.0682243849032484
4	0.9178971998905749	0.8781275000297378	1.045289208981031
4	0.9547220552856668	0.881401089325004	1.0831868338361297
4	0.9421521164982615	0.8412589348973807	1.1199311857688479
4	0.8504621200605396	0.8130893433575495	1.0459639239012333
4	0.7741884839975335	0.7205438100204941	1.07445025997172
4	0.8685665135610579	0.8099591832244586	1.0723583750273473
4	0.9170781778327601	0.8588443897960658	1.0678048185778124
4	0.9465592502924014	0.8831943843793929	1.0717450960215673
4	0.932344702497977	0.8817559766278245	1.057372705386839
4	0.9240577180618587	0.8829822753848173	1.0465189889107798
4	0.907245977761483	0.8711303407811082	1.0414583619576276
4	0.8508532483566734	0.8452622538606349	1.0066145086575229
5	0.7515438757245929	0.5724998468041076	1.3127407455564768
5	0.7088595558062026	0.6766408587597175	1.0476156540495383
5	0.675865155912937	0.6425570949162038	1.051836733669678
5	0.7708614147949706	0.6919611525307011	1.1140241211167832
5	0.8206827787427244	0.702272132873917	1.1686107711326008
5	0.7538698190836459	0.6942560530947932	1.0858671173598151
5	0.7756016773045655	0.7060481527387102	1.0985110212328466
5	0.7201808819924714	0.660095806868945	1.0910247792794352
5	0.7973844138237866	0.6835488542948409	1.1665360987933775
5	0.6505801367426727	0.5811949436472073	1.119383683312949
5	0.7989890820058537	0.674332254715854	1.1848596540032432
5	0.7287387064118949	0.6335164192308687	1.150307528408865
5	0.6430531792619121	0.6397916432553	1.0050978096400527
5	0.709307006624817	0.6411784578921923	1.1062552053863293
5	0.8441320729369826	0.6780993129491386	1.2448502111965676
5	0.748586636586672	0.6243926004196795	1.198903760364099
5	0.7110796398850674	0.612738272583135	1.1604948992125992
5	0.7639578182343623	0.6611696909297814	1.1554640642405027
5	0.7502616578571157	0.657836661088939	1.140498397604023
5	0.7455375933558044	0.656041512802051	1.1364183192790687
5	0.7811785770350491	0.5324970183968921	1.4670102367649396
5	0.8007441433427889	0.680813179982592	1.176158404223701
5	0.7071762888920918	0.6618086676031272	1.0685509627023662
5	0.7538036219893696	0.6930427800425136	1.0876725704337165
5	0.7346885118759708	0.6872698718247762	1.068995662395753
5	0.7686577695679553	0.6769315117717967	1.1355030105720367
5	0.7593196446023172	0.6366731290281101	1.1926365508175734
5	0.7883108769216527	0.6687676389695941	1.1787515289110657
5	0.7664225737251555	0.6490530114292176	1.180832012530825
5	0.6725473841037697	0.6369237836124675	1.055930711661063
5	0.7947630575069417	0.6811290806913677	1.166831779815115
5	0.7153419137605137	0.6463120739792886	1.1068057406946064
5	0.7064455204101996	0.6058375485537986	1.1660642726694035
5	0.7314741908127569	0.6602733466660857	1.1078354056031265
5	0.8852195764997541	0.6391582094307192	1.3849772457560938
5	0.7008768826528865	0.6365187880077322	1.1011094972492352
5	0.7638072394456816	0.6690309452430665	1.1416620484844417
5	0.8281864686933854	0.6633950203117362	1.2484062185215257
5	0.7632860116625804	0.6486062238562224	1.1768095704116759
5	0.6645366103339889	0.6433483449546163	1.0329343590382085
5	0.832304916943975	0.699252528565982	1.1902780225204979
5	0.7336676420290432	0.6789340035366409	1.0806170234622052
5	0.7246624438966052	0.6796360069421702	1.0662508114557065
5	0.8050676372141885	0.6894773889337439	1.1676490775994866
5	0.6984212656422498	0.6449011981501251	1.0829895612624771
5	0.7113882074191658	0.6810787589808758	1.0445021196720967
5	0.7779598637329386	0.6941343169582535	1.1207627180024966
5	0.7731330743375233	0.6392200657974845	1.209494375576227
5	0.7622123123852166	0.6824327710844792	1.1169046163682275
5	0.7811298487214497	0.586185223447962	1.3325648915658717
5	0.7675768400617159	0.674001518640445	1.138835475638134
5	0.7404365485284423	0.655771387857457	1.1291077382128614
5	0.8066211159875781	0.6746168488523349	1.1956729473327123
5	0.7790676148026655	0.6799491886890451	1.1457732838901133
5	0.7434998295850368	0.6769212159649266	1.0983550405126612
5	0.7567391939739292	0.6969098004897684	1.0858495510353197
5	0.7561702417284615	0.6399725361095666	1.1815667064797313
5	0.7058865643062985	0.660101194405518	1.0693611377904177
5	0.8386942035135423	0.7095610617844361	1.18199017488975
5	0.7808800672292036	0.702982035899279	1.1108108420299456
5	0.6543312869977482	0.6459340904467425	1.0130000826325762
5	0.6971770880933417	0.668476821454734	1.0429338246555062
5	0.8026315989727715	0.6848561372270291	1.1719710977879432
5	0.7222305893922318	0.637669534933966	1.1326095255076323
5	0.6772063958451529	0.6719566800465617	1.0078125807131306
5	0.7967344616273161	0.6568501923259297	1.2129622110728953
5	0.7335361196283333	0.6773037306797027	1.0830238878090912
5	0.8371196046253706	0.705327876650661	1.186851721500842
5	0.8089466246297669	0.6887143992357789	1.1745748680837829
5	0.7218469018268369	0.649581508642559	1.1112491538364322
5	0.7799419438429727	0.6966190978868382	1.119610338288012
5	0.6904519779960836	0.6100813478600703	1.1317375632248428
5	0.7079457014729161	0.6401815713842586	1.105851422655188
5	0.8008627580975674	0.6958384421599297	1.1509320405058896
5	0.7628216825090437	0.6994453933727192	1.0906093452567107
5	0.7089693621251231	0.569229552088097	1.2454893803816411
5	0.8016516149251182	0.6860658642756926	1.16847617214049
5	0.7646597922976746	0.6697209226988389	1.1417588526520142
5	0.8408671187915834	0.718044389392612	1.1710517221684111
5	0.8082219170189685	0.7130175612354603	1.1335231570152993
5	0.6912058490599939	0.6090644841226494	1.134864808371922
5	0.6865338952966435	0.6766189670300364	1.0146536363148788
5	0.7312681398651586	0.6673788734459051	1.0957316285566119
5	0.8458689370329229	0.6843533140996395	1.2360120417415956
5	0.7449749826169729	0.6292799377580868	1.1838530642992826
5	0.7029693383093398	0.6517206710229393	1.0786359395444074
5	0.7519100363865615	0.6784358732652995	1.1082993485701635
5	0.7297950022673998	0.6575275354285504	1.109907894262935
5	0.7328599749673355	0.6855574165154762	1.0689986824040016
5	0.7280392236770332	0.6860864237975627	1.0611479813975289
5	0.7924846442360678	0.6948351353998822	1.1405362277484539
5	0.7899584087412819	0.6604335689425905	1.196120920997507
5	0.7284332605964524	0.6762179444456872	1.077216697042205
5	0.8220117381599735	0.5290760169562563	1.5536741636654776
5	0.8103985300946033	0.697523469073884	1.1618225995615399
5	0.7708379353706348	0.6830811849148318	1.1284719187028183
5	0.8009256258128559	0.6574179332301326	1.2182898964706026
5	0.8200199534469661	0.6848274818579648	1.197410990607764
5	0.8072436060285424	0.6797006834965051	1.1876457176354938
5	0.7341628062618041	0.6323712484014412	1.1609680359720334
5	0.7396076173157162	0.6762408823605532	1.0937043834646152
5	0.7461165489279704	0.6617220109253892	1.1275377524234975
5	0.7487706381865694	0.6372328393001851	1.1750346058889183
5	0.7445916617458757	0.6620457775346015	1.1246830461160369
5	0.6655689666187721	0.6466372477072435	1.0292771859008338
5	0.6247620321080103	0.580933534531089	1.0754449433054305
5	0.6822622194337251	0.6644070900274001	1.0268737791548683
5	0.7123948904036794	0.6790810242183624	1.0490572774046545
5	0.7784991887601368	0.6875034778061978	1.132356728207839
5	0.8372428655180387	0.6919444476029212	1.2099856692520183
5	0.6162373902680409	0.6220179582835098	0.9907067506034382
5	0.7137293936665671	0.6819207703672301	1.0466456290548347
5	0.7186756698891437	0.6629223636958043	1.0841023161181556
5	0.8309417448886322	0.6505901677125866	1.2772122699150905
5	0.8016559838636018	0.6855894259767201	1.1692945566094872
5	0.8114620343001689	0.707105439419847	1.1475827918477652
5	0.8216359564248947	0.6634885304480199	1.2383574375733155
5	0.7369161165188052	0.6452111057921988	1.1421317920651874
5	0.6556955506197273	0.6186896927343594	1.0598132768655268
5	0.7313379196607542	0.6777407850506072	1.0790820558425518
5	0.6934998443044901	0.5505935745956151	1.2595494686145454
5	0.669557955018503	0.6131964098355096	1.0919143430701306
5	0.781708264555054	0.625216571704595	1.250299975932818
5	0.7672931471296423	0.6171455912555154	1.2432935728644972
5	0.7869003982005754	0.6460510607780628	1.2180157977805695
5	0.7071405617381246	0.650210645902988	1.087556111536861
5	0.7578396957300952	0.648861766342432	1.1679524592764354
5	0.5957718269701203	0.5834340056426038	1.0211469012916505
5	0.7386148156843685	0.6500703819538671	1.1362074572054337
5	0.7976349960212513	0.6764312296639741	1.1791812102133232
5	0.7280442642522319	0.6805274997534645	1.0698234303771432
5	0.8675269296911757	0.7025354431376872	1.2348514771249093
5	0.8098945959928571	0.5944363630928364	1.36245802961817
5	0.6873557738547739	0.619469907096979	1.1095870291358112
5	0.6743099184454369	0.5628208580346269	1.1980897808232096
5	0.7991575155614115	0.6340440838847411	1.260413172953263
5	0.8227446084178913	0.6843489638629202	1.2022296399395043
5	0.8521458024075752	0.7072734226760675	1.2048322121073953
5	0.7564450989258862	0.6876406758128698	1.100058686946757
5	0.7887716594753824	0.7163607230392687	1.101081667527638
5	0.7336765482215736	0.6795845588586166	1.0795956715876627
5	0.6312084372948981	0.6427249457074194	0.9820817466484895
6	0.6518761729124811	0.5347276020682764	1.2190808374041007
6	0.5927745797506903	0.5560401632224969	1.0660643222520136
6	0.6212817861740201	0.5492567868566721	1.131131742093781
6	0.6711581639313395	0.5917325662596612	1.1342254967877248
6	0.6733770747828505	0.5988442202097362	1.1244611738041161
6	0.6843609029405269	0.604527530997591	1.1320591169953746
6	0.6856295972462245	0.6086935409960499	1.1263953879390252
6	0.6581607508725114	0.596920493590832	1.1025936585177076
6	0.6298080794132519	0.5542865083933262	1.1362500617935571
6	0.571613162140931	0.49043144244791786	1.1655312295798295
6	0.6584035675977983	0.5534115606300931	1.1897177696254941
6	0.5857211101120718	0.5654460927105742	1.0358566761055956
6	0.5819951041395178	0.5634606909130516	1.0328938886516332
6	0.6296786894104001	0.5564344915568833	1.131631304250357
6	0.6881252317600979	0.5508235018169798	1.2492662885483394
6	0.6512919622081181	0.5494856420847541	1.1852756693279733
6	0.6501702942828729	0.5766042283462023	1.1275850268175633
6	0.6627932280258608	0.5670259829377721	1.1688939272093264
6	0.6222270344031138	0.5322014612747785	1.1691569446515566
6	0.6164934650769023	0.5627500186002167	1.0955014565976682
6	0.7296306429052665	0.4895872848426178	1.4902973698342936
6	0.6300502292856898	0.5614448734439463	1.122194286717613
6	0.6176886243650535	0.557841582858785	1.107283220443282
6	0.6403800684305706	0.587769099474353	1.0895095863380162
6	0.6488049771808957	0.5933525748724993	1.0934560742747466
6	0.6633897537333237	0.5642006244900104	1.1758047136742746
6	0.6672197330769993	0.5906860939921222	1.1295673621967774
6	0.7139705450810382	0.6062949198821367	1.1775961197560976
6	0.6750435827109544	0.5528871691684648	1.2209427535209603
6	0.6028113886210911	0.5504405430368654	1.095143510496679
6	0.6919635871144229	0.5959171842328418	1.1611740782491902
6	0.6289939229064974	0.5702388804475149	1.103035840721475
6	0.6066682585336004	0.5488299227747633	1.1053848074944952
6	0.6527980682183638	0.5793302484726074	1.1268150937042436
6	0.7662591845761753	0.5210951150526871	1.470478541136775
6	0.6276291377534443	0.5739038846807163	1.0936136773191862
6	0.6156512017517517	0.568936112624605	1.082109551653597
6	0.7168902806519822	0.5587998664226498	1.2829106156402699
6	0.6436767543878915	0.5390894564123404	1.1940073149855004
6	0.5948227911407497	0.5703599288693311	1.042890219023474
6	0.629461595276647	0.536934216583675	1.1723253535259708
6	0.684964489726047	0.5976105905695979	1.146171939612365
6	0.6538536232983159	0.5856498412086635	1.1164582951971669
6	0.6259102597391442	0.5804838401288288	1.0782561312994239
6	0.5884242889369616	0.5434875422757749	1.0826822018275168
6	0.5985481775942801	0.5753417270575208	1.0403350729581955
6	0.654277664306333	0.5992150876425406	1.091891171967018
6	0.6488883267373581	0.5589251083641569	1.1609575541104291
6	0.6274431762159797	0.5894075933576309	1.064531884704224
6	0.6718640292730207	0.5320882265260385	1.2626929065120784
6	0.6640227276327074	0.5788422907527484	1.1471565541093882
6	0.6407731775572637	0.5803916016969006	1.1040359227870018
6	0.6914932109568246	0.5942650556823809	1.1636107564204643
6	0.6904903388496487	0.5851411295184026	1.180040684232799
6	0.6015273256955382	0.5733981208395839	1.0490570230937746
6	0.6532587536615468	0.5977828969527872	1.0928026830335047
6	0.6343369305959549	0.5378539393268826	1.1793851159476854
6	0.6189551616830411	0.5774181293073358	1.071935795340428
6	0.702616720363792	0.590631507366543	1.1896025044389504
6	0.6488855568786306	0.5898143864224731	1.1001521356819635
6	0.5731886215646134	0.5476359713851142	1.0466599192066763
6	0.600694476857058	0.5658221076497977	1.0616313302993876
6	0.6471319535777175	0.5704620127182468	1.1343997306571545
6	0.5627548736256426	0.532468997702698	1.0568781958266322
6	0.6021311939070306	0.5777523780571957	1.0421959593343664
6	0.6700249565228894	0.5729225683959913	1.1694860588207499
6	0.6610420054102508	0.593453310103392	1.113890501840968
6	0.6719375974560913	0.5955695624692993	1.1282268937152555
6	0.6982272497565292	0.5955619679271842	1.1723838783505014
6	0.6659713724202373	0.5757251452339458	1.156752276556585
6	0.640400941157347	0.579470078554964	1.1051492818306123
6	0.6309218998598709	0.5721728000924223	1.102677197794021
6	0.6121944893370366	0.5446077181088693	1.1241017506377984
6	0.6526745577713721	0.5933672961902953	1.0999503376102089
6	0.6575742023720765	0.6004573258944653	1.0951222909846718
6	0.6531140852610331	0.4983289866924623	1.310608258202918
6	0.6677224601238713	0.5821246702028118	1.1470437421785222
6	0.6393235472512858	0.5651859014439405	1.1311739121905517
6	0.7076254907457834	0.6083697065525603	1.1631504381697018
6	0.7172953783333085	0.6150371269798215	1.1662635422606642
6	0.6133777106040433	0.5421722950481821	1.1313335561521698
6	0.6635225463865154	0.6073106261570886	1.0925587628609792
6	0.6289431620399173	0.5751087732856561	1.0936073161372581
6	0.7103704500530611	0.5977973882925343	1.1883130705573421
6	0.5863885193928761	0.5223937423972141	1.1225029547674061
6	0.6207107206433224	0.5709709845989468	1.0871142971990304
6	0.651661686773849	0.5941556401444199	1.0967861663577765
6	0.622839272686415	0.5764077850012473	1.08055319323119
6	0.6321308421538356	0.5872260441467375	1.0764693569958168
6	0.5747184446062216	0.5684450446317931	1.0110360711799184
6	0.6864817980830388	0.5785107306659218	1.1866362397337586
6	0.6836212253463032	0.5817335408069013	1.1751449373162792
6	0.5854087235245288	0.5699730381743879	1.0270814307279885
6	0.6554344892382813	0.5077624068907104	1.290829097120133
6	0.7115702004603165	0.6066091626221854	1.1730291006229063
6	0.6577183856678814	0.5749011136747645	1.144054812250666
6	0.6832334595324575	0.5755112747941759	1.1871764975878312
6	0.6975630185407642	0.5741670694508428	1.2149129681156086
6	0.7156573314362447	0.5774916144636302	1.239251468787026
6	0.5846056655128825	0.524399115343633	1.1148105486978115
6	0.6088546862491209	0.5713742969657701	1.065596911660862
6	0.6607202938882331	0.5771783122532134	1.1447420664662276
6	0.6663474957608286	0.5689636375124018	1.1711600739094759
6	0.6374137617520583	0.5731735350685578	1.1120781451917816
6	0.5714939437853512	0.5679830490842669	1.0061813371133959
6	0.547275069173905	0.4605039665663581	1.1884263956606838
6	0.6229815041717174	0.5785729286802787	1.0767553635679679
6	0.6818776324387091	0.5978902310384493	1.1404729447651047
6	0.6575654997464842	0.5836408576650757	1.1266611840321679
6	0.6872241553105753	0.5849780916048859	1.1747861418624714
6	0.550562726724011	0.5439409246122138	1.0121737523546661
6	0.5977796157216482	0.56982744366667	1.0490537484034013
6	0.6558650466729432	0.5796837788171775	1.1314186641744757
6	0.6410336790050923	0.5199085610127512	1.2329738863241577
6	0.7277041532004876	0.5925337227803301	1.2281227636899734
6	0.6789324678072267	0.5988007434925036	1.133820348731291
6	0.6946661606780994	0.5874133997002644	1.1825848048964531
6	0.626568184458644	0.5736581265483373	1.0922327349019931
6	0.5735333117793262	0.5229584662337128	1.0967091056195106
6	0.6013592072909895	0.5629878505311766	1.0681566337952224
6	0.5958958625311197	0.5047815176061522	1.1805025377257534
6	0.6187402394858721	0.5421397666434236	1.141292850212241
6	0.6635195566218777	0.5768601978008239	1.1502259284856662
6	0.571179587406295	0.508386098830666	1.1235153532326312
6	0.6480000647950455	0.5360132968284778	1.208925354332027
6	0.6098326519764112	0.5615402685619293	1.0859998581012824
6	0.6546251896502037	0.562125270146573	1.1645539249276438
6	0.5538145435177773	0.5212979617017641	1.0623761921298591
6	0.620223958773451	0.5731544997728721	1.0821235094886832
6	0.6684090279767162	0.596644963639616	1.1202793431781097
6	0.62966841253313	0.5807063874895377	1.0843145970122026
6	0.7244555497958377	0.5902002839449031	1.2274740787204834
6	0.7064350138057277	0.5134467309576651	1.3758681693972552
6	0.6164162477823194	0.5536308602459953	1.1134065891999347
6	0.622937104870176	0.4858416222121327	1.282181427836134
6	0.6312623184072675	0.5477724621396038	1.152417038164992
6	0.6899224199049673	0.5670330560709105	1.2167234564516973
6	0.6804607436392558	0.5824581426129696	1.1682568992625566
6	0.6664549870532746	0.5972525217134806	1.1158680170010105
6	0.6670306072161439	0.6125926943882467	1.0888647764274442
6	0.616338026280512	0.5729836036591068	1.0756643337515093
6	0.5801702038676323	0.542392157326429	1.069650797916068
7	0.40754816730861887	0.28467743561084896	1.431613877067984
7	0.47492125739551866	0.3067183962729862	1.5483950854151838
7	0.39534495819934135	0.2922883704520735	1.3525853169863493
7	0.4357159531626246	0.3037538594425968	1.4344375869402441
7	0.38303230330849675	0.29234165502003223	1.3102214369082985
7	0.4279393568473596	0.3013564320664534	1.4200438793122985
7	0.4164615537924675	0.2961493716390462	1.406255064758539
7	0.4129406667887704	0.2877732216621042	1.4349516761974281
7	0.4580280238564736	0.28040070152018043	1.6334767401554071
7	0.39147346425901774	0.2617822010496873	1.495416658158186
7	0.46806614199104446	0.29164027606417725	1.6049434197080639
7	0.35063027474356223	0.2998339882054296	1.1694147045908945
7	0.4172969464476738	0.2726296369769046	1.530636768162606
7	0.38572021851759786	0.2866146130711206	1.3457800158357074
7	0.4553106760793494	0.2827016081595029	1.6105698126147865
7	0.40326971956421803	0.2922954837302315	1.3796645586779166
7	0.38566523405187647	0.2925475743298696	1.3182992029084801
7	0.43385872733992714	0.2845427477973987	1.5247576355340642
7	0.4585228708922081	0.28573379280449873	1.6047204861272149
7	0.36844489793762447	0.29210925794959963	1.2613256441231855
7	0.6002011421044496	0.2760104738712103	2.174559297284169
7	0.4271020285911461	0.3104198560028838	1.3758850161543092
7	0.36769350842195186	0.2918985069902569	1.2596621757788742
7	0.38263898741915564	0.2288901196710607	1.6717147422922767
7	0.3971099394134036	0.24063093287182927	1.6502863313293226
7	0.3765645772954155	0.279366921903826	1.3479211308526011
7	0.3901377136564941	0.2888132311671327	1.3508304729665455
7	0.5293616265036336	0.28193833305809146	1.877579471942761
7	0.49511995814668036	0.28135311425427095	1.7597813319358502
7	0.4440438955671061	0.25942476141956894	1.7116480830021916
7	0.3525402676729155	0.281305708736805	1.253228273453771
7	0.4180940288381304	0.2702816510295135	1.546882769309695
7	0.37429298356391094	0.2909023340082955	1.2866620161020688
7	0.49492108682508257	0.29867652812375106	1.6570471403766325
7	0.4781007477069026	0.2839471640356391	1.6837665885153714
7	0.41726824981339894	0.28115922496610984	1.4840994453007732
7	0.3772164870072432	0.2868402235942358	1.3150752787755935
7	0.6241294108996959	0.279509741779106	2.2329433204261613
7	0.4233159378945087	0.2833998831324782	1.4937054074105784
7	0.32360669000204834	0.2912513782691735	1.1110906733734738
7	0.4058766077453921	0.2678918856838722	1.515076153610527
7	0.42345800601224254	0.2762302683119172	1.532989156474615
7	0.44102204256909616	0.30088574754582514	1.4657458725323245
7	0.35597193338928895	0.2787462436577227	1.2770465665051005
7	0.4312826570141829	0.26677618220036264	1.6166460343534994
7	0.37830498504221255	0.294301127449153	1.2854350519182876
7	0.41171588512782653	0.30562059857195617	1.3471470413041908
7	0.49939210874336687	0.2738284118225116	1.823741026066571
7	0.41610851960677336	0.2776391947494769	1.4987383895211264
7	0.4880171569746608	0.26816802161168074	1.8198186123822453
7	0.5030517896890844	0.2942791528017934	1.7094373994881864
7	0.35049130263731565	0.28645974052976797	1.223527264212172
7	0.440562680731578	0.267119584752427	1.649308796058149
7	0.44073959946339725	0.2879622251919008	1.530546581829211
7	0.34902516579855475	0.288495783890301	1.2098102824659294
7	0.3764274487209491	0.2889019606729384	1.302959134801778
7	0.4943159148570023	0.2867791646247768	1.723681410062574
7	0.4152045928172342	0.3072085151160213	1.3515399879473613
7	0.5466051664392945	0.2764838021083219	1.9769880270423341
7	0.45331946613279384	0.2835458544401209	1.5987518739355282
7	0.4393315891894075	0.2549057220928617	1.7235061872379616
7	0.37624451419679056	0.2894559305834479	1.2998334960296218
7	0.3880062077442755	0.28812744787671446	1.3466478483865159
7	0.493509120501718	0.31590718449479677	1.562196571410507
7	0.3920534862563364	0.2936467210620157	1.335119577832909
7	0.4170033187799714	0.2900289177132136	1.4377991066129228
7	0.3961146521484283	0.26536788012579005	1.4927000658883867
7	0.43547054790838036	0.24649642530136642	1.7666404183183357
7	0.4457885752823616	0.29606825460897424	1.5056952859438688
7	0.3607107417402441	0.28420638230670037	1.2691859303531907
7	0.42084314040292253	0.29149546683370137	1.4437381993422704
7	0.42636147967574606	0.30156877587787123	1.4138117530059318
7	0.3764867345927729	0.2540797862117594	1.4817657878497859
7	0.47960445177362415	0.3016602799888455	1.5898826712995113
7	0.3896495671783433	0.2740231068830153	1.4219587961415632
7	0.4256650818761439	0.3007341854178412	1.4154196713111389
7	0.4328944974886822	0.2685676469508222	1.6118639099070267
7	0.44210820748862306	0.3105924797943833	1.4234350032599148
7	0.4444756529044625	0.20686851396162984	2.148590157064232
7	0.4178179174861745	0.28965924530130016	1.4424463374250842
7	0.41394831224260525	0.2897998467003317	1.4283938275186514
7	0.3642974549505434	0.29778263319902765	1.2233670279457147
7	0.37473579490106157	0.2878878891847114	1.301672661404064
7	0.4660715447847387	0.2971625720701291	1.5684059453986279
7	0.3821938761940391	0.2840983021263432	1.3452874351359947
7	0.4340008467773635	0.30206868214619714	1.4367621419532428
7	0.374321729814465	0.2904601742330341	1.2887196353264918
7	0.4185356578081144	0.31382675376604846	1.333651936253097
7	0.35055471908858155	0.29641811317600414	1.1826359574741396
7	0.47864856590570215	0.3074285290015437	1.5569425760850537
7	0.4425477040253547	0.2779254003917158	1.5923255067784938
7	0.42898380574684697	0.28826128639378484	1.4881769630377124
7	0.3290443182609448	0.2718452361614406	1.2104104633473711
7	0.46681502708187883	0.27084164254489274	1.7235718359096237
7	0.4470202439041137	0.2936941642910779	1.5220603548018596
7	0.4481483933355682	0.2899897398645536	1.5453939630584386
7	0.43469579393376157	0.27182230435483995	1.5991910412410628
7	0.49347667630297154	0.28669866871517863	1.721238115664977
7	0.5256607787301624	0.2951389547228459	1.7810620059415436
7	0.4679097387271042	0.3120338348740658	1.4995480823928873
7	0.38839877802374934	0.2815568051317365	1.3794686221205805
7	0.4479627969408934	0.2651039082658006	1.689763081469751
7	0.5308354510328905	0.3107538661679349	1.7082183323377258
7	0.3737701303700557	0.2928444686542058	1.2763434873390347
7	0.46383505603951125	0.2990151595526038	1.5512091652259916
7	0.42824674874648244	0.2986978642261545	1.4337121219663023
7	0.3970033475533824	0.30501564184235963	1.3015835684865122
7	0.44348342303617166	0.3049275630556494	1.4543894247934412
7	0.36469047159208434	0.2671063721846133	1.3653379685753988
7	0.43988893147954455	0.3111292383980286	1.413846328761919
7	0.4321697086629884	0.298486456625186	1.4478704111043488
7	0.40550554812276723	0.2983470414180511	1.3591740216205566
7	0.4426356013895356	0.3003208611360423	1.4738756399244148
7	0.5077149788070088	0.27438413666862704	1.8503802186646625
7	0.49565501615499824	0.29984343770178445	1.6530460694889788
7	0.49066370318088987	0.3073336390107107	1.5965180536706236
7	0.46878868071940827	0.2818468665308913	1.6632744102834565
7	0.4079154201933104	0.28413277445257684	1.4356507128725957
7	0.3825978415438901	0.26626749429813035	1.436892785401393
7	0.430734910181766	0.30994510898367184	1.389713525708378
7	0.41573862737868783	0.2579558564439057	1.6116657830914303
7	0.4621782327696481	0.2715973539266788	1.701703739331787
7	0.4688839584576585	0.2846702781342494	1.64711244718191
7	0.41186959712966775	0.271639066174199	1.5162384517458936
7	0.41082263659047846	0.29825416313954645	1.3774246510626702
7	0.37426585325133954	0.29196081653261324	1.2819043928435256
7	0.49279636280467753	0.28056799402079047	1.7564240159487352
7	0.36361039589343414	0.2728028174392994	1.3328689172146841
7	0.3933380970519857	0.2483992586144563	1.5834914292658613
7	0.43371145480472084	0.3002937755440144	1.4442905252331855
7	0.4013349640895928	0.23344792123600946	1.7191627235945877
7	0.41704745055609427	0.2773075850287911	1.5039164922690262
7	0.4831533768242787	0.2588901792857398	1.8662483766563323
7	0.3784918163183022	0.3011526279676023	1.256810604219665
7	0.4713938913325883	0.2636672354182869	1.78783643930866
7	0.48988703816611723	0.3007092745776171	1.6291051842488844
7	0.45530084705013846	0.2904199066566078	1.5677329157346152
7	0.39593980258896233	0.28863915936007833	1.3717466592778773
7	0.392816449042399	0.2942003536317247	1.3352004652384624
7	0.3956753869898163	0.2841856889134147	1.3923128518634522
7	0.40400166668251014	0.3014213839127818	1.340321849226897
7	0.4786226021142504	0.30312539659701815	1.5789590957650514
8	0.4636362607980266	0.42835751203775785	1.082358188589813
8	0.49489697456221726	0.43911995940229037	1.12701999525562
8	0.4686406587723827	0.4290029946628181	1.0923948424665857
8	0.4662348646370432	0.42297391726937233	1.1022780497836702
8	0.47188488740190176	0.4356288988841816	1.0832267753828686
8	0.4614466828687382	0.43231654678012027	1.0673814969738684
8	0.4697919016438318	0.4351017402498032	1.0797288500250817
8	0.48059861174561397	0.4373426947854359	1.0989062295447733
8	0.4833239084463795	0.4386713799727909	1.1017903845843744
8	0.4805919163522455	0.42869952405585515	1.121046069296847
8	0.45471485608427864	0.4296057747212195	1.0584467966692324
8	0.4247752201060194	0.423930631151859	1.0019922810292465
8	0.4769396173262622	0.43392124143263505	1.0991386726116417
8	0.46112800946740906	0.4317900567360739	1.0679449474893017
8	0.4552199157401261	0.42021617512774007	1.0832993651463925
8	0.46604339751148477	0.42793310520780947	1.0890566582484158
8	0.4539164843735688	0.43001090964046723	1.0555929493814216
8	0.48504927847351487	0.43351549996438793	1.1188741314055906
8	0.4602813739382867	0.4256751196302343	1.0812973385386333
8	0.43818265808976686	0.41784709544263837	1.0486674739849189
8	0.528026722738973	0.4337670854144963	1.2173047252638007
8	0.4588693011533363	0.4256875158253566	1.0779486926311292
8	0.455304299508172	0.43365207235951186	1.0499299519793595
8	0.461021817305986	0.41589257418026787	1.108511779068594
8	0.4738853260598196	0.4282618706650766	1.1065316772746807
8	0.4627783423765933	0.42056309796663965	1.1003779090796557
8	0.4510846825481152	0.4268721363241721	1.0567208401851644
8	0.5075759969755026	0.4374140398169086	1.1604017035849197
8	0.48325855890322417	0.43108984220062946	1.121015880207902
8	0.5032315563809645	0.4285512651815701	1.174262211471371
8	0.44588744877196324	0.4272521183420753	1.0436167069275188
8	0.4512055252584952	0.41850314369641317	1.0781413044433539
8	0.4749670517278144	0.439700887522876	1.0802048965687012
8	0.4821437928365781	0.43489005071553316	1.1086567559853289
8	0.4988305316414839	0.43705089460553526	1.14135570433212
8	0.4868973780235333	0.42658551364263975	1.1413828234950756
8	0.465967111821252	0.44131984956589937	1.0558489772884603
8	0.5561273290189235	0.4348249839931186	1.2789682044298645
8	0.47444579635796663	0.4322304055841333	1.097668720729588
8	0.4331177564449753	0.4287859896284233	1.0101023982157296
8	0.45830159665962106	0.41687437380830106	1.0993757962929385
8	0.4832188581958478	0.42705960765320117	1.1315021358523127
8	0.47017797367226954	0.4323987864130158	1.0873711685748535
8	0.44318837207081785	0.4200238712955555	1.0551504387210466
8	0.476396591906019	0.4095316823812235	1.163271640269708
8	0.43305885159505164	0.4280856873352288	1.011617216849225
8	0.4624952839354835	0.4278437199354358	1.0809911712745879
8	0.4761011954758243	0.4320166672036264	1.1020435821551744
8	0.4390177317268279	0.41739779551861717	1.0517969582981337
8	0.47176675610912683	0.4082094725493216	1.1556977185337756
8	0.49230669223331613	0.43166972991377833	1.1404707305551618
8	0.44550002851594106	0.42597543285089756	1.04583502746713
8	0.515902365843287	0.42155593110920675	1.2238052599232419
8	0.4737795834444071	0.42353861378944113	1.1186219343862303
8	0.44239267261906745	0.42974256072256467	1.0294364883832614
8	0.46380836251139357	0.42550750542412896	1.090012177456395
8	0.4887790740154262	0.41860815908830956	1.1676291142531539
8	0.48291648997589515	0.4398760987363717	1.0978466239997244
8	0.4978715891933567	0.4202250821688466	1.1847736137589993
8	0.477960809969014	0.4254559796776364	1.1234083731321864
8	0.5097059568572584	0.4276935748635521	1.1917550012760207
8	0.48087761617910746	0.4443011266439399	1.082323647953474
8	0.4580355703049254	0.43212318976697167	1.0599652625722942
8	0.4574240714657144	0.43363209735904495	1.054866727466832
8	0.4519517623929971	0.4325480785920031	1.0448590220632938
8	0.45399924685675525	0.4278948220195862	1.0610066387668842
8	0.4537347487934943	0.4229442489899596	1.0728003746996584
8	0.48632038394728416	0.42011152221387094	1.1575983000525931
8	0.4927668122130508	0.4334599357919506	1.136822048646189
8	0.454717264281334	0.4238265746220545	1.0728852118034982
8	0.4726726354289214	0.4187393994000797	1.1287990480621382
8	0.4551938648838586	0.43014330721410776	1.058237701830106
8	0.4759580678458123	0.4248113483841124	1.120398665563551
8	0.5016393268828707	0.42846491719484847	1.1707827333147687
8	0.46068961820494625	0.42589526386191595	1.081696974104674
8	0.4597406837485788	0.4301313178513037	1.0688379680075075
8	0.45175915838798775	0.4214483938810637	1.0719204651079486
8	0.4448425683848972	0.4255678776704632	1.045291695463348
8	0.45280599749137024	0.40489269577458786	1.1183358016007696
8	0.4614953185370861	0.43314481713996933	1.0654527083674081
8	0.46794288232846337	0.4304223553256429	1.0871714178842633
8	0.48004139886559505	0.43707242226865495	1.0983108848961611
8	0.457908093413734	0.4347638255022837	1.0532341159817324
8	0.45037992242169944	0.4233059170468304	1.0639584855410227
8	0.4548442154854512	0.42240772691899064	1.0767895246686177
8	0.46383969997485686	0.43305599398019307	1.0710848167963973
8	0.46269706971936425	0.4374001807293913	1.0578346560072034
8	0.460574645756613	0.43361431531850464	1.0621758311145817
8	0.4336091194803623	0.427694941147909	1.013828029661936
8	0.45437135141211354	0.4243783774445273	1.070675075738294
8	0.47888166733021953	0.42528190359801127	1.1260334927932234
8	0.47678748499284146	0.43552834185524253	1.094733543543562
8	0.44679557996569874	0.4253332048043819	1.0504601449378677
8	0.4850015190367364	0.4209267591733548	1.1522230612974476
8	0.46802226428052995	0.42530474515619243	1.1004397896116809
8	0.47651938707403074	0.42624374482278793	1.117950451735415
8	0.46894525048955876	0.4196653201579472	1.1174267397483888
8	0.4622581870818019	0.43579393236115155	1.060726533243053
8	0.49963590165050953	0.4358246759749311	1.1464148984516171
8	0.4570301705662114	0.4294166643929877	1.0643046916035674
8	0.4636043473549707	0.43355009794420857	1.0693212838683976
8	0.49069639370437645	0.43236634301251375	1.1349088605867144
8	0.5245004580827254	0.43363843798816043	1.2095340544904503
8	0.45766219326826585	0.4277308308369739	1.0699770983838668
8	0.4326253318440115	0.41250651633675567	1.048772115616306
8	0.4481051216554931	0.42673462755428876	1.0500791187808765
8	0.4524346041001179	0.4290300763162511	1.0545521842776695
8	0.46732321214561817	0.4277969938322798	1.0923948014670595
8	0.45585475065520875	0.41873642561384844	1.0886436497301293
8	0.4827907063229627	0.43710232281388406	1.104525602186133
8	0.4672340399866227	0.42683629380017024	1.0946445903809794
8	0.4476024733942031	0.4295302710592976	1.042074339231869
8	0.48607010752739377	0.4327357384563229	1.1232492820244706
8	0.4950790103269263	0.435437049590872	1.1369703400114728
8	0.4651528724782059	0.411619021802911	1.1300567948507678
8	0.4783999647056586	0.42603169032007404	1.1229210774114966
8	0.47303113229685395	0.4104817086211875	1.1523805381871233
8	0.48092467987884174	0.4206510858077101	1.143286434065415
8	0.4602680217169214	0.42867269650932	1.0737050095909584
8	0.4636738800422844	0.4168092528073914	1.112436628791802
8	0.47975553977114627	0.4203151456866258	1.1414186347898998
8	0.4832580832984766	0.42762202607135624	1.130105686412506
8	0.4992169021477018	0.43274558391793455	1.153603689327013
8	0.47237384559048773	0.43538775638104404	1.0849497687231104
8	0.47464624592784377	0.42621112931912464	1.1136411352892042
8	0.44273377395327423	0.4276005522098736	1.0353910247898206
8	0.4690087117980594	0.4158547776430768	1.127818500622359
8	0.4377382954373295	0.41898048718930525	1.0447701237206997
8	0.44961301275875376	0.4097172114933629	1.0973739939310243
8	0.44765813568023294	0.4293978373701523	1.042525361613174
8	0.4763066454346413	0.4196320945581112	1.135057712723834
8	0.4503783755148937	0.4200501296014959	1.0722014916223699
8	0.4965881593493431	0.42037540661140727	1.181296887351896
8	0.4436847416402424	0.43311348784957643	1.0244075838948186
8	0.49097202225011183	0.4270952764301882	1.1495608810142501
8	0.4392621625823221	0.4072904062830168	1.0784986727064934
8	0.4771545111908878	0.4373072775889422	1.0911195300056291
8	0.47761487763955285	0.4360606951549806	1.0952944921344114
8	0.4585369600708056	0.42304950815296816	1.083884867453872
8	0.4602649401487661	0.4321809532252514	1.064982009766815
8	0.46510854372685256	0.43828275339495054	1.0612065843889789
8	0.5202876897600193	0.439950772757093	1.1826043320698567
9	0.9009443148131894	0.8871220633808765	1.0155810028888645
9	0.9021365337224416	0.88798811501687	1.0159331171963972
9	0.9009973312933564	0.8855404178295903	1.017454780326854
9	0.908385305047991	0.8891130123758199	1.0216758639272112
9	0.8966400297363286	0.8869445081260021	1.010931373407804
9	0.8991146977215072	0.8856853304860646	1.0151626845033919
9	0.89779957302367	0.8846409825353265	1.0148744979580662
9	0.8988350614402574	0.884460320123422	1.016252556490979
9	0.9013542425246674	0.8859546555106875	1.0173819133046975
9	0.9085647243120277	0.8862619804674299	1.025164956114709
9	0.8972103112148868	0.884544210643064	1.0143193527462178
9	0.8888811710983553	0.8843557476691092	1.0051171979615372
9	0.9067866997077012	0.8877867869610638	1.0214014367252242
9	0.9057757884282118	0.8902984351159325	1.01738445525883
9	0.8998856948847729	0.8876659580150377	1.0137661434004526
9	0.8986500767968207	0.8844430411006696	1.0160632568022365
9	0.8939335519186875	0.8841876445287677	1.0110224424082672
9	0.8967962878300181	0.884693836303665	1.0136798189720844
9	0.9028534307363548	0.887388872727035	1.0174270362009337
9	0.8966169393392531	0.8856745294025499	1.0123548883629798
9	0.9169494584930821	0.8828753158520133	1.0385945127576546
9	0.9052989239266548	0.8914332972612293	1.0155543064276655
9	0.8918514471091094	0.8836102257644843	1.00932676094541
9	0.9007967256303584	0.8824945940040704	1.0207390863928665
9	0.9034495728786502	0.8808219043256902	1.0256892664020232
9	0.898287946196892	0.8864926712083164	1.013305552737958
9	0.8944325790217691	0.883923480390313	1.0118891497562839
9	0.9087655324973405	0.8843609864265185	1.0275956837144464
9	0.9059842878892714	0.8879250230671271	1.0203387272044242
9	0.9000882635081424	0.881956716442198	1.0205583184842526
9	0.8958860882631553	0.8875241685046867	1.0094216248471937
9	0.8893096086927713	0.8801892024345109	1.0103618701899937
9	0.902757870290333	0.8901061661690983	1.0142137023673097
9	0.8996255961017642	0.8811942715799829	1.0209163008841784
9	0.909581453879243	0.8870680657938129	1.0253795497251763
9	0.9028928716544407	0.882052201147816	1.023627479733631
9	0.8917329696171532	0.8838173240471109	1.0089562009644657
9	0.9148029553655963	0.8802648653080638	1.0392360202238053
9	0.9042071873757163	0.8856389126944172	1.0209659652654692
9	0.8897079397254928	0.8847100117186162	1.0056492273634021
9	0.9032111162004133	0.8830418002680862	1.0228407261425267
9	0.8980745607566807	0.8789583072704307	1.0217487602405337
9	0.9010559754017056	0.8868328448380036	1.0160381188478649
9	0.8914458985868052	0.8805534344948535	1.0123700205634885
9	0.8925612580289191	0.8781795833708228	1.0163766898370528
9	0.8897445717054364	0.88405373730175	1.006437204169348
9	0.8931599181328937	0.8806303519038976	1.0142279518323523
9	0.9123379940163799	0.8910969778292894	1.023836929891552
9	0.8949763744330312	0.8823431396045033	1.0143178251878182
9	0.9048069643508022	0.8808669450415347	1.0271777927915533
9	0.8984954631756885	0.884870461741014	1.0153977356277288
9	0.8980020671990289	0.8882472507291461	1.0109820958768803
9	0.9035981953305688	0.8785443142365328	1.028517492729787
9	0.8968126368530086	0.8801116219977528	1.0189760189933026
9	0.8938092948027594	0.8868534577316052	1.0078432767110654
9	0.8911224705033067	0.881143299861919	1.0113252528197758
9	0.9057113208314232	0.8767393392031224	1.033045148464119
9	0.9030013309563802	0.8859170691967854	1.0192842675162408
9	0.9075238820074697	0.8769982192557514	1.0348069837332434
9	0.903199401873205	0.8848767381031706	1.0207064588558528
9	0.8996347003613252	0.8775586819129755	1.0251561734882806
9	0.8993724184085892	0.8882118754500107	1.0125651809743301
9	0.8952942943322817	0.8823983088900381	1.0146146987276816
9	0.8994426980537968	0.8853292425974204	1.015941476658977
9	0.9007243897761825	0.8881384464455512	1.0141711502086213
9	0.8943493887679963	0.8843869769644916	1.0112647653832476
9	0.8995091101413409	0.8843925953900231	1.0170925388002048
9	0.9039550621852506	0.8846500687232247	1.021822180480795
9	0.9041042152589387	0.8841632653011371	1.0225534703152477
9	0.9020867949228186	0.8875889756620066	1.016333933451572
9	0.9033130189437341	0.8846597066219892	1.0210852966198396
9	0.9027120072042137	0.8880759923441931	1.0164805883575199
9	0.8957392382104288	0.8839572464380456	1.013328689616901
9	0.9089398899314094	0.8843944778118816	1.02775391834225
9	0.8974666662322152	0.8839588070107678	1.0152810958093468
9	0.904994688756234	0.8868280798013148	1.0204849275397203
9	0.9000854664430911	0.8823603143051075	1.020088337893962
9	0.9008499129126315	0.8871754890053564	1.0154134374503583
9	0.9147132731859873	0.8813937287855146	1.0378032465086677
9	0.9057483564513749	0.889975328876934	1.0177229941804622
9	0.8985656874544944	0.8864703137871779	1.0136444204382238
9	0.8953080285582953	0.8848333301946936	1.011838046789328
9	0.8954460006828162	0.8855225862836492	1.0112062803963178
9	0.8996926503356342	0.886567666329019	1.0148042665045087
9	0.9077578321293649	0.890361659861044	1.0195383213951912
9	0.9042265174817473	0.8899126646127252	1.0160845591238452
9	0.8960662948672373	0.8878733053825242	1.0092276560575084
9	0.9001320588690689	0.8883382156946381	1.0132762983355483
9	0.8959935567692122	0.8882342783287315	1.0087356214793695
9	0.8935620197643889	0.8768837409560851	1.0190199430429843
9	0.9089948406527816	0.8869849232804056	1.0248143083322938
9	0.9029746813126873	0.886119376504355	1.0190214831717421
9	0.8910647060239036	0.8851980515079232	1.0066275050040911
9	0.9086250644788972	0.885870942067476	1.0256855951932649
9	0.9055576221731425	0.8863805276465957	1.0216352840889493
9	0.8992187516852808	0.8841543171346256	1.0170382412421806
9	0.9035903966102736	0.8851394981855131	1.020845187072302
9	0.8986609084638012	0.8860373663203216	1.0142471893661829
9	0.9144420658653569	0.8842824867288104	1.0341062721349539
9	0.905261638088723	0.8909598187137037	1.0160521485645302
9	0.8945276919527624	0.8812904267522825	1.015020321109423
9	0.9096410866969753	0.8851063060803599	1.0277195862780215
9	0.9076042158604023	0.8840445686888142	1.0266498409763787
9	0.8972961527886083	0.8868665495116637	1.0117600593716016
9	0.896527458189895	0.8780075532706962	1.0210931043249112
9	0.899242302761041	0.8849775549529412	1.0161187679035073
9	0.8979129118190713	0.8858316357770235	1.0136383433985743
9	0.9006823289717009	0.8868732033326565	1.0155705748997184
9	0.893137910426059	0.8783038001586028	1.0168894979900776
9	0.9030325193034944	0.884763105182451	1.0206489330466328
9	0.8923581990135183	0.8835206477258274	1.010002653939598
9	0.8903816894886404	0.8814440681995431	1.0101397486369763
9	0.8972374040163056	0.8814109516919124	1.017955815382159
9	0.9105708937697374	0.8857425425671928	1.028031115148408
9	0.896438314813512	0.8798786105012196	1.0188204419503495
9	0.9001144259709373	0.8809555658228106	1.0217478166793035
9	0.9029096058015469	0.8786860395463731	1.0275679425471234
9	0.8933491249231847	0.878515051901847	1.0168853942675475
9	0.9055044709287262	0.8864389026123383	1.021508045574491
9	0.8976616026877883	0.8820014222958029	1.0177552779350658
9	0.9016836895872185	0.8825746025722597	1.0216515260684653
9	0.9084482010088873	0.8824672510226275	1.0294412625014158
9	0.9082970988633783	0.8879823823973383	1.0228773868364316
9	0.9031007676151953	0.8875657022291892	1.0175030032672383
9	0.9017051898145569	0.8875573333255039	1.0159402169953842
9	0.8951209556075517	0.8870345744784738	1.009116196100735
9	0.9087950940457677	0.8830522674524627	1.0291520984002127
9	0.8966221451124137	0.8847520306297224	1.0134163178741085
9	0.8964303814769993	0.8777834767133202	1.0212431713040424
9	0.8925125956816451	0.8826525292626883	1.0111709490338097
9	0.9072246362694653	0.8843174027472525	1.0259038592376994
9	0.9001153040934817	0.8842442393808303	1.0179487340780018
9	0.9050144424536685	0.8831674395199434	1.0247371018859122
9	0.8995946701335622	0.8891025629423847	1.0118007838785832
9	0.9046057832060519	0.8836568605359844	1.0237070786247966
9	0.9027591688099477	0.8842311664646936	1.0209537992415854
9	0.9013927680313095	0.8858478919743973	1.0175480194712272
9	0.8994110522520575	0.8866279328956125	1.0144176817379271
9	0.8892789526995404	0.8823008080962611	1.007909031182161
9	0.8917089733854848	0.8844745098356461	1.0081793917963595
9	0.9037480697675704	0.8902385228056428	1.01517519924812
9	0.9108132255566399	0.8878555382463243	1.0258574580225757
