0	1.0	0.999990397723597	1.0000096023686076
0	1.0	0.9999945461442663	1.0000054538854783
0	1.0	0.9999905350952194	1.0000094649943658
0	1.0	0.9999905350952194	1.0000094649943658
0	1.0	0.9999905350952194	1.0000094649943658
0	0.9997357878090597	0.9998611882448749	0.9998745821547136
0	1.0	0.9999899605941704	1.0000100395066203
0	1.0	0.9999902563056824	1.000009743789258
0	1.0	0.9999902563056824	1.000009743789258
0	1.0	0.9999910345448308	1.0000089655355493
0	1.0	0.9999901106600274	1.0000098894377727
0	1.0	0.999990397723597	1.0000096023686076
0	1.0	0.999990397723597	1.0000096023686076
0	1.0	0.999990397723597	1.0000096023686076
0	1.0	0.9999905350952194	1.0000094649943658
0	1.0	0.9999905350952194	1.0000094649943658
0	1.0	0.9999901106600274	1.0000098894377727
0	1.0	0.9999902563056824	1.000009743789258
0	1.0	0.9999905350952194	1.0000094649943658
0	1.0	0.9999898059037879	1.0000101942001327
0	0.9989410185026011	0.999468920132245	0.9994718178634568
0	1.0	0.9999901106600274	1.0000098894377727
0	1.0	0.9999905350952194	1.0000094649943658
0	1.0	0.9999902563056824	1.000009743789258
0	1.0	0.999990397723597	1.0000096023686076
0	1.0	0.9999902563056824	1.000009743789258
0	1.0	0.9999902563056824	1.000009743789258
0	1.0	0.9999902563056824	1.000009743789258
0	1.0	0.9999905350952194	1.0000094649943658
0	1.0	0.999990397723597	1.0000096023686076
0	1.0	0.9999905350952194	1.0000094649943658
0	1.0	0.999990397723597	1.0000096023686076
0	1.0	0.9999905350952194	1.0000094649943658
0	1.0	0.9999905350952194	1.0000094649943658
0	1.0	0.9999905350952194	1.0000094649943658
0	1.0	0.9999905350952194	1.0000094649943658
0	1.0	0.9999905350952194	1.0000094649943658
0	1.0	0.9999905350952194	1.0000094649943658
0	1.0	0.9999905350952194	1.0000094649943658
0	1.0	0.999990397723597	1.0000096023686076
0	1.0	0.999990397723597	1.0000096023686076
0	1.0	0.999990397723597	1.0000096023686076
0	1.0	0.9999944621095092	1.0000055379211592
0	1.0	0.9999944621095092	1.0000055379211592
0	1.0	0.9999902563056824	1.000009743789258
0	1.0	0.9999902563056824	1.000009743789258
0	1.0	0.9999902563056824	1.000009743789258
0	1.0	0.9999905350952194	1.0000094649943658
0	1.0	0.9999905350952194	1.0000094649943658
0	1.0	0.9999899605941704	1.0000100395066203
0	1.0	0.9999902563056824	1.000009743789258
0	1.0	0.9999901106600274	1.0000098894377727
0	1.0	0.9999902563056824	1.000009743789258
0	1.0	0.9999902563056824	1.000009743789258
0	1.0	0.9999905350952194	1.0000094649943658
0	1.0	0.999990397723597	1.0000096023686076
0	1.0	0.999990397723597	1.0000096023686076
0	1.0	0.9999898059037879	1.0000101942001327
0	1.0	0.9999898059037879	1.0000101942001327
0	1.0	0.9999905350952194	1.0000094649943658
0	1.0	0.9999909005320481	1.000009099550753
0	1.0	0.999990397723597	1.0000096023686076
0	1.0	0.9999909005320481	1.000009099550753
0	1.0	0.9999905350952194	1.0000094649943658
0	1.0	0.9999901106600274	1.0000098894377727
0	1.0	0.9999901106600274	1.0000098894377727
0	1.0	0.9999909005320481	1.000009099550753
0	1.0	0.9999902563056824	1.000009743789258
0	1.0	0.999990397723597	1.0000096023686076
0	1.0	0.9999905350952194	1.0000094649943658
0	1.0	0.9999905486165118	1.0000094514728177
1	0.7517677409726581	0.77828368581546	0.9659302317059114
1	0.8215057879529476	0.8108832817694709	1.0130999200776427
1	0.8970641335370633	0.8285843836643438	1.0826466817656804
1	0.8566180739916058	0.823524144190501	1.040185743228737
1	0.7185375616969857	0.7644098730822843	0.9399899020137843
1	0.7596370450026033	0.801849651460328	0.947355958338515
1	0.812945561646176	0.8017752893583336	1.0139319238645805
1	0.8658891667704027	0.7939258677716317	1.0906423407021055
1	0.8424921511755561	0.8001113690743881	1.0529686037959896
1	0.8701995587567418	0.8149244153971488	1.0678285523359305
1	0.7045197567011965	0.7455430950003321	0.9449752286967162
1	0.8350225001889868	0.8087424911685828	1.032494903269434
1	0.8543435466999241	0.8327171234738142	1.0259709121098552
1	0.8877232966206816	0.8330804282608661	1.0655913480933499
1	0.780754958320373	0.7977399142510737	0.9787086547541671
1	0.7502361883467877	0.786398809218017	0.9540149089147416
1	0.7930646859195855	0.7816737194156458	1.0145725335533287
1	0.8120426481918716	0.8100073797002144	1.0025126542580518
1	0.8828127920154866	0.8055065455944449	1.095972213812355
1	0.7887800158058961	0.8062832932670654	0.9782914050094652
1	0.8572504942052072	0.8374016175578108	1.0237029356419007
1	0.8140641597126681	0.8091403194332822	1.0060852736677792
1	0.8126500959356613	0.8032548851768224	1.0116964252968976
1	0.8380414378733486	0.8112397665207807	1.033037916111428
1	0.7758724024629977	0.7918718020009944	0.9797954675269817
1	0.7732312622487791	0.7902155740284891	0.9785067362148729
1	0.8402383483938826	0.8224370106251903	1.0216446214588035
1	0.8476910881914317	0.8111065364747932	1.045104496230102
1	0.7720597034907177	0.7550366432946269	1.022546005345926
1	0.8683402123412038	0.8238364390914219	1.054020156353928
1	0.8170611512764104	0.8090396005202634	1.0099149049700271
1	0.7695528132198303	0.7741855388814218	0.9940160007789798
1	0.8322866110751349	0.8057924323540868	1.032879656915673
1	0.851578998369384	0.8282891846957274	1.028117973896052
1	0.8163923492384135	0.7987252461864809	1.022119124362582
1	0.7649257559472908	0.7786029334308173	0.9824336938685041
1	0.7929888364452691	0.8101581367248906	0.9788074704167888
1	0.73330574522778	0.7586081658434886	0.9666462585627785
1	0.8816042647288796	0.8236636996303826	1.0703449297625933
1	0.9358910448099889	0.8520295223996124	1.0984256063970568
1	0.7887133575922906	0.7922849291387636	0.9954920617379969
1	0.8129946193130718	0.802154644972611	1.0135135717388146
1	0.7409870291416819	0.7484485225059399	0.9900307193615995
1	0.8565752257469283	0.8108109216105479	1.0564426340551467
1	0.8274244099919654	0.8206871231564861	1.0082093244128978
1	0.8489122780780809	0.8149645684498381	1.041655442386674
1	0.6510012393203768	0.7593318950497271	0.8573342481257739
1	0.9011934956370262	0.8347282186919026	1.0796250509528489
1	0.7966911331760332	0.8111961765034285	0.9821189451484873
1	0.8159985466386483	0.7968265678514984	1.0240604161064104
1	0.8625309558315917	0.8100637884438696	1.0647691800771781
1	0.8341111722533934	0.8012181550472205	1.041053759202741
1	0.6415335719264977	0.6902443638038092	0.9294296419765382
1	0.8636401281423606	0.8191832875328097	1.0542697114139676
1	0.8917313105665936	0.8336304322370988	1.0696962059957162
1	0.8088133191287493	0.813583007414179	0.994137428827835
1	0.8183604028218388	0.8159673374959914	1.0029327954881027
1	0.8313530326035535	0.8217061396547354	1.0117400765106508
1	0.7953496714720061	0.8019393302024892	0.9917828463048205
1	0.7917194149691927	0.7679279293140472	1.0309814043049552
1	0.7567866733098056	0.7548646954289627	1.0025461223613732
1	0.6993088896031658	0.7780033277768034	0.8988507691882088
1	0.852380346871669	0.7761089267619752	1.0982741178199145
1	0.7755031929775954	0.7804915538132488	0.9936086933788307
1	0.8464514193721311	0.8149535660131686	1.0386498748794402
1	0.8935926389337984	0.8452368401475348	1.0572097623878098
1	0.7507282660723389	0.7555107740755909	0.9936698348093002
1	0.5757732866947243	0.7012055224961374	0.8211191558290899
1	0.8985343187687361	0.8340634920136691	1.077297264983288
1	0.8735486077663956	0.8420759950834078	1.0373750265614334
1	0.8065482151173206	0.8111745891329791	0.9942966975572997
2	0.7517677409726581	0.77828368581546	0.9659302317059114
2	0.8215057879529476	0.8108832817694709	1.0130999200776427
2	0.8970641335370633	0.8285843836643438	1.0826466817656804
2	0.8566180739916058	0.823524144190501	1.040185743228737
2	0.7185375616969857	0.7644098730822843	0.9399899020137843
2	0.7596370450026033	0.801849651460328	0.947355958338515
2	0.812945561646176	0.8017752893583336	1.0139319238645805
2	0.8658891667704027	0.7939258677716317	1.0906423407021055
2	0.8424921511755561	0.8001113690743881	1.0529686037959896
2	0.8701995587567418	0.8149244153971488	1.0678285523359305
2	0.7045197567011965	0.7455430950003321	0.9449752286967162
2	0.8350225001889868	0.8087424911685828	1.032494903269434
2	0.8543435466999241	0.8327171234738142	1.0259709121098552
2	0.8877232966206816	0.8330804282608661	1.0655913480933499
2	0.780754958320373	0.7977399142510737	0.9787086547541671
2	0.7502361883467877	0.786398809218017	0.9540149089147416
2	0.7930646859195855	0.7816737194156458	1.0145725335533287
2	0.8120426481918716	0.8100073797002144	1.0025126542580518
2	0.8828127920154866	0.8055065455944449	1.095972213812355
2	0.7887800158058961	0.8062832932670654	0.9782914050094652
2	0.8572504942052072	0.8374016175578108	1.0237029356419007
2	0.8140641597126681	0.8091403194332822	1.0060852736677792
2	0.8126500959356613	0.8032548851768224	1.0116964252968976
2	0.8380414378733486	0.8112397665207807	1.033037916111428
2	0.7758724024629977	0.7918718020009944	0.9797954675269817
2	0.7732312622487791	0.7902155740284891	0.9785067362148729
2	0.8402383483938826	0.8224370106251903	1.0216446214588035
2	0.8476910881914317	0.8111065364747932	1.045104496230102
2	0.7720597034907177	0.7550366432946269	1.022546005345926
2	0.8683402123412038	0.8238364390914219	1.054020156353928
2	0.8170611512764104	0.8090396005202634	1.0099149049700271
2	0.7695528132198303	0.7741855388814218	0.9940160007789798
2	0.8322866110751349	0.8057924323540868	1.032879656915673
2	0.851578998369384	0.8282891846957274	1.028117973896052
2	0.8163923492384135	0.7987252461864809	1.022119124362582
2	0.7649257559472908	0.7786029334308173	0.9824336938685041
2	0.7929888364452691	0.8101581367248906	0.9788074704167888
2	0.73330574522778	0.7586081658434886	0.9666462585627785
2	0.8816042647288796	0.8236636996303826	1.0703449297625933
2	0.9358910448099889	0.8520295223996124	1.0984256063970568
2	0.7887133575922906	0.7922849291387636	0.9954920617379969
2	0.8129946193130718	0.802154644972611	1.0135135717388146
2	0.7409870291416819	0.7484485225059399	0.9900307193615995
2	0.8565752257469283	0.8108109216105479	1.0564426340551467
2	0.8274244099919654	0.8206871231564861	1.0082093244128978
2	0.8489122780780809	0.8149645684498381	1.041655442386674
2	0.6510012393203768	0.7593318950497271	0.8573342481257739
2	0.9011934956370262	0.8347282186919026	1.0796250509528489
2	0.7966911331760332	0.8111961765034285	0.9821189451484873
2	0.8159985466386483	0.7968265678514984	1.0240604161064104
2	0.8625309558315917	0.8100637884438696	1.0647691800771781
2	0.8341111722533934	0.8012181550472205	1.041053759202741
2	0.6415335719264977	0.6902443638038092	0.9294296419765382
2	0.8636401281423606	0.8191832875328097	1.0542697114139676
2	0.8917313105665936	0.8336304322370988	1.0696962059957162
2	0.8088133191287493	0.813583007414179	0.994137428827835
2	0.8183604028218388	0.8159673374959914	1.0029327954881027
2	0.8313530326035535	0.8217061396547354	1.0117400765106508
2	0.7953496714720061	0.8019393302024892	0.9917828463048205
2	0.7917194149691927	0.7679279293140472	1.0309814043049552
2	0.7567866733098056	0.7548646954289627	1.0025461223613732
2	0.6993088896031658	0.7780033277768034	0.8988507691882088
2	0.852380346871669	0.7761089267619752	1.0982741178199145
2	0.7755031929775954	0.7804915538132488	0.9936086933788307
2	0.8464514193721311	0.8149535660131686	1.0386498748794402
2	0.8935926389337984	0.8452368401475348	1.0572097623878098
2	0.7507282660723389	0.7555107740755909	0.9936698348093002
2	0.5757732866947243	0.7012055224961374	0.8211191558290899
2	0.8985343187687361	0.8340634920136691	1.077297264983288
2	0.8735486077663956	0.8420759950834078	1.0373750265614334
2	0.8065482151173206	0.8111745891329791	0.9942966975572997
3	0.7895197051658585	0.7854930518352058	1.005126274918976
3	0.7823582309065114	0.7837912039666866	0.9981717413350353
3	0.8619154057425176	0.818174832285836	1.0534611573598252
3	0.8794785815953253	0.8245955223875269	1.0665575518150894
3	0.7237792317299341	0.7631536558077	0.9484056404917655
3	0.7536348595707927	0.7950987566140691	0.94785063276938
3	0.8049534798546422	0.7840907183723711	1.0266075863333497
3	0.8201466993284834	0.7662667834974913	1.070314826365129
3	0.8137401996785912	0.7804408748733426	1.042667325453261
3	0.7984635971307658	0.7715906873032032	1.034827934382524
3	0.6935658611301687	0.7420911251708757	0.9346101005728461
3	0.8067654101692869	0.7993316081008222	1.0093000226603415
3	0.8456538064890902	0.8175434690408737	1.0343839055814303
3	0.8421711862739649	0.8053376155328452	1.0457368065649697
3	0.7748865241104151	0.7934204381239927	0.9766404882921845
3	0.8096973449535342	0.8033912460053126	1.0078493498399157
3	0.8153555512135777	0.7831914315740097	1.0410680177832468
3	0.7547621156875647	0.7880653534181704	0.9577405127808809
3	0.8698356177737965	0.8093886297500176	1.074682279688619
3	0.7584436370813141	0.7851539394759476	0.9659808082826901
3	0.7840413353363012	0.796647437205859	0.9841760592191545
3	0.827679347122477	0.8101845487587264	1.0215935966571497
3	0.8070497954615816	0.7935762894078087	1.0169782114632322
3	0.763580149052953	0.7757387861788463	0.9843263772000049
3	0.794042349124149	0.7890444356181047	1.0063341344041405
3	0.8221952329585317	0.800534252719344	1.0270581554325844
3	0.7927108988259419	0.8049255656909915	0.9848250976417132
3	0.8435763303747424	0.8095223390398026	1.0420667715919145
3	0.8080892177088631	0.763772683437521	1.058023198829115
3	0.8413251042302278	0.8053463428956222	1.0446748925502585
3	0.7992981740914965	0.7953195837824529	1.0050025051440603
3	0.7698607319506343	0.7706167478595833	0.9990189469524912
3	0.8475134233138355	0.8090556529277575	1.0475341470601058
3	0.813016151167628	0.8038505369844114	1.011402137289851
3	0.842087906704377	0.7991934201487095	1.0536722218604928
3	0.7917080003097327	0.7926013761753149	0.9988728560251898
3	0.7656868803301574	0.7846180289960751	0.9758721467436323
3	0.7442637691478484	0.7425559715969223	1.0022998906698621
3	0.8436204893843707	0.809494543259826	1.0421571045891427
3	0.9015599615400987	0.8351324703935273	1.0795412626158214
3	0.7772561220675052	0.7700735036071924	1.0093271855565318
3	0.7990298488589258	0.7949518026031719	1.005129928937075
3	0.7343906381243205	0.7584534992349677	0.9682737819326843
3	0.8213505774419328	0.7972571668906249	1.0302203749955292
3	0.824460157026036	0.812675778087084	1.0145007138845588
3	0.8160978833445418	0.7929012884398237	1.0292553376352327
3	0.7087740766747436	0.7750708848887582	0.9144635548740424
3	0.8844656667593359	0.8123982581205422	1.0887094573608753
3	0.7590594716157142	0.7861901509378643	0.9654909447927003
3	0.8308613693919432	0.7890575764735865	1.0529793948689827
3	0.8267221745268191	0.7828594534278522	1.0560288579347266
3	0.8069997734973596	0.7935741324176622	1.0169179419177836
3	0.7607988142345893	0.7505253703108964	1.0136883366373575
3	0.8386433161117028	0.8106873627934976	1.0344842594090446
3	0.8614879985099012	0.7916767648924209	1.0881814860727494
3	0.8091065358050854	0.8026801705746726	1.0080061342811197
3	0.7909153919016956	0.7955917050193372	0.9941222198671265
3	0.8121580535743805	0.8046841634976024	1.0092879795773444
3	0.7781276295369355	0.7876973071602109	0.9878510723138361
3	0.7517383631600881	0.7468836182519273	1.0065000018604282
3	0.7262541747636123	0.7362179619606513	0.9864662535935635
3	0.6931121673389619	0.764828448287652	0.9062322000322384
3	0.8382618998264086	0.7828687195523402	1.070756665697083
3	0.7695301690376825	0.7718353294319458	0.9970134038876403
3	0.8192639597123652	0.8006816259915416	1.023208143059124
3	0.8684537382703688	0.8265184326399855	1.0507372902700276
3	0.7493701080546016	0.7356714212135336	1.0186206592319045
3	0.6478352013818522	0.7240980694077472	0.8946788132051343
3	0.8906905887524392	0.8164495709128826	1.0909315412543446
3	0.8559762599691528	0.8205424835301899	1.0431833538789088
3	0.8182533634360217	0.8040088984678821	1.0177168001439831
4	0.6028349241209665	0.6187526831302793	0.9742744404294384
4	0.7024873220101365	0.6539116498870822	1.0742847632878882
4	0.755430445367289	0.6864161564965562	1.1005429260624915
4	0.7155709618392332	0.6705684626766939	1.0671109687784954
4	0.5737843248799631	0.6183617243246098	0.9279104807249589
4	0.5349412956731144	0.6350651705333692	0.842340787204305
4	0.657210075706137	0.6300612264056611	1.0430892239716973
4	0.7332589432442066	0.6173152277347164	1.1878193025222368
4	0.7072521465235401	0.6497895482234957	1.0884326293907702
4	0.6860687354891628	0.6161613392387016	1.1134563170367606
4	0.4841922606459811	0.587580170352957	0.8240445901282353
4	0.635961650917616	0.6483060756887459	0.9809589556013101
4	0.7272085196561495	0.6864504234431644	1.0593751490581749
4	0.7536447245445982	0.6639106875365581	1.1351598019019673
4	0.5346916313048634	0.6191459465818945	0.8635954644566823
4	0.6221641512293048	0.644356103590723	0.9655594907260878
4	0.6636064142233181	0.6438105374599001	1.0307479850229244
4	0.4779094674872816	0.5978273251811385	0.7994105444117624
4	0.7292510178454372	0.6385194670181286	1.1420967652733016
4	0.6444783695925886	0.6495865201436916	0.9921363045680612
4	0.5683498557570703	0.6527547069925175	0.8706943813177058
4	0.6836813951931137	0.6748720571865193	1.0130533453160286
4	0.6518487304924304	0.6351526147109651	1.0262867780038396
4	0.6449043568214858	0.6427499308733733	1.0033518882610926
4	0.5259802519977199	0.5934644923116204	0.8862876529461086
4	0.623060804460382	0.6215283573821141	1.0024656108769077
4	0.6289517947264887	0.6584550420401423	0.9551932243965489
4	0.6951557839308541	0.6421625471989442	1.0825230885280708
4	0.7336266463001452	0.6120894098730078	1.1985612468811593
4	0.7359920669854709	0.6702499498847829	1.0980859709306792
4	0.6318452600170005	0.6441492807632632	0.9808988054264635
4	0.6594622356409006	0.628867389864703	1.0486507112139807
4	0.6733608086551243	0.6323919816309854	1.0647839128486059
4	0.6937721138954204	0.6753368874091299	1.027297822509023
4	0.7105149699598453	0.6545812416451842	1.0854496352111782
4	0.6985482633421911	0.655793118307451	1.0651960867553592
4	0.6384125816491717	0.6462248413955799	0.987910926281421
4	0.5977456697645266	0.6166813224314937	0.969294265971432
4	0.7229395659561666	0.6637847986736044	1.0891173877448943
4	0.8032908006933142	0.7048890714847265	1.1395988861074573
4	0.6668246177442232	0.6374595989712447	1.0460656939206325
4	0.6393761633982666	0.6511811399388168	0.9818714397323312
4	0.5967451501994827	0.5948533227301697	1.0031803259678036
4	0.7096259455741669	0.6701727302221244	1.0588702189344021
4	0.6685392653799616	0.6612877939819475	1.010965681604902
4	0.7032985577824828	0.6320844489927583	1.1126654973132244
4	0.4667705620810402	0.5869521958270455	0.7952445964076116
4	0.7388978354160171	0.666196477199961	1.1091290042865756
4	0.5956819498558219	0.6389870376798964	0.9322285347425648
4	0.6738871712765903	0.6270882776722135	1.0746288764607381
4	0.7550903971935728	0.6663734608383174	1.1331339580115434
4	0.665795720706153	0.6509535391514422	1.022800677255797
4	0.5758522351615122	0.5926374729649109	0.9716770562627036
4	0.714312589114622	0.6601299626149085	1.0820787262633635
4	0.744431687538237	0.6683710644035766	1.1137999940235792
4	0.584619095838273	0.6347677453286255	0.9209968530074097
4	0.48928283830537067	0.6209885943166096	0.7879095409857254
4	0.7115116507071054	0.6709796689019368	1.0604071683297043
4	0.6235486624265172	0.6407401765608486	0.9731692895759928
4	0.6717171028125078	0.6220429166597111	1.0798565256872317
4	0.629287605984074	0.5684813806307136	1.1069625627595712
4	0.5657745179661112	0.6257564923995608	0.9041448627988832
4	0.7206912373705197	0.6420282129878113	1.1225226910459802
4	0.659645734907085	0.6165238731995948	1.069943539223711
4	0.6154377427334411	0.6601328868404005	0.9322937169198097
4	0.6941717529495193	0.6820802797237999	1.0177273461572818
4	0.6390770572898739	0.5758757301300357	1.109748204088349
4	0.4184236213881976	0.5653692849142232	0.7400890578123289
4	0.7566536341824447	0.6617827230854993	1.143356584854042
4	0.7399437147465149	0.6845874812971617	1.0808607153383285
4	0.582700277108048	0.6346028299498541	0.9182125411481266
5	0.6028349241209665	0.6187526831302793	0.9742744404294384
5	0.7024873220101365	0.6539116498870822	1.0742847632878882
5	0.755430445367289	0.6864161564965562	1.1005429260624915
5	0.7155709618392332	0.6705684626766939	1.0671109687784954
5	0.5737843248799631	0.6183617243246098	0.9279104807249589
5	0.5349412956731144	0.6350651705333692	0.842340787204305
5	0.657210075706137	0.6300612264056611	1.0430892239716973
5	0.7332589432442066	0.6173152277347164	1.1878193025222368
5	0.7072521465235401	0.6497895482234957	1.0884326293907702
5	0.6860687354891628	0.6161613392387016	1.1134563170367606
5	0.4841922606459811	0.587580170352957	0.8240445901282353
5	0.635961650917616	0.6483060756887459	0.9809589556013101
5	0.7272085196561495	0.6864504234431644	1.0593751490581749
5	0.7536447245445982	0.6639106875365581	1.1351598019019673
5	0.5346916313048634	0.6191459465818945	0.8635954644566823
5	0.6221641512293048	0.644356103590723	0.9655594907260878
5	0.6636064142233181	0.6438105374599001	1.0307479850229244
5	0.4779094674872816	0.5978273251811385	0.7994105444117624
5	0.7292510178454372	0.6385194670181286	1.1420967652733016
5	0.6444783695925886	0.6495865201436916	0.9921363045680612
5	0.5683498557570703	0.6527547069925175	0.8706943813177058
5	0.6836813951931137	0.6748720571865193	1.0130533453160286
5	0.6518487304924304	0.6351526147109651	1.0262867780038396
5	0.6449043568214858	0.6427499308733733	1.0033518882610926
5	0.5259802519977199	0.5934644923116204	0.8862876529461086
5	0.623060804460382	0.6215283573821141	1.0024656108769077
5	0.6289517947264887	0.6584550420401423	0.9551932243965489
5	0.6951557839308541	0.6421625471989442	1.0825230885280708
5	0.7336266463001452	0.6120894098730078	1.1985612468811593
5	0.7359920669854709	0.6702499498847829	1.0980859709306792
5	0.6318452600170005	0.6441492807632632	0.9808988054264635
5	0.6594622356409006	0.628867389864703	1.0486507112139807
5	0.6733608086551243	0.6323919816309854	1.0647839128486059
5	0.6937721138954204	0.6753368874091299	1.027297822509023
5	0.7105149699598453	0.6545812416451842	1.0854496352111782
5	0.6985482633421911	0.655793118307451	1.0651960867553592
5	0.6384125816491717	0.6462248413955799	0.987910926281421
5	0.5977456697645266	0.6166813224314937	0.969294265971432
5	0.7229395659561666	0.6637847986736044	1.0891173877448943
5	0.8032908006933142	0.7048890714847265	1.1395988861074573
5	0.6668246177442232	0.6374595989712447	1.0460656939206325
5	0.6393761633982666	0.6511811399388168	0.9818714397323312
5	0.5967451501994827	0.5948533227301697	1.0031803259678036
5	0.7096259455741669	0.6701727302221244	1.0588702189344021
5	0.6685392653799616	0.6612877939819475	1.010965681604902
5	0.7032985577824828	0.6320844489927583	1.1126654973132244
5	0.4667705620810402	0.5869521958270455	0.7952445964076116
5	0.7388978354160171	0.666196477199961	1.1091290042865756
5	0.5956819498558219	0.6389870376798964	0.9322285347425648
5	0.6738871712765903	0.6270882776722135	1.0746288764607381
5	0.7550903971935728	0.6663734608383174	1.1331339580115434
5	0.665795720706153	0.6509535391514422	1.022800677255797
5	0.5758522351615122	0.5926374729649109	0.9716770562627036
5	0.714312589114622	0.6601299626149085	1.0820787262633635
5	0.744431687538237	0.6683710644035766	1.1137999940235792
5	0.584619095838273	0.6347677453286255	0.9209968530074097
5	0.48928283830537067	0.6209885943166096	0.7879095409857254
5	0.7115116507071054	0.6709796689019368	1.0604071683297043
5	0.6235486624265172	0.6407401765608486	0.9731692895759928
5	0.6717171028125078	0.6220429166597111	1.0798565256872317
5	0.629287605984074	0.5684813806307136	1.1069625627595712
5	0.5657745179661112	0.6257564923995608	0.9041448627988832
5	0.7206912373705197	0.6420282129878113	1.1225226910459802
5	0.659645734907085	0.6165238731995948	1.069943539223711
5	0.6154377427334411	0.6601328868404005	0.9322937169198097
5	0.6941717529495193	0.6820802797237999	1.0177273461572818
5	0.6390770572898739	0.5758757301300357	1.109748204088349
5	0.4184236213881976	0.5653692849142232	0.7400890578123289
5	0.7566536341824447	0.6617827230854993	1.143356584854042
5	0.7399437147465149	0.6845874812971617	1.0808607153383285
5	0.582700277108048	0.6346028299498541	0.9182125411481266
6	0.6748231039050026	0.6839367819726434	0.9866746776780235
6	0.6707090056726221	0.6713268757901631	0.9990796285091167
6	0.7699718781447865	0.7141524606140811	1.078161766022213
6	0.7418155636416917	0.7144636265962357	1.0382831763959248
6	0.6102815776864648	0.6578299821421512	0.927719310845562
6	0.5992873062327173	0.6624510591464041	0.9046514424853122
6	0.73078546280313	0.6932728030151604	1.0541095217132717
6	0.7395437422279734	0.6630791517829917	1.115317440217162
6	0.751417142689471	0.7073082297916313	1.0623616565451726
6	0.6951085836305643	0.6501685407488275	1.0691206049895576
6	0.6417178933381272	0.6577269685111083	0.975659998845386
6	0.6573392426584677	0.6807548130024584	0.9656035184816149
6	0.7402471672955977	0.708283784015932	1.0451279331829892
6	0.7559843699690293	0.7043016821255811	1.0733814630223089
6	0.6161171389999008	0.6704452704028954	0.918967089781472
6	0.7120846033052988	0.6950491884348551	1.024509653638766
6	0.6955172754230654	0.68492378758556	1.0154666665540244
6	0.554951519176022	0.6518362580524535	0.8513664472027036
6	0.7246258949276674	0.6700994545465173	1.081370668206334
6	0.6242522894551444	0.6741360301315908	0.9260034496795712
6	0.6360682446004562	0.6847418755557718	0.9289168185956064
6	0.700395926317852	0.6988315757349489	1.002238523039343
6	0.7225652542426957	0.6826710726052378	1.0584383654711074
6	0.6637646824883295	0.6828981566193725	0.9719819508288593
6	0.6196921854251589	0.6503644803538058	0.9528382993610586
6	0.6575955546242115	0.6743397210151079	0.9751695386330042
6	0.6749244534374367	0.6930306774460483	0.9738738491702322
6	0.7184117055293227	0.6887159874757497	1.0431175093849823
6	0.7707736689159514	0.6955616486364529	1.1081313502935948
6	0.7664771852577763	0.7082087308777612	1.082275820446038
6	0.6864285187984365	0.6918791066077857	0.9921220517323135
6	0.6632132782839374	0.6640989759284558	0.9986663168042382
6	0.6928929442980112	0.6676923307443002	1.037742853097652
6	0.7180632414074742	0.7107139640615243	1.010340696423004
6	0.7479909450380542	0.7064007297217813	1.0588762349278056
6	0.7237058904558542	0.7002258949244573	1.0335320297372463
6	0.6866463260032822	0.6938046290631716	0.9896825377634694
6	0.709415646712839	0.6887590217637695	1.0299910771348912
6	0.7259342410421022	0.7011375423857081	1.035366382710046
6	0.8083022479222544	0.7297738914147773	1.1076064208809087
6	0.7441907918421538	0.6986769992258207	1.0651428237465457
6	0.6781711638776292	0.6896198840283249	0.9833985063136239
6	0.6300444072752928	0.6441634950814854	0.9780815151525987
6	0.7433402574687736	0.708273926421215	1.0495095608343832
6	0.6961130441037119	0.694533601442099	1.0022741054692437
6	0.717490779234944	0.6594567828749667	1.0880027287110041
6	0.5848813792152706	0.6513491786281628	0.8979536605037515
6	0.7589453829333556	0.6957465985898665	1.0908359228368198
6	0.6488334608596443	0.6743680341816596	0.9621355520609732
6	0.6747762595210675	0.6740234357972159	1.0011169103088546
6	0.751301565086282	0.6991940850623053	1.074525058402537
6	0.6868334762474211	0.6871391593879335	0.9995551364867857
6	0.6910682616493375	0.6738274140848166	1.0255864442498785
6	0.7187816797168582	0.6995631529393016	1.0274721827426267
6	0.7490890008111993	0.7031173194992393	1.0653826609543642
6	0.6440745442343474	0.6804457531538421	0.9465479669012328
6	0.5357663545787321	0.6474970452736126	0.8274421613033516
6	0.740598520977996	0.707567401998893	1.0466826466083505
6	0.7334722183694221	0.6940923096029487	1.0567358379017346
6	0.7121298729033265	0.6824096983746643	1.0435518056080513
6	0.6843148365510869	0.6499030919999108	1.0529490395949384
6	0.6186617208586109	0.6672295800583411	0.927209673175036
6	0.7476539950349645	0.6985431248874545	1.070304707609029
6	0.7093722203006715	0.6645384499349468	1.0674660290463458
6	0.6868443117788411	0.7032968797471613	0.9766065107892489
6	0.716547631733595	0.7029999138171878	1.019271293851012
6	0.6708663258973803	0.6378311408983469	1.0517929948551983
6	0.547424323364304	0.6295511896840036	0.8695469603338812
6	0.7663528390186615	0.6913604902650108	1.108470689039382
6	0.7534710049236526	0.7123149446852651	1.0577778980287607
6	0.6493872343864123	0.6787253558094789	0.9567746789302183
7	0.5208206301509314	0.5666192444835353	0.9191721517077157
7	0.5376258031113302	0.5440021082083981	0.9882788963482744
7	0.639443210408795	0.5776701482777724	1.1069348352432418
7	0.5942562496177306	0.5825134881711906	1.0201587803286865
7	0.4930333246061575	0.5358066427570385	0.9201702354215184
7	0.5236397925451947	0.5596962033507143	0.9355786039110825
7	0.5997496718486114	0.5756308080475347	1.0418998835084674
7	0.6189919640338843	0.5557166631599332	1.1138625221603995
7	0.6395928592823953	0.5790704359465545	1.104516514017695
7	0.5869375998491316	0.5369225207548779	1.0931513899322678
7	0.5593685140614687	0.5477289159560493	1.0212506547789297
7	0.49739052918302945	0.5481984851958094	0.9073183210372572
7	0.589946763818432	0.5718616078797982	1.031625056988325
7	0.5737512100893233	0.5666068672501524	1.012608994440614
7	0.505117673395619	0.5523442274819661	0.9144979675054374
7	0.5593677062087715	0.5661546504097619	0.9880122079787241
7	0.57734169003994	0.5709150679604755	1.01125670426325
7	0.4089191282487934	0.5270648240432283	0.7758421916907418
7	0.6121925190869149	0.5496893023702268	1.1137064455269148
7	0.5661541006108581	0.5700241791105826	0.9932106765966262
7	0.4841915445010234	0.5623650707150482	0.8609914977211743
7	0.6054038189822876	0.5825738590383887	1.0391880953628483
7	0.6515946116756919	0.5664449611817984	1.1503229021867227
7	0.5351780827740855	0.5638521469957186	0.9491461292212641
7	0.5237533169167152	0.5337836762977048	0.9812089431985638
7	0.5590805211633412	0.572965129216756	0.9757670976026148
7	0.5533401375159562	0.5674427039692203	0.9751471534401314
7	0.6146556570372484	0.5821683024337038	1.0558040595266593
7	0.6772528713033559	0.5836329806270795	1.1604088421728451
7	0.632139736211744	0.5753994980971942	1.0986101626820772
7	0.523494387353873	0.5568351636010171	0.9401245136324877
7	0.5281187393447153	0.5404263745749487	0.9772260648087105
7	0.611983725908533	0.569887581380977	1.0738674536924402
7	0.6062643038642291	0.588946452826865	1.0294047972515001
7	0.5929138558117799	0.5711551836090327	1.0380959025273269
7	0.5707825990842291	0.569126192933945	1.0029104373877875
7	0.5405520652184672	0.5642692543299301	0.9579683122384063
7	0.6230469051016158	0.5829822930815572	1.0687235487175484
7	0.6191047806183652	0.5829620332286739	1.0619984584407984
7	0.638642485165154	0.5833183256073278	1.0948438564830358
7	0.6388543879149983	0.5884852257924356	1.0855912092860738
7	0.5128943306794919	0.5604846738797225	0.9150907323284931
7	0.5972919712590662	0.5541064265200805	1.077937274631881
7	0.6280486445327707	0.5843882415510901	1.0747112961509913
7	0.5497118483217832	0.5690721083040083	0.9659792499057386
7	0.6370660118091426	0.5762330403161672	1.1055700857757091
7	0.45537324010116775	0.5239837856830065	0.8690597925804026
7	0.6382674125922143	0.5741810323937282	1.111613544479715
7	0.5060103089032217	0.56049079097951	0.9027986133704738
7	0.5993772298550236	0.5588647760163694	1.0724906195152073
7	0.6268334369751892	0.5718800053309004	1.0960925913338966
7	0.6267721607574868	0.5780010980545559	1.084378840917578
7	0.5902507544028966	0.5659229740776358	1.0429877941691823
7	0.6088774235375165	0.5820439731344826	1.0461021016307885
7	0.6036078060951771	0.5773393217815057	1.045499212200919
7	0.5570455448127238	0.5701415951879603	0.9770301790190926
7	0.4139582211452735	0.5380961379888154	0.7693016022982083
7	0.6200001738084221	0.5811146006764024	1.0669154984004152
7	0.6291592404286035	0.5750803223047967	1.09403715624814
7	0.5762620897550307	0.5579738248572946	1.0327762057698915
7	0.6091090916470142	0.5267274551089298	1.1564027766903615
7	0.5412025769039994	0.5587288593391785	0.968631864736846
7	0.661851127030138	0.5900953569985201	1.121600295919288
7	0.6113933511918838	0.5373253489298425	1.1378457249589247
7	0.5698342411152656	0.5830992245509072	0.9772508985141284
7	0.5310482014913489	0.5487987118298214	0.9676556997021946
7	0.6085433824966614	0.5489952221509552	1.108467538410257
7	0.44649630895494946	0.5288970160289345	0.8442027378171536
7	0.6278595944879877	0.5489744682847355	1.1436954371479748
7	0.605628699280172	0.5758463813966388	1.0517192064510335
7	0.5251591706905306	0.5633863212462252	0.9321475351564533
8	0.5208206301509314	0.5666192444835353	0.9191721517077157
8	0.5376258031113302	0.5440021082083981	0.9882788963482744
8	0.639443210408795	0.5776701482777724	1.1069348352432418
8	0.5942562496177306	0.5825134881711906	1.0201587803286865
8	0.4930333246061575	0.5358066427570385	0.9201702354215184
8	0.5236397925451947	0.5596962033507143	0.9355786039110825
8	0.5997496718486114	0.5756308080475347	1.0418998835084674
8	0.6189919640338843	0.5557166631599332	1.1138625221603995
8	0.6395928592823953	0.5790704359465545	1.104516514017695
8	0.5869375998491316	0.5369225207548779	1.0931513899322678
8	0.5593685140614687	0.5477289159560493	1.0212506547789297
8	0.49739052918302945	0.5481984851958094	0.9073183210372572
8	0.589946763818432	0.5718616078797982	1.031625056988325
8	0.5737512100893233	0.5666068672501524	1.012608994440614
8	0.505117673395619	0.5523442274819661	0.9144979675054374
8	0.5593677062087715	0.5661546504097619	0.9880122079787241
8	0.57734169003994	0.5709150679604755	1.01125670426325
8	0.4089191282487934	0.5270648240432283	0.7758421916907418
8	0.6121925190869149	0.5496893023702268	1.1137064455269148
8	0.5661541006108581	0.5700241791105826	0.9932106765966262
8	0.4841915445010234	0.5623650707150482	0.8609914977211743
8	0.6054038189822876	0.5825738590383887	1.0391880953628483
8	0.6515946116756919	0.5664449611817984	1.1503229021867227
8	0.5351780827740855	0.5638521469957186	0.9491461292212641
8	0.5237533169167152	0.5337836762977048	0.9812089431985638
8	0.5590805211633412	0.572965129216756	0.9757670976026148
8	0.5533401375159562	0.5674427039692203	0.9751471534401314
8	0.6146556570372484	0.5821683024337038	1.0558040595266593
8	0.6772528713033559	0.5836329806270795	1.1604088421728451
8	0.632139736211744	0.5753994980971942	1.0986101626820772
8	0.523494387353873	0.5568351636010171	0.9401245136324877
8	0.5281187393447153	0.5404263745749487	0.9772260648087105
8	0.611983725908533	0.569887581380977	1.0738674536924402
8	0.6062643038642291	0.588946452826865	1.0294047972515001
8	0.5929138558117799	0.5711551836090327	1.0380959025273269
8	0.5707825990842291	0.569126192933945	1.0029104373877875
8	0.5405520652184672	0.5642692543299301	0.9579683122384063
8	0.6230469051016158	0.5829822930815572	1.0687235487175484
8	0.6191047806183652	0.5829620332286739	1.0619984584407984
8	0.638642485165154	0.5833183256073278	1.0948438564830358
8	0.6388543879149983	0.5884852257924356	1.0855912092860738
8	0.5128943306794919	0.5604846738797225	0.9150907323284931
8	0.5972919712590662	0.5541064265200805	1.077937274631881
8	0.6280486445327707	0.5843882415510901	1.0747112961509913
8	0.5497118483217832	0.5690721083040083	0.9659792499057386
8	0.6370660118091426	0.5762330403161672	1.1055700857757091
8	0.45537324010116775	0.5239837856830065	0.8690597925804026
8	0.6382674125922143	0.5741810323937282	1.111613544479715
8	0.5060103089032217	0.56049079097951	0.9027986133704738
8	0.5993772298550236	0.5588647760163694	1.0724906195152073
8	0.6268334369751892	0.5718800053309004	1.0960925913338966
8	0.6267721607574868	0.5780010980545559	1.084378840917578
8	0.5902507544028966	0.5659229740776358	1.0429877941691823
8	0.6088774235375165	0.5820439731344826	1.0461021016307885
8	0.6036078060951771	0.5773393217815057	1.045499212200919
8	0.5570455448127238	0.5701415951879603	0.9770301790190926
8	0.4139582211452735	0.5380961379888154	0.7693016022982083
8	0.6200001738084221	0.5811146006764024	1.0669154984004152
8	0.6291592404286035	0.5750803223047967	1.09403715624814
8	0.5762620897550307	0.5579738248572946	1.0327762057698915
8	0.6091090916470142	0.5267274551089298	1.1564027766903615
8	0.5412025769039994	0.5587288593391785	0.968631864736846
8	0.661851127030138	0.5900953569985201	1.121600295919288
8	0.6113933511918838	0.5373253489298425	1.1378457249589247
8	0.5698342411152656	0.5830992245509072	0.9772508985141284
8	0.5310482014913489	0.5487987118298214	0.9676556997021946
8	0.6085433824966614	0.5489952221509552	1.108467538410257
8	0.44649630895494946	0.5288970160289345	0.8442027378171536
8	0.6278595944879877	0.5489744682847355	1.1436954371479748
8	0.605628699280172	0.5758463813966388	1.0517192064510335
8	0.5251591706905306	0.5633863212462252	0.9321475351564533
9	0.36815669331342404	0.4204749370619357	0.8755734548316129
9	0.3934316649691654	0.40315518487583046	0.9758814464716363
9	0.44518175436172475	0.42040295235456665	1.0589405994139158
9	0.44845910109940657	0.4389293556388037	1.0217113422426112
9	0.2937362033204879	0.38101739590000544	0.7709259642244164
9	0.34549339647740984	0.4029684308839242	0.8573708757273094
9	0.4421200855772513	0.4222163516521864	1.0471410779027839
9	0.4818162057901999	0.4192952391669707	1.1491096506305245
9	0.5372071119999583	0.4605285345577854	1.1665012516885673
9	0.39369819918682425	0.36552435394211286	1.0770778880828642
9	0.40177139292002984	0.3929011114452424	1.0225763715509968
9	0.3467541981360984	0.4042484907141738	0.857774873873983
9	0.4881749772794583	0.4402978172427168	1.1087381271534873
9	0.4226215398795469	0.4190128084247692	1.0086124609611442
9	0.31528869960662365	0.4060646322785691	0.7764495465596934
9	0.4170887405623967	0.42594096387264596	0.9792172529503501
9	0.42527208610922296	0.4274193681033669	0.9949761705847063
9	0.2738029241559333	0.3829695063815634	0.714947063913584
9	0.37558650999577947	0.36472660861118655	1.0297754568166702
9	0.4129685244456354	0.4218039457468332	0.9790532511839023
9	0.3740217711149649	0.42511635767643957	0.8798103492400466
9	0.444138907189621	0.4230846331338331	1.049763740885214
9	0.5241050308683374	0.43875680103255527	1.1945228646824995
9	0.39041473203759997	0.42671563129111123	0.91492953013304
9	0.4375509109572291	0.4254708597389104	1.0283921940640814
9	0.41573841104080655	0.42831352002747114	0.9706404108236928
9	0.463073144016878	0.4434594214286648	1.0442289004144392
9	0.4469276658681452	0.4362767025136574	1.0244133213924123
9	0.5268574336241142	0.4522249167378784	1.165034066288512
9	0.49125940360569353	0.4190479311132136	1.1723227037552673
9	0.3492559702917331	0.405429141144277	0.8614476238831732
9	0.3652242641355396	0.3827468054048624	0.9542189744711579
9	0.4393529960944978	0.41748339463635675	1.0523843624419846
9	0.43614438103756364	0.43681082738771526	0.9984742906806198
9	0.43934557711653915	0.42834160575269925	1.0256897093722737
9	0.45318341110510935	0.4270658371018626	1.0611558493661886
9	0.451600807129574	0.43560632478196754	1.0367177459041994
9	0.49141737794366414	0.4444071733479072	1.105781831201349
9	0.46014034407210597	0.4395028917769114	1.046956351553814
9	0.47395094721169273	0.44057343502005214	1.075759248149225
9	0.4958593015700259	0.452606663481578	1.095563414280595
9	0.3669946428688125	0.425490919210227	0.8625205058430104
9	0.47029160985325463	0.4227003648265079	1.1125886064618846
9	0.47534898435491696	0.43733750930732823	1.0869156526450081
9	0.4007050690029798	0.415347322239599	0.9647469660869208
9	0.49497339009888536	0.4244282862675444	1.1662120695388145
9	0.37481006357644114	0.4116095356916177	0.9105961623232482
9	0.5172244667193946	0.44315029577705867	1.1671536082638685
9	0.338255899208627	0.41841827340878457	0.8084156947852971
9	0.37726659426580045	0.39665902367182726	0.9511105805018293
9	0.45511114862129176	0.4140681207258608	1.0991214388190103
9	0.5231273045455869	0.4512376714679861	1.1593165589294137
9	0.45556684901906414	0.4241421556235885	1.0740900025588684
9	0.4459886256501003	0.4322472352500775	1.0317905802036482
9	0.42559410230272476	0.43179351275331274	0.9856426503236287
9	0.404009333837611	0.4166248363076001	0.9697197541514906
9	0.3002967544746461	0.3918530072900057	0.7663505163618665
9	0.5103566810664919	0.4532393566596036	1.1260202221357074
9	0.5232282633790065	0.4442105507497555	1.1778834665135303
9	0.44628334010977794	0.4276802790904636	1.0434975890374862
9	0.5266042095294047	0.4292936655486268	1.2266759372198455
9	0.3670982351651778	0.40391548799962124	0.9088491183718166
9	0.4966408527483584	0.44209476314795837	1.1233809901117169
9	0.5301333405346382	0.42118443176267834	1.2586726872026184
9	0.429022607754725	0.44145106303619447	0.9718463577910776
9	0.4144711348623046	0.4140292308410359	1.0010673256580727
9	0.4901362902343289	0.4247719300460945	1.1538810725584936
9	0.38469059968022834	0.41033639638119157	0.9375005558192333
9	0.43020242485212157	0.38672475093806624	1.112425371814431
9	0.490513877148691	0.4447814146288408	1.1028200842384857
9	0.3981783189306815	0.4241510788599575	0.9387653097592344
10	0.5733107232737664	0.6029199583219066	0.9508902721838055
10	0.5580013076231237	0.5794229605771684	0.9630293336447932
10	0.6165802251832804	0.5889904452518874	1.0468424915103571
10	0.6234484492189626	0.6095202744202755	1.0228510443101084
10	0.5252003542073971	0.5760028620687669	0.9118016398756978
10	0.5522008214723944	0.5839412438065716	0.9456444930533264
10	0.6281537831483064	0.6033085888485816	1.0411815690327597
10	0.6324993065002041	0.5914677573899839	1.0693724190330904
10	0.6421061929811134	0.6061929387287384	1.0592439336685273
10	0.5588288318252236	0.5575905291265384	1.002220810135755
10	0.5836302853408306	0.5903789471109546	0.9885689322033774
10	0.5373195103070227	0.5653721149536741	0.9503820512107323
10	0.6015469962740945	0.5931325128507757	1.0141865152238514
10	0.5733016013507624	0.5900751154991338	0.9715739340504419
10	0.5050030191212032	0.5760252571335807	0.8767029099282926
10	0.5845227603049296	0.5936844922968169	0.984568011947823
10	0.6033828027311096	0.6046207866671454	0.9979524621658148
10	0.4889614302502446	0.557827626973174	0.8765457403094142
10	0.5979377148908178	0.5766000609200245	1.0370059863274155
10	0.6063623237962656	0.6007861059548921	1.0092815359511529
10	0.513915583971768	0.5850526402659237	0.8784091355235627
10	0.6064621025315455	0.5987919655260723	1.0128093519069425
10	0.6671954030881189	0.6031565286708034	1.1061728943868685
10	0.5726268708704612	0.5943960719788585	0.9633759337676585
10	0.6120135568720021	0.5970672051201279	1.0250329470848547
10	0.5844884541481185	0.5936563793914736	0.9845568487737759
10	0.6093370593872202	0.6088541542007075	1.000793137704951
10	0.6064139345444	0.6030740010426322	1.0055381818748503
10	0.6863712346880384	0.6239025594823827	1.1001256915142046
10	0.6535350587312811	0.6009360957135746	1.087528380127089
10	0.5430724993132742	0.5838505668270096	0.9301566705067228
10	0.5612408303692391	0.5698595460127199	0.9848757194579163
10	0.6068410786112232	0.5963855787371753	1.0175314431582785
10	0.6032458480207177	0.5973616329146586	1.0098503398642271
10	0.5920139752124954	0.598434537990286	0.9892710691475919
10	0.5999549258867288	0.5922796779316057	1.0129588237467932
10	0.5956521710302443	0.5959109866319904	0.9995656807685173
10	0.6411806618587071	0.6135968231287993	1.0449543375880839
10	0.6402090449892129	0.6146304429197262	1.0416162303122811
10	0.6400690664809667	0.6047494627456337	1.0584036959288528
10	0.6489915695574198	0.6171125506668033	1.0516583544706237
10	0.5607213129407539	0.5950363789644786	0.9423311460663262
10	0.6439705902684171	0.6061401023392715	1.0624121185566615
10	0.6485953099421315	0.6101321433342868	1.0630407150779648
10	0.6054033537771482	0.5993795278194985	1.0100501029448967
10	0.6579420719047274	0.6114797999780834	1.0759833308120879
10	0.5528098794794105	0.583347910137621	0.9476503984543185
10	0.6769700485230336	0.6116368958866296	1.1068168926298942
10	0.4830451429551943	0.5783870559115194	0.8351589787809665
10	0.5855645919192157	0.579757830982194	1.0100158387290503
10	0.6240402954699016	0.5923167399367039	1.053558431484796
10	0.6761501248277529	0.6149220178909381	1.0995705230182116
10	0.5939255215427044	0.5838617036967103	1.0172366465933202
10	0.6270825540420921	0.6098999903092536	1.028172756199137
10	0.6075847228402405	0.5980514354874699	1.0159405810053779
10	0.6061003618275959	0.6029490631696175	1.0052264757513885
10	0.5014789594721323	0.5718396455049328	0.8769573138450864
10	0.6411538486508844	0.601072440400561	1.0666831575635256
10	0.6494291426345242	0.6014016778788531	1.0798592131053977
10	0.601641141091967	0.5965913678467476	1.008464375311774
10	0.6930348911577876	0.6040088900171156	1.1473918722258365
10	0.5989990806504488	0.5959148075038135	1.0051756947600528
10	0.622875287863583	0.5974213953260885	1.042606262073358
10	0.6632503468154787	0.5773893386441038	1.1487055655946197
10	0.565916341611069	0.5941451060881633	0.9524884339064041
10	0.536398637866605	0.5723192235184562	0.9372368004152969
10	0.6085987326141445	0.5947749584310992	1.0232420245457372
10	0.570701562574076	0.5849014870411416	0.9757225365609871
10	0.6424454701237369	0.5842502195509118	1.0996067243544336
10	0.6394490384666484	0.5975880079986804	1.0700499841155788
10	0.5909924784313724	0.5966187064875892	0.9905698095030585
11	0.7005966940674776	0.6950992056062609	1.0079089264048602
11	0.6644398226559923	0.6546889909597231	1.0148938378847263
11	0.6963745819153445	0.6669969996486199	1.044044549349099
11	0.651033055112668	0.6669252858567799	0.9761708978784698
11	0.6497509592202674	0.6658935783648949	0.9757579594260906
11	0.6600428064900887	0.673750719479721	0.9796543252670399
11	0.7169854286404626	0.6890094044309232	1.0406032545123904
11	0.7267370715323116	0.6806770712256698	1.0676679180976425
11	0.7304117390585334	0.6944620212829642	1.0517662833586707
11	0.6217545498505451	0.6359148022284759	0.9777324693051521
11	0.6362949274830325	0.6603899308376479	0.9635139752599606
11	0.5829080400647622	0.6266246479799895	0.9302347776198178
11	0.6632993365480979	0.6615293932022464	1.002675532431422
11	0.6595112146900761	0.6696223195557233	0.9849002869672032
11	0.6331326984267869	0.665132010603701	0.9518902839334552
11	0.6665528885807384	0.6766237796557056	0.9851159663940694
11	0.6927779782766491	0.6843563587304026	1.0123058980000859
11	0.5665951794064346	0.6241464533504314	0.9077920356110968
11	0.6645749072344408	0.654373117161674	1.0155901729536458
11	0.7009341606494405	0.6907057936158056	1.0148085728079532
11	0.6464321099825504	0.6726803329044374	0.9609796486712272
11	0.661300756285044	0.6659801113611615	0.9929737315029519
11	0.7233785526704242	0.6756567984720212	1.0706301694977751
11	0.6300444014780163	0.6568626771142384	0.9591721731640448
11	0.7053264678169033	0.6708404984786732	1.0514071070790107
11	0.6800095258688198	0.6756737779661652	1.0064169249185688
11	0.6798253621093694	0.680876480933656	0.9984562268579974
11	0.7027070586250325	0.6833874333797498	1.0282703841212528
11	0.7401502988536276	0.691121774958552	1.0709404994481848
11	0.6761721158769821	0.6484139899981359	1.0428092643080171
11	0.6233052719808292	0.6567424953024901	0.9490862498455198
11	0.6310759425251218	0.6528859714749993	0.9665944285789994
11	0.6789502432361573	0.6733122246515093	1.0083735574347636
11	0.68211138177013	0.6803579197700766	1.0025772640386783
11	0.6339340192228439	0.6578297147824402	0.9636749526167281
11	0.6355905777152169	0.6509054341015093	0.9764714571673033
11	0.664887167582353	0.6721298925924746	0.9892242182799137
11	0.6601955583875058	0.6674632921565357	0.989111410538326
11	0.6809390519948504	0.6765749351353488	1.006450308211061
11	0.7130829585664081	0.6832628838083331	1.0436436333141141
11	0.728042772540027	0.6934738399839379	1.0498489352632103
11	0.6217439464830383	0.6613458333822234	0.9401192463908709
11	0.7180834547803693	0.6912704363470292	1.0387880300147532
11	0.7190414359886982	0.6793244069657164	1.0584654821992672
11	0.6868788582292766	0.6768816355412682	1.0147695286193046
11	0.7436886102115022	0.6900359694982833	1.0777533970471556
11	0.6210276977164654	0.6543440952459837	0.9490842849021296
11	0.7380141307564348	0.68684056867612	1.0745057359948198
11	0.5678075584951021	0.6405759827833845	0.8864015725783314
11	0.6717053539165653	0.6570354852919185	1.022327361235488
11	0.7032133361232993	0.6726552995194519	1.0454289687833846
11	0.7304083802778042	0.6793805508595002	1.0751093468215236
11	0.6744002852705907	0.6623900849523999	1.0181316124607358
11	0.7353706124142636	0.69841131647709	1.0529190966200301
11	0.689684676600868	0.681102221140028	1.0126008331707899
11	0.6889108567139749	0.6813330247139849	1.0111220676601886
11	0.6107857204132595	0.657624433544161	0.9287758928322176
11	0.7414470579504371	0.6899405584874626	1.0746535318577164
11	0.7024888233877494	0.6766364932407816	1.038207117714191
11	0.6898637310188984	0.6751883867195875	1.0217351847098723
11	0.7392487123608084	0.6741402292112577	1.09658002938903
11	0.7008447191271417	0.6814662792249454	1.0284363885535703
11	0.7068876028739011	0.6833692801131771	1.0344152472830341
11	0.6773338463149459	0.6238197684645982	1.0857845175090577
11	0.6362649288360991	0.6658650002364714	0.9555464375063109
11	0.6464295708077915	0.6556557226538537	0.9859283591566651
11	0.685577074452478	0.6770450766731982	1.0126018164421244
11	0.6477764064467622	0.6651239845115592	0.9739182791949137
11	0.728704633216905	0.6759235070247647	1.0780874250467614
11	0.7366739490656254	0.6896527477737602	1.068180981578994
11	0.6724949017510748	0.678802533188559	0.9907077078692457
12	0.6648593203875083	0.6696229751064786	0.9928860644033116
12	0.5876541198494195	0.6032783520308801	0.9741011224273786
12	0.6557887027454194	0.6299002949792043	1.0410992151814595
12	0.6349775499548336	0.6442680937902628	0.9855796927940781
12	0.5879671743294321	0.6213835890573671	0.9462225663561097
12	0.6327773504333521	0.643336824830186	0.9835863983075723
12	0.7050267260265783	0.6654499135785987	1.0594737660046372
12	0.7248094652282094	0.6563681260621262	1.104272795171661
12	0.7194476083996563	0.6672690535824891	1.078197174793326
12	0.5662000681461214	0.5850898446633671	0.9677147421211627
12	0.5950867230881384	0.624712889107809	0.952576349013734
12	0.5082150714255609	0.5682847260116677	0.8942965527022215
12	0.6025728403776065	0.6200473844470344	0.9718174053987633
12	0.6140998962895912	0.6271724447934743	0.9791563730001117
12	0.6072397647989337	0.6311640708782107	0.9620949493433801
12	0.6647225840236373	0.6553010379134676	1.014377431997008
12	0.6620788179846386	0.6540102302704522	1.0123370970983891
12	0.427683634748356	0.5366591673438214	0.7969371637964623
12	0.6218551411182347	0.6147584018902076	1.0115439483319084
12	0.6672769962422975	0.6581365930959592	1.0138883071420488
12	0.5742170886564626	0.624175419516778	0.9199610729640844
12	0.6479121360625868	0.6336396872842419	1.0225245499370725
12	0.6688920836307752	0.6259300670243177	1.0686370872239763
12	0.5551334093894584	0.6075540193196204	0.9137186023575878
12	0.6440396138544422	0.6250995475509379	1.0302992801349946
12	0.6665346415043955	0.6480217322442587	1.0285683463053346
12	0.6522610979536068	0.6532127663661768	0.9985430958156802
12	0.7006054735561775	0.6631419426834655	1.0564939848641037
12	0.7189051153007157	0.6555513243821448	1.0966419997370636
12	0.5836103121556534	0.5915104628258226	0.9866441066275855
12	0.6037275971960506	0.6309896794565427	0.9567947255746365
12	0.595131235846171	0.619596573838815	0.9605140844451983
12	0.6480781180563714	0.6377435702015609	1.0162048640514623
12	0.669201504529184	0.6580950832130823	1.0168766210224147
12	0.6231742128526511	0.6247312267302358	0.9975077060166594
12	0.5984201722146713	0.6193823179563326	0.9661563704129843
12	0.6363199546050491	0.6485324007369677	0.9811691040909585
12	0.6128520841729254	0.6274126242819805	0.9767927205390258
12	0.6850978447934706	0.6530458587221671	1.0490807584845885
12	0.7034229127635067	0.6547003327358079	1.0744196659013459
12	0.710085102388997	0.6700712360887168	1.0597158393693271
12	0.5851949257868564	0.6325189207454763	0.9251816927423377
12	0.6746058137720804	0.6544165222520889	1.030850827926093
12	0.6872465722859316	0.6456191830236166	1.0644766920762208
12	0.650424375634031	0.6462784493036987	1.0064150774868001
12	0.7078611297342187	0.6680966264550676	1.0595190900605833
12	0.57562036750785	0.6073060934367127	0.9478257730800049
12	0.7328927333367821	0.6654784179485745	1.1013020310951949
12	0.5549271086451897	0.622094556199213	0.8920301634459018
12	0.6331093903619379	0.6137863352878746	1.0314817290042804
12	0.6713592884389393	0.6404515163150991	1.0482593472518749
12	0.6704521639954051	0.6325537761917258	1.0599133057616785
12	0.6485211865618109	0.6261019905583572	1.0358075782245322
12	0.7097373273847044	0.6667843667592206	1.0644180679193913
12	0.7036612552529731	0.6667209328724015	1.0554059735629169
12	0.6859990685500954	0.656430426689172	1.0450445936975505
12	0.5525228111323421	0.6149497134321553	0.8984845411970414
12	0.7560182965329352	0.6781388667251151	1.1148428937334285
12	0.7131125474003228	0.6591065598132806	1.081938173399976
12	0.6519530905676447	0.6416195964416536	1.0161053281154433
12	0.7118519425526821	0.641064342663355	1.1104219891489115
12	0.7062167012984762	0.6447833351219042	1.0952775340649232
12	0.6858236701269803	0.6529981525551117	1.050268928699761
12	0.5968933905168589	0.5509738563930722	1.0833424918278283
12	0.6254557828058468	0.6433899771430198	0.9721254682629499
12	0.5938357595021414	0.6072367828251286	0.9779311403689351
12	0.6882617049876935	0.6560606198460074	1.049082484404024
12	0.666838491030133	0.6438925071125168	1.0356363580320505
12	0.7138273609214503	0.6446304373148805	1.1073435562472043
12	0.7126020714464592	0.6652471137210098	1.071184010796489
12	0.6459589023878539	0.6511334550818176	0.9920530074847506
13	0.5454384928452183	0.559046244179039	0.9756589880076848
13	0.5164315793236417	0.5196205769763849	0.993862834163921
13	0.5964590735390997	0.550007752293215	1.0844557573092553
13	0.5425488555236027	0.5426046126358505	0.999897241728232
13	0.4805889171990889	0.5176725305238051	0.9283647264667622
13	0.5519242913286363	0.5526339860489344	0.9987157960997438
13	0.6121208275779605	0.5609636454844114	1.091195182620744
13	0.5915702451140571	0.5454849390594694	1.084485020125484
13	0.6002335317298858	0.5560886642961091	1.0793845842724645
13	0.5060512130087218	0.5002351490163572	1.011626659989409
13	0.5169499925858272	0.5266302086367922	0.9816185705031568
13	0.4355192136134432	0.47531772538786016	0.9162696662701958
13	0.4994828959353859	0.5075248559184465	0.9841545494978617
13	0.5506720953490961	0.5360888486648837	1.0272030405417527
13	0.490032858167211	0.5218716637371967	0.9389911202651173
13	0.5298494788688124	0.5399810857286473	0.9812371078772817
13	0.5609374926921821	0.5507482260780012	1.018500770645674
13	0.37266443038081853	0.4634677943308995	0.8040783738141455
13	0.5585080559408153	0.534715446154871	1.044495834105853
13	0.5596136480250964	0.5495818134624502	1.0182535781150475
13	0.4901233096087555	0.5290845233120262	0.9263610784542012
13	0.5304416146826165	0.5179265125114171	1.0241638569736735
13	0.5728110595249797	0.5227300190054318	1.095806704606011
13	0.46945411010722055	0.5090618907516199	0.9221945673719177
13	0.4685543199690575	0.5007910631023836	0.9356283577953236
13	0.5989790968351074	0.5626849735271937	1.06450167503213
13	0.5638488853209057	0.5468191549488719	1.0311432586402831
13	0.5726469161806751	0.5519057345053605	1.0375810222263837
13	0.6135396603936659	0.5543141477272602	1.1068446708589992
13	0.4898695596447799	0.4980251880158675	0.9836240644703542
13	0.48816165759513935	0.5309313185210661	0.9194440798010115
13	0.5296540203752418	0.5318471805910819	0.995876333849504
13	0.5371643044269169	0.5351595791999915	1.003746032594469
13	0.5591361543177814	0.5475828166562536	1.0210987951230406
13	0.5232894941855392	0.522707679844981	1.001113077850187
13	0.4821475932052741	0.5148299412391998	0.9365181676200514
13	0.5147196435056189	0.5313684764309354	0.9686680078631266
13	0.4954782050180085	0.5104148434107839	0.970736277391615
13	0.568643401020722	0.5457951689435245	1.0418622834669349
13	0.566770597781105	0.5302724114042903	1.068829125543527
13	0.6082102913826744	0.5673937313576147	1.0719369245187058
13	0.4829782904925474	0.5307248521536082	0.910035187786455
13	0.5681557128804425	0.544853759121798	1.0427673543010934
13	0.5822361602331315	0.5467386491067127	1.0649259224392063
13	0.5647352940738273	0.5522172849808946	1.0226686296017804
13	0.5806564244648598	0.551227691212565	1.0533876177148482
13	0.442527285761949	0.49124986139364496	0.9008191564808322
13	0.6148965004353637	0.5628066034614814	1.0925538127191632
13	0.4361450743692112	0.5061022489310164	0.8617726463188654
13	0.528568601488994	0.5216221787795069	1.0133169619546092
13	0.5787422169000314	0.5309957257545556	1.0899187862155144
13	0.5567088418027477	0.5326013827934227	1.0452636057437263
13	0.5892962980092574	0.5474628798275989	1.0764132505108515
13	0.6185823195456092	0.569597257570599	1.08599946949172
13	0.5842190712486929	0.5544489823163292	1.0536931077192941
13	0.5678936919058806	0.5466831160192797	1.0387986664761983
13	0.4494138488257602	0.511841373824686	0.8780334529574231
13	0.6443777816834628	0.5701364120596952	1.1302168534641746
13	0.5979809028926416	0.5527594838447569	1.0818102997226642
13	0.5376801784325214	0.5359097521009634	1.0033035904359218
13	0.6056826025672047	0.5335572461156102	1.1351782905708427
13	0.5917173484832275	0.5478659518883265	1.080040375649844
13	0.5455849802325311	0.5333935096709607	1.0228564283976591
13	0.4956393776815469	0.4587279354902709	1.0804647795252027
13	0.5206147586528873	0.5396807040455228	0.9646718045508863
13	0.5195620162992403	0.5199239828750104	0.9993038086572414
13	0.5532148164712817	0.5426520697529319	1.0194650445600604
13	0.5510989759495767	0.5406849149894271	1.0192608683383617
13	0.6245485435994469	0.5520644708354295	1.1312963912608405
13	0.6007591830426287	0.549353701591239	1.0935744699680559
13	0.5613747705780154	0.5514437859329439	1.018009060757245
14	0.5454384928452183	0.559046244179039	0.9756589880076848
14	0.5164315793236417	0.5196205769763849	0.993862834163921
14	0.5964590735390997	0.550007752293215	1.0844557573092553
14	0.5425488555236027	0.5426046126358505	0.999897241728232
14	0.4805889171990889	0.5176725305238051	0.9283647264667622
14	0.5519242913286363	0.5526339860489344	0.9987157960997438
14	0.6121208275779605	0.5609636454844114	1.091195182620744
14	0.5915702451140571	0.5454849390594694	1.084485020125484
14	0.6002335317298858	0.5560886642961091	1.0793845842724645
14	0.5060512130087218	0.5002351490163572	1.011626659989409
14	0.5169499925858272	0.5266302086367922	0.9816185705031568
14	0.4355192136134432	0.47531772538786016	0.9162696662701958
14	0.4994828959353859	0.5075248559184465	0.9841545494978617
14	0.5506720953490961	0.5360888486648837	1.0272030405417527
14	0.490032858167211	0.5218716637371967	0.9389911202651173
14	0.5298494788688124	0.5399810857286473	0.9812371078772817
14	0.5609374926921821	0.5507482260780012	1.018500770645674
14	0.37266443038081853	0.4634677943308995	0.8040783738141455
14	0.5585080559408153	0.534715446154871	1.044495834105853
14	0.5596136480250964	0.5495818134624502	1.0182535781150475
14	0.4901233096087555	0.5290845233120262	0.9263610784542012
14	0.5304416146826165	0.5179265125114171	1.0241638569736735
14	0.5728110595249797	0.5227300190054318	1.095806704606011
14	0.46945411010722055	0.5090618907516199	0.9221945673719177
14	0.4685543199690575	0.5007910631023836	0.9356283577953236
14	0.5989790968351074	0.5626849735271937	1.06450167503213
14	0.5638488853209057	0.5468191549488719	1.0311432586402831
14	0.5726469161806751	0.5519057345053605	1.0375810222263837
14	0.6135396603936659	0.5543141477272602	1.1068446708589992
14	0.4898695596447799	0.4980251880158675	0.9836240644703542
14	0.48816165759513935	0.5309313185210661	0.9194440798010115
14	0.5296540203752418	0.5318471805910819	0.995876333849504
14	0.5371643044269169	0.5351595791999915	1.003746032594469
14	0.5591361543177814	0.5475828166562536	1.0210987951230406
14	0.5232894941855392	0.522707679844981	1.001113077850187
14	0.4821475932052741	0.5148299412391998	0.9365181676200514
14	0.5147196435056189	0.5313684764309354	0.9686680078631266
14	0.4954782050180085	0.5104148434107839	0.970736277391615
14	0.568643401020722	0.5457951689435245	1.0418622834669349
14	0.566770597781105	0.5302724114042903	1.068829125543527
14	0.6082102913826744	0.5673937313576147	1.0719369245187058
14	0.4829782904925474	0.5307248521536082	0.910035187786455
14	0.5681557128804425	0.544853759121798	1.0427673543010934
14	0.5822361602331315	0.5467386491067127	1.0649259224392063
14	0.5647352940738273	0.5522172849808946	1.0226686296017804
14	0.5806564244648598	0.551227691212565	1.0533876177148482
14	0.442527285761949	0.49124986139364496	0.9008191564808322
14	0.6148965004353637	0.5628066034614814	1.0925538127191632
14	0.4361450743692112	0.5061022489310164	0.8617726463188654
14	0.528568601488994	0.5216221787795069	1.0133169619546092
14	0.5787422169000314	0.5309957257545556	1.0899187862155144
14	0.5567088418027477	0.5326013827934227	1.0452636057437263
14	0.5892962980092574	0.5474628798275989	1.0764132505108515
14	0.6185823195456092	0.569597257570599	1.08599946949172
14	0.5842190712486929	0.5544489823163292	1.0536931077192941
14	0.5678936919058806	0.5466831160192797	1.0387986664761983
14	0.4494138488257602	0.511841373824686	0.8780334529574231
14	0.6443777816834628	0.5701364120596952	1.1302168534641746
14	0.5979809028926416	0.5527594838447569	1.0818102997226642
14	0.5376801784325214	0.5359097521009634	1.0033035904359218
14	0.6056826025672047	0.5335572461156102	1.1351782905708427
14	0.5917173484832275	0.5478659518883265	1.080040375649844
14	0.5455849802325311	0.5333935096709607	1.0228564283976591
14	0.4956393776815469	0.4587279354902709	1.0804647795252027
14	0.5206147586528873	0.5396807040455228	0.9646718045508863
14	0.5195620162992403	0.5199239828750104	0.9993038086572414
14	0.5532148164712817	0.5426520697529319	1.0194650445600604
14	0.5510989759495767	0.5406849149894271	1.0192608683383617
14	0.6245485435994469	0.5520644708354295	1.1312963912608405
14	0.6007591830426287	0.549353701591239	1.0935744699680559
14	0.5613747705780154	0.5514437859329439	1.018009060757245
15	0.5051956646418941	0.5210912058528134	0.9694956640365773
15	0.5283501727625562	0.5153261154431606	1.0252734276977122
15	0.5439109561103966	0.5172331144109721	1.0515779847734719
15	0.513039646528279	0.5128915301153635	1.000288787012884
15	0.49969448666333394	0.5074337912561903	0.9847481489679726
15	0.514723372450698	0.519114071096776	0.9915419386787159
15	0.5396188557008681	0.5256481213028287	1.0265781115385948
15	0.5323091763956127	0.5050711760206784	1.0539290335067926
15	0.5378346813728783	0.5198672668305929	1.0345615423179555
15	0.4600787228659206	0.47599203854196576	0.9665681053725395
15	0.49991290299472513	0.5082926478466814	0.983513936533499
15	0.45254246746283444	0.4728539878771882	0.9570448363869374
15	0.4670046520784016	0.48192966531098813	0.9690307231389139
15	0.5295383279180534	0.5211949930081635	1.0160080872261166
15	0.44789556185257956	0.49449575608619195	0.9057621958124756
15	0.5191888425137848	0.5169896133086787	1.0042539137121758
15	0.5399987869268127	0.5218018457480081	1.0348732786729014
15	0.4504884390248809	0.4856463084643023	0.9276060193876554
15	0.5424882320785277	0.5186319521618985	1.0459984769877466
15	0.5230839913598764	0.524064921087753	0.9981282286060272
15	0.483282639788984	0.5111335950018363	0.9455113976361654
15	0.4853780404541549	0.49364174355021556	0.9832597157674935
15	0.5037915894873431	0.48966012271482756	1.0288597460094695
15	0.4989835030882757	0.5078948938369858	0.9824542619804909
15	0.4419660639628676	0.475279518271337	0.9299076584877137
15	0.5622870526123892	0.5325607240479326	1.0558177259834525
15	0.5390493210667631	0.5199720776583674	1.036688976635645
15	0.5342837359368192	0.5203650174419451	1.0267479904073817
15	0.5695140198704869	0.528097411043899	1.0784260781447859
15	0.5150417160078948	0.5027811205111554	1.0243855526720547
15	0.4848069973024618	0.5044128612583627	0.9611313163050799
15	0.4974710047044894	0.5023220672665455	0.9903427245622439
15	0.4819808922276287	0.4975428178796124	0.9687224393705365
15	0.5274056001195468	0.5187232876029564	1.0167378498789053
15	0.4955845129143304	0.5020679743217374	0.9870864868125362
15	0.47064076478842876	0.4879535055061106	0.96451969189211
15	0.4811710759148831	0.49132632765389517	0.9793309432704251
15	0.454703674095066	0.4804582259811964	0.9463958560943895
15	0.5407138944692821	0.5148885076556129	1.0501572407029576
15	0.5139431052590377	0.4967857349955938	1.0345367611322336
15	0.5484792456390938	0.5276520344688141	1.039471488423704
15	0.46975208057226125	0.503559486736166	0.9328631332456303
15	0.5220107950994732	0.5083500150506269	1.0268727837993392
15	0.5393304851971419	0.5195556348085868	1.038061083479232
15	0.5424160141342972	0.5242788554720951	1.0345944881676952
15	0.5042871176625261	0.5034314674305664	1.0016996359729493
15	0.4305467227484968	0.4862979444310482	0.8853558352014456
15	0.540257975416798	0.5151084947555717	1.0488236573795198
15	0.40970653538287993	0.47199063623758075	0.8680395413112612
15	0.5138811674285317	0.5095340732884845	1.00853150823063
15	0.5530719977406152	0.5152468936624098	1.073411610129936
15	0.5108547301535813	0.5018924945097825	1.0178568831808346
15	0.5432986215052087	0.517947087887178	1.0489461842935448
15	0.5514923962627598	0.5288207881197459	1.0428720062681807
15	0.5551828838932458	0.5251025429571408	1.0572846986546782
15	0.525667704208689	0.5109049560106856	1.0288952926064288
15	0.4973177149809937	0.5099149866862437	0.975295349157876
15	0.5739842965008622	0.5344044977370054	1.074063371344107
15	0.5492118643283405	0.5168599601975955	1.0625931715011874
15	0.5063447284888422	0.5098326417255262	0.9931587094445753
15	0.5757511707014836	0.5173983862038737	1.1127811490208568
15	0.5392264093862345	0.513588063476016	1.049920057987126
15	0.4719276903444445	0.4857588820401289	0.9715266314069336
15	0.45786257334545455	0.4530473663249675	1.0106284847422182
15	0.515666649089903	0.5213646411107198	0.9890710041082231
15	0.4999828061391261	0.5031046094485604	0.9937949220682831
15	0.5190793055675128	0.5091775970513582	1.0194464732413508
15	0.5288848022079994	0.5150228485210563	1.026915220803794
15	0.5842443111319455	0.5262836926144738	1.1101318914700449
15	0.5270677839529964	0.5050773156556633	1.0435388159707515
15	0.5295764788691923	0.5233005830407172	1.0119929081523436
16	0.10250721735841316	0.1008837913813829	1.0160920397102546
16	0.10051215566451757	0.09306493922143937	1.0800217193003077
16	0.11621954880508335	0.10346996075778055	1.1232201882935777
16	0.08557503652617239	0.09030960847457789	0.9475739954100424
16	0.08230054066187263	0.0918169736039589	0.896354316979187
16	0.08529254060198004	0.09396751732301167	0.9076811118547321
16	0.15171131690095202	0.11564053472625056	1.311921613473077
16	0.10002047324222187	0.08995794002106841	1.1118581997186328
16	0.12335334761303636	0.1028467262914518	1.199390122185046
16	0.0864420478068809	0.08784116552561995	0.9840721863107454
16	0.10039060268210205	0.09183336657900901	1.093182210582804
16	0.059740360164768844	0.07917133306516	0.7545705983705115
16	0.11121166081905536	0.09914073973555386	1.121755406664296
16	0.09193248458734532	0.09519863846049136	0.9656911703154081
16	0.0768393689299411	0.08897213602673812	0.8636340809761963
16	0.10237982441050984	0.09958384055830741	1.0280766822862728
16	0.10998379634451898	0.10396923734607774	1.057849409613546
16	0.07372424854644272	0.09308429684719025	0.7920159580457538
16	0.12725789739827348	0.10132879737997043	1.2558907308558311
16	0.09548046113896483	0.09848186483882508	0.9695232852792508
16	0.09012527243365112	0.09858979798681593	0.9141440014483371
16	0.11118751977479979	0.0995554263521137	1.1168403757475258
16	0.09201648140293102	0.088161018558423	1.0437320587664611
16	0.09437003338086163	0.09334983693392321	1.010928743749821
16	0.07692566497926202	0.08447984474924222	0.9105800940756587
16	0.11943663838111034	0.10309227482968192	1.1585411087147979
16	0.09504120892551947	0.10197559441277947	0.9319995580590508
16	0.09162337562000382	0.093113784811931	0.9839936783266036
16	0.1260153668330258	0.1047127154688954	1.2034390118596274
16	0.08727485575852861	0.09378052460108052	0.9306287859848786
16	0.07475914167885095	0.09583661014889583	0.7800687186525271
16	0.12832561124828176	0.10749158059382931	1.193820116323124
16	0.08651744831909339	0.09272972351226025	0.9330066460044443
16	0.09268560070094754	0.09441548084903612	0.9816780030930041
16	0.08630579917824989	0.09398502045538439	0.9182931360771486
16	0.10455741766239442	0.1013936576953703	1.0312027402791741
16	0.06909639749980469	0.08189346124475178	0.8437352195103709
16	0.08865041425644173	0.08756041856747844	1.0124484979263009
16	0.08882994563481345	0.09415315398410001	0.9434622407849925
16	0.10334048410981846	0.09176004735136926	1.1262034740904738
16	0.12798363901398976	0.11046838213251184	1.1585544799639373
16	0.0944176625960102	0.09608501707079833	0.9826470918607468
16	0.0963362222701818	0.10041642550141115	0.959367173140693
16	0.12294218441783598	0.10503045600150458	1.1705384237889513
16	0.11537017612107141	0.10569116067874304	1.0915782869652508
16	0.09956198187482537	0.09008770953099711	1.1051672019762961
16	0.06781999576698636	0.08640327226275633	0.7849239269635834
16	0.09020871967713902	0.09539767700068032	0.9456070893266689
16	0.07869869198992539	0.09105363695510743	0.864311351217377
16	0.09146957261269567	0.09484478758628596	0.9644132792166396
16	0.11185612988527469	0.10395933203976028	1.075960451943787
16	0.10187049549491724	0.09045366203678852	1.1262174819797275
16	0.1153833687350445	0.10202032288815889	1.1309841555935383
16	0.12042714819605127	0.10829629742445022	1.1120153787350282
16	0.1409791229626024	0.1106467677349426	1.2741368396799606
16	0.10871322160459382	0.09790409526447284	1.1104052523127024
16	0.08325427221528293	0.09556715388642625	0.8711598999194203
16	0.10345775355520274	0.1014496165252691	1.0197944270142554
16	0.0962208605403314	0.09567604227357905	1.0056944063927151
16	0.0812466268028175	0.08759945265038946	0.9274787038575895
16	0.10236382873209872	0.0901147351935118	1.1359277537939083
16	0.1131611297363268	0.09687781576972423	1.1680809361485558
16	0.11956560456106363	0.10968747390683764	1.0900570530288256
16	0.08695777108117006	0.0637095439478038	1.364909646071445
16	0.11326313565422003	0.10460924533786202	1.0827258650839902
16	0.08589257464090849	0.09147543281764661	0.9389687700317595
16	0.10428866804628716	0.09584068897547675	1.0881460594776404
16	0.08291865804214373	0.09128086214597168	0.9083903908526242
16	0.11793392564198908	0.09680574837966954	1.2182533332571883
16	0.10853802001403112	0.09858626587567931	1.1009446300654222
16	0.09954486469785052	0.09862501330336274	1.0093267555935166
17	0.6983933644009255	0.7059566030454016	0.9892865388441027
17	0.7119192796134669	0.7105122344553174	1.0019803250245622
17	0.725798389986599	0.7151042595183313	1.0149546451806493
17	0.7122553775003228	0.7107795327350733	1.0020763748775523
17	0.6974895281350483	0.7041273454087265	0.9905729875185786
17	0.7129429225498117	0.7114119255602888	1.0021520541538818
17	0.7359755452445853	0.7207160915634898	1.0211726279733706
17	0.709195644088662	0.7086505496354265	1.000769200635653
17	0.7059121974143178	0.7063484883315421	0.9993823290848193
17	0.7216832800259823	0.7139541474499614	1.0108258108782295
17	0.7209338341988576	0.7163072377859702	1.0064589552762133
17	0.6966666672201842	0.7052279628633179	0.9878602436460776
17	0.7079813632803996	0.7062375663625665	1.0024691364505212
17	0.7204726098779366	0.7159549600646631	1.0063099637061883
17	0.6898429614706321	0.7008592011926126	0.9842818076680241
17	0.694379485602834	0.7032759918648654	0.9873499076252543
17	0.7179309765649464	0.7135167548731023	1.0061865704788238
17	0.6955160701044089	0.7069335944171935	0.9838492265709944
17	0.7182175774283646	0.7088837164792473	1.013166984559153
17	0.7102324930063202	0.7117372906677552	0.9978857400319391
17	0.7164495038415098	0.7149152470033756	1.0021460681452314
17	0.7159952085473555	0.7115378373429949	1.006264419079954
17	0.6956414499626805	0.6959816294853417	0.9995112234170422
17	0.6944037619706991	0.705952639376101	0.9836407192760007
17	0.6904594013688579	0.6976342434088938	0.9897154675134967
17	0.7199375743907876	0.7140141535465674	1.0082959431753533
17	0.6996129993988857	0.701583611965754	0.997191193560883
17	0.7085128071210984	0.7076548194405451	1.0012124381223484
17	0.710445019731539	0.7083007073331166	1.0030274040054203
17	0.7136419747186079	0.7093296119373098	1.0060794907032293
17	0.6947657068337415	0.7018839144925512	0.9898584259991825
17	0.7292037362813218	0.7177666572553338	1.0159342578961834
17	0.7197385252178955	0.7113251212807827	1.011827789691954
17	0.7173708053704522	0.7144063076307863	1.0041495962563618
17	0.700167635725973	0.7048583160111944	0.9933452153735433
17	0.7167461622350273	0.7127084533375433	1.0056653023807642
17	0.7140862997146717	0.7099976253438591	1.0057587155574392
17	0.714905962948123	0.7111065371942781	1.0053429768327484
17	0.7321626539208518	0.7167945186473375	1.0214400848133096
17	0.7157626077315804	0.7078313826127953	1.0112049639414247
17	0.7103011197659275	0.7083573756666193	1.0027440161789507
17	0.7146168698053483	0.7117360728059712	1.004047563569484
17	0.6938585891007532	0.7025231413289493	0.9876665241065147
17	0.7127003620529184	0.7108647718655158	1.0025821932103705
17	0.7147716955227049	0.7110653280304137	1.0052124148741122
17	0.723369068276381	0.7115380676914764	1.0166273613768682
17	0.7008194954722691	0.7049808106839146	0.9940972645658134
17	0.6970638418344403	0.7012364801244093	0.9940495989466652
17	0.6843541650101119	0.6978975133570228	0.9805940727861822
17	0.6959933818423866	0.7067374877939857	0.9847976000464672
17	0.7247294594743607	0.7151520461090702	1.0133921358645317
17	0.7070770399996894	0.7058735141517783	1.0017050163007706
17	0.7242312110351089	0.7125162847262688	1.0164416260511726
17	0.7074490469973194	0.7078163298802724	0.9994811042533941
17	0.7210892544896826	0.7133383286255404	1.0108657078319019
17	0.7223569102684557	0.715463831374776	1.0096344197867202
17	0.6956215539938263	0.7054423951673426	0.9860784647466692
17	0.7029512040795052	0.7046979571882716	0.9975212740565677
17	0.710989378892662	0.7062443440044915	1.0067186872765104
17	0.7011269235943981	0.7056899330593572	0.9935339739860292
17	0.7095943687848557	0.7046119667895662	1.007071128834202
17	0.7287322386944894	0.7182275085966991	1.0146259088827088
17	0.7137612151310035	0.7123424511680897	1.0019916880716393
17	0.6954789863749317	0.695373652534333	1.0001514780438039
17	0.6959562345391869	0.7033026309203854	0.9895544306842923
17	0.7003960734055472	0.7054900013536147	0.9927795887421595
17	0.7157989137007869	0.7128603640967855	1.0041221952460837
17	0.6774071921734426	0.6944837489473659	0.9754111499371925
17	0.7357789535132414	0.7178949111966539	1.0249117831003658
17	0.7142436900564888	0.7096681997779911	1.006447365515221
17	0.7142701525609688	0.710811458908042	1.00486583834515
18	0.023825833586055167	0.02004446602589286	1.1886489545432462
18	0.01607426058842303	0.020318793824954738	0.7911030904148089
18	0.01265179112314187	0.02365188909802883	0.5349167278226534
18	0.01734903703870437	0.021722525068561857	0.7986657621039158
18	0.01703782166289418	0.02167899244322078	0.7859139075544104
18	0.022708921589212304	0.021545335921579416	1.0540063831851172
18	0.00727445558911034	0.020916832514760945	0.34777997978311387
18	0.00505531429347829	0.020979143596777494	0.2409685729142353
18	0.026958028855605342	0.022888934594226543	1.177775607887192
18	0.015114500461245715	0.02258062689792789	0.6693569903780083
18	0.0166060757819157	0.023760896412929222	0.6988825460675673
18	0.014535638865210936	0.020032515975769938	0.725602259985332
18	0.019975427492154307	0.023992988159529473	0.8325527174580177
18	0.03239300465677187	0.021586304142688733	1.500627640685928
18	0.015642341483041763	0.02122320250247118	0.7370396376899484
18	0.02917366755652366	0.022387215091170285	1.3031396463435068
18	0.02044196934224018	0.02116368392663087	0.9658984424974079
18	0.019577788111882825	0.021405288995453187	0.9146238631041818
18	0.026715288626800372	0.020480929833640173	1.3043982301487207
18	0.024160361467840265	0.022557490961854304	1.0710571272619143
18	0.023902290177895306	0.02446000285068443	0.9771989939578638
18	0.02293594323526054	0.02129510627656331	1.0770523019414597
18	0.021851890807987863	0.0198558263827476	1.1005278947732242
18	0.013644877243867794	0.021331801766101364	0.6396495426631538
18	0.019669832904340035	0.021170169433025066	0.9291296872501864
18	0.022585836167955734	0.022524184443942347	1.0027371345749199
18	0.02995221180650887	0.02028666369500306	1.476448382879566
18	0.021798989223068367	0.019962742780444354	1.0919836749298204
18	0.023889697867783805	0.022883415471304187	1.0439743095929668
18	0.029025285071272677	0.022494321162866603	1.2903383418917003
18	0.02273224960494794	0.019295817320820394	1.178092082185065
18	0.03298587808687639	0.021897255433419326	1.5063932640861348
18	0.022506949799446542	0.02118531465316806	1.0623844945385714
18	0.02052621321760108	0.021856155321477225	0.9391502263634968
18	0.02328176108114689	0.021634863250202894	1.0761224053925347
18	0.028666702633699626	0.021400834302312773	1.3395133212447534
18	0.026118640524455915	0.02155567378311375	1.2116828630481826
18	0.024152186573930062	0.023024601668763422	1.0489730472382675
18	0.029495909639001328	0.02388012022007649	1.2351658771886556
18	0.0338047421039627	0.022612827592923827	1.494936533922946
18	0.01261531598155668	0.019739780530304424	0.6390808632441329
18	0.026868043339439512	0.022619426243125292	1.1878304538164624
18	0.02724875220040788	0.02275999762870768	1.1972212231708863
18	0.020772495740232166	0.02188723972972021	0.9490687723416142
18	0.008578162515211997	0.022198251755604557	0.3864341484930769
18	0.017188590670796033	0.022701169420350747	0.7571676309938071
18	0.014467684480845242	0.022950025240133645	0.6303995019380202
18	0.01383227700832148	0.022537510917059817	0.6137446614768407
18	0.016497830319644136	0.02266763399221498	0.7278143949787695
18	0.01481514579996392	0.022040996994316886	0.6721631423380666
18	0.025689730081841278	0.023851879389755755	1.0770526574469796
18	0.02499236713221677	0.022092302516929622	1.1312703650090248
18	0.02379328829886876	0.023374316059840743	1.0179244705152186
18	0.019197593801927385	0.02205790332875221	0.8703272253851776
18	0.022674114249212826	0.02335245011214277	0.970952261554036
18	0.020644273184933847	0.02110965865555116	0.9779539082933049
18	0.01837231506105203	0.023651012112757462	0.7768088305676324
18	0.020012308995521512	0.022282159654885222	0.8981314785227266
18	0.024092436251495927	0.02286533128856157	1.053666616391787
18	0.020723032991803156	0.022970246188540246	0.9021685192970107
18	0.028540476108714342	0.022057737491524818	1.2938986203675862
18	0.030442878493371746	0.025576272181424872	1.1902781717924207
18	0.01533321500677284	0.020427429326424964	0.7506189232992603
18	0.021029951010378765	0.023526394845093314	0.8938875313811538
18	0.01454862427827116	0.020410270062494195	0.7128090041790106
18	0.0160373677553032	0.0207787950210493	0.7718141373961797
18	0.021544434222572458	0.02001810372688948	1.0762475065823902
18	0.01886980011453745	0.021839708742454965	0.8640133592008851
18	0.024708000564478798	0.024627441094549073	1.0032711262863423
18	0.026756429840516786	0.022822631973627796	1.1723639005104498
18	0.026781449220745848	0.022806344634580776	1.1742981898176574
