1.0	0.9999906023175544	1.000009397770763
1.0	0.9999906023175544	1.000009397770763
1.0	0.9999906023175544	1.000009397770763
1.0	0.9999904669042627	1.0000095331866181
1.0	0.9999906023175544	1.000009397770763
1.0	0.9999905350952194	1.0000094649943658
1.0	0.999991422337862	1.0000085777357148
1.0	0.9999906023175544	1.000009397770763
1.0	0.9999906023175544	1.000009397770763
1.0	0.9999918127839794	1.0000081872830517
0.9994715756181195	0.9997318694230428	0.9997396363836301
1.0	0.9999902563056824	1.000009743789258
1.0	0.9999905350952194	1.0000094649943658
1.0	0.9999905350952194	1.0000094649943658
1.0	0.9999906023175544	1.000009397770763
1.0	0.9999918127839794	1.0000081872830517
1.0	0.9999906023175544	1.000009397770763
1.0	0.999991422337862	1.0000085777357148
1.0	0.9999906023175544	1.000009397770763
1.0	0.9999904669042627	1.0000095331866181
1.0	0.9999904669042627	1.0000095331866181
1.0	0.9999905350952194	1.0000094649943658
1.0	0.9999906023175544	1.000009397770763
1.0	0.9999905350952194	1.0000094649943658
1.0	0.9999906023175544	1.000009397770763
1.0	0.9999905350952194	1.0000094649943658
1.0	0.9999906023175544	1.000009397770763
1.0	0.9999905350952194	1.0000094649943658
1.0	0.9999906023175544	1.000009397770763
1.0	0.9999918127839794	1.0000081872830517
1.0	0.9999906023175544	1.000009397770763
1.0	0.9999905350952194	1.0000094649943658
1.0	0.9999906023175544	1.000009397770763
1.0	0.9999905350952194	1.0000094649943658
1.0	0.9999906023175544	1.000009397770763
1.0	0.9999906023175544	1.000009397770763
1.0	0.9999906023175544	1.000009397770763
1.0	0.9999906023175544	1.000009397770763
1.0	0.9999906023175544	1.000009397770763
1.0	0.9999906023175544	1.000009397770763
1.0	0.9999906023175544	1.000009397770763
0.9983882828890931	0.9989397393442419	0.9994479582366893
1.0	0.9999903275315181	1.0000096725620395
1.0	0.9999905350952194	1.0000094649943658
1.0	0.9999906023175544	1.000009397770763
1.0	0.9999906023175544	1.000009397770763
1.0	0.9999906023175544	1.000009397770763
1.0	0.9999906023175544	1.000009397770763
1.0	0.9999906023175544	1.000009397770763
1.0	0.9999905350952194	1.0000094649943658
1.0	0.9999906023175544	1.000009397770763
1.0	0.9999905350952194	1.0000094649943658
1.0	0.9999905350952194	1.0000094649943658
1.0	0.9999906023175544	1.000009397770763
1.0	0.9999905350952194	1.0000094649943658
1.0	0.9999906023175544	1.000009397770763
1.0	0.9999906023175544	1.000009397770763
1.0	0.9999906023175544	1.000009397770763
1.0	0.9999906023175544	1.000009397770763
1.0	0.9999905350952194	1.0000094649943658
1.0	0.9999906023175544	1.000009397770763
1.0	0.9999906023175544	1.000009397770763
1.0	0.9999904669042627	1.0000095331866181
1.0	0.9999918127839794	1.0000081872830517
1.0	0.9999906023175544	1.000009397770763
1.0	0.9999906023175544	1.000009397770763
1.0	0.9999906023175544	1.000009397770763
1.0	0.9999906023175544	1.000009397770763
1.0	0.9999906023175544	1.000009397770763
1.0	0.9999906023175544	1.000009397770763
1.0	0.9999906023175544	1.000009397770763
1.0	0.9999906023175544	1.000009397770763
1.0	0.9999906023175544	1.000009397770763
1.0	0.9999906023175544	1.000009397770763
1.0	0.9999906023175544	1.000009397770763
1.0	0.9999906023175544	1.000009397770763
1.0	0.9999906023175544	1.000009397770763
1.0	0.9999904669042627	1.0000095331866181
1.0	0.9999906023175544	1.000009397770763
1.0	0.9999906023175544	1.000009397770763
1.0	0.9999906023175544	1.000009397770763
1.0	0.9999906023175544	1.000009397770763
1.0	0.9999906023175544	1.000009397770763
1.0	0.9999906023175544	1.000009397770763
1.0	0.9999906023175544	1.000009397770763
1.0	0.9999905350952194	1.0000094649943658
1.0	0.9999906023175544	1.000009397770763
1.0	0.9999906023175544	1.000009397770763
1.0	0.9999906023175544	1.000009397770763
1.0	0.9999906023175544	1.000009397770763
1.0	0.9999906023175544	1.000009397770763
1.0	0.9999905350952194	1.0000094649943658
1.0	0.9999906023175544	1.000009397770763
1.0	0.9999914845850473	1.0000085154874656
1.0	0.9999906023175544	1.000009397770763
1.0	0.9999906023175544	1.000009397770763
1.0	0.9999906023175544	1.000009397770763
1.0	0.9999906023175544	1.000009397770763
1.0	0.9999904669042627	1.0000095331866181
1.0	0.9999905350952194	1.0000094649943658
1.0	0.9999906023175544	1.000009397770763
1.0	0.9999906023175544	1.000009397770763
1.0	0.9999906023175544	1.000009397770763
1.0	0.9999906023175544	1.000009397770763
1.0	0.9999906023175544	1.000009397770763
1.0	0.9999906023175544	1.000009397770763
1.0	0.9999905350952194	1.0000094649943658
1.0	0.9999914845850473	1.0000085154874656
1.0	0.9999906023175544	1.000009397770763
1.0	0.9999906023175544	1.000009397770763
1.0	0.9999906023175544	1.000009397770763
1.0	0.9999906023175544	1.000009397770763
1.0	0.9999906023175544	1.000009397770763
1.0	0.9999906023175544	1.000009397770763
1.0	0.9999906023175544	1.000009397770763
1.0	0.9999906023175544	1.000009397770763
1.0	0.9999906023175544	1.000009397770763
1.0	0.9999906023175544	1.000009397770763
1.0	0.9999906023175544	1.000009397770763
1.0	0.9999906023175544	1.000009397770763
1.0	0.9999906023175544	1.000009397770763
1.0	0.9999906023175544	1.000009397770763
1.0	0.9999906023175544	1.000009397770763
1.0	0.9999918127839794	1.0000081872830517
1.0	0.9999906023175544	1.000009397770763
1.0	0.9999906023175544	1.000009397770763
1.0	0.9999906023175544	1.000009397770763
1.0	0.9999906023175544	1.000009397770763
1.0	0.9999905350952194	1.0000094649943658
1.0	0.9999906023175544	1.000009397770763
1.0	0.9999906023175544	1.000009397770763
1.0	0.9999905350952194	1.0000094649943658
1.0	0.9999906023175544	1.000009397770763
1.0	0.9999906023175544	1.000009397770763
1.0	0.9999906023175544	1.000009397770763
1.0	0.9999906023175544	1.000009397770763
1.0	0.9999906023175544	1.000009397770763
1.0	0.9999906023175544	1.000009397770763
1.0	0.9999906023175544	1.000009397770763
1.0	0.9999906023175544	1.000009397770763
1.0	0.9999905350952194	1.0000094649943658
1.0	0.9999906156476005	1.0000093844404665
0.8589895209542032	0.8036862524329296	1.0688120125905587
0.8625690743136378	0.6352388500763704	1.3578657448453242
0.8146089121923218	0.7950776615938095	1.0245652111007117
0.7173881952667032	0.7592292589361007	0.9448900800687938
0.9604796076073899	0.8301505244140003	1.1569945201027108
0.9487497592104821	0.8242975861743361	1.150979664533222
0.8904422743863474	0.8107654903508299	1.0982735266655717
0.9005554688112891	0.8265614503180148	1.08952028728754
0.8622587110349471	0.7901882211003247	1.0912067378507178
0.7145957318597045	0.7315450189395597	0.9768308352308588
0.8572552332762994	0.7884133920744244	1.0873169353716108
0.8658141802566737	0.8088799700108925	1.0703864755669676
0.8564075940691316	0.7952806768181038	1.0768620677363807
0.8539800712957021	0.773660538753673	1.1038175382079325
0.7093414818837589	0.49493790282590316	1.4331928870949155
0.5950235322403774	0.5659994151691803	1.0512794117685116
0.7875661989983058	0.772964780088119	1.0188901477613537
0.7622833607741469	0.7271243640841857	1.0483534845297668
0.9105884536786476	0.8256768877784292	1.1028387340823866
0.8994924340644023	0.8151566335884108	1.1034596260411154
0.934511939500226	0.8051042488949047	1.160734079820033
0.8832318661637686	0.8078985898376037	1.0932459559575511
0.8107119780358195	0.7966115468607365	1.0177005106574837
0.7573774514306664	0.7352797651076256	1.0300534400260644
0.8204061278672622	0.7899747388824973	1.0385219773328618
0.9158702218540803	0.8278525223828055	1.1063205064809536
0.9549384174291096	0.8320590402796331	1.1476810793476626
0.9476535879504017	0.8464343134379458	1.1195831417813575
0.6940802127370868	0.7026916329759911	0.987745093530666
0.7730659700440791	0.7220243775440619	1.0706923396044232
0.8785248652687632	0.760781822710981	1.1547658461899297
0.8454561187025966	0.8067237879778362	1.0480118862266952
0.9513418993242706	0.8273257842970171	1.1498999757787443
0.9373234096003603	0.817290505378499	1.146866877116445
0.8960498673752586	0.7627585401358022	1.1747490460293306
0.9413880294912603	0.8254435955358804	1.1404631819574642
0.7290275325963462	0.7185394503088356	1.0145963903345916
0.8483525502841924	0.7360091843318618	1.1526385381376922
0.7950452794843024	0.7230969296160137	1.09950028401655
0.8986265653584077	0.8088970175221947	1.110928271328125
0.911137362167886	0.8306917079040407	1.0968417687312924
0.84598646872001	0.8092918317687797	1.0453416623160905
0.8637515414856436	0.8183899133828311	1.0554278924520335
0.7175162830350743	0.5889251936690179	1.2183487661054724
0.7044069108217957	0.7339822865902971	0.9597056001093797
0.7488323108449728	0.7674601812740047	0.9757278997874402
0.9283092988459541	0.8326418484391248	1.1148962793380708
0.9415408483738776	0.8015159425904634	1.1747000880991338
0.9342105313187119	0.8208469180196903	1.1381056696570337
0.8404664800496029	0.8093757392875907	1.0384132353526907
0.8106938373942445	0.7863736697392979	1.0309269862290904
0.9207292304410345	0.8349069520554387	1.1027926263810737
0.9193573915529102	0.7789601102998158	1.1802368046793263
0.8033276879427712	0.6791801858754927	1.182790229528335
0.8045165623237154	0.78559496929517	1.0240856850770337
0.8507584248432354	0.7941758640122175	1.0712468905125874
0.9208688765119449	0.824783316734551	1.116497942947988
0.8840575412503116	0.812919594540841	1.0875092040925047
0.9082852290421262	0.8327545563595177	1.0906998011668643
0.8705962243870717	0.8172852118398694	1.065229385990221
0.7118489008994565	0.7198652832946663	0.9888640519535538
0.8317314091441916	0.8029435930258387	1.0358528498992912
0.8814795971709483	0.8309298826185517	1.0608351145021968
0.930024797765315	0.8311380089866337	1.1189775797875603
0.8965411971235554	0.8059502262748096	1.1124026867855936
0.787405823344473	0.7750669824176224	1.015919709143541
0.7427573902080813	0.7443588852136719	0.99784849077857
0.9421520145772557	0.8223972333957204	1.1456167121174055
0.9455214536929322	0.8145112277708282	1.1608452056341267
0.8843228474557991	0.8084841753157743	1.0938035331494325
0.7615904681218947	0.6390481203974313	1.1917576217081318
0.8389168712443407	0.7965238652865444	1.0532225182512838
0.8451303261506926	0.7887210217081299	1.0715199708008256
0.9411265782355006	0.8405148045315072	1.1197025598615997
0.733625130350999	0.7531113880399917	0.974125663217354
0.9466954974405478	0.8324552783691791	1.1372328604789088
0.8560617905683625	0.7911168336090096	1.0820927506536289
0.7759193209581339	0.7592487153277703	1.0219567123313036
0.9433298314920048	0.8385363466069887	1.1249719052835898
0.9292044203169981	0.8377403356527748	1.1091795163389784
0.8576628681258167	0.8057168134196855	1.0644718514507072
0.8301186492230144	0.7849988127127352	1.0574775856722098
0.738581980016874	0.6844786607700376	1.0790431058668364
0.7476920735477591	0.7477150109516252	0.9999693233337166
0.8547730771964446	0.7787995686959182	1.0975520680214839
0.9423390728341946	0.8040715019773274	1.1719592977948448
0.8429483110585478	0.7918179871728036	1.06457332962125
0.9398026640967763	0.813416225058967	1.1553773273069972
0.8118026066876396	0.7932886859135728	1.0233381883579313
0.7697862869775334	0.7859757870716139	0.9794020371105842
0.9284656778883642	0.8329074494647609	1.1147285073329702
0.8987050199290637	0.8216312180681027	1.0938058342551593
0.9210967834306525	0.8334587747375082	1.1051497822681695
0.8857611233180602	0.8079995105808596	1.096239678018244
0.9067439319467312	0.8295041910543056	1.093115552308727
0.9027724937079263	0.8149980134205506	1.1076990113374459
0.9235284652487941	0.8236295023923264	1.1212911419106524
0.8444864908500541	0.8111090710433514	1.0411503470966839
0.8980290685275925	0.803817307816492	1.1172054393392195
0.8548262831669632	0.7890340393666683	1.083383276915536
0.8983278933031016	0.7951323290816822	1.1297841383717884
0.8111691544664372	0.7710226833137591	1.0520691180966735
0.9146593093091434	0.8180300536757518	1.1181243344290297
0.7993861585735139	0.7799631874597123	1.0249024203014772
0.8492838181746805	0.7814318292793755	1.086830336765111
0.8703207137012466	0.8109738207901236	1.0731797887794972
0.7967821556811672	0.7831343476665946	1.017427160557109
0.9713538378751775	0.8161384939427693	1.1901826039139045
0.8491785133351406	0.7522679510468001	1.1288245260927132
0.8709709478829943	0.7390345122024854	1.178525405109038
0.645162463026427	0.6919546591936775	0.9323767886442493
0.6819840623904827	0.7108339412534209	0.9594140386542785
0.909723333968673	0.8227010438626821	1.1057763214902592
0.9258520136636126	0.7667726894500696	1.2074660801073065
0.782056823613145	0.7411154925949814	1.0552428486885483
0.7519460715327035	0.7393303480747485	1.0170637164980538
0.9057900648976898	0.7741278262332322	1.1700781630665604
0.8883575854138137	0.8151855027314282	1.0897612659170324
0.7449733642476175	0.7042747376858811	1.0577879971890867
0.790171812974851	0.7475059227438116	1.0570776617721356
0.7246920502337411	0.7557190350978622	0.958943756312684
0.7253760729507335	0.7200073926103453	1.0074564239138217
0.8768422234416047	0.8047287623008345	1.089612133328735
0.8254513134401243	0.622142843448007	1.3267874446089454
0.8775810418310888	0.7685375067577119	1.1418844677254687
0.8643378747621684	0.7832220631832976	1.1035668112427615
0.9087157135227862	0.8296272176587725	1.0953301605595864
0.8839874502817257	0.7951956367102545	1.1116603380003507
0.7653940346579636	0.7021656089140405	1.090047739366944
0.6017954093913673	0.6814348249862016	0.883129812749962
0.8657721720189006	0.8022003346571251	1.079246834755993
0.8247954043641178	0.6959526570392561	1.1851314827548596
0.8763619962958055	0.6697803258242454	1.308431977629884
0.847338753770936	0.7750854910548709	1.0932197332422393
0.881753364049412	0.7929899059051939	1.1119351677533587
0.9218243661145138	0.7965602621787471	1.157256280388812
0.8924471899139167	0.7852879420266552	1.1364585423414335
0.896161415769474	0.7515797749310342	1.192370318708625
0.8276722497762732	0.7967404252784362	1.0388229635605941
0.9266860183170117	0.8378963857978644	1.105967317706711
0.6951899991303485	0.6899392425190497	1.0076104623243747
0.8661252008910691	0.8211793563634519	1.0547332859494392
0.8621751809687381	0.8109483537377612	1.0631690378245005
0.8184899901280451	0.6844871083966101	1.195771227956846
0.8159751141929285	0.803115555056553	1.0160120907326593
0.7616024291953456	0.7789375858879454	0.9777451274573704
0.9480066797718976	0.8172682902442416	1.1599699769198002
0.9416860887341441	0.82070010715824	1.1474180160580587
0.8931919535510746	0.8106360869057486	1.1018408481670823
0.8837569108117034	0.8218394426428531	1.075340102891311
0.8530252864843353	0.7941062335402029	1.0741954293463551
0.7076860110495579	0.7345516462130353	0.9634258049764335
0.8452987794404976	0.784530192795967	1.077458569730706
0.8731246763553173	0.8209423601211575	1.0635639221083177
0.8734764654651969	0.8129636058845496	1.074434893693434
0.8649823291728242	0.8031893481689386	1.07693451257136
0.7348172078926494	0.5603169760340937	1.3114312778700066
0.7038594044154813	0.6150765539412848	1.1443443908002902
0.7835459002805898	0.7807151747348324	1.0036258108428837
0.8241556316491518	0.7690758654374065	1.0716181181689002
0.915307132298507	0.8296935234897765	1.1031870279626033
0.8758837182383423	0.8033937947362328	1.0902296283305364
0.9362220736905664	0.8129449029264791	1.1516427132027127
0.8971700817378926	0.8090191427469839	1.1089602635255287
0.8414893341365097	0.8177351052413551	1.0290488065669428
0.7624092472792668	0.7486680971072778	1.0183541281177633
0.8322599611202655	0.8020180244662238	1.0377073029925592
0.9160627313958418	0.8379488832941087	1.0932203021676636
0.9524119315702453	0.8355352213808395	1.1398824456451406
0.928979408940814	0.8450818213497464	1.0992774728689207
0.7127936258630079	0.7249690977552095	0.9832055298220274
0.7611705021015579	0.741670806305369	1.0262915779216477
0.8766959835823155	0.7771435033746038	1.1281005113925848
0.8356289564377345	0.8059138075125998	1.0368713734001513
0.9325189282317214	0.8184088949186272	1.139429121581627
0.9356971293251313	0.8175241006586484	1.144549902041145
0.8968939868696444	0.782897116819406	1.1456090048119751
0.9406923837390064	0.82990414811234	1.133495218548624
0.7233092255200131	0.7360350713193836	0.9827102725192718
0.8657755656386714	0.7277957006447172	1.189585985286427
0.8152234270137744	0.7481624758389585	1.0896342082642096
0.8908632935124207	0.8016909613737702	1.1112303074813836
0.8958320487894781	0.8299048848495164	1.0794394214849283
0.8469631857245499	0.8120375546780617	1.043009871705176
0.861316612056152	0.8197228258495716	1.0507412809488037
0.7395529845197506	0.6263297243397717	1.1807726119007524
0.7535402457901071	0.7557804780879862	0.9970358690614152
0.7429290455815222	0.7694502306705147	0.9655322930166889
0.9146735816176866	0.8271602442672924	1.1057997382694746
0.9270913936422843	0.7989697265239326	1.1603586004137716
0.9264921994843155	0.8087404307828728	1.1455989637954136
0.8510277289569366	0.8189512998265256	1.039167688160707
0.8245162779640299	0.7884529307551131	1.0457393787278821
0.9135954311930685	0.835905372848125	1.0929412118506132
0.9171279316457379	0.7897746586926322	1.161252670684474
0.8129568375914793	0.6926321076609752	1.1737209820330765
0.788969675120373	0.7886238718457256	1.0004384894840148
0.8544375304371261	0.7951954851098022	1.0744999769699946
0.9093215403026536	0.83069713373357	1.094648703331509
0.8863913605274195	0.8189475366693717	1.0823542667120525
0.9173089484338371	0.8415745588950277	1.0899913011132933
0.8680785107659321	0.8233712211892202	1.05429785305362
0.6991513574849438	0.7236843258714546	0.9660999036327499
0.8728838143548503	0.8244087473884456	1.0587997969696021
0.8617913991404226	0.829312937511275	1.0391630953287836
0.9238111673386662	0.8360045044015544	1.1050313275524364
0.8942381079826802	0.8196783561419575	1.0909622064338247
0.7868211380094795	0.7834082342162999	1.004356481900645
0.7981287829225028	0.7762830016747139	1.0281415169476338
0.9384772977615267	0.8319305973044672	1.1280716213615423
0.9389679253768344	0.8097887396910759	1.1595220819383567
0.8829571367961734	0.8167642982873504	1.081042766741422
0.7787031210762265	0.6722255196515858	1.1583956548984156
0.8419676908764349	0.8022769603480717	1.0494726042128184
0.8489629490821713	0.7927377972604283	1.0709252819987238
0.9463530922200999	0.8512009718047936	1.1117857281266446
0.7391656137264004	0.7597824509894514	0.9728648151372777
0.9347716251610443	0.8298874404405818	1.1263836269949816
0.8821387482517551	0.8091733147882971	1.0901728123381673
0.8119471519434118	0.7866543797557657	1.0321523312378924
0.935915473960789	0.8315817175669585	1.1254642258118541
0.9284392657336703	0.8407262321300102	1.1043300782722527
0.866337954145439	0.8130780509718477	1.0655040473788848
0.8171639208547482	0.7902951218939418	1.033998437060342
0.7704034403891894	0.6909658454928868	1.1149660224372413
0.8351693178310795	0.7746123027806012	1.078177192426584
0.8515666535937966	0.775992399048421	1.097390457223615
0.9377360902832145	0.7877450085613766	1.1904056263025518
0.8308638060625597	0.7991590036221153	1.039672708806064
0.9317585156527375	0.8091873717209273	1.1514743657839517
0.8335454837580105	0.8068455923443767	1.0330916989160892
0.8174462122414857	0.8046205135754124	1.0159400592573522
0.9170637367238446	0.821235128282565	1.116688394274712
0.9022278926446241	0.8274380140247091	1.0903872886575907
0.9115339091586498	0.8303813733155604	1.0977292343625944
0.8781936857604256	0.8095871379148254	1.08474263563809
0.8976280470014867	0.8279533293547869	1.0841529530426508
0.9058668710433526	0.819214255267794	1.1057752782234394
0.9145126650733847	0.8202903307869595	1.114864616526726
0.8550244905462986	0.821124753331736	1.0412845150228556
0.9252807731791839	0.8224196076931903	1.125071392417928
0.8613238591239721	0.8060871345738917	1.068524508308
0.9058165779324965	0.8096540954038457	1.118769834024845
0.8119887337776379	0.7760224325617745	1.0463469865131771
0.915176912971058	0.8224160569201302	1.112790667534275
0.8069226159371091	0.7881044956400659	1.0238776969312424
0.8157453368127339	0.7750612782590626	1.0524914089954998
0.8500084095064423	0.8098831214168296	1.049544541710434
0.769951156755558	0.7698386553560764	1.0001461363348008
0.9583859518354358	0.8058157781142499	1.1893362948020538
0.8578313117476128	0.7802812660049688	1.0993872967624858
0.8503199453485092	0.7499781563589311	1.1337929486863023
0.7107847390199125	0.7259333939785682	0.9791321695842761
0.6817510579132126	0.7101570513561825	0.9600004064048605
0.8947521049815601	0.8144673547814046	1.0985733187817002
0.9307579141338873	0.7962051451569282	1.1689925891529367
0.8278144830192785	0.7562897339135721	1.094573211691751
0.7601228204311881	0.7549836605255752	1.0068069816266425
0.8853157570375639	0.8002113342165803	1.1063524336409234
0.8837169962237326	0.8207051508641141	1.0767776896407604
0.7518617971582607	0.7116983080207738	1.0564333070415486
0.7823705546155768	0.7603196488000225	1.0290021517270482
0.7440161545416881	0.7704187001127598	0.9657296148611043
0.7749267783840145	0.7533730599881685	1.0286096218999183
0.8671498429140909	0.8076607455867093	1.073656046369032
0.8078174697811829	0.6426788840687865	1.2569534954484696
0.8882900310495344	0.7724417166433581	1.1499767709460262
0.8703980498310273	0.7920777311254573	1.098879586722234
0.8969885527485498	0.8284500010361667	1.0827310659987446
0.8761882953960083	0.7953209995218824	1.1016788138660243
0.830375053221718	0.7417884988116431	1.119422927899249
0.7022671278673049	0.7198154714991345	0.9756210524410065
0.8649543617206422	0.8142313451811739	1.062295583238916
0.8201034177143012	0.7268975892314867	1.1282241540811222
0.8750811372611406	0.7014683913192047	1.2474990293082686
0.8526846087606333	0.7952346849225239	1.0722427290048429
0.9143708334852733	0.8206180980817744	1.1142464876446783
0.9081715800338426	0.7874580104800626	1.1532952461556505
0.8818459134093437	0.7962701311905606	1.107470792720597
0.8878471671633154	0.7713763691321215	1.150990881613648
0.8362007852885245	0.8093805923787197	1.0331366889227993
0.9243070668849451	0.8381259005521339	1.1028260387562745
0.7009035401350839	0.6810908866383297	1.029089588314041
0.8776325026574716	0.8242895648682975	1.064713833660744
0.8712409927081236	0.8142141731636526	1.070039089743294
0.8184899402238619	0.683027751894684	1.1983260386615517
0.8144434097047218	0.8018099491401436	1.0157561783538933
0.7582536817828064	0.7766688822473989	0.9762895091003188
0.9480066726635685	0.8185129786710006	1.1582060362718056
0.9416096854477569	0.8210935854229111	1.1467751084217435
0.8931919398094503	0.8112988737758738	1.1009406874342587
0.8837434198296507	0.8227516599424857	1.0741314334041314
0.8529194812686983	0.7930371503905222	1.0755101206150148
0.6970188351700447	0.7293119552407114	0.9557211151707938
0.8454965186925684	0.7847134223240778	1.077458973733965
0.8731034974793648	0.8209197789707605	1.0635673787444009
0.880957950330233	0.8143301146006748	1.0818191965824948
0.870490178744248	0.8058598835798231	1.080200412604387
0.7282762785216729	0.5551388747212886	1.3118812457284839
0.6856822386823698	0.6062609699785512	1.131001784110609
0.7829007102112933	0.7795853775731237	1.0042526870481976
0.8159481074536057	0.7710274247902468	1.0582608104706253
0.9172463392231751	0.8296567230630414	1.1055733217429473
0.8756337969963252	0.8039699190169423	1.0891375115962176
0.9362711385636592	0.8131832743715758	1.1513654646760967
0.8972867925877693	0.809508322202377	1.1084343026228305
0.8435308563478434	0.8182067726387152	1.0309507138732892
0.7624092037995389	0.7476723240765949	1.0197103453590377
0.8322225928395326	0.801832683713683	1.0379005617295356
0.9160627128398096	0.8387731445664522	1.0921459738834474
0.952160798355299	0.835127749850551	1.1401378992922837
0.9302639628225127	0.845262542343006	1.1005621522561368
0.7131222926662201	0.7245896768344099	0.9841739614366457
0.7617037817420474	0.7409618242827863	1.02799328761551
0.8768874879128111	0.7767332534069885	1.1289428952172649
0.8358196536986032	0.8057964413539034	1.0372590530360928
0.9328803842019324	0.8188283315064314	1.139286891167621
0.9356971221519401	0.8184670340866045	1.1432312887178926
0.8969078304231042	0.7824402301707135	1.1462956476910908
0.9407571099475558	0.8305634601301229	1.1326733658619763
0.7233091781098533	0.7348941378404429	0.9842358795177859
0.8657755431365469	0.7263847024188932	1.1918967184378693
0.8050403934450763	0.7468659491498271	1.077891413260265
0.8902553120993145	0.8018394385838319	1.1102663067703906
0.8961510543889922	0.8301892937962544	1.0794538800796993
0.8548585706157885	0.813817109604432	1.0504308161219482
0.861601440896079	0.8196737448478312	1.051151688475799
0.7396999224611139	0.6245391142736171	1.1843932678603117
0.7528528405143355	0.7545706307199367	0.9977234865290713
0.746546198220938	0.7689309549586969	0.9708884697729964
0.9146735691408324	0.8283243240855215	1.1042456952482247
0.9299447139591444	0.799035352982742	1.1638342540010616
0.9265297923632587	0.8099343020440751	1.143956725903478
0.8505986014686812	0.8191456102625595	1.038397313996519
0.827453771345154	0.7873936240503543	1.0508769007916654
0.9134425731261808	0.8355321884687544	1.0932464191477884
0.9171279193250381	0.7899459804991273	1.1610008050747354
0.8102376246940789	0.6876370964399232	1.178292487256564
0.790332623051896	0.7890576160964374	1.0016158604003675
0.8536717621998813	0.7949934266306043	1.0738098374196268
0.9095205969312199	0.8305362256907011	1.0951004529330828
0.8863913421317248	0.8189697364848698	1.0823249048691808
0.9173089344566531	0.8418834705405731	1.0895913348526125
0.8680784904492441	0.8232193649472591	1.0544923108129982
0.6990264350854749	0.7237410912293037	0.965851522812046
0.87256761686521	0.8241499727256519	1.058748584289131
0.8610678244721963	0.828813363725868	1.0389164342154558
0.9238111582564705	0.8368883544921196	1.1038642768749023
0.8957509684093257	0.8194609362592117	1.0930978266009521
0.7866028706176387	0.783519087829595	1.003935810672572
0.7994512366805477	0.7779565544316491	1.0276296691974038
0.9384772861486134	0.8322268274383664	1.1276700716766015
0.9389679195036074	0.8106584840132867	1.1582780394218606
0.8829571224823891	0.8171046631927985	1.0805924409148213
0.7787030772248766	0.6708395118177236	1.1607889271681138
0.8419676709168563	0.8029120689073009	1.0486424398411485
0.8512422872825759	0.7929225297846324	1.0735503851981403
0.9469326364574722	0.8509759154594945	1.1127607952878016
0.7335746482040995	0.7568832806879019	0.9692044558539883
0.934810179857623	0.830653632869457	1.125391068992694
0.8818577792189359	0.8086294927008566	1.0905585155860364
0.8122200550819956	0.786272395440796	1.033000852874471
0.9359154658953382	0.8326588955950883	1.1240082473705564
0.9288675698070229	0.8411860252389961	1.1042356172561412
0.8700118542473877	0.8146903017348922	1.0679050092957871
0.8171564896697152	0.7906531235906775	1.0335208516709264
0.770403393325302	0.6899441713554891	1.1166170036797902
0.8351065264880042	0.7738204487845899	1.0791993514770435
0.8591612002765018	0.7723357771668252	1.112419268505442
0.9377549826686835	0.7894265749063645	1.1878938617944457
0.8350480867183862	0.7986050847954554	1.0456333206697084
0.9316315887305617	0.8087890494113321	1.151884523422565
0.8335166183787587	0.8066143647386068	1.0333520636579165
0.8269697981561448	0.8064537659776058	1.0254398119818673
0.9171024070045146	0.8220130212956468	1.115678685428838
0.9029907816907702	0.8289037557622904	1.0893795273738949
0.9117707869343142	0.8308838570454159	1.097350465053598
0.8843452694390853	0.8102094549305281	1.0915020357481684
0.9035631364040769	0.8287365061447082	1.090290013417489
0.9060636637169426	0.8186286644608053	1.106806667115336
0.9151361959152059	0.8208194294958412	1.1149056211757749
0.8559410372848669	0.8216565110634528	1.0417261054464722
0.9252807619068957	0.8221815358507676	1.1253971556895208
0.8613238427447308	0.806569009223581	1.067886111287437
0.9038639290383166	0.8114549307355129	1.1138806294750627
0.8065966508211506	0.7743304289135873	1.0416698359030445
0.9154628131101035	0.8221945620355597	1.1134381755622824
0.8056143418923327	0.7871946609096461	1.0233991436900776
0.8157865392454925	0.775377359878416	1.0521155007329759
0.850008386808824	0.8102937075591399	1.0490126961115338
0.7704911650116564	0.7712520960579325	0.9990133821999765
0.9583998044579827	0.8066366324459446	1.188143168692761
0.857883545928685	0.7797073429094248	1.1002635203197535
0.8472145935821651	0.7493793025995487	1.1305551015930546
0.7066626996076846	0.7251105953230763	0.9745585075788719
0.6801414367070073	0.707205307498586	0.9617312391400106
0.8955795205347572	0.8152866691190946	1.0984841951388924
0.9307971194924797	0.7972993735080377	1.1674374148785107
0.8279070604159122	0.7558374548807233	1.0953506670909317
0.7601227721350636	0.754430651827295	1.0075449218479948
0.8852065036008954	0.7999483267270716	1.1065796052385672
0.8842266026909306	0.8207974507996368	1.0772774718409515
0.7382190685697843	0.7054272835074389	1.0464849968650236
0.7784677906937947	0.7577191168578429	1.0273830676491227
0.7422135266918195	0.7707425973006428	0.9629849567044302
0.7736814670000947	0.7527041706138368	1.0278692442598674
0.8671879941408971	0.8079386880360946	1.0733339138008398
0.8107048580550916	0.635581208086275	1.275533083327166
0.9003255903777413	0.7697409340401916	1.1696475405720481
0.8785320141133894	0.7906895660459095	1.1110960000481145
0.8981095709177807	0.8285510149781572	1.0839520496410922
0.8758781654335366	0.7929362442290359	1.1046009963703252
0.8305403086912924	0.7395523762648093	1.1230310865689157
0.7063217738117693	0.7198781825417058	0.9811684684177089
0.8649543332249978	0.8142897576802142	1.062219345223154
0.8201033849601899	0.7258632549128751	1.1298317960159403
0.8752583835625419	0.7005694278132382	1.2493528104624534
0.8525558248708384	0.7944494588235885	1.0731404186910682
0.9084317366589781	0.8179534062023842	1.1106155066664116
0.9081620862592612	0.7887442579164938	1.1514024693608742
0.8818458907154513	0.7959717684423936	1.107885889522315
0.8878471472329832	0.7705498574031456	1.152225438370912
0.836822384537206	0.8093120838440581	1.0339922030602582
0.9242807266412371	0.8384622607937229	1.1023522105410861
0.7008238233095968	0.6801061875525501	1.0304623544620315
0.8778884032269637	0.8241539091139475	1.0651995865320671
0.8712409927081236	0.8142141731636526	1.070039089743294
0.8184899402238619	0.683027751894684	1.1983260386615517
0.8144434097047218	0.8018099491401436	1.0157561783538933
0.7582536817828064	0.7766688822473989	0.9762895091003188
0.9480066726635685	0.8185129786710006	1.1582060362718056
0.9416096854477569	0.8210935854229111	1.1467751084217435
0.8931919398094503	0.8112988737758738	1.1009406874342587
0.8837434198296507	0.8227516599424857	1.0741314334041314
0.8529194812686983	0.7930371503905222	1.0755101206150148
0.6970188351700447	0.7293119552407114	0.9557211151707938
0.8454965186925684	0.7847134223240778	1.077458973733965
0.8731034974793648	0.8209197789707605	1.0635673787444009
0.880957950330233	0.8143301146006748	1.0818191965824948
0.870490178744248	0.8058598835798231	1.080200412604387
0.7282762785216729	0.5551388747212886	1.3118812457284839
0.6856822386823698	0.6062609699785512	1.131001784110609
0.7829007102112933	0.7795853775731237	1.0042526870481976
0.8159481074536057	0.7710274247902468	1.0582608104706253
0.9172463392231751	0.8296567230630414	1.1055733217429473
0.8756337969963252	0.8039699190169423	1.0891375115962176
0.9362711385636592	0.8131832743715758	1.1513654646760967
0.8972867925877693	0.809508322202377	1.1084343026228305
0.8435308563478434	0.8182067726387152	1.0309507138732892
0.7624092037995389	0.7476723240765949	1.0197103453590377
0.8322225928395326	0.801832683713683	1.0379005617295356
0.9160627128398096	0.8387731445664522	1.0921459738834474
0.952160798355299	0.835127749850551	1.1401378992922837
0.9302639628225127	0.845262542343006	1.1005621522561368
0.7131222926662201	0.7245896768344099	0.9841739614366457
0.7617037817420474	0.7409618242827863	1.02799328761551
0.8768874879128111	0.7767332534069885	1.1289428952172649
0.8358196536986032	0.8057964413539034	1.0372590530360928
0.9328803842019324	0.8188283315064314	1.139286891167621
0.9356971221519401	0.8184670340866045	1.1432312887178926
0.8969078304231042	0.7824402301707135	1.1462956476910908
0.9407571099475558	0.8305634601301229	1.1326733658619763
0.7233091781098533	0.7348941378404429	0.9842358795177859
0.8657755431365469	0.7263847024188932	1.1918967184378693
0.8050403934450763	0.7468659491498271	1.077891413260265
0.8902553120993145	0.8018394385838319	1.1102663067703906
0.8961510543889922	0.8301892937962544	1.0794538800796993
0.8548585706157885	0.813817109604432	1.0504308161219482
0.861601440896079	0.8196737448478312	1.051151688475799
0.7396999224611139	0.6245391142736171	1.1843932678603117
0.7528528405143355	0.7545706307199367	0.9977234865290713
0.746546198220938	0.7689309549586969	0.9708884697729964
0.9146735691408324	0.8283243240855215	1.1042456952482247
0.9299447139591444	0.799035352982742	1.1638342540010616
0.9265297923632587	0.8099343020440751	1.143956725903478
0.8505986014686812	0.8191456102625595	1.038397313996519
0.827453771345154	0.7873936240503543	1.0508769007916654
0.9134425731261808	0.8355321884687544	1.0932464191477884
0.9171279193250381	0.7899459804991273	1.1610008050747354
0.8102376246940789	0.6876370964399232	1.178292487256564
0.790332623051896	0.7890576160964374	1.0016158604003675
0.8536717621998813	0.7949934266306043	1.0738098374196268
0.9095205969312199	0.8305362256907011	1.0951004529330828
0.8863913421317248	0.8189697364848698	1.0823249048691808
0.9173089344566531	0.8418834705405731	1.0895913348526125
0.8680784904492441	0.8232193649472591	1.0544923108129982
0.6990264350854749	0.7237410912293037	0.965851522812046
0.87256761686521	0.8241499727256519	1.058748584289131
0.8610678244721963	0.828813363725868	1.0389164342154558
0.9238111582564705	0.8368883544921196	1.1038642768749023
0.8957509684093257	0.8194609362592117	1.0930978266009521
0.7866028706176387	0.783519087829595	1.003935810672572
0.7994512366805477	0.7779565544316491	1.0276296691974038
0.9384772861486134	0.8322268274383664	1.1276700716766015
0.9389679195036074	0.8106584840132867	1.1582780394218606
0.8829571224823891	0.8171046631927985	1.0805924409148213
0.7787030772248766	0.6708395118177236	1.1607889271681138
0.8419676709168563	0.8029120689073009	1.0486424398411485
0.8512422872825759	0.7929225297846324	1.0735503851981403
0.9469326364574722	0.8509759154594945	1.1127607952878016
0.7335746482040995	0.7568832806879019	0.9692044558539883
0.934810179857623	0.830653632869457	1.125391068992694
0.8818577792189359	0.8086294927008566	1.0905585155860364
0.8122200550819956	0.786272395440796	1.033000852874471
0.9359154658953382	0.8326588955950883	1.1240082473705564
0.9288675698070229	0.8411860252389961	1.1042356172561412
0.8700118542473877	0.8146903017348922	1.0679050092957871
0.8171564896697152	0.7906531235906775	1.0335208516709264
0.770403393325302	0.6899441713554891	1.1166170036797902
0.8351065264880042	0.7738204487845899	1.0791993514770435
0.8591612002765018	0.7723357771668252	1.112419268505442
0.9377549826686835	0.7894265749063645	1.1878938617944457
0.8350480867183862	0.7986050847954554	1.0456333206697084
0.9316315887305617	0.8087890494113321	1.151884523422565
0.8335166183787587	0.8066143647386068	1.0333520636579165
0.8269697981561448	0.8064537659776058	1.0254398119818673
0.9171024070045146	0.8220130212956468	1.115678685428838
0.9029907816907702	0.8289037557622904	1.0893795273738949
0.9117707869343142	0.8308838570454159	1.097350465053598
0.8843452694390853	0.8102094549305281	1.0915020357481684
0.9035631364040769	0.8287365061447082	1.090290013417489
0.9060636637169426	0.8186286644608053	1.106806667115336
0.9151361959152059	0.8208194294958412	1.1149056211757749
0.8559410372848669	0.8216565110634528	1.0417261054464722
0.9252807619068957	0.8221815358507676	1.1253971556895208
0.8613238427447308	0.806569009223581	1.067886111287437
0.9038639290383166	0.8114549307355129	1.1138806294750627
0.8065966508211506	0.7743304289135873	1.0416698359030445
0.9154628131101035	0.8221945620355597	1.1134381755622824
0.8056143418923327	0.7871946609096461	1.0233991436900776
0.8157865392454925	0.775377359878416	1.0521155007329759
0.850008386808824	0.8102937075591399	1.0490126961115338
0.7704911650116564	0.7712520960579325	0.9990133821999765
0.9583998044579827	0.8066366324459446	1.188143168692761
0.857883545928685	0.7797073429094248	1.1002635203197535
0.8472145935821651	0.7493793025995487	1.1305551015930546
0.7066626996076846	0.7251105953230763	0.9745585075788719
0.6801414367070073	0.707205307498586	0.9617312391400106
0.8955795205347572	0.8152866691190946	1.0984841951388924
0.9307971194924797	0.7972993735080377	1.1674374148785107
0.8279070604159122	0.7558374548807233	1.0953506670909317
0.7601227721350636	0.754430651827295	1.0075449218479948
0.8852065036008954	0.7999483267270716	1.1065796052385672
0.8842266026909306	0.8207974507996368	1.0772774718409515
0.7382190685697843	0.7054272835074389	1.0464849968650236
0.7784677906937947	0.7577191168578429	1.0273830676491227
0.7422135266918195	0.7707425973006428	0.9629849567044302
0.7736814670000947	0.7527041706138368	1.0278692442598674
0.8671879941408971	0.8079386880360946	1.0733339138008398
0.8107048580550916	0.635581208086275	1.275533083327166
0.9003255903777413	0.7697409340401916	1.1696475405720481
0.8785320141133894	0.7906895660459095	1.1110960000481145
0.8981095709177807	0.8285510149781572	1.0839520496410922
0.8758781654335366	0.7929362442290359	1.1046009963703252
0.8305403086912924	0.7395523762648093	1.1230310865689157
0.7063217738117693	0.7198781825417058	0.9811684684177089
0.8649543332249978	0.8142897576802142	1.062219345223154
0.8201033849601899	0.7258632549128751	1.1298317960159403
0.8752583835625419	0.7005694278132382	1.2493528104624534
0.8525558248708384	0.7944494588235885	1.0731404186910682
0.9084317366589781	0.8179534062023842	1.1106155066664116
0.9081620862592612	0.7887442579164938	1.1514024693608742
0.8818458907154513	0.7959717684423936	1.107885889522315
0.8878471472329832	0.7705498574031456	1.152225438370912
0.836822384537206	0.8093120838440581	1.0339922030602582
0.9242807266412371	0.8384622607937229	1.1023522105410861
0.7008238233095968	0.6801061875525501	1.0304623544620315
0.8778884032269637	0.8241539091139475	1.0651995865320671
0.8824293542061781	0.8243461563179041	1.070459718218028
0.9235033992223526	0.7395087675485374	1.2488065588238462
0.8212662961316373	0.8160130437498972	1.0064377063846912
0.7557527174609241	0.7995325120125845	0.94524325916221
0.9511578594989698	0.8303228833604893	1.1455276959842853
0.9465659210121562	0.8365976552216309	1.131447016500892
0.884297966463668	0.8352052319628511	1.0587792468510309
0.8634466747075595	0.8345258083746554	1.034655448690354
0.9011059224552953	0.8415340630778037	1.0707895996029146
0.7540748050112065	0.786296790932252	0.9590205806603351
0.912975441242633	0.8350388177642474	1.0933329347335672
0.8898365723109277	0.8474559028457381	1.0500092917199304
0.8770254069916943	0.8249348549100494	1.0631450492988623
0.8877860249057192	0.8238585445997887	1.0775952142815792
0.8402019493618702	0.664587602853245	1.2642455949443951
0.7593742951662626	0.6772039357878821	1.1213376872696121
0.8217675519739664	0.8158649852330515	1.0072347347266397
0.8419033249539769	0.8126751307668223	1.035965409892112
0.9234937757797981	0.8514564032748076	1.0846048866717377
0.8887016067878782	0.8146689012707291	1.0908745938401136
0.9457084101187142	0.8426229117773851	1.1223388266572123
0.8753935120796431	0.8326492820201048	1.051335215177074
0.8754969207782075	0.8451731490301564	1.0358787684900401
0.8806679170231184	0.8157671746922951	1.0795579233196086
0.8455365390344793	0.8368674029025737	1.0103590319109548
0.9531962380829798	0.8642155263245679	1.1029612510398177
0.9586288171162813	0.8538528071380321	1.1227096861453678
0.9334323358606309	0.8612395656390764	1.0838242611020596
0.788867241804666	0.7861648290390669	1.0034374633229297
0.8207903313221593	0.7798802095227253	1.052456930307887
0.9269387215271744	0.817860303964319	1.133370475415095
0.8563387594798282	0.8329492606826724	1.0280803404255214
0.9379904809450805	0.8330596333256391	1.1259583869170917
0.9419622456545161	0.8292357278955734	1.1359402567530694
0.9520322464423379	0.8450769277781138	1.1265628194884367
0.9417183624295478	0.8411583752201536	1.1195494096852747
0.8186431777426323	0.8004097102538523	1.0227801677755723
0.9566696848487544	0.8028385499370656	1.1916090538050865
0.8908669704623758	0.8061544029404081	1.10508231079925
0.9002235248647477	0.8195756924853127	1.0984019329988612
0.8941123186549454	0.8474205655823652	1.0550986782348062
0.8499033241807286	0.8323539777878222	1.0210839941433907
0.8964200505665065	0.8561441172281219	1.0470434037072909
0.8535887094383012	0.7203306791653531	1.1849956334323484
0.8087204951395449	0.7970687506058335	1.0146182428113701
0.7482214273104812	0.7960979509950056	0.9398610138052915
0.9402975806854122	0.8524974628677091	1.1029916470629169
0.9406134775790409	0.8263529325650584	1.1382708773832382
0.9286521123351378	0.8386828472310272	1.1072744785482984
0.8806867291422821	0.8491503956543943	1.037138690212332
0.821728437514387	0.8162233695700042	1.0067445605573422
0.9099228101697389	0.8474258417395271	1.0737491888398436
0.960380868135981	0.841168666054501	1.1417221145916483
0.9194143224001865	0.739289995142551	1.2436450221714466
0.829730406118364	0.8287276933359393	1.0012099424098988
0.854687636501047	0.8127668152403087	1.0515779193671233
0.9350963616979424	0.8562441785339351	1.092090767027483
0.9045104274728665	0.8433389287929199	1.072534892664687
0.9024125786608813	0.855394346483778	1.0549667324437888
0.8747538376186444	0.8452674975975368	1.0348840338767493
0.8360849123928606	0.8046051817349946	1.0391244443516823
0.8461331219540579	0.8296118515326214	1.0199144580576027
0.903239056419228	0.8635815718173917	1.0459221061403359
0.9284259189434501	0.8455916965044067	1.097960070778216
0.9203279666485749	0.8347898422325496	1.1024666569819097
0.8408583321782725	0.8167741874380162	1.029486907288049
0.8079963768628561	0.8038240922722929	1.005190544337591
0.9452488095637523	0.8444250533274572	1.1193992952234175
0.9486119279802152	0.8369704171399867	1.1333876425665306
0.8988175238693732	0.8478981393706141	1.0600536575496629
0.8957391452523847	0.7528034722754359	1.189871165903246
0.8336713801039499	0.8191396087467989	1.017740286517683
0.8804659238547774	0.8180281764065791	1.0763271354814132
0.9463910299542171	0.8546733976846641	1.1073130771567465
0.7767795466456248	0.7875871218864766	0.9862776130531885
0.9343141733728502	0.8411470939914106	1.1107619345616986
0.9047096791691096	0.8423879578565618	1.0739822082347
0.8529401224497812	0.8229307163496506	1.0364665038063545
0.942362952752475	0.8577745903346369	1.0986137423175921
0.9378820455160364	0.8639829095629907	1.0855330992489474
0.9062760073611201	0.8322828272962206	1.0889038889643752
0.862928390303014	0.8267170272920531	1.0438013997722688
0.8548650629665693	0.7875415990440168	1.0854855972107065
0.8090954984179193	0.7978810691153233	1.0140552642952543
0.8610718800489849	0.7749594097991356	1.1111186846188101
0.9481704638818436	0.8021643727909579	1.1820151779901282
0.8456337741876435	0.8030320026142658	1.053051150433218
0.945668744896567	0.8314982726355545	1.1373069265665852
0.8637536064359356	0.8429355373799312	1.0246971068757078
0.8006065929781124	0.8203522789186216	0.9759302357682998
0.9482583762654967	0.8643845230503677	1.0970330344638084
0.913149360392724	0.8478840680072288	1.076974311522196
0.9011774743713221	0.8463293623246696	1.064807053244611
0.9059790613101489	0.840400421534661	1.0780326117111345
0.912268305499445	0.8544810621522689	1.0676284658686541
0.9130140707724802	0.8473871871652087	1.0774461599151803
0.9305447172253885	0.8424466137529837	1.1045741083579645
0.8775405726066268	0.8436956106400855	1.040115133396112
0.929588871329687	0.8436395471418686	1.1018792024141146
0.8794153770253095	0.8247527223654777	1.0662776286485645
0.9492396784016748	0.8391187987449151	1.1312339561710087
0.842528518983071	0.8089113508785811	1.0415585318069494
0.9208789980944833	0.8493148263233348	1.0842610649821671
0.8383807824708699	0.8264644787931862	1.0144184099661295
0.8336199670783803	0.8039392470684035	1.0369191081517772
0.8723106742545145	0.8379867653628832	1.0409599653722068
0.8057464853280351	0.7961446827309372	1.0120603739563538
0.9516283703088984	0.8184039279459256	1.16278568297851
0.9235519531777298	0.8133000700867838	1.135561138067013
0.9288557495834742	0.8053182912631539	1.1534020270749716
0.7724632709998766	0.7682494123583276	1.0054850138168197
0.8286264142895945	0.8044496211942611	1.0300538311640215
0.9112461201803385	0.8396431752273861	1.0852778264213978
0.9658837818853854	0.8178982376842598	1.1809339320990855
0.8939165791574251	0.7934135641916671	1.1266716621717336
0.874479785398726	0.8069701017407495	1.0836582216767987
0.9319752748713739	0.8169509238012517	1.140797136913582
0.9157950170970274	0.846937001477182	1.0813024056095635
0.8132445348489992	0.7886357232728965	1.03120428209107
0.8785547867914352	0.7957231158159664	1.104096097410127
0.7944568648344864	0.8115080996237574	0.9789882136762695
0.8493737887804974	0.7968749547308854	1.0658808935303299
0.8927109646288136	0.8464346354748095	1.054672064698824
0.8590595745937556	0.6929987344776505	1.239626469507587
0.8770452578772474	0.7918040795983664	1.1076543812733557
0.8802928726987507	0.8061649463409417	1.091951314298971
0.9180229092695834	0.8568575283003006	1.0713833734887213
0.9135781889792594	0.8182410390944557	1.1165147497249868
0.8767050174970125	0.7983569225587326	1.098136676371734
0.7331394832248701	0.766566854813719	0.9563934034207988
0.9044344827296221	0.8423805452566124	1.0736649698552883
0.9072124765433592	0.7827648108308913	1.1589847473858321
0.9469752025770741	0.7859166994910478	1.2049307556262976
0.8831429780354739	0.8092721151263521	1.0912806230789112
0.8963487506015909	0.8257206890821935	1.08553505132335
0.924365597806443	0.7913832098122532	1.1680379193611379
0.9238974703159549	0.8337381765717677	1.1081386174673102
0.9342989840951292	0.8086890569166033	1.155325370244845
0.8823533067664908	0.846488389875111	1.0423690594228603
0.9322386480649607	0.8659064468681404	1.0766043507780019
0.7678507591184747	0.7694572742859533	0.9979121450648842
0.8885338539150585	0.8445223961943531	1.0521140207992505
0.7904389290998146	0.7078177406661997	1.1167266425900142
0.777504073914853	0.6716228166569248	1.1576498812011236
0.7267397188560519	0.6911974830193688	1.051421246040167
0.7629756230490875	0.7268624314069329	1.049683667887819
0.875496094845297	0.7571370269104578	1.1563245010190697
0.8478102238895406	0.7465450859689826	1.1356450398292024
0.8252897427512107	0.7469427693913159	1.1048901958362083
0.8049886844238967	0.7352099251967512	1.0949099799060409
0.8219868086746317	0.7126635242393106	1.153400981973943
0.6026887466463627	0.6018856647541686	1.0013342764900741
0.798329946607223	0.6942843407852649	1.1498602225484131
0.7531918233025504	0.7119001934436194	1.0580019927501272
0.8080806358055348	0.7308963208351733	1.1056022759591473
0.8136890516830345	0.7156713490177657	1.1369590983344446
0.7754727783922215	0.6328213163446663	1.2254213920471984
0.7664893488411778	0.6845240090154086	1.1197406354580095
0.7357848172877788	0.6940023056071144	1.0602051482294614
0.7714135147286294	0.7040413456843474	1.095693483709816
0.8086484582886306	0.7423910754180172	1.0892486252388016
0.7930407656907154	0.7072920670363548	1.1212352048760545
0.8517076000807554	0.7338676342055829	1.1605738697043577
0.8331099921975152	0.7437088717531534	1.1202098345735954
0.7692603821002608	0.714283058421084	1.0769685393360773
0.7594646735154909	0.6518627605337757	1.1650683541020286
0.7644107066590184	0.7111171388416428	1.0749434444853725
0.8212916042609308	0.7532611874677181	1.0903145123166569
0.7864468754998322	0.730939622117648	1.0759395874879116
0.8377788192889369	0.7553261163831957	1.1091617264613567
0.7538403929211249	0.7022492482538127	1.0734655747878645
0.6933459115331395	0.6680481234457545	1.0378682121834284
0.7840967618369614	0.7248875280449668	1.0816805800917597
0.7656313773251512	0.716317724592311	1.0688432675052217
0.8231373298660994	0.7424982700638444	1.1086050473832367
0.8357255674184761	0.7301479813967322	1.144597518190463
0.8117979249248091	0.6546779579906638	1.2399958101787596
0.8205481302281085	0.7496372337884847	1.0945936157429872
0.7118655008219722	0.6767712616296576	1.0518553921864353
0.8530532105963147	0.6639077184181083	1.2848972634764408
0.7610425938824184	0.6824689756194917	1.115131414130003
0.7473636803181865	0.6863560937889162	1.0888862021935115
0.7598011089041187	0.6873064023511034	1.1054765477304285
0.8082362515555612	0.7375350107258469	1.0958615385053159
0.8201722873816557	0.7540215771593248	1.0877305268524873
0.7149258248956546	0.6600691756704257	1.0831074245657837
0.6738910640764239	0.655049300665094	1.0287638860039987
0.7746180426104046	0.7141643512514404	1.084649550559378
0.8306831277207575	0.7530534562797311	1.1030865349513646
0.8327602721114971	0.7123646668074837	1.169008389823116
0.8299174478016711	0.7489037757635344	1.1081763434234797
0.771953117496684	0.7075236350686248	1.091063364154344
0.8266155106701472	0.7300636275203285	1.132251326473774
0.8058933953297786	0.7272281830933461	1.1081712921270752
0.8388694314168642	0.7120703158395092	1.1780710594962278
0.8128387219836462	0.7088157457914918	1.1467560177800484
0.7354437909530848	0.6994234721544377	1.051500014272746
0.818684111361668	0.7281621740530091	1.1243156271147765
0.8332068768209421	0.7151814713001812	1.1650286119775919
0.8241274553231902	0.7105333332581707	1.159871629870101
0.847008348822216	0.7575009651325015	1.1181614120769574
0.791073540451033	0.7373014056644396	1.0729310080972043
0.7156739608521672	0.6757924660270618	1.0590144117166118
0.7336673780823644	0.7072587701711577	1.0373393855615474
0.7857814272730641	0.7222249868492315	1.0880008883396612
0.8375855520473202	0.7578579054667854	1.1052013128126286
0.8196815640623573	0.7331128714814132	1.118083716639722
0.7584630878583292	0.7235056152324507	1.0483167951843015
0.7804648007228184	0.7226863226658029	1.0799495939592239
0.8451749749942021	0.7178809749168112	1.1773190884354356
0.8439932893181437	0.7417747580937618	1.1378026551982796
0.8071931654310681	0.7470863843341985	1.0804549277797864
0.8037834667795583	0.6460078871599695	1.2442316614944349
0.8228479735534933	0.7168607533114213	1.1478491042402326
0.7378430260811939	0.683943093196602	1.0788076280333139
0.8319452780799896	0.7314678749789796	1.1373640682496104
0.7684017989174456	0.7097640892002878	1.0826157741838232
0.8429515312758469	0.7604672086144538	1.1084653246412515
0.8311083771425862	0.7136330490689617	1.1646158739801753
0.7531717222035098	0.7186032844090511	1.0481050372917322
0.8703490909724237	0.7658484685275055	1.1364507820272087
0.8269527350712569	0.7547653931288221	1.0956420930260033
0.7626122641717256	0.7049848351251595	1.081742792433734
0.7662972740737658	0.7358282849050928	1.0414077438904146
0.7307828582176279	0.6688070381037365	1.0926662199752128
0.7930803850878843	0.7327482410536158	1.0823367981716574
0.7910196664387321	0.6589618637605575	1.2004028001325422
0.8499765680910636	0.7352405362312596	1.156052374979112
0.7888563304836598	0.7004209281468533	1.1262603654216692
0.8531660266316188	0.7321691621623575	1.1652580724813844
0.7859332634227048	0.7281821234774386	1.0793086483220369
0.7358995567332005	0.7099136253620516	1.0366043564213834
0.8348012072727364	0.7372602225980133	1.13230197654093
0.8222208792547976	0.727366202927369	1.130408418683292
0.8080519650503885	0.7359710394825252	1.0979398939645026
0.7818218885991787	0.7126842752453544	1.0970101568889288
0.8534489868880073	0.7426116466230672	1.1492534365289837
0.766870453734598	0.7189857586781007	1.0666003387112093
0.7923720444844321	0.6999309472422075	1.1320717388000217
0.7920940409145905	0.7303605733990949	1.0845246440784562
0.8662314844572947	0.7333881881752057	1.181136400100233
0.7933238741316864	0.7397858512446531	1.0723696226373594
0.8074838038704852	0.7268589349394134	1.1109223056297604
0.7796123430695012	0.7061924807037597	1.1039657945558619
0.8236595254067675	0.7424884162385894	1.109323064700978
0.798870499345423	0.7336549836079145	1.0888912597809892
0.7380019900908101	0.6955984964182103	1.060959725892084
0.8060909910084579	0.7285163767761655	1.1064830067040854
0.7495254592673654	0.7001538211648832	1.0705154161986004
0.8795929318463493	0.742695888180226	1.1843244938403419
0.7843647599029261	0.707062741796867	1.109328371495874
0.8129850726769561	0.7018356023114244	1.158369666627729
0.6914513874940642	0.6830354404136583	1.012321391515657
0.6983247529398161	0.6579156349895687	1.0614199082696796
0.8071212500641455	0.7287136397613159	1.1075972865397599
0.8256082570434486	0.6919038382432334	1.1932413312516015
0.7742903510076898	0.6946251441521594	1.1146880551707752
0.8047212554453018	0.7252628632464808	1.1095580598779633
0.8223058971920783	0.7295068121548465	1.1272079759791662
0.788019720798386	0.7362251566580188	1.0703515272087152
0.6410029560500978	0.6034148398879753	1.0622923297164863
0.7521516412561173	0.6672347457667841	1.1272668967377395
0.5866931336086019	0.626436855313215	0.9365559012572121
0.7544909198210185	0.6839678848790438	1.10310869340663
0.7450365977222748	0.6907025116097613	1.078664960962545
0.7443432695720663	0.645524928576229	1.1530821454313023
0.7863357546960204	0.700791972608334	1.122067297331181
0.8080490307446404	0.7157810435694352	1.1289053237776263
0.7713970785105904	0.7164940383166846	1.076627351042437
0.7402785812755651	0.6939713517369989	1.0667278691298423
0.7588555089644021	0.6573367278659744	1.154439538815982
0.7544506210422993	0.7073756200508233	1.0665488032908086
0.807166394704851	0.7058541304557927	1.14353144633954
0.8059734856691045	0.6956656600847597	1.158564425288586
0.8231931172770388	0.7092336029794992	1.1606798011526727
0.746553661804759	0.7027100119677371	1.0623922373245407
0.8188741573151063	0.6396159389000315	1.2802591485186423
0.8309866158334167	0.7117057558680538	1.1675985601941328
0.8470598704544908	0.721713471212048	1.1736788964627967
0.8362730854118745	0.6967744097592827	1.2002063705249808
0.7589243148536017	0.7091665468354005	1.0701637270402014
0.804467376957825	0.7538028749142215	1.0672118716041894
0.655961613883709	0.6561301972884614	0.9997430640969595
0.7382903155455356	0.7322126442657351	1.0083004183653441
0.749258485722506	0.47709129838079667	1.5704719165187446
0.6708596539755328	0.4557028441279255	1.4721427847556032
0.6203249020612652	0.4995808098670366	1.241690813196697
0.6466060596401185	0.5428158313204945	1.1912070767485468
0.6961938943572215	0.5451419600364187	1.2770873376004879
0.6868316108477218	0.5207306016719577	1.3189768541400262
0.7213485500098031	0.5707380046349575	1.2638873601402727
0.6361029221321897	0.5460348354434614	1.1649493417678738
0.6967640009658289	0.4412521950193671	1.5790607023161598
0.47074661401863693	0.39278757841822753	1.1984763263501197
0.6818754864204515	0.48166644743812903	1.4156590936470401
0.5927394481281978	0.5300014391646717	1.1183732803865716
0.7098170483729891	0.5353298167217453	1.3259434206743226
0.6864674733864378	0.5068686638849023	1.3543300706833952
0.706545848770401	0.4803089352748201	1.4710237450946737
0.6664259520690621	0.5336473916533603	1.2488132847502988
0.6086627247119569	0.5135807367458993	1.1851354249937545
0.6545673747593602	0.5044167406288094	1.2976717900824863
0.6418188652010455	0.5307338729659914	1.2093045081412623
0.6540728087401974	0.4876913026762756	1.3411615199017894
0.7835866887718416	0.4816505378010137	1.6268780521855621
0.6891284542786288	0.5534925825725493	1.2450545426926312
0.5788143548762905	0.5030428370021104	1.1506263727473816
0.5892068788500471	0.45168112973933927	1.3044753036064902
0.6186697402445847	0.48599248900914077	1.2730026785104254
0.6636528192490548	0.5315695224257112	1.2484779342137748
0.6344669658623208	0.5255826079623552	1.2071688755495584
0.6796996967416291	0.5010304359653337	1.356603607188162
0.6531662762521387	0.49045972531594556	1.3317429394052294
0.5945156640746152	0.47374603834936024	1.2549248245875448
0.6546281736474482	0.5237054424403641	1.2499930697626704
0.5967377008812831	0.5093988556891984	1.171454733784037
0.6853158375727023	0.5378837051167281	1.2740966700673324
0.7088811668540004	0.5501741267246767	1.2884669278690841
0.6829451559243086	0.41699347769977313	1.6377837842730367
0.6542246573685693	0.5448780597424037	1.2006808600035397
0.562264367709435	0.4737763050854241	1.1867718196840935
0.7232522985954966	0.47613879352603755	1.5189946890054142
0.6386621618613813	0.47532931842026266	1.3436203850920632
0.6085179486163241	0.511513252556859	1.1896425861394124
0.6749261252107919	0.46964968397584383	1.4370841677080874
0.6516584127382632	0.5267095701112883	1.2372253129947393
0.6562411071801506	0.5495868983296037	1.1940625025354648
0.6250910952285892	0.5115055343509421	1.2220612549613519
0.5897339603428383	0.46412147414408395	1.270645710652377
0.6439378959592243	0.5364015718851869	1.2004772724585804
0.6812297428995926	0.5501699655817232	1.2382168884469968
0.6994803747294647	0.49725487190200696	1.406683803929245
0.6857906598352915	0.5504784501322603	1.245808368466596
0.6012689831784751	0.45703489919145124	1.315586587024735
0.7420994749261858	0.5443451284576044	1.363288539072474
0.7070943395548411	0.5495907328944258	1.286583446978665
0.7028568313631263	0.5109456053412168	1.3756001108841094
0.6588042078642353	0.4858243499446771	1.3560543186838128
0.5542835888147897	0.5086977354615023	1.089612848997511
0.6633047392347023	0.5377064014067208	1.2335816302342644
0.6869504353412446	0.4906927802261973	1.3999603479484197
0.6849001285668365	0.5145691106825736	1.33101679511683
0.7064742726922176	0.5337829769145	1.3235234229010995
0.6345991775290838	0.5290001375713633	1.1996200614285755
0.6143387146668019	0.45532843909559373	1.3492210499459376
0.57131113786781	0.49957987820559696	1.1435831641575698
0.6366252713240328	0.5033594494091189	1.264752796577776
0.7074614441747794	0.5592090161041507	1.2651109402767875
0.6812687593490473	0.5421497943920603	1.2566061380010076
0.6304300061854299	0.5388259176549522	1.1700068343578418
0.628600360002272	0.5342348437566434	1.176636768171217
0.6770703904535249	0.48615658796668376	1.3927002270715385
0.7315243522235029	0.5530287218500521	1.3227601448552755
0.6614304262665668	0.5484277688891451	1.2060483873862031
0.6018751456067118	0.4607981365534298	1.3061579417583518
0.7162931812888924	0.5206634935829237	1.37573152355997
0.6069061708412509	0.48846136402334206	1.2424855178765966
0.7450443598949651	0.5475985593220621	1.3605666910762964
0.6233674461881711	0.5302191974695852	1.1756787554338393
0.7054595689669714	0.5473007627936121	1.2889796925662267
0.7365794685309295	0.4925242101392013	1.4955193132998503
0.6398368602993576	0.5243770128664639	1.2201847994856638
0.6985391789089072	0.49540347461609624	1.4100409357246175
0.6805883920462751	0.5575923508363069	1.220584161575194
0.6139220091417229	0.510393969618708	1.2028394645813625
0.6506419636499411	0.5535477797483518	1.1754034384271748
0.5700913470497706	0.496697053216689	1.1477647055841553
0.6653130657674357	0.5539744182362845	1.200981568581498
0.6545187227598939	0.46859906340571966	1.396756361403997
0.7464397051230337	0.5274080765717082	1.4152982069881996
0.6368491038410703	0.5053179903626499	1.2602937476736675
0.6891684761912902	0.539147615111547	1.2782556332901605
0.5555036815110682	0.4963936876142964	1.1190788589211491
0.6351026423604204	0.534980402031385	1.1871512301177
0.7075299533755753	0.544822077696321	1.298644057097015
0.6913392297254308	0.5147412139160207	1.343081165904508
0.615982715586011	0.5272945674198461	1.1681946935280085
0.669890610323093	0.4962758404324808	1.3498352241755618
0.6940448969084578	0.520934836387802	1.3323065543495092
0.6187576337327348	0.49566688168244816	1.2483336220335688
0.7233529226883103	0.5168194913716834	1.3996239204687684
0.7050887168533361	0.5421975075458151	1.3004278091296038
0.7340017691139925	0.528718598050204	1.3882654626124877
0.6521054858859632	0.5403473912336383	1.2068263795947565
0.6330306360800929	0.46063410543275524	1.3742591540966664
0.6275259325075357	0.48458302501234063	1.2949812521632487
0.7596938526528672	0.5261772270898032	1.443798426728965
0.6662524171790547	0.5508209562507336	1.2095625803964087
0.6509842601195033	0.5116523650920062	1.2723175040976156
0.7149732733853593	0.5282977345479817	1.3533529042995038
0.6362170750790319	0.4921201300605448	1.292808475444317
0.7441977969079453	0.5361373681828838	1.3880729847841704
0.6270014032558517	0.5067915863434623	1.2371977360155322
0.6450233037592803	0.4905519642557885	1.3148929180985722
0.5563880783655492	0.48428908058106557	1.148875951731096
0.5599995530536235	0.47018644286768296	1.1910159502646809
0.68443008473334	0.5337536301428084	1.282295887243366
0.7362234270154963	0.45749123372717987	1.6092623699420117
0.6960920544399796	0.5115703794488465	1.3606965579006591
0.6803327749713588	0.512234779008392	1.3281659169812303
0.71651234326464	0.5148728283852091	1.3916297457603872
0.6421106427809476	0.5358926918853696	1.198207500314818
0.5412189188566437	0.41127478164297343	1.3159545467255866
0.6334030760591798	0.4389609101306364	1.442960093805794
0.49369488988023036	0.4353817709371865	1.1339356005133638
0.5977253991617278	0.4703810512100133	1.2707259308684578
0.6831535944171213	0.5025526451806422	1.3593672244458332
0.7090781331638315	0.47043064479665914	1.507295795898514
0.6675285555334141	0.5282928662956607	1.263557769034552
0.7142455724522734	0.5450900637208553	1.3103257974961802
0.670819053347218	0.5265891596911934	1.2738945361894747
0.567637406492039	0.49942413616726145	1.1365838480460069
0.6095868632942765	0.4663715752292426	1.3070840841760931
0.6538070553967611	0.5190180757788858	1.2596999717506923
0.639886322859307	0.475372985025083	1.3460721223473469
0.6496015192637128	0.5208108107994591	1.2472888538288143
0.7320860240361935	0.5105240038190481	1.4339894276463379
0.6055570546962727	0.5225910967286557	1.1587588431700653
0.7226976196218515	0.45932113540318115	1.5734037994735095
0.7364993442302719	0.5244868078852053	1.4042285395126084
0.6823518959073567	0.5073222540516688	1.3450068284169174
0.6478493042534353	0.49854819509007575	1.299471767491575
0.5529953212165516	0.4947472690466433	1.1177329432907226
0.6028874986501837	0.5246259407055378	1.1491759211132346
0.5515140635239923	0.505300852674736	1.0914568234045787
0.6667913250501893	0.5142861674884839	1.2965375450529115
0.6513298694327846	0.3159478397146721	2.0615107544998286
0.53447612974051	0.2683418633771208	1.991773191905472
0.5909855081270099	0.3148353650514857	1.8771255510967289
0.5077915265561219	0.32187948164108665	1.5775827771536473
0.5562481638789392	0.35979044054965226	1.5460337496159104
0.5108800528978792	0.3091054619865008	1.652769412790869
0.5661492027329598	0.34893683009647797	1.6224976955755128
0.5614549820133897	0.3321371212061538	1.690431289265318
0.68562312468818	0.2907588174130014	2.3580475762986164
0.5242550086818694	0.25114739314327156	2.0874395792864098
0.6507314680421471	0.30721129592318275	2.1181886105023318
0.4517245396486512	0.33983008515863683	1.3292658872088405
0.6799880050439733	0.3462839710581948	1.9636716160035539
0.5555043813010607	0.31337731508193234	1.7726375029916392
0.6890190005781228	0.3306101706540224	2.084082891990546
0.5635513544615958	0.34547301544608755	1.631245652381612
0.49578314189391204	0.32520131876474817	1.5245422244199551
0.6619979113074018	0.344840950427889	1.9197195416784898
0.5684992195188056	0.3269625689795058	1.7387287520194379
0.5239323280943025	0.3014918452655891	1.737799334614712
0.738275956674124	0.2985837021619048	2.4725929490746266
0.5774365078147191	0.3456287806949733	1.6706840982791948
0.43879158450678873	0.30395159153971824	1.4436232502814534
0.45028612208602076	0.22385209890037916	2.0115340633299645
0.5024568226405302	0.23838300344809904	2.107771172326577
0.4890951787866066	0.2764978440573341	1.7688932818050789
0.4608683085401785	0.29808394624928086	1.5461024128913161
0.6048209712095234	0.28421940657540545	2.1280072972394306
0.6226442720116088	0.2764726799175767	2.2521005409910098
0.5342060343189516	0.2659660548296265	2.0085496800001614
0.5028121729868946	0.3388838694441011	1.4837300276690613
0.4943875383807555	0.30699954201334806	1.6103852635690903
0.6021805316632193	0.34357278249427314	1.752701501240881
0.6133854268045624	0.33703029545936125	1.8199711867698367
0.7203101981943426	0.2712401032355862	2.6556183602714363
0.5707179549147448	0.3459423872120234	1.6497485593315266
0.44163657548212054	0.2713189715708442	1.6277393833729927
0.652217726116351	0.27994198737041237	2.329831734934969
0.592460068661681	0.3132493474519279	1.8913369604149026
0.43556253697498415	0.2955455034099116	1.4737579558802276
0.6447975161077739	0.3056066979523596	2.1098932727197295
0.5490697976705979	0.310902775166881	1.7660498442829204
0.46284247354992214	0.32978352828525614	1.403473593591893
0.49404241713133307	0.3151015406333753	1.5678832167506211
0.5875843991206426	0.30212329829104767	1.9448496770831578
0.5417951435568665	0.36243847519054806	1.4948610057804257
0.5007367864405167	0.3381921488644286	1.480628063430436
0.6325610664685296	0.29528426358516435	2.142210555985452
0.5906664105397011	0.3385105016311189	1.7448983345969018
0.6304930906802853	0.2857467436782288	2.206475155462368
0.6950384278731041	0.3214321092709992	2.1623179757910176
0.5731462747083231	0.35039287972567	1.6357246618625683
0.5694983318376113	0.2974277136562454	1.9147453505150294
0.5474636477488788	0.3114990351132762	1.7575131414124425
0.5425265042801589	0.3509886408512426	1.5457095789891806
0.509320330685639	0.325594541782459	1.5642778527470942
0.6307744218457145	0.29491598381094003	2.138827518586043
0.6046236347374514	0.34684665141652266	1.7432015914473062
0.5841881293692855	0.2719575780048868	2.148085497947729
0.5277597893601257	0.3179275592679392	1.660000128882651
0.514688672673973	0.22674960898617474	2.269854730842576
0.4563756866392799	0.3058804464371225	1.4920067364720995
0.5444795309248316	0.3084981650247407	1.76493604388592
0.6163650981685882	0.34510587019760325	1.786017426523824
0.553104138340926	0.3185487188531136	1.736325106979848
0.5404619790646394	0.3467924152877443	1.5584596295631252
0.5331195486210054	0.3515089165358145	1.5166601003325815
0.47264566367055794	0.251237570522025	1.8812698382988182
0.5896243053043204	0.3165038531219417	1.8629293118815577
0.521120371221804	0.34625494452393	1.5050192913152431
0.49909417749973156	0.2817936103349837	1.7711337631340565
0.6166859640567391	0.3292315641343214	1.8731070505899026
0.5688674944393313	0.2975657767446238	1.9117369633791703
0.6679613411651772	0.3243752266334115	2.0592242758417094
0.5023439749715092	0.3076508882251722	1.632837720279356
0.5908036132791707	0.3393208564704263	1.7411355712838787
0.7131532285405264	0.3153278052125596	2.261624939988392
0.5821598095178899	0.3418794884239421	1.702821693695739
0.6061297709664831	0.26797029638536385	2.2619289493743646
0.5676380774483724	0.3453058124741899	1.643870612490199
0.5017957667616094	0.32218109251820665	1.5574960120704557
0.5473020223268847	0.3719511747040554	1.4714351225328108
0.5568895465013629	0.31995058934969767	1.7405485879342986
0.5790201553678639	0.35833962297072164	1.6158418390007991
0.5903655426437101	0.3161856841056147	1.867148237004025
0.6404084906210515	0.30875348233612765	2.0741741462331564
0.4762928947184906	0.3146430987350744	1.5137560513269779
0.5169545492281113	0.32494622345546664	1.5908926213415715
0.3640051101582619	0.28874796824759236	1.2606326284039475
0.567361511273142	0.2978073387692975	1.9051293820286281
0.6243954215264035	0.3327692509969408	1.876361531769483
0.631916460278004	0.3184215699981627	1.9845278078418185
0.44497531961192227	0.33196027776491527	1.3404474854881312
0.5955851467364713	0.3361400339523024	1.77183639727062
0.6106338166258158	0.3026635878175519	2.0175331331693287
0.5572494709962859	0.2974555038989046	1.873387661993562
0.7017806123472464	0.2700076349232732	2.5991139567096617
0.5666790434925234	0.30892795409777496	1.8343404537394854
0.612445472010408	0.2873005211749743	2.131724194253762
0.6175141351806323	0.3544484230646162	1.7421833333084373
0.5194886484354695	0.26079107112175287	1.9919725249831928
0.6010987963084939	0.2729090413153257	2.2025609463556393
0.6458500031920446	0.32100022961376995	2.011992340220867
0.5795316616854853	0.3670466419834112	1.5789046823964064
0.47998470800299364	0.306721486019263	1.5648877886984716
0.5889374883719303	0.32351122202404436	1.820454587903472
0.4989344305334564	0.30351582729477833	1.6438497951834488
0.6031920134701233	0.363264865462008	1.6604744108764025
0.5052095693213732	0.27349202386017507	1.847255222257105
0.5184719104770803	0.26503759913217634	1.9562202199791068
0.5259931391208451	0.31044087278892446	1.6943424182371738
0.40955202753583936	0.257464932357413	1.5907099416836268
0.5687615512297792	0.32934234219550845	1.7269615180308144
0.710753547285648	0.2467625279992633	2.8803139319749955
0.6056580809520817	0.3238608826411921	1.8701180457878726
0.5419197976509551	0.2668371133724468	2.030901139657258
0.603993123383668	0.3406674797977662	1.7729697115269776
0.5080333037231068	0.3209514415078051	1.5828977160420457
0.5729547935464513	0.27937976071335757	2.050809951599538
0.4742111547728872	0.22861890258131387	2.074242984366625
0.48949462175869646	0.2744420867549869	1.7835989645265364
0.6173114844455767	0.2996477699795976	2.060123739574662
0.6468468368608109	0.29309494954831106	2.2069532001751218
0.6733222180048397	0.29411065438078476	2.289349970753151
0.5742345910450355	0.33283551942636247	1.7252803788331277
0.6329087449383408	0.3647238498757678	1.7353094544102947
0.6187979743865737	0.3114791411550246	1.9866433819354699
0.45048341220729593	0.2840553507293879	1.5859001108430435
0.5073026009540681	0.2635871609826274	1.9246104364980947
0.6158955017515387	0.3471428036595246	1.774184846290534
0.5032627353577543	0.26319777903327346	1.9121085945566885
0.4679223576312349	0.29838599360239515	1.5681780233114766
0.6939025676546062	0.3319404691016664	2.0904428120274736
0.5684952680846195	0.34130748696115154	1.665639605934947
0.7196555703505544	0.2388352004919823	3.0131888803162967
0.6530909334966836	0.3156072531422197	2.0693153499941466
0.5256597755730426	0.28883000616937365	1.819962484316082
0.46210974527001997	0.2753635281446354	1.678180652258696
0.4684491257816429	0.29501082021254466	1.5879048959768398
0.40955898625976117	0.2852605072297475	1.4357367244316939
0.4870917565495498	0.3288358848637101	1.4812609540817927
0.7207648933427707	0.33832353776867097	2.1304012664811824
0.5221043889788912	0.26122636265881327	1.9986665345136307
0.5200855896954888	0.26454899199039766	1.96593298572979
0.8113224043986417	0.3178641643898211	2.5524185966545603
0.5410764821103496	0.27801032940002085	1.9462459660331926
0.4881602115825956	0.25947164037555365	1.8813624906214916
0.6882633300462601	0.27603781448886056	2.4933661039184716
0.8302310498626664	0.286528879600302	2.8975475387360965
0.757052926711793	0.29243638703602814	2.588778142093939
0.8845402687864274	0.3191692284403007	2.771383297534515
0.5199017356908346	0.23072119010733944	2.2533766207124644
0.836369764665502	0.27761618975918784	3.012683681708163
0.3885601921102701	0.23573872497855203	1.6482662835544821
0.6443460588999536	0.25060890889200804	2.5711219196026827
0.6335582026050741	0.27169648513082967	2.3318601354007122
0.6275276374008658	0.2891916047479451	2.1699372564698383
0.62308849889727	0.29109873758065735	2.140471319373638
0.6770140274151434	0.286729918125166	2.361155863475701
0.7130741159336871	0.28584263489018313	2.494638758866887
0.7245144977162064	0.26464243232126256	2.737710998804161
0.679852492630657	0.2807984326594178	2.4211406245819553
0.801694133661579	0.29670651104588025	2.7019768822586157
0.6099958800531464	0.275711755009348	2.212440597726653
0.48390077888559124	0.2614966905003954	1.8505044096719057
0.5927577619165305	0.2392212718322745	2.477863934826546
0.5400984897878642	0.2159565579344405	2.5009589657926754
0.7295882721130813	0.2586909864376847	2.820308052321064
0.42812404728353365	0.2503575588228691	1.7100504146808542
0.608125410541619	0.24412296039250117	2.4910619204513753
0.6128529843019184	0.2773012414575318	2.2100621731106664
0.628020153908912	0.24032243874801937	2.6132397672919665
0.4301142346930371	0.2677007834685671	1.606697705998833
0.6467169184610977	0.25051479733192467	2.581551769990724
0.5016078429025403	0.2640884833982772	1.8993930990396708
0.5640806030598068	0.24662453691935093	2.287203901549616
0.8744663756959697	0.30714683667981696	2.8470629395006632
0.5992934651398857	0.2695923980522757	2.2229612907099807
0.4195354033804094	0.25357190571207494	1.6545027029010941
0.7057265082135847	0.26121370646594066	2.701720816114998
0.4466782316334986	0.2547103381513927	1.7536713856035382
0.4249725047936124	0.25909844581982605	1.640197043440134
0.6404652593524431	0.22981906549019532	2.7868238781075676
0.5944777565398937	0.2606537118790113	2.2807185528047835
0.5315676642426401	0.25646683028873984	2.0726565834816983
0.5112076086950242	0.27162752781285526	1.882016939929718
0.7822231927027176	0.2618205122008847	2.987631435471901
0.4925149098058134	0.2566610329850084	1.9189313783934674
0.6300131669507671	0.2498403768353224	2.52166273094452
0.633041602944654	0.2602548731922205	2.4323909680534532
0.6328856867919198	0.27860220028888183	2.2716464052892706
0.6400526177844504	0.22610922864501629	2.8307231050233295
0.7133695175770611	0.27351263947383775	2.6081775195083696
0.7024985397940455	0.2800587220843068	2.508397290988747
0.7584507820703408	0.277565464681879	2.7325113480512067
0.5173256577274291	0.2481077702081303	2.0850844666955
0.45363935930742727	0.24918318469171252	1.8205055042886074
0.6066804923529971	0.27659515648826444	2.1933879828395977
0.6934499158416078	0.24893595625769088	2.7856559022906664
0.7697295602450641	0.291423870532995	2.6412714882870767
0.8503122362192925	0.29968802154401625	2.8373247346971597
0.8316522181786195	0.2680796911736607	3.1022574464243142
0.619430096168044	0.2362473506555178	2.62195573600849
0.5377844306057525	0.2678738300881273	2.0076034692482945
0.643400615213146	0.25153451931717097	2.5579018615804925
0.8578366395800903	0.3030445423862164	2.830727895065725
0.6235695044870176	0.26928427844173747	2.3156550694136926
0.5195586834985694	0.28435574793593266	1.827143243173089
0.5620903702676412	0.28317948966289447	1.9849261361999444
0.792804958272448	0.25778193214831907	3.0754869112250063
0.75122093766014	0.27926792227740904	2.6899650039789367
0.5262822667442645	0.23995695913503884	2.193236106347274
0.518269446243343	0.24313738851781988	2.1315909058773097
0.8749657122695623	0.304049027804241	2.8777125800675165
0.5739594569546975	0.24993304273042635	2.2964528846782404
0.8664533096536896	0.29131712258034076	2.974261526336253
0.6288503657135627	0.2875651160971699	2.186810327512293
0.5622069996697526	0.2556439827295059	2.199179474780041
0.7658681951318485	0.2853533129583454	2.683929572051776
0.6782918890857923	0.26162093884601734	2.592651383630328
0.7130806681909545	0.25898638315699785	2.7533519697006006
0.5709700865526678	0.2525787090068716	2.2605630094385116
0.557088992753699	0.26876316786236654	2.0727877156105854
0.6124632710520004	0.27038521182182385	2.2651507710991097
0.6190275883446805	0.23332647411405377	2.653053369512153
0.7376382022805801	0.30753205650245385	2.3985733736824093
0.6396910341029571	0.24541605959379734	2.6065573506548336
0.7293935388659311	0.26469252396449944	2.755625765100027
0.6086857612669144	0.2666874154558079	2.2823940163302465
0.5489523797355583	0.2445073708408226	2.2451363238981177
0.37824249715534125	0.26398578708133313	1.4328138697815804
0.6698749742343892	0.2740220824812266	2.4446021582230792
0.6919627680625815	0.25552762600451323	2.70797635027674
0.8059198597074515	0.2903977584478994	2.7752275500158263
0.6121902542278896	0.26873970056763785	2.2780045260704243
0.6726122017419357	0.2420453365666946	2.7788686668482874
0.5833927460488649	0.2583887569242907	2.2578101036331164
0.749157062150628	0.291390011886255	2.5709771494949654
0.8463257191224152	0.2794371261511545	3.028680300213997
0.7344771508685055	0.3039550745111087	2.4164003580129814
0.8104108688973273	0.30081113995781583	2.6940852955478145
0.8445333084129093	0.2962380703230541	2.850860146003271
0.43817438462717473	0.23932185750009088	1.8308999821589982
0.7461981034518897	0.2726796579744712	2.7365374776938816
0.6970644272600344	0.2617347895514013	2.6632471306346535
0.5238140955431889	0.25999582601762783	2.0147019418214587
0.6806270208929688	0.28752074506553543	2.3672275220969934
0.7540333090253	0.2895975681043284	2.603728042197016
0.6360196854712374	0.2634042231325343	2.4146146098470798
0.647030997749038	0.2848463220409921	2.271509047801306
0.4887148189935916	0.24227702686172387	2.017173585643011
0.5659951103712497	0.22434069332620468	2.522926634394676
0.4860032700864421	0.23911191160091708	2.0325347525872823
0.5135486778186444	0.2508913530391645	2.046896680964843
0.5156272253809677	0.25174649805635013	2.0482001909140815
0.7071319743169427	0.28412965597502954	2.4887651093312426
0.6694578020028483	0.25790634337250395	2.5957399622231274
0.8138968947769014	0.2802440304495151	2.904243467635689
0.6352182098755723	0.24895476766872549	2.5515406506326994
0.6629363207379416	0.2594396517498575	2.555262143880463
0.5673393376310376	0.253182756524757	2.240829294295014
0.5101545835602466	0.21543007266353395	2.3680750660889553
0.5302534514793091	0.2490118513975991	2.129430581328635
0.6013491316705066	0.24801285045479202	2.424669248257848
0.6688431486792592	0.2607341387273241	2.5652304371953982
0.8861179556328445	0.30243530190763107	2.9299422059646996
0.7977784400833816	0.27289744614838585	2.923363524807762
0.7428678589689002	0.29000698392426383	2.5615516182289677
0.7321393547924251	0.2605444109268522	2.8100366927386253
0.5434291820157904	0.2526067075736817	2.1512856378023137
0.42245670333681334	0.2320858413959818	1.8202605587474132
0.43040028220873205	0.24812859973672113	1.734585544211396
0.5569257009105403	0.2339435585995319	2.380598569349345
0.5109310538217813	0.24103741156875474	2.119716812823642
0.7082090275077473	0.25377141233639255	2.7907360446454246
0.7706840412490944	0.2797585192129645	2.7548188466869017
0.8684700900660633	0.2511088174968919	3.4585407980618315
0.8090227122547958	0.31197402123533224	2.5932374402563587
0.4990196000610748	0.23422874010788167	2.1304798029107577
0.4665035095305125	0.213363741738639	2.1864235494236803
0.4545211354383773	0.24583805238431228	1.8488640429343954
0.4507554060925602	0.24510727729010703	1.8390127419964348
0.5063864106371381	0.27669300622569054	1.8301380925547979
0.8477530979686911	0.2955024798735474	2.868852736300098
0.6169358296117204	0.3875227033100943	1.5919991895753538
0.6153624432232363	0.39150730853173626	1.5717776649713653
0.7923876417995845	0.3580396214513783	2.213128364362296
0.6597419741765789	0.4226838768121487	1.5608401700871706
0.6105885328302485	0.41000533427456426	1.4892209485776144
0.7114063351308104	0.3361752906445215	2.116176753404121
0.8303306135036319	0.3450836492051435	2.406171997474216
0.7783741660868124	0.3622733662628407	2.148582365069801
0.8616617079094816	0.2869013162930593	3.003338287334051
0.6245592995914591	0.3681654669657605	1.696409238864174
0.7832235072389224	0.2429736577729166	3.223491445195774
0.5505214130650135	0.40657325456499105	1.3540522080185482
0.6795008954192479	0.33399591818726354	2.0344586817323553
0.6647451078001534	0.352815154927835	1.884117216949257
0.6942603112016759	0.38946330194780815	1.7826077777533798
0.6849423103690757	0.387918730421668	1.765685069201332
0.7099984481211891	0.3736112064685248	1.9003671084502212
0.7494197436633346	0.3703971362748741	2.0232870890966757
0.7596571748338355	0.3494351937601408	2.1739572555913735
0.7167754052094633	0.35137268878343314	2.039929192252174
0.7981968091775004	0.3676678746581509	2.1709724025240047
0.6691160455795012	0.3744761314997429	1.7868055913196716
0.6090034099942454	0.40563537551663104	1.5013567522768396
0.6338402234582732	0.30957736829343363	2.0474372107766166
0.6283843810616576	0.34548969004512636	1.818822382165965
0.7572249390677287	0.32436751751898873	2.334465993572862
0.5830972195915486	0.40572693676990595	1.4371666427517285
0.6934946226946309	0.3727638034790619	1.8604129913423433
0.6708184795251302	0.3785615314666556	1.7720196685759053
0.7003315998795975	0.37755302033979976	1.854922519886863
0.5589302618542547	0.3966324886158163	1.4091893072219865
0.6885378542540105	0.3414527081203649	2.0164955142522847
0.6235128760834971	0.4080643852903426	1.5279767079890112
0.6365630606682124	0.36413724777631146	1.7481404732845442
0.8329389207530842	0.3028177658259869	2.750627653833657
0.6848428088901116	0.3829137960447034	1.7885038772804087
0.5356891262228791	0.3871735099403549	1.383589301616744
0.7241763105225913	0.33104209132300005	2.1875656585796746
0.5714133494709802	0.3884231980497103	1.4711102538161247
0.5495928524041055	0.3863455717349191	1.4225421296693268
0.6910723694546693	0.33082673122517287	2.0889254229710357
0.6610752220748249	0.37082153188426514	1.7827314900396591
0.6329617020967525	0.398055702214392	1.5901334877897078
0.5942404888223972	0.3784654662661534	1.5701313377017638
0.7988009180977448	0.3434105495770414	2.3260814761852275
0.5965395874545901	0.3819940522097266	1.5616462717253812
0.6938405033563079	0.36627917924940206	1.8942941413655048
0.666351711015204	0.3343961005162264	1.992701798814396
0.6864014148590492	0.36192695251472856	1.896519201153211
0.7132518442238979	0.3785200552718372	1.8843171829077072
0.7614711937226974	0.37624828158852014	2.0238529476008935
0.7356177636462615	0.3597851523757468	2.044602893668076
0.7905939809288972	0.36983355546511715	2.137702134503764
0.6196314339259059	0.39627537465470164	1.5636385038202985
0.5490201720638556	0.3650141064729855	1.5041067244465203
0.6475889540886559	0.34840788933821537	1.858709213843352
0.7144347550059751	0.32189175484399263	2.21948758939859
0.7725537143616272	0.33987450057603835	2.273055828113789
0.8470893040763172	0.35395155748177876	2.393235136759993
0.8390977854942931	0.32677894771842025	2.567784097944183
0.6425767972241602	0.29918674591814687	2.1477448650080233
0.6352536654821656	0.3930100022676564	1.6163804020680648
0.692324977636676	0.33942109028809797	2.0397229207207954
0.8405268024718477	0.31647697699497945	2.655886094631085
0.6675420173767211	0.3376100097181437	1.9772577772028255
0.5717760849669278	0.36598510327423567	1.562293327929501
0.6624049634241779	0.41100242878536725	1.6116813844185274
0.8038324271627978	0.32230909828344817	2.4939799448536935
0.7767827643017057	0.34181875218854185	2.2724989759287535
0.6516158160892358	0.4051992647262831	1.6081367189286733
0.6269120271040659	0.377562008523995	1.6604213690748604
0.8618737208795435	0.3272827255316746	2.633422584340251
0.6541048867589894	0.3735494003267137	1.7510532373680598
0.8588883656734337	0.335804573946545	2.5577029984414557
0.6676929809207326	0.35191466133552285	1.897315043331315
0.6743665686809394	0.4132699341813087	1.6317823120059904
0.7669457281864702	0.32362395235677294	2.3698670095375567
0.7318920196800474	0.3363309544239914	2.176106629654423
0.7702396138663505	0.3709122462118903	2.07660874433986
0.6557887648670253	0.3794632658070986	1.728200919454474
0.6394970566627354	0.38222811270513557	1.673076980489047
0.6340739054152277	0.3290080539125025	1.9272291297277953
0.69076545190821	0.36105762445051665	1.9131723169105386
0.7282238793676565	0.35858054472535666	2.030851617801564
0.6902069036314288	0.33190007493413326	2.079562361558378
0.7509113498970234	0.34519901822464344	2.175299784335877
0.6618444614889418	0.33469381267262394	1.9774624938654475
0.6343669764997812	0.3603509928624291	1.7604141214117952
0.5134479622578529	0.3931822641186509	1.3058777292734378
0.709188864086609	0.337755807340464	2.0997088685783387
0.7359636552444375	0.3522242463922434	2.0894747104515194
0.8011068410438424	0.34012072042552205	2.3553602969015963
0.6438623594882497	0.339453280767212	1.8967628123464604
0.746386650328273	0.3897854702985222	1.9148652456353574
0.6711594260420182	0.3888012049666516	1.7262277417570893
0.7427952852031975	0.35261483839761093	2.106534394805066
0.8423272832087155	0.32148023289499755	2.6201526470955305
0.7236675304425555	0.3356097260818558	2.1562769914065356
0.8268224778361386	0.3842474429412942	2.151796955386536
0.844909535219917	0.3478763003175952	2.4287642890549113
0.550138765570584	0.35554413223277165	1.547314990450786
0.756905696153358	0.3309209284617701	2.2872705563583
0.7474939849990593	0.3705675768044339	2.017159707940523
0.6202335722653978	0.39328144686159416	1.5770730534452948
0.6950722019405239	0.3520587320892703	1.974307519133702
0.7551464473271998	0.3366217968555882	2.2433082301297325
0.6719800995597229	0.34514648211684834	1.9469417606065185
0.7233920808200199	0.399504243574191	1.8107243976888583
0.6048658486510927	0.37274197784140567	1.6227467916384002
0.6588996181530657	0.36314826920705884	1.814409358446856
0.5871260749342608	0.3715254843664236	1.5803117138397897
0.5909150200084413	0.3610453199446601	1.6366782433269456
0.652014480964208	0.42275162256923204	1.5423110075879853
0.7262919628357043	0.3526360313381842	2.059607919473145
0.703771284139572	0.3417238916199901	2.059473456196596
0.7921388819211638	0.3050125152549707	2.5970700948418033
0.695177250057003	0.35556825285172355	1.9551161963464176
0.7215395931861123	0.36455477437546335	1.9792350667254792
0.6585342652606215	0.3767968905764822	1.7477168249798822
0.6008194445133588	0.3394525382730709	1.7699659798390799
0.6355703856039447	0.3917763723135355	1.6222784999788165
0.7026565113751637	0.3960223839259607	1.7742848381684673
0.7382921981936	0.34962365150123625	2.111676927528999
0.8590185152353449	0.28273829601009925	3.0382106964550046
0.795297618220278	0.31038958993754306	2.562256093641248
0.7518155466608402	0.34406602991650037	2.185090887476728
0.7548029062737915	0.34689985393939266	2.175852476448907
0.648972339781363	0.3696895475428377	1.7554522276726352
0.5280811644867249	0.3544327946843339	1.4899331337469668
0.5411653100304559	0.37089986793873037	1.4590604009593553
0.655701258062912	0.3661523759599965	1.790787937245421
0.6413990730393561	0.41655600678664095	1.5397667122536038
0.7831330611337156	0.4108136167714496	1.9062977203343303
0.7813174251397701	0.35477365873446937	2.202298298940361
0.8635344615651658	0.27282832242177035	3.1651202994614756
0.7977101045987528	0.3712895963916456	2.148484935616963
0.5900884722899866	0.35182264353356424	1.6772327851424707
0.5718178516859531	0.35436839795269187	1.6136254107012407
0.5743614596028737	0.3921357905443563	1.4647004263639254
0.5786651207440837	0.39527547026589044	1.4639540378127496
0.6039003147655284	0.3966073814876368	1.5226653434950086
0.8515536977516813	0.35492717607035223	2.3992349844264664
0.6226662597560859	0.2843168890321255	2.1900431658343367
0.5588549002471765	0.27628290828836105	2.0227632020721686
0.8161678668462254	0.22772508662718363	3.5840050779403203
0.6184092728934483	0.3042242327798835	2.03274166309062
0.5767822492368001	0.29709167008118104	1.941428546546569
0.7164958700472346	0.22244112042493783	3.221058537551353
0.8585451663758701	0.23634545599617324	3.632585880516235
0.819500577244885	0.24302669258840312	3.372059951590644
0.9121432943505503	0.16796769690577146	5.430468543378644
0.6019766627383756	0.2601913041391942	2.3135925496431535
0.8008406063014706	0.14831635400902823	5.399543507203004
0.4747642283116457	0.29646686601746564	1.601407383864867
0.6577756886128416	0.22677545683573044	2.900559424688163
0.6345779897069679	0.2414092716597261	2.62863967628147
0.6835226424244821	0.2676242009131916	2.5540389848606933
0.6996532123231788	0.26389565851591007	2.651249422813059
0.7008818956852213	0.2620653196651188	2.6744549663452073
0.7446738569333735	0.2636786164595665	2.8241723463668307
0.7460930067049478	0.23199777796252521	3.2159489338965344
0.7075531347856352	0.23242893825693228	3.044169715233521
0.7992083646481006	0.24824633400978982	3.219416584079679
0.6265075393755198	0.2573058853772595	2.4348745014399507
0.546623101328117	0.2933160941053778	1.8635973692317587
0.612016106383637	0.211269728441122	2.8968471294939806
0.6234026559455238	0.23322300738417684	2.672989525937392
0.7028214723155599	0.2417103804079644	2.9077008241405333
0.5266432378476635	0.2919536753655198	1.8038589073705524
0.6430963508041987	0.2770715301380196	2.3210481079880294
0.6423417079814356	0.26031883904258285	2.4675191021283007
0.6820466313832065	0.2766257572538481	2.465593363951718
0.49026243755996973	0.2813882214647152	1.742299073529083
0.6418730087845477	0.25337296090709865	2.533312972649421
0.5917828102321936	0.29639708027732586	1.9965878532895402
0.6287341160788984	0.265494605803589	2.368161545790619
0.8621455392929617	0.1718452816070123	5.016986973576475
0.6737927102320433	0.2639464852940112	2.552762577919924
0.44372486173380105	0.2690697781081677	1.6491070266368635
0.677984459577762	0.220075817652155	3.0806858600401212
0.5414650623619558	0.28173608610372236	1.9218875006399183
0.5089088284561856	0.28181341366073365	1.8058360737535546
0.6682421531153573	0.22498351953189544	2.9701826805168365
0.6565903603941381	0.2635972344549982	2.49088485981909
0.6131878255335067	0.29397834370023895	2.0858265197886694
0.5550444355446285	0.26719063060165127	2.077334951060212
0.8285986325383401	0.23236955121776937	3.5658657866142014
0.5252672947218948	0.2776780594870834	1.8916413334641888
0.6663525931256112	0.25775379924864117	2.58522898621881
0.6278335915935015	0.23011566688796073	2.728339187349563
0.6657890273210694	0.24927454319472914	2.670906618815729
0.7028431255930261	0.2692538516394418	2.6103363844696426
0.722389363077846	0.2575438781949069	2.8049176246819902
0.7249879985509434	0.236074370479648	3.0710152782698823
0.8029136084514963	0.24374030915697828	3.2941355134426638
0.5904771653314537	0.30404843517170593	1.9420496770456728
0.4953344364824984	0.2566052257621888	1.9303365120925249
0.600119815264305	0.22462428541265014	2.671660431381424
0.685529305705477	0.21398214520060088	3.203675264881642
0.7829797911036387	0.2311292699307972	3.3876271548734267
0.8729776917961006	0.2219019571894264	3.934069364926259
0.8387824599828543	0.2279443099618236	3.679769238913376
0.6161519249029384	0.19856709601969094	3.102991065759644
0.5839238599352378	0.2636331181407416	2.2149108733126153
0.6861511301210698	0.2243135558739331	3.058892840639087
0.8750852604031566	0.1895042106656822	4.6177615649235175
0.6403879761340019	0.22764330689232778	2.813120160993342
0.5468024656519004	0.2537843027178651	2.154595299220641
0.6150515940398951	0.2877042824287872	2.1377908901725617
0.8392392330914535	0.22912563349331927	3.6627906720699746
0.7498027345445731	0.2274484240458135	3.296583555986939
0.622743548352377	0.29734482608623086	2.0943480219554234
0.6211772689353058	0.27061873766943856	2.295396373085131
0.8927615599353768	0.2158284052921146	4.136441441649267
0.6309030665248013	0.27217021758349474	2.318045935100363
0.8703675242766579	0.20461322658479342	4.253720733522426
0.6219324435398065	0.22792194744799693	2.728708009489554
0.6192962761587903	0.30144077388508905	2.0544542404700357
0.7817053620554667	0.2107064905341775	3.709925404166279
0.7223562086468739	0.2225389277187233	3.245976854709624
0.7628761930662955	0.2459529554363616	3.1017159021847323
0.6335133561499837	0.2680007773898366	2.363848949693414
0.6045511897376883	0.27799234111281984	2.1747044804099063
0.6058711334087891	0.22735591821050158	2.664857542207599
0.6556298486327963	0.25151082926103735	2.60676588184731
0.7085487734203987	0.2207532144375387	3.209687230266266
0.6957767869468796	0.23809976870490904	2.9222068997857638
0.7683948346574686	0.22210841199087406	3.4595485500523964
0.6087281369033724	0.21802698075532334	2.7919853533471897
0.6058461226405804	0.2426537544910494	2.496751488190667
0.422028328607326	0.2776116225524751	1.5202113107766326
0.7264840966010544	0.22259864338767435	3.2636501532303632
0.7445728674025152	0.24460651294461064	3.0439617426340493
0.7953308016866977	0.23204113275530897	3.4275423164969054
0.6028543879647141	0.2315943843539795	2.603061337805513
0.795130862955818	0.2768962341088566	2.871584243515667
0.6342675327759546	0.28185255909468576	2.2503522224997017
0.7721682248735421	0.2338142558732056	3.302485650371459
0.8655544772134689	0.21454647039136215	4.034344986587656
0.7523414597208605	0.21799714788558033	3.4511527651533327
0.8357825504756653	0.2656837082322352	3.1457802062334377
0.8339765575160818	0.2194318752827036	3.8006171912883375
0.5181907949780827	0.2503345408913947	2.069993190443883
0.7298464255683488	0.23278401009787986	3.1352944957923294
0.7365031373991208	0.2658690648864529	2.7701723692963895
0.558804061248259	0.28204607808488324	1.9812509538958523
0.7341653350014097	0.23469548612665173	3.1281612915436416
0.7697691665951638	0.21355830137815304	3.6044918957850025
0.6611635776796657	0.2378081210740637	2.7802396936383467
0.704555974593984	0.29089715560717166	2.422010531946962
0.5491679397176961	0.25850197967180166	2.124424503111847
0.6118133568315006	0.2548590820488948	2.40059468123692
0.5375316611675428	0.2737683356867438	1.9634544653206611
0.5654890990418444	0.25649495480061857	2.204679228413738
0.5978465034894104	0.31193459270277063	1.9165764794130198
0.7359621355773743	0.23600532149617767	3.118413309122328
0.7663585380280133	0.2301976496759651	3.329132765285695
0.7965692782014682	0.1968332497974249	4.046924384072683
0.6886740965744128	0.24930944288533244	2.7623265633430583
0.6928998849308957	0.25413527593784446	2.7265002167600016
0.6318053780961577	0.26484201955572645	2.385593415863592
0.5785408470798563	0.24507724012938603	2.360646981230985
0.5883849039933471	0.28862135064753264	2.038604914963096
0.6893951812945703	0.28182717340639735	2.446162919501223
0.7708142540161351	0.21760406789749095	3.5422786966429816
0.9041698353984152	0.19568258670292998	4.620594252318707
0.806671353098678	0.20932459380669985	3.8536864609592705
0.815821323854715	0.22493492258708042	3.626921575678766
0.7677353663134884	0.24273334651754186	3.1628755477072685
0.6123506268951878	0.26365203897622025	2.3225711785616725
0.4983095046367185	0.2558819079282017	1.9474198417206579
0.5193537817022214	0.27236263141732026	1.9068466881804194
0.6504522219865436	0.27100014374002196	2.400191427981458
0.6117229597726836	0.2982334016721135	2.0511550897482294
0.807996624887109	0.305034079524004	2.64887328703718
0.7783982153967344	0.22997172046744302	3.3847562379172262
0.8939399299119642	0.18143900235940616	4.926944693738946
0.8434747272162866	0.21273444167726183	3.9649185179704807
0.5533445908253875	0.24029014283829994	2.302818518850993
0.5686127037294064	0.2602618690967948	2.1847714600018184
0.5177973108591314	0.2913425132562084	1.7772803051361654
0.5388624878053656	0.2838067633237503	1.8986950187323848
0.5376812852021212	0.2745986209726913	1.958062583481049
0.8592037647555223	0.242035006886162	3.549915261471402
