1.0	0.999990397723597	1.0000096023686076
1.0	0.9999945461442663	1.0000054538854783
1.0	0.9999905350952194	1.0000094649943658
1.0	0.9999905350952194	1.0000094649943658
1.0	0.9999905350952194	1.0000094649943658
0.9997357878090597	0.9998611882448749	0.9998745821547136
1.0	0.9999899605941704	1.0000100395066203
1.0	0.9999902563056824	1.000009743789258
1.0	0.9999902563056824	1.000009743789258
1.0	0.9999910345448308	1.0000089655355493
1.0	0.9999901106600274	1.0000098894377727
1.0	0.999990397723597	1.0000096023686076
1.0	0.999990397723597	1.0000096023686076
1.0	0.999990397723597	1.0000096023686076
1.0	0.9999905350952194	1.0000094649943658
1.0	0.9999905350952194	1.0000094649943658
1.0	0.9999901106600274	1.0000098894377727
1.0	0.9999902563056824	1.000009743789258
1.0	0.9999905350952194	1.0000094649943658
1.0	0.9999898059037879	1.0000101942001327
0.9989410185026011	0.999468920132245	0.9994718178634568
1.0	0.9999901106600274	1.0000098894377727
1.0	0.9999905350952194	1.0000094649943658
1.0	0.9999902563056824	1.000009743789258
1.0	0.999990397723597	1.0000096023686076
1.0	0.9999902563056824	1.000009743789258
1.0	0.9999902563056824	1.000009743789258
1.0	0.9999902563056824	1.000009743789258
1.0	0.9999905350952194	1.0000094649943658
1.0	0.999990397723597	1.0000096023686076
1.0	0.9999905350952194	1.0000094649943658
1.0	0.999990397723597	1.0000096023686076
1.0	0.9999905350952194	1.0000094649943658
1.0	0.9999905350952194	1.0000094649943658
1.0	0.9999905350952194	1.0000094649943658
1.0	0.9999905350952194	1.0000094649943658
1.0	0.9999905350952194	1.0000094649943658
1.0	0.9999905350952194	1.0000094649943658
1.0	0.9999905350952194	1.0000094649943658
1.0	0.999990397723597	1.0000096023686076
1.0	0.999990397723597	1.0000096023686076
1.0	0.999990397723597	1.0000096023686076
1.0	0.9999944621095092	1.0000055379211592
1.0	0.9999944621095092	1.0000055379211592
1.0	0.9999902563056824	1.000009743789258
1.0	0.9999902563056824	1.000009743789258
1.0	0.9999902563056824	1.000009743789258
1.0	0.9999905350952194	1.0000094649943658
1.0	0.9999905350952194	1.0000094649943658
1.0	0.9999899605941704	1.0000100395066203
1.0	0.9999902563056824	1.000009743789258
1.0	0.9999901106600274	1.0000098894377727
1.0	0.9999902563056824	1.000009743789258
1.0	0.9999902563056824	1.000009743789258
1.0	0.9999905350952194	1.0000094649943658
1.0	0.999990397723597	1.0000096023686076
1.0	0.999990397723597	1.0000096023686076
1.0	0.9999898059037879	1.0000101942001327
1.0	0.9999898059037879	1.0000101942001327
1.0	0.9999905350952194	1.0000094649943658
1.0	0.9999909005320481	1.000009099550753
1.0	0.999990397723597	1.0000096023686076
1.0	0.9999909005320481	1.000009099550753
1.0	0.9999905350952194	1.0000094649943658
1.0	0.9999901106600274	1.0000098894377727
1.0	0.9999901106600274	1.0000098894377727
1.0	0.9999909005320481	1.000009099550753
1.0	0.9999902563056824	1.000009743789258
1.0	0.999990397723597	1.0000096023686076
1.0	0.9999905350952194	1.0000094649943658
1.0	0.9999905486165118	1.0000094514728177
0.6319039659980267	0.7197902074637453	0.8779001984822844
0.7686530681074448	0.7783369423880488	0.9875582491936044
0.9511416968112288	0.8267416096647636	1.150470335219862
0.8951408428570085	0.818580299258781	1.0935284463449126
0.7304186936263359	0.7599471075796881	0.9611441195593263
0.8400391372276225	0.7966677513597616	1.0544409960034582
0.8527239288538802	0.7865930876315531	1.084072492197266
0.6203660172327005	0.529299831346658	1.1720502832097066
0.7441222807953857	0.7520096540728298	0.9895116063540851
0.9102017698329499	0.8203858550403528	1.1094800870112262
0.8859949589646867	0.8068204752898887	1.098131475464044
0.7615094553998637	0.7661074940612342	0.9939981808075056
0.8395866433688599	0.8085694153457541	1.0383606248695945
0.9350823482455536	0.8396298322193707	1.1136840454726054
0.7068680069387276	0.7117393396545482	0.9931557349096582
0.8466013275060383	0.7833663010408067	1.0807221683919968
0.9333377024746936	0.8226664469323355	1.134527494047002
0.78724602950005	0.7930266124153871	0.9927107327486392
0.7878991945238961	0.7269363987395783	1.0838626266204583
0.7033019501801016	0.7675951193724859	0.9162407790646917
0.8868965600552676	0.8196729099617478	1.0820127751893827
0.63884358592625	0.7042780539110418	0.90709000852516
0.7226827286049335	0.750968197520115	0.962334664758658
0.8864827089328144	0.8154912519596782	1.0870536094685739
0.8561223309778027	0.8143301445385996	1.0513209374840011
0.8648242460641568	0.808797225839409	1.0692720232399415
0.7068340866274583	0.7289055634638025	0.9697197031513118
0.8091806598008329	0.7900148889290537	1.0242600122356686
0.8920029278767662	0.8184428611590479	1.0898780723843633
0.8940635821415603	0.8241601895061245	1.0848177253955027
0.7452894242336141	0.7615172540965628	0.9786901350223498
0.8842397192011845	0.8292262694916166	1.0663431101179364
0.8331927905407008	0.7903178549151254	1.0542502429357108
0.7851049702756252	0.7833403045367144	1.0022527447249818
0.8993492528296098	0.8110301767207195	1.1088973982028576
0.5853230985526658	0.7187304204976233	0.8143847565926166
0.8563860161897885	0.8143564061890787	1.0516108299526918
0.8486198553084275	0.7925435845889147	1.070754809968715
0.8024912449093199	0.7751871596110037	1.0352225716845176
0.931231143595501	0.8367918999126022	1.1128586972373447
0.8358913399141727	0.7945899892915573	1.0519781914940043
0.6708106588803407	0.7159077901223816	0.93700706730076
0.8820627326737128	0.7926297101649751	1.1128307725055164
0.8860244863079868	0.8037277573367807	1.1023937872245488
0.7908108492410562	0.7888520467819785	1.0024831049967713
0.8929698387556547	0.8265069888450912	1.0804141414501944
0.8963778667412352	0.8198653595466805	1.0933232588785797
0.8969921404924787	0.821845415839492	1.0914365684892535
0.8459398992365352	0.8172794476030314	1.0350681174200098
0.8347959606438635	0.7960284989153903	1.0487010977387052
0.8599146685017144	0.7851013097913436	1.0952913436486993
0.8397200708266104	0.798638605716649	1.051439367964309
0.8438660264245256	0.7955993519951664	1.0606670610129563
0.8581330481532177	0.7992757454779655	1.0736382944287337
0.8364744802847727	0.7450504942145694	1.1227084429580605
0.6999201028178176	0.7012848125175672	0.9980539865181873
0.7544674023625063	0.7952527122139533	0.9487140260887608
0.7723623684498877	0.7385879942249213	1.0457283011490182
0.8441610480266131	0.7932669551819893	1.0641575859326546
0.7231929956750075	0.7260479764529761	0.996067779443562
0.7168047268238251	0.7392399160012773	0.9696510041032289
0.6470938424694873	0.7126236367192815	0.9080443155780309
0.8654359227315335	0.7777459246565712	1.1127489007591824
0.8737043211359657	0.8121153686683378	1.0758376886385221
0.6941375082526995	0.6916504209539864	1.0035958733246813
0.7747121647264545	0.7489462230785031	1.0344029262101648
0.5918851473413252	0.7245560609744316	0.8168935148307481
0.8381292149957436	0.7929028479845205	1.057038976623913
0.8822235611026479	0.7678894132494297	1.1488940280728672
0.8498966930438095	0.817216056929449	1.0399902031259058
0.7134864463454009	0.7484856731948645	0.9532399508729786
0.6977775709474406	0.7478646911663962	0.9330264942167039
0.7857011269224097	0.7917452350094463	0.9923660947742053
0.9428989232107657	0.8185003468103936	1.1519835353584635
0.8856769355018359	0.8162635484716987	1.0850379600560394
0.7347910500012023	0.7636571063904236	0.9622002386311017
0.8398768423864448	0.801136828214469	1.048356301704813
0.8658072502922357	0.8097675323131217	1.0692046985621109
0.7118919142331513	0.5861422184753089	1.214537857527046
0.7885506892509081	0.7758181914792204	1.01641170304013
0.9018860592364902	0.8162612554307022	1.1048987725879602
0.8833415149773244	0.8112858756597014	1.0888165830066134
0.7827807715819337	0.7833443439181758	0.9992805560662849
0.8560576046740868	0.819570227207775	1.044520135377077
0.9277768805370868	0.8408585246870034	1.1033685849619441
0.7322571018872397	0.7330593385145576	0.9989056320748283
0.849273462038602	0.7911516205701442	1.073464858008598
0.9243584134178181	0.8183703730960589	1.129511091562107
0.7950932532227923	0.8056320404383402	0.986918609630007
0.7817780002833554	0.7316281119319576	1.0685456006043434
0.7188819767844059	0.7766234181628863	0.9256506563823834
0.8776865257029197	0.8207123792256411	1.0694203571426995
0.6655506527053207	0.723774387379276	0.9195554088549908
0.7337495582118602	0.7628855708681711	0.9618081482087099
0.874562173286228	0.8116493580363242	1.0775123082732583
0.8445405133838463	0.8132073708145242	1.0385303228842333
0.8615061835447093	0.8106644254520072	1.0627161578779702
0.7564587293177952	0.7402280591468539	1.0219265805590347
0.7979328512321505	0.7923806233274173	1.0070070212992057
0.8945544211772203	0.8244522105497103	1.0850288345770445
0.897708633020732	0.831724405760282	1.0793342443764575
0.7429586761023499	0.7742854613170586	0.9595410390872872
0.8789274959468959	0.8310291856505834	1.0576373382829083
0.8346687194226865	0.8014835691166148	1.0414046545491231
0.8191635502273439	0.8040268316339396	1.0188261361410582
0.8889630314132847	0.8128859359256411	1.0935888937492981
0.6124264939970375	0.7381825439324179	0.8296409865431692
0.8628242025722332	0.8217195496915756	1.0500227272140306
0.8470086258581075	0.794656683797867	1.065879949326088
0.8222135202742629	0.7978409025705759	1.0305482178529082
0.9240735138045784	0.8348744731112503	1.106841260053045
0.825544233836813	0.8011482737554668	1.0304512421489564
0.7536253643550032	0.732319815623267	1.0290932298665212
0.8764449903229449	0.7836032294153775	1.1184805746357551
0.8724231185176247	0.8058728181266179	1.0825816417852556
0.8143593398983947	0.805092337357947	1.0115104840903826
0.8831779522752865	0.8234874451933732	1.0724850238219437
0.8908894280231431	0.8190307346808607	1.087736259824587
0.892990958734558	0.8232507003897204	1.0847132693744725
0.8430479252643309	0.8206704951708947	1.027267253087704
0.8653737089477553	0.8135965855425723	1.0636397992878177
0.8666549302544463	0.7940824700073619	1.0913915909092058
0.8454791474307	0.805078452635462	1.0501823079017758
0.8167947160007981	0.7922652931513976	1.030961122570231
0.8370666683269998	0.7876589416099841	1.0627273101426689
0.8334628022434576	0.7646911726393808	1.0899338609686144
0.7291301145727199	0.7178908723632859	1.0156559201991726
0.767065514956513	0.8058864483210836	0.9518282836925142
0.7883038144164027	0.7542810215848004	1.045106255968257
0.8454342401747413	0.8089923983810906	1.0450459631840499
0.7376239940402968	0.7360657739277348	1.0021169577064386
0.7553336642825735	0.7625294546999059	0.9905632623461552
0.6298823516074914	0.7252003099670347	0.8685632685900587
0.8657436888843436	0.7838439684653753	1.1044847236361506
0.8685957237191169	0.8116644826702112	1.0701413481363795
0.7701064476821358	0.7303226910208054	1.0544742168776418
0.7735451380987074	0.7707028388260547	1.003687931495078
0.652506042261312	0.7500017170814479	0.8700060645200521
0.8391756339342122	0.8023407153775522	1.0459093223747555
0.8730698839942727	0.7831800000722235	1.1147755099897336
0.8498469667762518	0.8237376099321133	1.0316962058419188
0.6980281432975637	0.7450995737239017	0.9368253155869065
0.6960658833304368	0.7487949644225651	0.9295814160118046
0.7812758770392912	0.7900169618078469	0.9889355732963596
0.9429055049918672	0.8193243369777092	1.1508330247701652
0.8856714932627133	0.8170853083263635	1.0839400540401771
0.724223390346927	0.7604784574029015	0.9523259775434156
0.8401329307304621	0.8011536925216143	1.0486538832345158
0.868096310803562	0.8119441503451881	1.069157663657656
0.7060459871221704	0.5791849941641102	1.2190336321491688
0.7884291498726408	0.7763674080118618	1.0155361259840454
0.9030849480763672	0.8164511413399559	1.106110215724885
0.8833262071678217	0.8116556436271667	1.0883016881646632
0.7832351172062052	0.7830639415179546	1.0002185973318076
0.8560503884955578	0.8198808846399203	1.044115559385828
0.9283061280383356	0.8407371229816625	1.1041574145627242
0.7323250867945917	0.7324822298769369	0.999785464990227
0.8494660096435418	0.7908874270072748	1.0740669033745156
0.9246313795068559	0.8190752281564135	1.1288723522844535
0.7948991403745744	0.805707895776245	0.9865847716544256
0.781777963717208	0.7303436861665576	1.0704247582677404
0.7215694857281274	0.7760651023687214	0.9297795810245024
0.8803357452870038	0.8217330324306387	1.0713159998972193
0.6651879395981409	0.7229498816145487	0.9201024255133576
0.7282548479488866	0.7620768797490304	0.955618609225775
0.8756136811490204	0.8122261254114412	1.0780417592520428
0.8472337713664974	0.8138855269178742	1.0409741214773907
0.8619717348722715	0.8098898584191507	1.064307357243343
0.7540702867941085	0.7377850556287414	1.0220731377535002
0.798335987837506	0.792512272730714	1.0073484226139813
0.894742730439269	0.8243813235725322	1.0853505590857142
0.8977086162291462	0.8318043315801887	1.0792305138923217
0.7429331190741746	0.774184239555028	0.9596334840156195
0.8793255707722879	0.831189312748154	1.0579125083610392
0.8332072246609019	0.8014439176854942	1.039632600952463
0.8245749905608488	0.8049834802242837	1.0243377793679773
0.88896301861881	0.813496205018732	1.0927684888196132
0.6124264333654559	0.737803353577998	0.8300672942125795
0.8622413440054393	0.8217016527164205	1.04933626597318
0.8454762386260914	0.793595396543675	1.0653744241818586
0.821488590751001	0.7973698203466777	1.0302479098015487
0.9243507774075086	0.8356573886830726	1.106136067155715
0.8296026941161228	0.8021062344846234	1.0342803215451464
0.7534923238068424	0.7313982993388641	1.0302079243114863
0.8820228565123588	0.7825000941182537	1.1271856235445576
0.8764168141480824	0.8054053963697148	1.0881685398414818
0.8157898070015074	0.8058562085396885	1.0123267629591386
0.8845532906357205	0.8245731643678288	1.0727408177464475
0.8931806365550752	0.8195603745984663	1.0898289671370194
0.8952095784834426	0.8233359886121545	1.0872955766119745
0.8432693758328333	0.8212034766656384	1.0268701969660308
0.8653736912841699	0.8137108136270031	1.0634904646613783
0.8620351968304253	0.7943317935830881	1.0852331529397046
0.844844175741159	0.8044887833526511	1.0501627781811074
0.8167876399197308	0.7926242513887937	1.0304853005552117
0.8373536561195979	0.7888174909458264	1.0615302851811443
0.8323408523333782	0.7641082947702684	1.0892969727329345
0.7260380082102155	0.7160108693141669	1.014004171341216
0.7688418849188576	0.8068467857492124	0.9528970041132845
0.7882873909718197	0.7537408354608739	1.0458334667377047
0.8450361147708091	0.8088841352069378	1.0446936439847747
0.7277351467547841	0.731663579619821	0.9946308208110097
0.7537332511266185	0.7625242861058307	0.9884711409991838
0.6232320361000218	0.7217887523592033	0.8634549015386512
0.8708131117633782	0.7818953178725111	1.1137208419827949
0.8678595763263364	0.8105222686769237	1.0707411873371582
0.7707153140103814	0.7293006937829394	1.0567867555597967
0.7735450899545223	0.7702155805379464	1.0043228279207888
0.6405790182750615	0.749398931048435	0.8547904083328078
0.8419125772805931	0.8015447241018947	1.0503625711265572
0.8730698594272073	0.7826089615304509	1.1155888858209
0.8507299265848605	0.8238677690086176	1.0326049380576774
0.6965547182520525	0.7444897545193947	0.9356135716088039
0.6960658833304368	0.7487949644225651	0.9295814160118046
0.7812758770392912	0.7900169618078469	0.9889355732963596
0.9429055049918672	0.8193243369777092	1.1508330247701652
0.8856714932627133	0.8170853083263635	1.0839400540401771
0.724223390346927	0.7604784574029015	0.9523259775434156
0.8401329307304621	0.8011536925216143	1.0486538832345158
0.868096310803562	0.8119441503451881	1.069157663657656
0.7060459871221704	0.5791849941641102	1.2190336321491688
0.7884291498726408	0.7763674080118618	1.0155361259840454
0.9030849480763672	0.8164511413399559	1.106110215724885
0.8833262071678217	0.8116556436271667	1.0883016881646632
0.7832351172062052	0.7830639415179546	1.0002185973318076
0.8560503884955578	0.8198808846399203	1.044115559385828
0.9283061280383356	0.8407371229816625	1.1041574145627242
0.7323250867945917	0.7324822298769369	0.999785464990227
0.8494660096435418	0.7908874270072748	1.0740669033745156
0.9246313795068559	0.8190752281564135	1.1288723522844535
0.7948991403745744	0.805707895776245	0.9865847716544256
0.781777963717208	0.7303436861665576	1.0704247582677404
0.7215694857281274	0.7760651023687214	0.9297795810245024
0.8803357452870038	0.8217330324306387	1.0713159998972193
0.6651879395981409	0.7229498816145487	0.9201024255133576
0.7282548479488866	0.7620768797490304	0.955618609225775
0.8756136811490204	0.8122261254114412	1.0780417592520428
0.8472337713664974	0.8138855269178742	1.0409741214773907
0.8619717348722715	0.8098898584191507	1.064307357243343
0.7540702867941085	0.7377850556287414	1.0220731377535002
0.798335987837506	0.792512272730714	1.0073484226139813
0.894742730439269	0.8243813235725322	1.0853505590857142
0.8977086162291462	0.8318043315801887	1.0792305138923217
0.7429331190741746	0.774184239555028	0.9596334840156195
0.8793255707722879	0.831189312748154	1.0579125083610392
0.8332072246609019	0.8014439176854942	1.039632600952463
0.8245749905608488	0.8049834802242837	1.0243377793679773
0.88896301861881	0.813496205018732	1.0927684888196132
0.6124264333654559	0.737803353577998	0.8300672942125795
0.8622413440054393	0.8217016527164205	1.04933626597318
0.8454762386260914	0.793595396543675	1.0653744241818586
0.821488590751001	0.7973698203466777	1.0302479098015487
0.9243507774075086	0.8356573886830726	1.106136067155715
0.8296026941161228	0.8021062344846234	1.0342803215451464
0.7534923238068424	0.7313982993388641	1.0302079243114863
0.8820228565123588	0.7825000941182537	1.1271856235445576
0.8764168141480824	0.8054053963697148	1.0881685398414818
0.8157898070015074	0.8058562085396885	1.0123267629591386
0.8845532906357205	0.8245731643678288	1.0727408177464475
0.8931806365550752	0.8195603745984663	1.0898289671370194
0.8952095784834426	0.8233359886121545	1.0872955766119745
0.8432693758328333	0.8212034766656384	1.0268701969660308
0.8653736912841699	0.8137108136270031	1.0634904646613783
0.8620351968304253	0.7943317935830881	1.0852331529397046
0.844844175741159	0.8044887833526511	1.0501627781811074
0.8167876399197308	0.7926242513887937	1.0304853005552117
0.8373536561195979	0.7888174909458264	1.0615302851811443
0.8323408523333782	0.7641082947702684	1.0892969727329345
0.7260380082102155	0.7160108693141669	1.014004171341216
0.7688418849188576	0.8068467857492124	0.9528970041132845
0.7882873909718197	0.7537408354608739	1.0458334667377047
0.8450361147708091	0.8088841352069378	1.0446936439847747
0.7277351467547841	0.731663579619821	0.9946308208110097
0.7537332511266185	0.7625242861058307	0.9884711409991838
0.6232320361000218	0.7217887523592033	0.8634549015386512
0.8708131117633782	0.7818953178725111	1.1137208419827949
0.8678595763263364	0.8105222686769237	1.0707411873371582
0.7707153140103814	0.7293006937829394	1.0567867555597967
0.7735450899545223	0.7702155805379464	1.0043228279207888
0.6405790182750615	0.749398931048435	0.8547904083328078
0.8419125772805931	0.8015447241018947	1.0503625711265572
0.8730698594272073	0.7826089615304509	1.1155888858209
0.8507299265848605	0.8238677690086176	1.0326049380576774
0.6965547182520525	0.7444897545193947	0.9356135716088039
0.7179093965575134	0.7821200643632075	0.9179017765539954
0.7889595424673369	0.8080854387624394	0.9763318389644623
0.9380483439832248	0.8329783944513863	1.1261376648322785
0.8866266089526611	0.8349655228502894	1.0618721188942248
0.8078646880215942	0.8131895444412435	0.9934518877473909
0.8959318623848881	0.8400414823142658	1.0665328811104036
0.8910592829668267	0.8254101535047519	1.0795351610145862
0.790477733207691	0.670106484962411	1.1796300303705196
0.8281837360662088	0.8151657831147657	1.0159696999323269
0.9038743986825933	0.8329687606914752	1.0851240062499548
0.8848015500030725	0.8379918225897929	1.0558594083515223
0.856133019724009	0.8304196286085651	1.030964334451642
0.8893070239330286	0.8502109263374623	1.0459839980697312
0.9206978960664052	0.8577920171231146	1.0733346518591604
0.7822213234623326	0.7829295135970671	0.9990954611846464
0.8834265320081471	0.825120139519942	1.070664124768701
0.9315194437667624	0.8317421919758917	1.1199617534777684
0.8174547734584391	0.8427765261492655	0.9699543687974745
0.8636238736056999	0.8012154550188492	1.0778921801818995
0.7515828794781291	0.8143735668165909	0.922896948161134
0.8784888374075117	0.8397363978598293	1.046148338510094
0.7546845612081912	0.7893588906338398	0.9560727954836794
0.7609968600131984	0.7969277915348728	0.9549131905006452
0.9047254856621046	0.8380909004967204	1.0795075869764141
0.8548687114970613	0.8434566818745898	1.013530071985568
0.8649106811092514	0.8311198551132479	1.0406569832114037
0.8411832347352963	0.7887653027973773	1.0664556766784967
0.8234499338980773	0.8216061334659527	1.0022441415138255
0.9172926486000308	0.8493901409994636	1.0799426604135849
0.8988640018108432	0.8497723658725239	1.0577703369865568
0.8264533553428515	0.8170205236100428	1.0115454036468132
0.8962096045203514	0.8534087731853239	1.050152790409307
0.8667852738468541	0.8256114498039879	1.049870703770692
0.8326035497674819	0.8240687588716837	1.0103568917082646
0.9155540357687716	0.8419439622557131	1.0874287088131667
0.6888891998795971	0.7867554603511023	0.8756077772528825
0.8622600692208161	0.8362171585592748	1.0311437171492759
0.8515162255138183	0.8142246427246497	1.0458001156344021
0.876413750389152	0.8323000916042224	1.053002107328743
0.933555830970476	0.8599010348066858	1.0856549686329293
0.8692980223102822	0.8287773609349908	1.0488920948921405
0.8201332298713515	0.7922719532567232	1.0351663043227788
0.8656129058947443	0.7898515385093224	1.0959184906171169
0.8921534748302443	0.8184611839201243	1.0900376124829296
0.8334103487372273	0.8313235445712297	1.002510219011148
0.918551061118783	0.855623350299733	1.0735460419552667
0.9002317252838169	0.8427226854240274	1.068241950590013
0.9056514275451406	0.8506424482011402	1.0646675691535594
0.8592971074603026	0.8430217058731839	1.0193060291018972
0.8521212647274841	0.8341578407698668	1.0215348020238453
0.8954971945978795	0.8250539139119482	1.0853802151570051
0.8544529281214456	0.8380295967883852	1.019597555260578
0.8532727510821454	0.8206576255488506	1.039742670412015
0.8607060798318443	0.8071773915839225	1.066315891408805
0.9237306031357067	0.8084885090720862	1.1425401756122489
0.821022595632104	0.7860349124706382	1.04451161469596
0.7717455494805003	0.8290174822509423	0.9309158926118932
0.8839248710260751	0.7988597022203178	1.106483239258822
0.8830082061624346	0.8314469861491228	1.062013839573969
0.8139045418968798	0.7920843011438529	1.027547876812501
0.8067669319944598	0.8042715499870075	1.0031026610446343
0.6967365309024897	0.7697602130467297	0.9051345069457273
0.8751391231455239	0.8001580571268169	1.0937078185376858
0.8851292845984621	0.8372966731190962	1.057127435250853
0.8099985481782419	0.7820331033973843	1.035759924559929
0.8539001155290943	0.811838140648849	1.0518107893361945
0.7139315812535767	0.7994155189783779	0.8930669524228821
0.8301111435854807	0.8072875434758368	1.028271958726596
0.9200921435107585	0.8198794372212892	1.1222285884240581
0.8851976997908513	0.8561022962275483	1.033985895951352
0.788474124615411	0.8028950085597424	0.9820388920212619
0.6265881331845007	0.6899220407233074	0.9082013563845444
0.702291724807552	0.709040649664572	0.9904816108072043
0.8416295492047375	0.7514446983394563	1.1200152866399509
0.798574787188791	0.7411098473287281	1.0775390315851163
0.5702083762490912	0.6575228077500926	0.8672069919524564
0.7149377979094464	0.7022585868265182	1.0180549035935966
0.7949136881476316	0.724145657048567	1.0977262383751594
0.696539708111493	0.6575657043497305	1.0592701284509722
0.723889215743204	0.6992932971523964	1.0351725358886823
0.7519719456785892	0.7249255531163794	1.0373092001598512
0.7762475143461706	0.7384905505036871	1.051127213228025
0.6425186702312274	0.6833884455501263	0.9401953960664365
0.7707266410833323	0.7316510884745407	1.0534073593606788
0.8038111533982736	0.7430015887084985	1.0818431152959922
0.676013066036727	0.6848213820502224	0.9871377906058876
0.749849182375047	0.7203908008002139	1.0408922234183315
0.8021227904061036	0.7363499041062403	1.0893228693764772
0.6832402411155991	0.7024564215136172	0.972644309583487
0.7386552839880326	0.6698927721018351	1.1026470425564532
0.6654647699312575	0.6853409654175195	0.9709980922063324
0.7365194908559252	0.7123105925581753	1.0339864359040438
0.7266667741728421	0.7079700964163492	1.0264088523669757
0.664940229032956	0.6848309973710164	0.9709552160833569
0.765127971481231	0.7317788685898116	1.0455726508688143
0.7564979454138736	0.7277285214230796	1.039533181871909
0.7563639317861016	0.7278091411046299	1.039233899478279
0.6940047404037597	0.7098077300979488	0.9777362389502177
0.753502103840333	0.7136049583688464	1.0559092884705892
0.8050097187247797	0.7122278133541448	1.1302699833269505
0.8042813412337894	0.7465225025386094	1.0773705260039268
0.6696190076398321	0.691655737022053	0.9681391649014569
0.7527092373807922	0.7395755942791831	1.0177583511451722
0.7627461844933172	0.7281429977792053	1.0475225152472105
0.7427092298551643	0.7201290885610392	1.0313556856024866
0.8077074162179566	0.7440363504349241	1.0855752084502508
0.5579637275559299	0.6823834957538911	0.8176688490091581
0.6833415466190073	0.7078748277031226	0.9653423456747011
0.7778310368248669	0.7348971305494071	1.0584216545292027
0.7450576793751411	0.7159306574230321	1.0406841384009882
0.8294565154250142	0.7595543369611856	1.092030517189188
0.7466028370025376	0.7197962512632935	1.0372419079596435
0.7000935526253508	0.7004222058322933	0.9995307784302012
0.7720877863890773	0.6968694911258391	1.1079374204511638
0.8032907087716674	0.7164557214566137	1.1212007730757052
0.7002194282884172	0.7189657227277152	0.9739260247787953
0.8068992707276085	0.7327402448938115	1.101207796829208
0.7620665121236762	0.7249076216309553	1.0512601735502762
0.7796513028035139	0.730528535988451	1.0672427761478156
0.713211214915442	0.7151951338831178	0.997226045209642
0.7748200981997445	0.7356430125368969	1.0532555668920769
0.7939654108887051	0.716492413330912	1.1081281477882339
0.7669364866144547	0.7381938891816806	1.0389363795257591
0.7604228211116728	0.7114502482153342	1.0688348524990832
0.7781139753864689	0.7211388782851269	1.0790071078081784
0.7581365999118067	0.704028750983188	1.0768546012546452
0.6619473679405696	0.6706623533215099	0.9870054054208074
0.6562800178269448	0.7107505730600358	0.9233619256913494
0.7268783446237075	0.7081024457023909	1.0265157944804049
0.7640639623864112	0.7313231267731252	1.044769315251592
0.6178447659159854	0.6354663837782667	0.9722697874944868
0.6042330396899852	0.6558306151147126	0.9213248448066085
0.6364700970715775	0.6679420437392843	0.9528822194040668
0.7581852315749122	0.7094726671368445	1.0686602411825852
0.7456810124455008	0.7049903930130459	1.057717977203275
0.6350553871676485	0.6831999067654637	0.9295308457728716
0.751610161020787	0.7003736824512219	1.0731559164105706
0.6747181161646025	0.7075218323532471	0.9536357541370306
0.6655543030728672	0.6751198147879597	0.9858313865101164
0.7541617790774474	0.7089006282251987	1.0638469611256578
0.7529037536921774	0.7313837547064069	1.0294236764862368
0.6565340356597029	0.6901576895097854	0.9512812008601033
0.31198719666150504	0.46750705534901127	0.6673422210250818
0.5122169181753563	0.5209983324517705	0.983145024217084
0.627234147120756	0.5325922759087555	1.1777004201769812
0.6359870241427625	0.5582010413077352	1.1393511962156015
0.37529313261610214	0.4170718225917459	0.8998285481957884
0.5258453296622723	0.5049332030878319	1.041415629724003
0.6003591918654423	0.5208324394105921	1.152691626782786
0.6181955523772856	0.5058242852144601	1.2221547490848175
0.5650059103753307	0.510100104336928	1.107637315835828
0.5176838042275745	0.509094981123168	1.0168707675834043
0.49928630698495297	0.5174804365569291	0.9648409325519023
0.45813962508496753	0.4774948227571457	0.9594651151180705
0.5559764376928589	0.5080644893266606	1.0943028874733918
0.5945872076997043	0.5126582252174213	1.1598120901064963
0.5220602037103061	0.4818867261851138	1.0833670556631185
0.563586858967841	0.5161909053801486	1.0918186529318794
0.6516204317962135	0.5424961518582592	1.2011521732719421
0.434721806776533	0.4816434001908528	0.902580221392576
0.5518904172059782	0.4744408553596342	1.1632438711199016
0.4637122851228008	0.49342438792533	0.9397838786861392
0.42842733713123776	0.49869230743392984	0.8591015556982473
0.5560106955712969	0.5314577985678571	1.0461991470811107
0.519114390316808	0.5001415403735898	1.0379349612292672
0.516887423811529	0.5230403141385093	0.9882362981195539
0.47831627464029813	0.5034762879330545	0.9500274116263806
0.5985826961552273	0.5458044103031698	1.0966981666981062
0.4701162289366554	0.4983348727793391	0.9433741337721335
0.5582778309222669	0.52289205038841	1.0676732042638093
0.5932487499007663	0.502019596088377	1.1817242883011463
0.5898736974735342	0.5310322642468105	1.1108057592511473
0.4618907641779406	0.4775004201731787	0.967309649718053
0.5246384671442993	0.5303905949080632	0.9891549212618279
0.5953796736695687	0.5400848028340621	1.102381830677979
0.531984513503193	0.510076485672728	1.0429504759498391
0.6522950986668037	0.5500232276407309	1.1859410037368017
0.4186608045967935	0.4912688747428721	0.8522029913169619
0.49557970644215	0.518175547900329	0.9563934625056345
0.5812267230361966	0.538457606193744	1.0794289399025847
0.6172743999913706	0.5077283777240718	1.2157571391978257
0.613636107612495	0.5257666661296556	1.1671263074353415
0.5697517318661794	0.5313410734182055	1.0722900230559476
0.5606913380824106	0.5249645654455505	1.068055588869199
0.6316781026176023	0.4974476525774393	1.2698383424761803
0.601806864506012	0.5224334405242542	1.1519302131619058
0.4878659368813063	0.5156614502929422	0.9460973602043636
0.6035127605838244	0.5304013025322563	1.1378417769762583
0.5659230208017282	0.512784040479088	1.1036283817901062
0.5637799362809771	0.5079595506215994	1.1098913990121246
0.5641544317829091	0.5292266372549125	1.0659978014507479
0.5839111878068288	0.533531836223469	1.094426139478317
0.607560960276617	0.4715034678958409	1.288560957966978
0.579910085494559	0.5392127862259878	1.075475397298006
0.6562954372499713	0.5186590523088966	1.2653696765309763
0.5978076408147718	0.5143233126586784	1.1623187712890943
0.5691487055430354	0.49810567667321776	1.1426264188440989
0.4804390859149008	0.4773689906854443	1.0064312833245583
0.45936209324648986	0.49564016848459685	0.9268056191873512
0.5419934163992594	0.5102336338738707	1.0622455683375034
0.5596777569993775	0.5239869836375873	1.0681138548786462
0.3779650814579767	0.4254396460136541	0.8884105771511625
0.45898306711509945	0.4529207462700519	1.0133849484594661
0.4832260968960228	0.4864581421699446	0.9933559642778214
0.638232697332494	0.5368563266544906	1.1888333351862446
0.5729469172776828	0.5126490291060922	1.1176202133391966
0.45055464856743094	0.49365879469074064	0.9126843346317512
0.5244733335549282	0.49769356486458544	1.053807745530383
0.538580727365839	0.5166718028236097	1.0424039485462475
0.5517566616809154	0.49100032675299365	1.123739907322885
0.5304038674435665	0.5026010355496617	1.0553178961589258
0.5225469444651945	0.5095677785011465	1.0254709314671056
0.48100597030762826	0.5095167506465883	0.9440434876718397
0.14418486703259148	0.2931172801823286	0.49190162703100876
0.2855263049035425	0.3181911699371183	0.8973420128533702
0.4325325045877766	0.3339542439139101	1.2951849316796793
0.39096786634493746	0.34066996244997033	1.1476440820706455
0.1853812480105239	0.2713112275179845	0.6832789402282864
0.36828848968159206	0.32293477046094843	1.1404423535932875
0.45659803557124234	0.3278097543309826	1.3928750732359994
0.4618971654022698	0.3365828794767003	1.3723133099354339
0.39083148538285706	0.3350077348625963	1.166634213813472
0.38559170642063223	0.31300209099150145	1.2319141549476158
0.2824309387976621	0.32292399951057865	0.8746049820568074
0.18687172564414298	0.2647622641817627	0.7058095164039432
0.21886476419014006	0.2573982973555643	0.8502960836908922
0.39670910188976394	0.29038962221412346	1.3661269947079724
0.289859332111498	0.27163210819558603	1.067102611826683
0.38678516975168187	0.32255318608843464	1.1991361004434062
0.4137438966285055	0.33919307747257094	1.219788740122396
0.24679334883834086	0.3091784284292906	0.798223052274757
0.34582356854094465	0.2751373447985349	1.25691250235103
0.2809961285427184	0.30337520067770707	0.9262330207446215
0.28060277194638067	0.3084516721799397	0.9097138944433637
0.365146564720058	0.322989310750676	1.1305221336006512
0.45547636430135297	0.33146548793989883	1.374129074891621
0.30948218899465835	0.3162734515486296	0.9785272443174793
0.2811226611753723	0.3116684300588611	0.9019927399200492
0.40916983044964483	0.3341476839517099	1.224517930547072
0.29417478978497347	0.3054189775955958	0.963184383959563
0.3405247176336948	0.3382814178970446	1.006631460133388
0.40981548637263066	0.3202460373678706	1.2796894841882789
0.34234072366084184	0.29483482533976474	1.1611271608309222
0.19580543125253644	0.2667193614578208	0.73412530002439
0.3542845291559681	0.32615062712473203	1.0862604566462373
0.3976227769974979	0.3321522871382522	1.1971098571180239
0.28342930817622425	0.3015842608413081	0.9398013921070075
0.4167948526405918	0.33077200605497137	1.2600668890079054
0.2674680094786148	0.305756329919793	0.8747750522410375
0.29529282212307834	0.31106303478218644	0.949302196353383
0.38264962651533585	0.3229455776623322	1.1848734058697328
0.5192023831413192	0.3274447608917353	1.5856182329116135
0.4174547017978869	0.3060138553152951	1.3641692836677966
0.3903466583936015	0.34670489715969927	1.12587581424845
0.36713773966034113	0.33952296585598424	1.0813340379927945
0.47148167946156955	0.31155122636930127	1.5133359767381966
0.40298523809343095	0.318747207774171	1.2642784886101395
0.240898213347059	0.2936981296783708	0.8202238591402232
0.3942398952866844	0.32627709363134944	1.2082978026404885
0.3494628520273344	0.33499374323641345	1.0431921762213623
0.42580863693431825	0.2991708110934284	1.4232960607956568
0.27685444783658936	0.2895296765510471	0.9562213142865064
0.4009088392268593	0.32018923225235135	1.2520996924434058
0.42440095432125413	0.26509778714578747	1.6009222818893607
0.3918813381275453	0.3437232416419799	1.1401071869784312
0.4671745957264989	0.3136089914686945	1.4896721982957999
0.3985967830954626	0.3332663224796184	1.1960307904193939
0.3532672766234753	0.2686613780130477	1.3149164916675098
0.2681978574431248	0.2843451821326307	0.9432122444685062
0.24282720941121683	0.28770230646365397	0.8440224633440458
0.3508516333859431	0.2938889012535718	1.193824033127481
0.43521184842394695	0.3291037432389102	1.3224153701223886
0.18321954122148504	0.25452425536121415	0.7198510057969315
0.3735982384455499	0.286870046369713	1.3023257156798558
0.2709853078691157	0.29420288261617594	0.9210831160435962
0.4872599883834824	0.347722958839541	1.4012879391387314
0.44691979550798555	0.2968090720355641	1.5057484343148209
0.2903973509198238	0.30560109615714065	0.950249703196421
0.24609811944360993	0.2806358201320707	0.8769305334144197
0.36277951576201056	0.3358417167766316	1.080209806107248
0.2766892674692547	0.27675532490887633	0.9997613146571132
0.3244680853497563	0.281266314602755	1.153597386192574
0.3257141055118715	0.2898487625337654	1.1237381269617395
0.32019577665456195	0.33332140687303374	0.9606217004134046
0.24194316888890877	0.26318158353805127	0.9193012886250386
0.3796819898869114	0.29805825030950067	1.2738516363585086
0.36203188778801076	0.2670433646585265	1.3557044873627468
0.32787645590119785	0.29017120094494364	1.1299414098761935
0.24670754457759123	0.2754075582436716	0.8957907551662488
0.23437739330871118	0.25689200373140175	0.9123576830120756
0.3161656632344831	0.26166164966444805	1.2082995870427722
0.3288991565114334	0.289515768806888	1.1360319262292577
0.3154269438561998	0.28670228841537776	1.100189836640597
0.37952793936833645	0.27207109823299885	1.3949586774678753
0.29867181774496787	0.2862117832261772	1.0435343170652909
0.20244632714742894	0.2507253422116092	0.8074426197275529
0.25110898816172517	0.23670801252436552	1.0608385642876255
0.29768001903581626	0.24714934339588537	1.2044540153157135
0.3622651113015565	0.2583690601765747	1.402122649879119
0.3903382299458266	0.25814048966146685	1.512115478117082
0.32031140531350283	0.2547005044776086	1.2576001997737003
0.31352215015228113	0.2884794451884621	1.0868093217090693
0.32214923792406325	0.25697855050544693	1.253603607345567
0.2802025000391821	0.2563420403868304	1.0930805560271946
0.24174234455103025	0.2452562470332186	0.9856725260836581
0.2546042794257241	0.26471948301730525	0.9617889719476376
0.47356962166618566	0.25783288941643107	1.8367308481786195
0.32723335823246713	0.2541447362047091	1.2875866056454004
0.22099349161727244	0.2519635119169979	0.8770852967396023
0.4019346313248915	0.274712823561272	1.463108369366834
0.2589206337831004	0.26384661444039254	0.9813301350569157
0.21589515009187896	0.2634202141982368	0.8195845969869539
0.4470765414673753	0.268907921397939	1.6625636728855464
0.381335325732437	0.28345255258976665	1.3453233080752443
0.22598029017830396	0.2521630444124664	0.8961673614975278
0.31195657690494094	0.2767854022508497	1.127070193615976
0.3457294273137197	0.2762562261082102	1.2514810333298938
0.2893518118160119	0.27031423476519933	1.070427578730173
0.22689798182511478	0.2599110585384282	0.8729831777879801
0.3379719955189843	0.2731059941338874	1.2375121849332131
0.27052456437864697	0.27058848769297145	0.9997637618848109
0.289354273106408	0.27143564928689	1.0660142610839565
0.4028789539122688	0.2729470678807779	1.4760332728257943
0.3311555895764532	0.25513121914272807	1.2979814492682482
0.3184168626452719	0.2691717471755518	1.18295053617794
0.23887580232837022	0.2709358396228686	0.8816692640622052
0.47741429972710797	0.25402564762833957	1.879394085535821
0.34897504984633676	0.2546411929097231	1.3704579603114626
0.2367479389197119	0.2697768748948937	0.8775694321907687
0.3741566430948751	0.27210408063321473	1.375049731794442
0.22408473830872505	0.2559407875171391	0.8755335188367317
0.30310441126372856	0.27462403118795986	1.103706802178124
0.5047068970752288	0.2901947454769048	1.7392006745187463
0.5248362125169481	0.2971797950238268	1.766056176446547
0.3520567031751557	0.2549630749540784	1.3808144698543698
0.36280083968113636	0.26064876047872004	1.3919146939920177
0.4080318222291646	0.28745030478008604	1.419486483207348
0.42041834687557594	0.2742630878565112	1.5329016753998268
0.2946761290174399	0.23289866311836227	1.2652547037922732
0.2552724958926706	0.24483459510636765	1.042632458790263
0.26181708367824913	0.26745637905982345	0.97891508364318
0.4798107566196565	0.2658255233178341	1.804983775188401
0.3032350959564547	0.2528621489937102	1.1992111004482429
0.15099454339121243	0.23488489259063494	0.6428448493465718
0.42041973023256235	0.24772907949660608	1.6970947903527094
0.48308637997752435	0.2802844760567145	1.7235573898847456
0.45634832625226424	0.28208828048765294	1.6177500371988645
0.44983341013371925	0.255288416838721	1.7620596175262526
0.18672701273368783	0.2398372270653375	0.7785572532608495
0.20946545412061482	0.23682015110579702	0.8844916834253612
0.2406484544718905	0.267444797944134	0.8998060770737409
0.39393804171418956	0.2801325881082284	1.4062556747663817
0.3133627666920297	0.22256953055121262	1.4079320108011184
0.3194205608924881	0.24486065676663105	1.304499322636865
0.30404096308621775	0.28521349308965943	1.0660118488526058
0.40107257299993976	0.3895557021315313	1.029564118315793
0.4878446887831192	0.3887747729535517	1.2548259885201034
0.47776018213060645	0.3723148235363472	1.283215579741657
0.35167733891368846	0.354801179074276	0.991195519223645
0.29701517301503044	0.3275586121572263	0.9067542784448751
0.3461381566562592	0.3242550490995324	1.0674873301664753
0.37889971892003876	0.3440101980415945	1.1014200191653207
0.4250945852177444	0.3880302184214337	1.0955192792641104
0.386701613901649	0.3727967280671942	1.0372988408630788
0.4213514841446036	0.349689665489085	1.2049297583767327
0.3730119657264727	0.3720764684260926	1.002514260857015
0.3369075733739507	0.35769321125720527	0.9418897613119409
0.3624750991366171	0.33417757236925094	1.0846781145926174
0.45409733483049197	0.3891236879083705	1.1669742782079646
0.4824300323616212	0.37717129306268615	1.2790741003755048
0.49247180334305085	0.3683012817983367	1.3371438756292564
0.4597282175028946	0.3860687886426306	1.1907935347978822
0.34137457610614463	0.3434741448269887	0.9938872583207052
0.4272152620334536	0.35864166981739676	1.1912036385815716
0.43384041094112225	0.38612417173785546	1.123577446572451
0.3585262644730273	0.35069044334873495	1.022343982486287
0.4035569494372478	0.3889870498771774	1.0374560015935512
0.5651964156129625	0.36128813867400605	1.5643923924193508
0.4244297579369324	0.3491493841629477	1.2156107877848967
0.3699282563791664	0.369386017026234	1.0014679476968231
0.47150621424586703	0.3667547531801955	1.2856171873911735
0.41774606740594855	0.3838141690060442	1.0884071020300712
0.32001881822103123	0.3575890136657347	0.8949347043423902
0.4599663963172364	0.3299517931067226	1.3940412082211677
0.3716623464380364	0.3402291287518095	1.0923883789772653
0.328515226885884	0.34612389496588897	0.9491261125391522
0.31361472006066543	0.3272781584430899	0.9582512977724409
0.3984418042097907	0.351397678989671	1.1338771654820818
0.38990641721143676	0.36648651107370417	1.063903869392406
0.38055578684004937	0.3733507779569912	1.0192982291947659
0.42308159431381837	0.3519270397905299	1.2021855284710157
0.357034729225717	0.3546599632573186	1.006695895264263
0.4317475076530467	0.3821788671008482	1.1297001085596878
0.4119952395211901	0.3295619306822937	1.2501299487724031
0.4615425336697037	0.3748693449891341	1.2312090594739933
0.40181475695954605	0.35506100957309356	1.1316780669402893
0.35591291473331027	0.3598355984107438	0.9890986781331293
0.5256768099275905	0.33657744038440746	1.5618301967214776
0.4395765195160677	0.34536098216986016	1.2728030733357978
0.34895623798486997	0.36576381731064844	0.9540479989263029
0.42806069086862036	0.34609873668327273	1.236816681189894
0.36049448064801654	0.3657193009567001	0.9857135778860571
0.402351473868199	0.3704557947387986	1.0860984753980958
0.4738034479093124	0.3274213989657448	1.4470753878822753
0.5455711786258342	0.365436323893422	1.4929308964506434
0.4273200566554113	0.342310637851236	1.2483399853939665
0.4820647255764314	0.3819215002323799	1.262208923255484
0.40046988929314536	0.34341995398225494	1.166122948446491
0.5072622149845525	0.3721987762289055	1.362879857166918
0.4483272699062782	0.36743284532624637	1.2201611140893107
0.3981122866629525	0.3660546936484089	1.0875759649330832
0.4234897873813612	0.3868722558334566	1.0946501874863521
0.486746798772752	0.3210716117191768	1.5160069623298926
0.4098168107304826	0.35928246079002146	1.1406535399177067
0.30322321387476336	0.3585047035307982	0.8457998204442365
0.5580016149285727	0.39320148354182877	1.4191238799566037
0.4842094424650468	0.3152314472454195	1.5360442198778208
0.42646266164852703	0.3260449490383219	1.3079873278405012
0.5353383229391698	0.3570315902723948	1.499414442656845
0.3396817018999049	0.36182937382972774	0.9387897347984653
0.40274360082186816	0.3902373014188745	1.0320479343146378
0.40474967941051604	0.38344314186350714	1.0555663544885967
0.3521311119087099	0.32195465029945064	1.0937289198375983
0.43930343353291973	0.3517072547171931	1.249059914576293
0.4775006430005979	0.39302161305274247	1.214947542685187
0.40696251647839105	0.3780480471784258	1.076483583279346
0.2946254311783599	0.2802283284014659	1.0513763289351252
0.3995360243606232	0.2637133042749889	1.515039316878773
0.4011338400007301	0.2587727756837201	1.5501392638420666
0.24708029228796274	0.2410341942516748	1.025083984681339
0.16960064493950064	0.21422534997282877	0.7916926963172748
0.2684306743128277	0.22170050946113637	1.210780592995809
0.2822214928522135	0.23448448347099402	1.2035828071631212
0.29514914919638907	0.26513183386217853	1.1132165643670469
0.27833222286013787	0.26391171413221715	1.0546414120924401
0.31199057198909325	0.23136430913854103	1.3484818516337072
0.24823026788849575	0.25400650155205423	0.9772595046651799
0.2330433588816204	0.25241081019466305	0.9232701194607862
0.28576146685338355	0.23652464267579423	1.2081678408667063
0.3780709114500736	0.2842986989040786	1.3298369387811846
0.41607453744012834	0.26725792467568515	1.556827689749633
0.41229116580814085	0.2664999147614227	1.5470592783387345
0.37517161343831473	0.281124831282542	1.3345374427677357
0.20685548068575738	0.21865224086602944	0.9460478423017852
0.32692177335724537	0.2439928198630699	1.3398827618809261
0.3338046784180431	0.27980960432008883	1.1929707674944086
0.2657345209668366	0.24405929023488848	1.0888113323245647
0.29402871758317245	0.28166280208752614	1.043903260934696
0.512683786905444	0.25319698616846026	2.0248415854537014
0.33904934735229425	0.2425194575531488	1.39802946441108
0.2488204683057268	0.25825707852809243	0.9634604004809915
0.3707070627637543	0.24528682476614574	1.5113207287720534
0.3203612674616893	0.27486716213762274	1.165513060819132
0.19654462595269048	0.24183603958236935	0.8127185108228974
0.3747372941741583	0.22147867314823555	1.691979136624802
0.26212528438386173	0.22480595106241325	1.1660068745737406
0.2135590757401071	0.23114734929061742	0.9239088243733355
0.18728907351185733	0.20636215819058845	0.9075746985495474
0.3204661039116414	0.24001479349435417	1.3351931322482407
0.28645046554858394	0.2582019490850731	1.1094047375072427
0.2592331413609975	0.26229895278857096	0.9883117664215584
0.3631442596749367	0.2423746501524607	1.4982765707820862
0.24560230336275496	0.23837920701899787	1.030300865726017
0.32471026820318744	0.26418816546456825	1.229087107789982
0.3291461690381965	0.21596199033457736	1.5240930523388374
0.35516324582490016	0.25664126855468694	1.3838898468085599
0.31064042682679477	0.25212702361109224	1.2320790622823512
0.21225055347818977	0.23613602524024915	0.8988486753016282
0.48012181329194176	0.22795939288809602	2.10617253892947
0.3353958266221621	0.22797057378304383	1.4712242069511712
0.22482415154815472	0.25042193030346377	0.8977814014759433
0.3269136779205067	0.2384717694652356	1.3708695106913447
0.2650000765475656	0.2554377005009281	1.0374352573166963
0.285143389256234	0.25764400159960715	1.1067340496417317
0.41390624377768326	0.21478562202752682	1.9270668114117864
0.44562230557539967	0.2419006036006397	1.8421711188083254
0.36700939320251913	0.24062755363429802	1.525217655498814
0.4103385736953536	0.2739392954245191	1.4979178984141681
0.2808347408388096	0.22297856545631647	1.25946967263016
0.4431692966022139	0.2642358065111774	1.6771735157834011
0.3517794592903452	0.2560772704952388	1.3737238709629473
0.32478606654218517	0.26480182946104047	1.2265250100546228
0.29732081666410415	0.27304948816417146	1.0888898516643235
0.4544799646750663	0.21087485937507688	2.1552117024376822
0.3090205388329659	0.2510751107319116	1.230789216550127
0.19211073394273545	0.2553822674774079	0.7522477415536704
0.4882685697749187	0.28409634087882324	1.7186725047725337
0.4416339559506898	0.20521158337438644	2.1520907771808195
0.356594251126618	0.2155921738896558	1.6540222434471568
0.492534506782769	0.25150094547663393	1.9583803386875485
0.24754302618717794	0.2630824566134689	0.9409332320127978
0.3034327422497545	0.2833269921604634	1.0709630590999395
0.28516230570691514	0.26774241238408436	1.0650621362813504
0.21499118616998922	0.1969131907049889	1.0918069297454247
0.3619242997012748	0.2483453684027753	1.4573426596556984
0.3985963484511447	0.28668773228077754	1.3903502088494166
0.2736312345296057	0.2602512723857584	1.0514117069291973
