0	1.0	0.999990397723597	1.0000096023686076
0	1.0	0.9999945461442663	1.0000054538854783
0	1.0	0.9999905350952194	1.0000094649943658
0	1.0	0.9999905350952194	1.0000094649943658
0	1.0	0.9999905350952194	1.0000094649943658
0	0.9997357878090597	0.9998611882448749	0.9998745821547136
0	1.0	0.9999899605941704	1.0000100395066203
0	1.0	0.9999902563056824	1.000009743789258
0	1.0	0.9999902563056824	1.000009743789258
0	1.0	0.9999910345448308	1.0000089655355493
0	1.0	0.9999901106600274	1.0000098894377727
0	1.0	0.999990397723597	1.0000096023686076
0	1.0	0.999990397723597	1.0000096023686076
0	1.0	0.999990397723597	1.0000096023686076
0	1.0	0.9999905350952194	1.0000094649943658
0	1.0	0.9999905350952194	1.0000094649943658
0	1.0	0.9999901106600274	1.0000098894377727
0	1.0	0.9999902563056824	1.000009743789258
0	1.0	0.9999905350952194	1.0000094649943658
0	1.0	0.9999898059037879	1.0000101942001327
0	0.9989410185026011	0.999468920132245	0.9994718178634568
0	1.0	0.9999901106600274	1.0000098894377727
0	1.0	0.9999905350952194	1.0000094649943658
0	1.0	0.9999902563056824	1.000009743789258
0	1.0	0.999990397723597	1.0000096023686076
0	1.0	0.9999902563056824	1.000009743789258
0	1.0	0.9999902563056824	1.000009743789258
0	1.0	0.9999902563056824	1.000009743789258
0	1.0	0.9999905350952194	1.0000094649943658
0	1.0	0.999990397723597	1.0000096023686076
0	1.0	0.9999905350952194	1.0000094649943658
0	1.0	0.999990397723597	1.0000096023686076
0	1.0	0.9999905350952194	1.0000094649943658
0	1.0	0.9999905350952194	1.0000094649943658
0	1.0	0.9999905350952194	1.0000094649943658
0	1.0	0.9999905350952194	1.0000094649943658
0	1.0	0.9999905350952194	1.0000094649943658
0	1.0	0.9999905350952194	1.0000094649943658
0	1.0	0.9999905350952194	1.0000094649943658
0	1.0	0.999990397723597	1.0000096023686076
0	1.0	0.999990397723597	1.0000096023686076
0	1.0	0.999990397723597	1.0000096023686076
0	1.0	0.9999944621095092	1.0000055379211592
0	1.0	0.9999944621095092	1.0000055379211592
0	1.0	0.9999902563056824	1.000009743789258
0	1.0	0.9999902563056824	1.000009743789258
0	1.0	0.9999902563056824	1.000009743789258
0	1.0	0.9999905350952194	1.0000094649943658
0	1.0	0.9999905350952194	1.0000094649943658
0	1.0	0.9999899605941704	1.0000100395066203
0	1.0	0.9999902563056824	1.000009743789258
0	1.0	0.9999901106600274	1.0000098894377727
0	1.0	0.9999902563056824	1.000009743789258
0	1.0	0.9999902563056824	1.000009743789258
0	1.0	0.9999905350952194	1.0000094649943658
0	1.0	0.999990397723597	1.0000096023686076
0	1.0	0.999990397723597	1.0000096023686076
0	1.0	0.9999898059037879	1.0000101942001327
0	1.0	0.9999898059037879	1.0000101942001327
0	1.0	0.9999905350952194	1.0000094649943658
0	1.0	0.9999909005320481	1.000009099550753
0	1.0	0.999990397723597	1.0000096023686076
0	1.0	0.9999909005320481	1.000009099550753
0	1.0	0.9999905350952194	1.0000094649943658
0	1.0	0.9999901106600274	1.0000098894377727
0	1.0	0.9999901106600274	1.0000098894377727
0	1.0	0.9999909005320481	1.000009099550753
0	1.0	0.9999902563056824	1.000009743789258
0	1.0	0.999990397723597	1.0000096023686076
0	1.0	0.9999905350952194	1.0000094649943658
0	1.0	0.9999905486165118	1.0000094514728177
1	0.8428039342425726	0.8790022956264816	0.9588188090474671
1	0.8870880409652214	0.8963437073660575	0.9896739762606978
1	0.9632214882197117	0.9172842693754554	1.050079588605104
1	0.9559699221918021	0.9194702136567242	1.0396964556251571
1	0.8692850933005549	0.8813698017406031	0.9862887196541312
1	0.9324291355165123	0.908859115396553	1.0259336345102017
1	0.921585550960705	0.8935201349532227	1.0314099424395753
1	0.7966422735685401	0.7610935896476414	1.046707375287915
1	0.8842310185397028	0.8907381539525	0.9926946708368526
1	0.9469216923180964	0.9125615850210232	1.0376523709315264
1	0.9544798901205555	0.9163411283939066	1.041620702754547
1	0.9001333347533172	0.8978667005688219	1.0025244662521278
1	0.9348528764504888	0.9166661401218849	1.0198400873912346
1	0.9734115919778391	0.9305844017070289	1.0460218226226978
1	0.8598980919039891	0.8664396684704597	0.9924500495481485
1	0.9390390968772973	0.9096425652381206	1.0323165744024758
1	0.9747899063947533	0.9223549411566473	1.0568490099617742
1	0.9106883810532633	0.9019283749266057	1.009712529697683
1	0.9297286221602902	0.8914329013649288	1.0429597345315889
1	0.8247727069576386	0.8788895620402717	0.93842587576418
1	0.9431655635703404	0.9161866809557797	1.0294469273297184
1	0.8539503228540082	0.8739720405341698	0.9770911233408287
1	0.8694953482955919	0.8856392405767956	0.9817714803708455
1	0.912047265672262	0.9037254475850277	1.0092083476341982
1	0.9321423913399548	0.9127951982453475	1.0211955465276308
1	0.9324245398777278	0.9088474073511937	1.0259417943384455
1	0.8742988430958409	0.8821964468406002	0.9910477946572526
1	0.9158562291683034	0.9046001700187397	1.012443131808532
1	0.9583971059374532	0.9219132932149626	1.039574017416824
1	0.9602461553495002	0.9233386042576113	1.039971848812239
1	0.887946815325065	0.8926887557951487	0.9946880248694744
1	0.9556249520456284	0.9240954841842929	1.0341192749028167
1	0.9253709301905869	0.9042089114446064	1.0234039042063532
1	0.90795388370284	0.9004462362379262	1.0083376965361983
1	0.9608927073859839	0.9139449391890074	1.0513682675880187
1	0.8437656265611123	0.8848585035055174	0.9535599457070156
1	0.9313224839134746	0.9130339249012362	1.0200305361207873
1	0.9314318949789369	0.905462760218912	1.0286805111164885
1	0.9113716604550797	0.8984200391474898	1.0144159977997371
1	0.9645653859587351	0.9238091075496822	1.0441176408372452
1	0.9225783461768741	0.9059919802685057	1.0183074091930182
1	0.8500712553688003	0.8719500574888284	0.9749081935001669
1	0.9262558660960871	0.8968656160267056	1.032769959673096
1	0.9424365650764105	0.9058908010395598	1.0403423503085718
1	0.9072088985255238	0.9048699146020467	1.0025848841758715
1	0.9479131732694124	0.9187520394200055	1.0317399391764244
1	0.9413838705770542	0.9111048291893568	1.033233323342867
1	0.9427703520801921	0.9157008768491179	1.029561482265059
1	0.9252327898632022	0.9125919059528591	1.0138516283432784
1	0.9344753657665033	0.911140249258555	1.0256108941811508
1	0.9182572369881977	0.893501383069792	1.0277065647434729
1	0.9281566394792549	0.9056469533477415	1.0248548135101718
1	0.9355500669163831	0.9088183483600278	1.029413709136257
1	0.9451303421233487	0.9100718748628952	1.038522745542197
1	0.9193924193434962	0.8807612695287395	1.0438610905715993
1	0.8486513734732378	0.8619312080978607	0.9845929298070907
1	0.887184806276472	0.9044217371370089	0.9809414898462069
1	0.9094949671330422	0.8880060261095397	1.0241990936904428
1	0.942291671026796	0.912058746793979	1.033148000980299
1	0.863641134547991	0.8722194910423934	0.9901649108022679
1	0.8681300038048732	0.8828996035331594	0.9832714844709616
1	0.8172338087624834	0.8559662827790857	0.9547500003261242
1	0.9355136218474824	0.8925653537054226	1.0481177853966246
1	0.9326213654125891	0.91030665925456	1.0245133943942608
1	0.8635030163143524	0.8629597158905807	1.0006295779672763
1	0.911086062146582	0.8966914301991559	1.0160530495359246
1	0.7997297190428241	0.8675154362071495	0.9218622351428232
1	0.9125825555650668	0.9003709666392877	1.0135628417377338
1	0.9586644070851433	0.9087582159772862	1.0549169077433733
1	0.9340115543144435	0.9185082614267716	1.016878773483855
1	0.8640684117231759	0.8853023636488535	0.9760150285398992
2	0.8795759632175532	0.8966639461749387	0.9809427121160822
2	0.903298599614655	0.9100330219782523	0.9925998044016492
2	0.9607317128265308	0.921938432985367	1.0420779506019135
2	0.954627543002659	0.925729934203872	1.0312160250317917
2	0.8771454243105369	0.8905556719932254	0.9849417076276951
2	0.9384716989454154	0.9191410963731663	1.0210311590337169
2	0.9244239724862271	0.9070263292676388	1.0191809682444783
2	0.8565228721904959	0.8048567109836356	1.064192992990911
2	0.9145460891538765	0.9099750802290928	1.0050232242883321
2	0.9511424195155648	0.9209085017053347	1.0328305339284447
2	0.9521498659008857	0.9197967951880728	1.0351741502928347
2	0.9188846575763197	0.912707457585926	1.006767995526992
2	0.9354313491027618	0.9237187991018236	1.0126797787512032
2	0.9736065929557506	0.9367887588448581	1.039302173262937
2	0.8862644783473567	0.8866447702664364	0.9995710887473397
2	0.938340914657783	0.9183957469430257	1.021717399912997
2	0.9738182843557128	0.927652516101251	1.0497662297607815
2	0.9333123785667752	0.9181148007108998	1.0165530256609607
2	0.9418772075491612	0.9109361002301972	1.033966276351486
2	0.8530905197655829	0.8939347858601799	0.9543095685047148
2	0.9413723093793821	0.9221292948981781	1.0208680220742026
2	0.889374328289339	0.8958161600679789	0.9928089801615646
2	0.8793172702137817	0.8959499382687588	0.9814357171706308
2	0.9129689258152501	0.9115960451503478	1.0015060186715443
2	0.9273640499849877	0.917828114984096	1.0103896741069616
2	0.9329162499234946	0.9158171231197748	1.0186708965928382
2	0.8858061514036725	0.8949087342671855	0.9898284791342807
2	0.9253652645690663	0.9137322990421607	1.0127312622516464
2	0.9619148797061193	0.9290415281845836	1.0353841572462026
2	0.9652038656323871	0.9319090096179922	1.0357275824901009
2	0.9059073401223077	0.9087786079133275	0.9968405200496382
2	0.9550408557540403	0.9306136370777993	1.026248507117244
2	0.9278876529896277	0.9157486769216268	1.0132557942740439
2	0.9259299219757828	0.9175834012269507	1.0090961984901552
2	0.956873551076598	0.9182056950895292	1.0421124114061375
2	0.8751423612273832	0.9024951189628838	0.9696920712801932
2	0.9252153060152497	0.9167300505106936	1.00925600235296
2	0.9349251018660408	0.9143004480206621	1.0225578516230942
2	0.9262736168343837	0.9120938413522395	1.015546399766412
2	0.9616129162284449	0.9279750076925619	1.0362487224947197
2	0.9279331514051853	0.9181946286583533	1.0106061639252473
2	0.8911441124710913	0.8937611073175821	0.9970719302674234
2	0.9217374026863802	0.9006096134497151	1.02345943116878
2	0.9405849513526957	0.9148948317405491	1.0280798608986261
2	0.9272804086469216	0.920485313138171	1.007382079226864
2	0.9507184535842409	0.9273943128838608	1.025150187332776
2	0.9392548417630711	0.918588715501187	1.022497692289425
2	0.9437846170217474	0.9227401607604201	1.0228064813435505
2	0.9205799924487288	0.9174547279188553	1.003406450950406
2	0.948535628034307	0.9208238006406104	1.0300946037389755
2	0.9228615835165722	0.9009727070889908	1.0242947164274305
2	0.9285017552326515	0.9133968774127789	1.0165370368493678
2	0.9279972211126898	0.9113697905066238	1.0182444390622416
2	0.9379969397632476	0.9122059940883306	1.028273159617519
2	0.9176204483230762	0.9016974367586166	1.017658929609137
2	0.8787447736287308	0.8859587223613885	0.9918574663236793
2	0.9119389772800263	0.9181409895613278	0.9932450327871052
2	0.9226711620952079	0.9039383864337266	1.020723509414604
2	0.9435202763075785	0.9228258791951148	1.0224250290103625
2	0.8677160875823111	0.8825112087426958	0.9832352031183115
2	0.8921001970971298	0.9001591205517938	0.9910472234623098
2	0.8268015543954046	0.8734262083750014	0.9466186684890743
2	0.9279257996602742	0.8960646024564777	1.0355568081993776
2	0.935531259559856	0.9164914463507162	1.0207746763867274
2	0.8997562291066127	0.8905520294441844	1.01033538676923
2	0.9133505730048574	0.9066902882743548	1.007345710896693
2	0.8378687706682918	0.8848998353741099	0.9468515386422977
2	0.9140391270307981	0.9084638255483704	1.0061370649283283
2	0.9618922015884107	0.9235999182089518	1.0414598167718718
2	0.9433990565196241	0.9287382789166538	1.0157856932741822
2	0.8771742760684681	0.8965849983840982	0.9783503824505052
3	0.8812054188534344	0.897813775586178	0.9815013344811956
3	0.9038848401550535	0.9107394885463963	0.9924735355416693
3	0.9607311540802947	0.9224148406904172	1.0415391336952018
3	0.954626986092579	0.9262322609325995	1.0306561608331257
3	0.8781991392142693	0.8916613642599202	0.9849020877372829
3	0.9384708088192022	0.9196078763405597	1.0205119300997123
3	0.9259900652984632	0.9087390557627983	1.0189834578213262
3	0.8588956665754014	0.8072061207422716	1.0640351262272372
3	0.9167951797468148	0.9115776777389146	1.0057235956247215
3	0.9512339146978479	0.9213472781972858	1.0324379712273515
3	0.9521492920939966	0.9202669777786818	1.0346446358341266
3	0.9192226994402337	0.9132477512609405	1.0065425271193316
3	0.9354303704120791	0.9242648822199487	1.0120803986031714
3	0.9736061380756017	0.9372189096453754	1.0388246844528506
3	0.8864380977274432	0.8871511716671996	0.9991962204835774
3	0.938340034451821	0.9188343568451639	1.0212287203469734
3	0.9738179582411195	0.9281574694343063	1.0491947652316393
3	0.9333114044127264	0.9185700796489966	1.0160481220652895
3	0.9418763397307677	0.9113339060390669	1.033513988110513
3	0.8562715768554576	0.8954285255194597	0.9562701571950858
3	0.9431154628553646	0.92335929845993	1.021395966259706
3	0.8898120631974811	0.8963215808990567	0.9927375198363
3	0.8809870662378756	0.8973073333527092	0.9818119539334931
3	0.9131816853207236	0.9121154435728158	1.001168976751157
3	0.9275356966568676	0.9182854129328866	1.0100734298875955
3	0.9337716826339849	0.9165934679817511	1.0187413670861725
3	0.887327635429169	0.8959027005478873	0.990428575431825
3	0.9254243958955416	0.914132707683563	1.0123523511598136
3	0.9619143661959277	0.9295030490648641	1.0348695113627344
3	0.9652033885193574	0.9323536532500759	1.035233127638607
3	0.9059056582573908	0.9092250912855029	0.9963491625341983
3	0.9550403002949776	0.9310445340012959	1.0257729522244832
3	0.9283652511293932	0.9164935069283858	1.0129534405986087
3	0.9272518363133535	0.9184613161754271	1.0095709203894738
3	0.9568731175678876	0.9186758085490362	1.0415786599183237
3	0.8751405097095897	0.9029351203580016	0.9692174885861216
3	0.9252624112925474	0.9171942488764345	1.0087965689121976
3	0.9351264253172634	0.9147804784296544	1.0222413435434647
3	0.9263778696880054	0.912571866877824	1.0151286745858337
3	0.9616124258536471	0.9284701594010578	1.0356955644906982
3	0.9290614994797486	0.9190978026555674	1.0108407362039087
3	0.891142278172881	0.8941885707534392	0.9965932324789263
3	0.9253576191644204	0.90215053773775	1.0257241784556987
3	0.9421455844629467	0.9159280880799731	1.0286239681086016
3	0.9296826772962458	0.9219055845025442	1.0084358885816902
3	0.9507177102069122	0.9278447183504575	1.0246517454958615
3	0.939881641067662	0.9192189730043621	1.022478504763415
3	0.9444759402285718	0.9234145582677071	1.0228081545523553
3	0.9205788526067572	0.917933591510789	1.002881756502248
3	0.9485350580816181	0.9212962361506902	1.029565758397902
3	0.9243375930657842	0.9022851266257901	1.0244406848669467
3	0.9285007520792108	0.9138118358520336	1.016074333523467
3	0.9279962561553258	0.9118697107569476	1.017685142085695
3	0.9379961829848561	0.9126894729022372	1.0277276235061052
3	0.9177452971707867	0.9021426847221173	1.0172950606516034
3	0.8793133494896154	0.8866299345491433	0.9917478704762563
3	0.9120146694314816	0.918582418954937	0.9928501249447736
3	0.9226699103964647	0.9044159953268515	1.020183096234401
3	0.9435282788630722	0.9232761117575815	1.0219351143689162
3	0.8694014805262374	0.8840221132748455	0.9834612364000193
3	0.8929606903930734	0.9009315060627758	0.9911526951648785
3	0.8297777098900819	0.8750105604463503	0.948305937549834
3	0.9320254852049736	0.8983535825188119	1.0374817926275222
3	0.9367895880508676	0.9174275094862959	1.021104750363779
3	0.9009634470858144	0.8915169227276688	1.0105960123889104
3	0.9133490834455337	0.907147363432152	1.0068365077862518
3	0.8429542956433093	0.887263306723959	0.9500610351573628
3	0.9143760974940683	0.9089912127218738	1.005924022913346
3	0.9618915840502704	0.9240536563564348	1.040947760374686
3	0.943489562747759	0.929213379791847	1.0153637294365154
3	0.8772126174479156	0.8969594458516177	0.9779847032159258
4	0.8812054188534344	0.897813775586178	0.9815013344811956
4	0.9038848401550535	0.9107394885463963	0.9924735355416693
4	0.9607311540802947	0.9224148406904172	1.0415391336952018
4	0.954626986092579	0.9262322609325995	1.0306561608331257
4	0.8781991392142693	0.8916613642599202	0.9849020877372829
4	0.9384708088192022	0.9196078763405597	1.0205119300997123
4	0.9259900652984632	0.9087390557627983	1.0189834578213262
4	0.8588956665754014	0.8072061207422716	1.0640351262272372
4	0.9167951797468148	0.9115776777389146	1.0057235956247215
4	0.9512339146978479	0.9213472781972858	1.0324379712273515
4	0.9521492920939966	0.9202669777786818	1.0346446358341266
4	0.9192226994402337	0.9132477512609405	1.0065425271193316
4	0.9354303704120791	0.9242648822199487	1.0120803986031714
4	0.9736061380756017	0.9372189096453754	1.0388246844528506
4	0.8864380977274432	0.8871511716671996	0.9991962204835774
4	0.938340034451821	0.9188343568451639	1.0212287203469734
4	0.9738179582411195	0.9281574694343063	1.0491947652316393
4	0.9333114044127264	0.9185700796489966	1.0160481220652895
4	0.9418763397307677	0.9113339060390669	1.033513988110513
4	0.8562715768554576	0.8954285255194597	0.9562701571950858
4	0.9431154628553646	0.92335929845993	1.021395966259706
4	0.8898120631974811	0.8963215808990567	0.9927375198363
4	0.8809870662378756	0.8973073333527092	0.9818119539334931
4	0.9131816853207236	0.9121154435728158	1.001168976751157
4	0.9275356966568676	0.9182854129328866	1.0100734298875955
4	0.9337716826339849	0.9165934679817511	1.0187413670861725
4	0.887327635429169	0.8959027005478873	0.990428575431825
4	0.9254243958955416	0.914132707683563	1.0123523511598136
4	0.9619143661959277	0.9295030490648641	1.0348695113627344
4	0.9652033885193574	0.9323536532500759	1.035233127638607
4	0.9059056582573908	0.9092250912855029	0.9963491625341983
4	0.9550403002949776	0.9310445340012959	1.0257729522244832
4	0.9283652511293932	0.9164935069283858	1.0129534405986087
4	0.9272518363133535	0.9184613161754271	1.0095709203894738
4	0.9568731175678876	0.9186758085490362	1.0415786599183237
4	0.8751405097095897	0.9029351203580016	0.9692174885861216
4	0.9252624112925474	0.9171942488764345	1.0087965689121976
4	0.9351264253172634	0.9147804784296544	1.0222413435434647
4	0.9263778696880054	0.912571866877824	1.0151286745858337
4	0.9616124258536471	0.9284701594010578	1.0356955644906982
4	0.9290614994797486	0.9190978026555674	1.0108407362039087
4	0.891142278172881	0.8941885707534392	0.9965932324789263
4	0.9253576191644204	0.90215053773775	1.0257241784556987
4	0.9421455844629467	0.9159280880799731	1.0286239681086016
4	0.9296826772962458	0.9219055845025442	1.0084358885816902
4	0.9507177102069122	0.9278447183504575	1.0246517454958615
4	0.939881641067662	0.9192189730043621	1.022478504763415
4	0.9444759402285718	0.9234145582677071	1.0228081545523553
4	0.9205788526067572	0.917933591510789	1.002881756502248
4	0.9485350580816181	0.9212962361506902	1.029565758397902
4	0.9243375930657842	0.9022851266257901	1.0244406848669467
4	0.9285007520792108	0.9138118358520336	1.016074333523467
4	0.9279962561553258	0.9118697107569476	1.017685142085695
4	0.9379961829848561	0.9126894729022372	1.0277276235061052
4	0.9177452971707867	0.9021426847221173	1.0172950606516034
4	0.8793133494896154	0.8866299345491433	0.9917478704762563
4	0.9120146694314816	0.918582418954937	0.9928501249447736
4	0.9226699103964647	0.9044159953268515	1.020183096234401
4	0.9435282788630722	0.9232761117575815	1.0219351143689162
4	0.8694014805262374	0.8840221132748455	0.9834612364000193
4	0.8929606903930734	0.9009315060627758	0.9911526951648785
4	0.8297777098900819	0.8750105604463503	0.948305937549834
4	0.9320254852049736	0.8983535825188119	1.0374817926275222
4	0.9367895880508676	0.9174275094862959	1.021104750363779
4	0.9009634470858144	0.8915169227276688	1.0105960123889104
4	0.9133490834455337	0.907147363432152	1.0068365077862518
4	0.8429542956433093	0.887263306723959	0.9500610351573628
4	0.9143760974940683	0.9089912127218738	1.005924022913346
4	0.9618915840502704	0.9240536563564348	1.040947760374686
4	0.943489562747759	0.929213379791847	1.0153637294365154
4	0.8772126174479156	0.8969594458516177	0.9779847032159258
5	0.6229138619417909	0.6949555608297616	0.8963362509079652
5	0.732769507557548	0.7338208062863842	0.9985673631493818
5	0.8862029821964608	0.778130838379123	1.1388868535816628
5	0.8160203602588948	0.7507750843911557	1.086903890691378
5	0.6729351104712384	0.6986257898752485	0.9632268379204874
5	0.75577308351979	0.7303034237353188	1.034875448966404
5	0.8161495850299804	0.7539473292795291	1.0825021236031058
5	0.662566291943933	0.5822200110821576	1.137999861448317
5	0.7227041439085966	0.7118518034793406	1.0152452243236763
5	0.8259698927397089	0.7483769635628787	1.1036816109456726
5	0.8486850433303134	0.7687811809619282	1.1039357678714332
5	0.7263588896288092	0.7234896231195855	1.003965870991835
5	0.7878461303862941	0.7467706589692222	1.0550041313537533
5	0.8984369536940274	0.7971526987779892	1.1270575324794156
5	0.661560377219055	0.6831425727049426	0.9684074798611487
5	0.7348167133135023	0.7224221897345589	1.0171568976632592
5	0.8559234054351392	0.7634121691440552	1.1211812439338091
5	0.7326085185454234	0.7274522897689314	1.0070880645356548
5	0.7445238091274347	0.6703533577160928	1.1106438127856062
5	0.6925240241500983	0.7228355677696292	0.9580657829095768
5	0.8065858367749752	0.7639370330673881	1.0558276426740854
5	0.6393650604360614	0.677145762527593	0.9442059536036866
5	0.6327018800313807	0.6860085039089998	0.9222945144646628
5	0.7792226462267707	0.7460057538382582	1.0445263219721952
5	0.7643054824702858	0.7451857707388165	1.0256576446870598
5	0.8330702099924839	0.7702900407842591	1.081501987412827
5	0.6960042607912231	0.6952780726505275	1.001044457130551
5	0.7834691506225824	0.7423898820916246	1.0553338205731202
5	0.8158440531894481	0.754955418498371	1.0806519606312468
5	0.8204645392268329	0.7600866916689158	1.0794354752157889
5	0.6829678177808863	0.7090215251572332	0.9632539965968323
5	0.8011163482190125	0.763761371825902	1.048909224492209
5	0.7855910657563172	0.7477347752410709	1.0506279656487039
5	0.742213041103478	0.7342961198808564	1.0107816465432313
5	0.8396721001591902	0.7625001915391897	1.1012090350616446
5	0.5526354122280067	0.6749667188802999	0.8187594984605638
5	0.7673005262317625	0.7462037384823511	1.0282721549912341
5	0.8088775724540167	0.7623931599659334	1.0609717071571845
5	0.7325556182019771	0.7374157932902462	0.9934091795531207
5	0.8477326550998504	0.7692053574152556	1.102088859532217
5	0.8007077124642695	0.7514642037595831	1.065530079088692
5	0.7066697883604632	0.69477536108255	1.0171198173455376
5	0.8089271368298285	0.729162131026482	1.1093926884149303
5	0.8510111810037603	0.7564178365039258	1.125054354795537
5	0.7369061800806462	0.738244988517424	0.9981864984421142
5	0.8350310173355959	0.7654460891164281	1.0909076801208708
5	0.8155632898814469	0.7602830014838601	1.0727101464713733
5	0.8263202150680853	0.760662787137346	1.0863160772960017
5	0.7311208266316062	0.7355760570835586	0.9939432089869582
5	0.7558448137241867	0.7412388331605232	1.019704823749433
5	0.798491064114166	0.7406812550140645	1.0780495101081016
5	0.7792501438048025	0.750371793142823	1.038485389410797
5	0.7371898919585653	0.7110591423480352	1.0367490522999845
5	0.8280798437461386	0.7482837744578572	1.1066387806498876
5	0.7295092842598356	0.7135538004160207	1.0223605898174917
5	0.646623035020371	0.6557834102340643	0.9860314014189171
5	0.7133941973960468	0.735173730489201	0.9703749845921976
5	0.7064331769605112	0.6913864957944981	1.021763053310323
5	0.7766580146353725	0.749812079112338	1.035803551677663
5	0.6344385749482134	0.6639658418492008	0.9555289368218831
5	0.6346835163209991	0.6725977560688496	0.9436301423759589
5	0.6227033244244848	0.6771749426874597	0.9195604934128293
5	0.855645216804264	0.7498431078677653	1.1410989950115762
5	0.7974596350754375	0.7464907550292189	1.0682779789338765
5	0.6478223167273529	0.6585448197229438	0.983717884228287
5	0.6734852398959923	0.6870285204057166	0.9802871640587403
5	0.620205748310753	0.7032270230688662	0.8819424282135657
5	0.7707075304360458	0.7377565186309686	1.0446638029931925
5	0.7303821083961826	0.7114065231720863	1.0266733359985036
5	0.7345083972839389	0.7343736809334022	1.0001834438706538
5	0.6312576276468432	0.6880990511549743	0.9173935447044684
6	0.4487131152732618	0.5425092083878985	0.8271069105105923
6	0.5378276827917952	0.556062196223686	0.9672077807919247
6	0.6962481021845346	0.5912654398637092	1.1775558915552795
6	0.6428201318662837	0.5820236609241928	1.1044570436286947
6	0.43328020975572196	0.44288074824194623	0.9783225201720002
6	0.6091303851132035	0.5692970463681843	1.0699693402576649
6	0.6980567026000695	0.5951283914469355	1.1729514380970538
6	0.5410793733923562	0.5127621608741231	1.0552248482414535
6	0.565866767901166	0.5495233374925896	1.0297411034136412
6	0.5364675305673283	0.5254803655764504	1.0209088021373074
6	0.6417446362221503	0.5976300704217526	1.0738158402392062
6	0.5187832767084349	0.5270393313883087	0.9843350312051171
6	0.6223230411898	0.5768569663444464	1.0788168948248522
6	0.7072713142317566	0.6076354359422199	1.1639731200584738
6	0.547823038705322	0.5445666788768967	1.0059797265509178
6	0.6174904651584064	0.5733517303314477	1.076983695159414
6	0.7051891398692909	0.5969418498949292	1.1813364065418013
6	0.43596867658064775	0.5082620351770988	0.857763606972413
6	0.5812884212499577	0.48870845386062056	1.1894380313211053
6	0.47269308680765415	0.5300295938453411	0.8918239515237005
6	0.47384652715634723	0.5304179622007189	0.8933455518556438
6	0.5593715841235722	0.5672054735074777	0.9861886216727381
6	0.49456350517530756	0.5024051488530045	0.984391792768049
6	0.6039202777686229	0.568309083322081	1.0626616668492694
6	0.5441799624556378	0.5510781202237	0.9874824321363694
6	0.6163159372456508	0.5893917981838415	1.0456812245178397
6	0.5419455490397777	0.5660710409340735	0.9573808053235043
6	0.6625595759815164	0.5940472446996087	1.1153314519900723
6	0.6490032843484344	0.5482786022426908	1.1837107661939335
6	0.6803249701748162	0.5872225867673428	1.1585470067151222
6	0.4980972386657621	0.5292303882327785	0.9411727855027806
6	0.601956935823119	0.5832613008978842	1.0320536179864057
6	0.6780132048648033	0.5984176100420342	1.133010114487069
6	0.5735011548701202	0.5527270538017681	1.0375847372142608
6	0.6485743735180428	0.5831142185990676	1.1122595759647969
6	0.4606332548847563	0.5327813809795195	0.8645821181623901
6	0.5084025165722207	0.5496108981027242	0.9250226266022812
6	0.6907020561712884	0.6131585017109512	1.1264657576205181
6	0.5889776562838855	0.5219575161442224	1.1284015232403413
6	0.682066732307657	0.6023661335548967	1.1323125493168131
6	0.6479867053502385	0.5921996221079114	1.094203172645999
6	0.5194337421363494	0.5366806923695786	0.9678636655306536
6	0.6619711198929172	0.5259871742297461	1.2585309154397266
6	0.6692952102920409	0.5755662568026254	1.1628465053008783
6	0.5286629265181682	0.5564140871269919	0.9501249855981988
6	0.5968075496852042	0.5610323025858758	1.0637668222211722
6	0.587421428746126	0.559857075233598	1.049234625642673
6	0.6069122824539763	0.5658833685816781	1.072504187523893
6	0.519139339876482	0.5427623904983006	0.9564762573174411
6	0.6300440587258277	0.5863800845282529	1.0744636036414894
6	0.6621269242957635	0.5469325082186336	1.2106190697135915
6	0.5843757962151996	0.5725872616202119	1.020588188709666
6	0.6139587330264861	0.5324055320758397	1.1531787256842954
6	0.6272626541674838	0.565906300007449	1.1084214014921325
6	0.5980830415806042	0.5398456826620711	1.1078777895033907
6	0.5280521978259458	0.5240776551694643	1.007583881162032
6	0.5016509566781978	0.5497894276603034	0.9124419849487381
6	0.6177583703660678	0.5654586267132232	1.092490840500288
6	0.6223616408268667	0.5824329587897731	1.0685549837702535
6	0.40071807324017306	0.4412573568972519	0.9081278011042465
6	0.41909835533034107	0.48143459699847047	0.8705198129574235
6	0.5808165077824013	0.5443571669554226	1.066976872980097
6	0.731786370924207	0.611925112994784	1.1958756968525406
6	0.6080531354636051	0.5472318369076162	1.1111435674131962
6	0.44276077159976507	0.5134925813266938	0.8622534924571231
6	0.5947652387736723	0.5606716836174306	1.0608084127528459
6	0.620048777029999	0.5823041236375848	1.0648194849739823
6	0.4383351945220971	0.4873685680771581	0.8993915964902803
6	0.6343536731221814	0.5712743140423128	1.1104186859610783
6	0.5995017861685396	0.5716066688840659	1.0488012453369948
6	0.4201211160876209	0.49832891764996035	0.8430598771366612
7	0.16809210753009401	0.3340212854067854	0.5032377123074185
7	0.2922528250000268	0.35815338068476665	0.8159990684473167
7	0.4574155311610715	0.38146306573417615	1.1991083075912337
7	0.519944504233419	0.40288848306043756	1.2905419888992502
7	0.269078592522201	0.3064505787470979	0.8780488965702408
7	0.46083275770593446	0.3912643153100765	1.1778042097724273
7	0.43205113469105433	0.37357739689456976	1.1565237572791025
7	0.5338136695679752	0.36047377550847975	1.4808668642122005
7	0.4485464731384425	0.3966627914766125	1.130800475307221
7	0.3762487409143003	0.3313550189283405	1.1354852633020434
7	0.38711237137452387	0.3828336168964933	1.011176538029019
7	0.23479894337952265	0.3042894885212729	0.7716301490417992
7	0.4150198725118188	0.3629814163296809	1.1433639680739842
7	0.542646626609923	0.40231499445790997	1.3488103453392277
7	0.36149428805738565	0.33547131932514324	1.077571366710549
7	0.4272081111678746	0.3583309725337911	1.1922165369826867
7	0.5202708383560508	0.42035784247910923	1.2376855759076435
7	0.28214654911563136	0.33172886627843257	0.850533606800486
7	0.41377250845985375	0.29883582296816724	1.3846148174274604
7	0.3067458915660168	0.352377045688964	0.8705047485890302
7	0.2892841333325721	0.33153455943597193	0.8725610199573793
7	0.40421973807813105	0.3672456882559426	1.1006793299542303
7	0.39105987972331024	0.33851942689404524	1.1552066104782515
7	0.34757820435916925	0.34896091315172706	0.996037639917693
7	0.35819179549889163	0.35181834570287024	1.0181157403355086
7	0.42920055341915037	0.3802943954620014	1.1286007854460627
7	0.40255269601831195	0.358260826815609	1.1236302321869516
7	0.4346736486954913	0.3898506305850845	1.114974850863103
7	0.442980992566384	0.3658939713142405	1.2106813101491058
7	0.4879403790114713	0.3680957301825709	1.3255801113733618
7	0.3576791856695421	0.33559040004501967	1.0658206719308991
7	0.3412043710054297	0.36025096595360595	0.9471296491939758
7	0.44537416136471697	0.3862157015735577	1.1531746626305717
7	0.3607754383683477	0.35407177449875943	1.0189330648540915
7	0.4510603847919315	0.3758884599121394	1.1999846574097084
7	0.27865407523652086	0.3362703809927185	0.8286607771219516
7	0.2937799341401364	0.34246030639036645	0.8578510521019629
7	0.48968004686581673	0.40426450342360076	1.211286280934527
7	0.48249872292739504	0.32770059671815627	1.4723766992172285
7	0.5363276810126187	0.3651867180918937	1.4686396148658944
7	0.47184478300118826	0.405383346944602	1.1639471294455237
7	0.3394807622287507	0.3543078227723924	0.958152037322736
7	0.5207153714260578	0.345813429556603	1.505769663409867
7	0.4162044390519817	0.37178235405047744	1.119484113534536
7	0.24427878316868884	0.3292799730316707	0.7418573954547599
7	0.46456131924891486	0.3718872221109642	1.2491994659345904
7	0.38467231698472176	0.37000127357018636	1.039651332204813
7	0.46847279452360785	0.37149801235695507	1.2610371494356052
7	0.28475013721129094	0.35372203671550684	0.8050110189779074
7	0.40486190486330964	0.3451463124921178	1.1730152987584233
7	0.5717045081990729	0.34758890232764494	1.6447720406797444
7	0.42340090495903554	0.39468419625770995	1.072758699166599
7	0.4945112387426283	0.33686563319620005	1.4679777039013386
7	0.4650299704039653	0.39192375882462016	1.1865317167772396
7	0.3542027731270478	0.3162803669893113	1.1199012335122847
7	0.29851537362864927	0.3194890853316759	0.9343523373224069
7	0.33276147234969755	0.3648173109822437	0.9121318049677024
7	0.39755864905090815	0.3447739773672865	1.1530993495700819
7	0.45854088494564543	0.3599702190796996	1.2738300577140846
7	0.2583847034125127	0.2837232299791721	0.9106928023887241
7	0.30963763913152037	0.3065999170797714	1.0099077719285834
7	0.403011225885158	0.3631332173564877	1.109816471263553
7	0.5552891855568298	0.41248059626977895	1.346218926607758
7	0.4880639046326224	0.36822632939221434	1.3254454276482865
7	0.22655087206357663	0.3246191731228201	0.6978973850625292
7	0.2866610047040878	0.310487202558551	0.9232619004644157
7	0.4792687385420413	0.40418546776987047	1.1857643996614957
7	0.30139035206066106	0.284467381962233	1.0594900194943082
7	0.37627153798435126	0.31283838951833554	1.2027665100938576
7	0.4124384398565961	0.36388841499814245	1.1334200893938915
7	0.3296803363567536	0.3470438221876308	0.9499674544804616
8	0.1584451392912274	0.2591149484565996	0.6114859070655513
8	0.16152615841805898	0.26524680925257743	0.608965509795249
8	0.2939171862782131	0.2144694315754828	1.3704385940649477
8	0.4107496972614901	0.3471280558012004	1.1832800328208726
8	0.2310391324628332	0.3040797278281965	0.7597978796974232
8	0.366609624254687	0.33059115166283715	1.108951713954475
8	0.43249571841962237	0.33043469317793656	1.3088689757728518
8	0.5736434596798572	0.3620633462772304	1.584373192089488
8	0.34903346472787566	0.31360309109158513	1.1129783941636704
8	0.24399766249680863	0.20510700387782393	1.189611558277896
8	0.36444196901246023	0.32508404855429013	1.121069983695608
8	0.1475427166265796	0.2423040412435948	0.6089156246397514
8	0.30824314171141953	0.28297920876414673	1.0892784069105566
8	0.43605492336322144	0.3105734294657516	1.4040316459567166
8	0.4525758447070523	0.3590851653094704	1.2603579552416455
8	0.5080185253227063	0.3686208130958748	1.3781601778155035
8	0.5070449238278001	0.3760360779299793	1.3483943525286306
8	0.1898309746485637	0.2609168893352686	0.7275534179952524
8	0.43734631724014217	0.31566348505008146	1.3854827623497699
8	0.2681837193811468	0.31944034728010806	0.8395424111719495
8	0.24410607719936478	0.2968353627936957	0.8223618469913289
8	0.3638304812278671	0.3374247075431395	1.078256787646031
8	0.4351874897513863	0.3268784191279418	1.33134359531105
8	0.3023144692498388	0.33604039195930524	0.8996372950500823
8	0.2498517492613259	0.2874026793545875	0.869343841269717
8	0.4920095125449273	0.3188744374341307	1.542956897090758
8	0.2696541805874447	0.30487681048125737	0.8844693047063414
8	0.5059591427526989	0.397411575730455	1.2731363997707668
8	0.35456303867411615	0.2633947114693996	1.3461281614050487
8	0.42686194348642575	0.29560990762102624	1.4440041841685003
8	0.30112515667253326	0.28055224189370837	1.0733300672985506
8	0.4133169098178396	0.3466451076244228	1.1923344675201741
8	0.3647024260719156	0.3352433495164056	1.0878737090474881
8	0.3624762268704879	0.3137677731364463	1.1552372738830001
8	0.367345068405468	0.30735753148008765	1.195171846404768
8	0.1601693782455051	0.27433668992336396	0.5838423518569407
8	0.24500785992971572	0.2857571574486563	0.85739885613797
8	0.5087294448122687	0.35098119613867723	1.4494492879079
8	0.561945190633612	0.3101800046271945	1.8116744543511571
8	0.4068915010948571	0.27088382447047565	1.5020885868333025
8	0.36731546437477874	0.3536894163863242	1.038525461484466
8	0.419296242220034	0.35269831462050566	1.1888240596533215
8	0.3673416190738773	0.25576218883068125	1.4362624153058976
8	0.31021986290411113	0.2998961223533788	1.0344243882505673
8	0.2180257485283582	0.25741955310010434	0.8469665412074319
8	0.3232875195383378	0.24136040677107348	1.3394389074135546
8	0.1844651566633267	0.26183348359402037	0.7045132430401634
8	0.3770397823878524	0.2599494879420424	1.4504347955165662
8	0.39206683725713437	0.33926905231717513	1.1556221664762978
8	0.44455763908369	0.2989206384449805	1.4872095864518753
8	0.42532073487801936	0.27323818809577916	1.5565933072610267
8	0.4630984703449434	0.3627676287533737	1.2765705472022126
8	0.5243919818566166	0.25478335058659324	2.0581877922921477
8	0.39767681713243375	0.27646836783533263	1.4384170610407556
8	0.43258670721199804	0.26996706690959593	1.6023684376170915
8	0.36982042060327813	0.33145532821022117	1.1157473998086536
8	0.15091390921332729	0.2771664289764146	0.5444884135883905
8	0.3349894261544392	0.3003324216068132	1.1153954819869496
8	0.45097516189448056	0.3060919303516037	1.4733324115289528
8	0.2188653234833656	0.2899743304964748	0.7547748213044889
8	0.3771231844631743	0.318866045130382	1.1827009812505165
8	0.3565467232173456	0.32718045256192135	1.0897555780777168
8	0.6012034468541974	0.38093234464970616	1.5782420560980346
8	0.5415235466549373	0.3248103682108339	1.667199078766584
8	0.21812154801768732	0.28936439086643706	0.7537954043501035
8	0.22358583733013485	0.28207440769297143	0.7926484332938867
8	0.47584782122637215	0.36329894890332665	1.309796856453319
8	0.2778827804852704	0.2173535814123807	1.2784826395754152
8	0.37120975698319625	0.29967809952404795	1.2386949782875547
8	0.46856390952459215	0.3148042103917188	1.4884296145262679
8	0.2185335361627612	0.29269589318746736	0.7466231718625232
9	0.23743863322838862	0.3526956442146056	0.6732111301151021
9	0.20410728283544854	0.33541771094881123	0.6085167126627901
9	0.3469075256260823	0.2954579872145195	1.1741348707361479
9	0.5079438311729105	0.45204352009736787	1.1236613480567137
9	0.33267022890314246	0.39945895622023575	0.832802028150621
9	0.4723144401604483	0.4355758812435926	1.084344796162646
9	0.5259076028820705	0.43205827248471645	1.2172145202952314
9	0.6579610509322452	0.4502289591813588	1.461392115088734
9	0.4837150704455281	0.42654715644440516	1.134024839076788
9	0.28245358973855433	0.25574332579061304	1.1044416852927377
9	0.44106649196450687	0.41892441939861386	1.0528545760060466
9	0.2258824577324154	0.33538935154736477	0.6734932301525844
9	0.42146884674873986	0.3859214307597397	1.0921105001062525
9	0.524006847270115	0.40971570298487014	1.2789523160879812
9	0.5696912733364041	0.46850903089889867	1.2159664718594079
9	0.6371332033872369	0.4903586501691169	1.29932081990906
9	0.6251488277057559	0.4843658808062332	1.2906541366315638
9	0.2237868575139737	0.33514902552843817	0.6677234318707123
9	0.5131165394585687	0.40712984077963627	1.2603265299246365
9	0.3935220291808438	0.42566838659329564	0.9244802798964583
9	0.38449857002048715	0.41204346537840614	0.9331505103894252
9	0.508329897125554	0.45864624175703017	1.108326746945948
9	0.5758442629400968	0.438027844219978	1.314629356418053
9	0.42266218138174055	0.44453546092138463	0.9507951975432791
9	0.3853059703871579	0.3961946848004603	0.9725167579701722
9	0.5715735719504024	0.4014019209485717	1.423943290056236
9	0.3716848715031085	0.4101730896805611	0.9061659110610429
9	0.6149332649815377	0.5036497735208374	1.2209541179434207
9	0.46161384759083757	0.3588378777840104	1.2864133809995653
9	0.47658242337553314	0.38199458596448116	1.2476156492433823
9	0.32970798279512503	0.34798614935424405	0.9474744423218059
9	0.5216523027856773	0.4517801241037014	1.1546597004916876
9	0.5095204007249584	0.4504329862696532	1.1311791459694125
9	0.4542657259790574	0.4205067671149681	1.0802816066331211
9	0.4589789823368563	0.4100952704394629	1.119200867264353
9	0.29687802535426955	0.39355557029033145	0.7543484269203926
9	0.3364029253574747	0.38874943348480373	0.8653464066607437
9	0.593824651978618	0.4451056876072518	1.3341205662206488
9	0.6411919017475359	0.41418761393703085	1.5480711643033744
9	0.48502676392077054	0.36341620595344953	1.3346316316529325
9	0.5168759210657057	0.47482194213752343	1.0885678929218525
9	0.525936380389386	0.4598170686862915	1.1437948179957715
9	0.46777011893319503	0.3399193048499498	1.376121074205192
9	0.4080290058427814	0.39363372740249625	1.036570236334362
9	0.28487173397060506	0.34360316810735586	0.8290719073975457
9	0.4242408729563977	0.3287834532916158	1.2903352304050275
9	0.28006588819970185	0.3608663647558347	0.7760930791906773
9	0.5462265103181899	0.38428518984880533	1.4214092157262148
9	0.49219617415093725	0.44400815345878514	1.1085295851366053
9	0.5080327150575847	0.3712398912715471	1.368475551798875
9	0.4813301082112711	0.35136530781907327	1.3698851238299254
9	0.5769873444784497	0.46708430049946736	1.2352959494923286
9	0.6254666615046519	0.3411058001594913	1.8336441690883052
9	0.5425666865566796	0.3864519679478092	1.4039692679995717
9	0.5517425088323993	0.36856902718639023	1.4969855525960292
9	0.4780899380102364	0.43247685507595435	1.1054694196901502
9	0.1437840876896651	0.3310305954583592	0.4343528654521358
9	0.4729842899689055	0.4294521162443285	1.101366769606999
9	0.5890273708977757	0.4328700622110688	1.360748691857013
9	0.34147369006898215	0.4051542194122649	0.8428239759278315
9	0.5133932041494652	0.432123694970124	1.1880700135755342
9	0.4389437460778078	0.42808806216465156	1.0253585298741195
9	0.7186260042038962	0.48236341985081227	1.4898020343792993
9	0.6171182991561178	0.4259940108032384	1.4486548719135808
9	0.3649808482529663	0.4079622299590821	0.8946437229975266
9	0.31004536276527367	0.38404060512968996	0.8073244303439523
9	0.5459879989838398	0.45039361094142033	1.2122463234827119
9	0.3283421004071444	0.28416307181288897	1.155470689109617
9	0.47419640594498197	0.4001143678923901	1.1851521564767105
9	0.5500073868595926	0.42632941871083735	1.2900995397473174
9	0.3168063362357364	0.38549682840174887	0.8218130809252052
