0	1.0	0.999990397723597	1.0000096023686076
0	1.0	0.9999945461442663	1.0000054538854783
0	1.0	0.9999905350952194	1.0000094649943658
0	1.0	0.9999905350952194	1.0000094649943658
0	1.0	0.9999905350952194	1.0000094649943658
0	0.9997357878090597	0.9998611882448749	0.9998745821547136
0	1.0	0.9999899605941704	1.0000100395066203
0	1.0	0.9999902563056824	1.000009743789258
0	1.0	0.9999902563056824	1.000009743789258
0	1.0	0.9999910345448308	1.0000089655355493
0	1.0	0.9999901106600274	1.0000098894377727
0	1.0	0.999990397723597	1.0000096023686076
0	1.0	0.999990397723597	1.0000096023686076
0	1.0	0.999990397723597	1.0000096023686076
0	1.0	0.9999905350952194	1.0000094649943658
0	1.0	0.9999905350952194	1.0000094649943658
0	1.0	1.0	1.0
0	1.0	0.9999901106600274	1.0000098894377727
0	1.0	0.9999902563056824	1.000009743789258
0	1.0	0.9999905350952194	1.0000094649943658
0	1.0	0.9999898059037879	1.0000101942001327
0	0.9989410185026011	0.999468920132245	0.9994718178634568
0	1.0	0.9999901106600274	1.0000098894377727
0	1.0	0.9999905350952194	1.0000094649943658
0	1.0	0.9999902563056824	1.000009743789258
0	1.0	0.999990397723597	1.0000096023686076
0	1.0	0.9999902563056824	1.000009743789258
0	1.0	0.9999902563056824	1.000009743789258
0	1.0	0.9999901106600274	1.0000098894377727
0	1.0	0.9999905350952194	1.0000094649943658
0	1.0	0.9999902563056824	1.000009743789258
0	1.0	1.0	1.0
0	1.0	0.9999905350952194	1.0000094649943658
0	1.0	0.999990397723597	1.0000096023686076
0	1.0	0.9999905350952194	1.0000094649943658
0	1.0	0.9999905350952194	1.0000094649943658
0	1.0	0.9999905350952194	1.0000094649943658
0	1.0	0.9999905350952194	1.0000094649943658
0	1.0	0.9999905350952194	1.0000094649943658
0	1.0	0.9999905350952194	1.0000094649943658
0	1.0	0.9999905350952194	1.0000094649943658
0	1.0	0.999990397723597	1.0000096023686076
0	1.0	0.999990397723597	1.0000096023686076
0	1.0	0.999990397723597	1.0000096023686076
0	1.0	0.9999944621095092	1.0000055379211592
0	1.0	0.9999944621095092	1.0000055379211592
0	1.0	0.9999902563056824	1.000009743789258
0	1.0	0.9999902563056824	1.000009743789258
0	1.0	0.9999902563056824	1.000009743789258
0	1.0	0.9999905350952194	1.0000094649943658
0	1.0	0.9999905350952194	1.0000094649943658
0	1.0	0.9999899605941704	1.0000100395066203
0	1.0	0.9999902563056824	1.000009743789258
0	1.0	0.9999901106600274	1.0000098894377727
0	1.0	0.9999902563056824	1.000009743789258
0	1.0	0.9999902563056824	1.000009743789258
0	1.0	0.9999905350952194	1.0000094649943658
0	1.0	0.999990397723597	1.0000096023686076
0	1.0	0.999990397723597	1.0000096023686076
0	1.0	0.9999898059037879	1.0000101942001327
0	1.0	0.9999898059037879	1.0000101942001327
0	1.0	0.9999905350952194	1.0000094649943658
0	1.0	0.9999909005320481	1.000009099550753
0	1.0	0.999990397723597	1.0000096023686076
0	1.0	0.9999909005320481	1.000009099550753
0	1.0	0.9999905350952194	1.0000094649943658
0	1.0	0.9999901106600274	1.0000098894377727
0	1.0	0.9999901106600274	1.0000098894377727
0	1.0	0.9999909005320481	1.000009099550753
0	1.0	0.9999902563056824	1.000009743789258
0	1.0	0.999990397723597	1.0000096023686076
0	1.0	0.9999905350952194	1.0000094649943658
0	1.0	0.999990811154942	1.0000091889294935
1	0.6804264205733961	0.7625137589380978	0.8923464168318493
1	0.7974715137797206	0.807608445910304	0.9874482093619545
1	0.944821965556176	0.8492431256923858	1.1125459093776768
1	0.9149901223265036	0.8489005741511663	1.077853108111538
1	0.7720516652905082	0.7954003505597148	0.9706453671377233
1	0.8444603012992816	0.8185207018816516	1.0316908287817266
1	0.879167716142181	0.8154211257666591	1.078176280159025
1	0.6346196870517086	0.6015493858937472	1.0549752055832082
1	0.754610926432789	0.7825327811382291	0.964318613381504
1	0.9263608308236142	0.8495614648973414	1.0903988341038433
1	0.904176966989002	0.8379778899179835	1.0789985963442277
1	0.7998021397433993	0.8006614276197874	0.9989267774782874
1	0.8809158897608248	0.8442363635686989	1.043446986856947
1	0.9431011075464378	0.8630273800274819	1.092782372114783
1	0.742204279466444	0.7532902564287371	0.9852832598487992
1	0.856944773494591	0.8116112872025906	1.0558561555350627
1	0.8647505753370004	0.7338934100984702	1.1783054098019117
1	0.9471838453744219	0.8494067879591022	1.1151121686350682
1	0.8037696967406406	0.8148791929330296	0.9863666954700339
1	0.8506312174096674	0.7813114458857149	1.088722329474349
1	0.7441748133771621	0.8019335011206574	0.9279757141174664
1	0.8992801093439078	0.8453749805114396	1.063764755375013
1	0.7087022298439143	0.7522539107693471	0.9421050787480898
1	0.757001323508383	0.7847724734031829	0.9646124821703166
1	0.8809070747055102	0.8327252064289216	1.0578604657390076
1	0.8668481279472258	0.8368996796005268	1.035784992008832
1	0.8739288876018803	0.8310234849366519	1.0516295910319537
1	0.7433430168809878	0.7737436038572119	0.9607097405074844
1	0.8148968120508533	0.8020877619232103	1.0159696366603699
1	0.9067189628178726	0.8491385305078443	1.0678104104822463
1	0.9077312123482337	0.8499367848957466	1.06799850115862
1	0.8599634166139506	0.8436596293453295	1.019325076964122
1	0.7849153977894215	0.7938346266674965	0.9887643741171663
1	0.9127253501260646	0.8551410885918775	1.0673389015010475
1	0.8581509489404624	0.8182606118226927	1.0487501616739356
1	0.8099583453742484	0.8103505512664426	0.9995160046580072
1	0.9112754658549013	0.8395518490741077	1.0854308365348648
1	0.6446614418066474	0.7596895078998958	0.8485854222059289
1	0.8674513309664943	0.8367028201384952	1.0367496201613249
1	0.870412295374782	0.8224012532536485	1.058379096494793
1	0.8142957657186485	0.7965122989843766	1.0223266693520583
1	0.9406264246981298	0.8605063597729161	1.0931080450658808
1	0.8641374723925129	0.8230479982923252	1.04992354538914
1	0.6777282488093541	0.7472721604513458	0.90693630069132
1	0.8930346436981347	0.8203331996868908	1.0886242858865067
1	0.8976199015322684	0.8189690397310837	1.0960364287116526
1	0.820211478792868	0.818023662314137	1.0026745149065026
1	0.9118718108149877	0.8541578764593397	1.0675682282470824
1	0.9087329209277692	0.8431363764369612	1.0778006338286752
1	0.8949427790014113	0.8409612196057767	1.0641903076350416
1	0.8808589544604079	0.8464459297889744	1.0406559042466101
1	0.8461287789372257	0.8281317925385648	1.0217320317379588
1	0.887404888815972	0.8225578353009282	1.0788358589901705
1	0.8484953461527147	0.8196620967610525	1.035176994892894
1	0.8804647252941112	0.830195052801826	1.0605516406326803
1	0.8888644695407335	0.8329872311347108	1.0670805461566386
1	0.8716624276379393	0.7778718270853101	1.1205733352036455
1	0.7351970057785508	0.7463497707237949	0.985056919178218
1	0.7847053914087142	0.823973402711078	0.9523431081960143
1	0.8113439994413347	0.7763581798666217	1.0450640187506282
1	0.8640954992963321	0.8213684629178853	1.0520193290921596
1	0.7704621190542348	0.773122506949069	0.9965589051270376
1	0.7305916501973388	0.7701022217240524	0.9486943805482603
1	0.6971523966782212	0.7432563297813524	0.9379703458204065
1	0.8887266784881395	0.8151591974660626	1.090249219110528
1	0.8936376077058442	0.8398801566821166	1.0640060972938001
1	0.724572899048609	0.7393005526729582	0.9800789360009253
1	0.8327011490476431	0.7934146179053013	1.0495157642117339
1	0.627250226107889	0.7617512402602379	0.8234318409427215
1	0.8548700770378201	0.8196064729724473	1.0430250433936705
1	0.9109673143022442	0.8025508635776198	1.1350898187827303
1	0.8738475902165298	0.8436479048872882	1.0357965510899672
1	0.7421114152099715	0.7806853490350038	0.9505896532159684
2	0.6340288580412196	0.6651002512988037	0.9532831431097671
2	0.683343118832617	0.7063402501944349	0.9674418506442363
2	0.7975963602816034	0.7549144778006048	1.0565386990660843
2	0.8246181662725779	0.7558245684299456	1.0910179434700507
2	0.5953327185469182	0.6488614177082052	0.9175036491607843
2	0.6253848311399556	0.701112333722902	0.8919894873609855
2	0.7084241092854711	0.6924089736152967	1.0231295899973016
2	0.8135478159339786	0.7166145290594937	1.1352655897190684
2	0.727023784909249	0.6977759021350716	1.041915868238906
2	0.7789168298985034	0.7130536818784251	1.092367727274856
2	0.5218689169840234	0.6307995327149337	0.8273134172086689
2	0.7217993449463278	0.722017386891398	0.9996980101185526
2	0.7722851775430667	0.7489603722275645	1.0311429097992586
2	0.8453749911242447	0.7586918088026443	1.114253483846626
2	0.6462937127932671	0.7001083348574043	0.923133864596687
2	0.7253119040753693	0.7292272972640899	0.9946307643674197
2	0.8437442826796125	0.7636920478878619	1.1048226638121355
2	0.7136123258549167	0.6940840577453044	1.028135307088091
2	0.6062042585302568	0.6778061067808705	0.8943623441360318
2	0.7926340959780919	0.6875846462060271	1.1527803890789439
2	0.6483548100309716	0.6887198423677596	0.9413912162048119
2	0.7692244398386603	0.7546104799852349	1.0193662296522987
2	0.7604197270042569	0.7343593517487988	1.0354872246038647
2	0.748014792687953	0.7211559547842576	1.037244146325784
2	0.7351893962213295	0.7291606968500826	1.0082679982578469
2	0.7058300121681197	0.7004644410189725	1.0076600193171001
2	0.7128392375197644	0.7193095930657653	0.9910047695618467
2	0.7792138043486228	0.7535290592895436	1.0340859383489414
2	0.8107927361948926	0.7315423014873258	1.108333358913681
2	0.730778738423866	0.6615265327161278	1.1046854544494218
2	0.8220468628074884	0.7467682530255547	1.100805851717638
2	0.7719550329812518	0.7823561693168691	0.9867053693144654
2	0.7105933709678335	0.7185475203229488	0.9889302389471188
2	0.6542305295345295	0.6739090907415877	0.9707993830660404
2	0.7834709571313997	0.7172282594407092	1.092359296805101
2	0.789989561746453	0.7469059069823432	1.0576828411200774
2	0.7625332034087244	0.7242531469162091	1.0528545255971722
2	0.677207965262967	0.6772436531804743	0.9999473041683895
2	0.6811226585209227	0.7226234316625597	0.942569294983758
2	0.6735490421863233	0.6671756571934588	1.0095527840743992
2	0.8095556086610375	0.7269821302313828	1.1135839176726026
2	0.8948526567521167	0.775045569228484	1.154580701161732
2	0.6852772742113019	0.6890599341788651	0.9945104050026201
2	0.7120606233625674	0.713302997919402	0.9982582793560963
2	0.6452483140211249	0.6675462835972089	0.9665971182463531
2	0.7821695522371093	0.7122660793421919	1.0981423584841725
2	0.7657873366641081	0.7425806428583352	1.0312514122593417
2	0.7578879879605115	0.7243260984058129	1.0463353310457346
2	0.5324409598083171	0.6671182273829414	0.7981208396854125
2	0.8633187502826922	0.7544496343906473	1.144302695540407
2	0.7232324692124878	0.7336737922096473	0.9857684394508454
2	0.731380782444435	0.687858427573335	1.063272256508713
2	0.7965434421145376	0.713404472153092	1.116538335834268
2	0.8099425933669734	0.7160984072280795	1.1310492876281517
2	0.6044215426137858	0.6263914785242477	0.9649261896694026
2	0.8046080857579634	0.7453576067353277	1.079492687117199
2	0.8170285270357689	0.7448039433959566	1.0969712691241968
2	0.6830965726837585	0.708839886136705	0.9636824705318829
2	0.6253935226728969	0.6921190961181612	0.9035923530798338
2	0.7668223779431202	0.7496978711426766	1.0228418773209838
2	0.7127662908485362	0.7152400572129656	0.9965413481257345
2	0.7223590008924816	0.6770582701775429	1.0669081712908692
2	0.6485057976932923	0.6391117303350362	1.0146986307907875
2	0.5746384322382438	0.6740051294741728	0.8525727878162438
2	0.7657704110300039	0.6976518749255818	1.097639723410316
2	0.7368253899797483	0.7087943108510991	1.0395475509601513
2	0.6907221991437982	0.7102363867798333	0.9725243763917656
2	0.7944904812835706	0.7657915148597664	1.0374762136520403
2	0.6918010964033247	0.6602504091020909	1.0477859413129955
2	0.45561891083202005	0.6200241769624323	0.7348405558379159
2	0.8692349467640524	0.7589809345569482	1.1452658521277146
2	0.8103128053801507	0.7611067614448092	1.0646506461747018
2	0.7147402670298306	0.7279032187974177	0.9819166182705802
3	0.6339282149593753	0.665019858169976	0.9532470454398765
3	0.6833431175703493	0.706297136441771	0.9675009033916505
3	0.7975963595192803	0.7548574793082192	1.0566184761794088
3	0.8244020833246053	0.755688216258818	1.0909288587374946
3	0.595186641530884	0.6487668708030303	0.9174121989215851
3	0.6253848299646496	0.7010608766798481	0.8920549566628331
3	0.7084241084391024	0.6923689930888332	1.0231886689186402
3	0.8136328350975387	0.7164847857417758	1.1355898286872703
3	0.7267966915030764	0.6976265958117325	1.0418133366280318
3	0.7789168292377613	0.7130299035489265	1.0924041549462362
3	0.5216708757913561	0.630642564612193	0.8272053062453087
3	0.7217914740376737	0.7219726028426844	0.9997491195589729
3	0.7722714115609535	0.7489054968219772	1.031200084440735
3	0.8453476378819998	0.758629164760676	1.1143094375348472
3	0.6462645250934519	0.7000492286730268	0.9231701123626319
3	0.725238646987608	0.7291269010989323	0.994667246393647
3	0.8437442821660359	0.7636879091695518	1.1048286505983038
3	0.7134773627878307	0.6939586603975612	1.028126606819904
3	0.6058555576704724	0.6776387695261052	0.8940686172577859
3	0.7926340952310237	0.6875187231730718	1.1528909228432616
3	0.6483572636161478	0.688678046385161	0.9414519121370936
3	0.7691143385290986	0.7545359687035369	1.0193209739896305
3	0.7604197262997381	0.7343121037570581	1.0355538502077006
3	0.7479475286512433	0.7210702218367283	1.0372741877289737
3	0.73502713015005	0.7290481585464899	1.0082010653664917
3	0.7058300115342162	0.7004460520986505	1.0076864726690007
3	0.7128392367795762	0.7192892650038889	0.9910327756326548
3	0.7792709958507911	0.753496549846339	1.0342064552381935
3	0.8107724723224307	0.7314863572915777	1.108390422104959
3	0.730521914444915	0.6613270352947577	1.1046303499739984
3	0.8219651603652752	0.7466779445286869	1.1008295696802866
3	0.7716885740723737	0.7821824783599495	0.9865838156978676
3	0.7105395499084974	0.718476615856639	0.9889529237654058
3	0.6542305285102433	0.6738701311075803	0.9708555080708844
3	0.7834682279564186	0.7172058657677539	1.092389598790763
3	0.7899680333932997	0.7468448477566957	1.057740487553919
3	0.762313000962766	0.7241087182312331	1.0527604236348014
3	0.6772079640457431	0.6771741890736362	1.0000498763429733
3	0.6808983190577799	0.7224989845596372	0.9424211432944601
3	0.6733606989167065	0.6670126222027487	1.0095171762911979
3	0.8095160420500009	0.7269116561675125	1.1136374484872102
3	0.894847795524343	0.7750095575859686	1.154628077506104
3	0.6850796568785362	0.6889472545990625	0.994386220868567
3	0.7119100578517404	0.7130908484856567	0.9983441231416391
3	0.6452483132052949	0.6675176022706105	0.9666386489441402
3	0.7821695514528654	0.7122002353970402	1.0982438822374418
3	0.7657873358834429	0.7425358956304551	1.0313135572163095
3	0.7578879874487657	0.7243092022467429	1.0463597384899495
3	0.5324409587483042	0.6670791156098155	0.7981676330274097
3	0.8633165103570135	0.7543777318860342	1.1444087939852352
3	0.7229256890521794	0.7334825269813436	0.9856072400625396
3	0.7313807815988735	0.6878100581281885	1.0633470286684361
3	0.7965434415271464	0.7133859532845783	1.1165673193587478
3	0.809882803357583	0.715939640334638	1.1312165966659353
3	0.604307313526445	0.6262455516763965	0.9649686323659704
3	0.8045656743790168	0.7452904797232013	1.0795330093010582
3	0.8170285264380479	0.7447743191001773	1.0970149016754052
3	0.6828882221978851	0.7087181502220111	0.9635540193008538
3	0.625393521612126	0.6920737089070687	0.9036516104617747
3	0.7665491763669239	0.7495578682999722	1.0226684406708832
3	0.7126036551244721	0.7151271402136368	0.996471277696983
3	0.7223590001664482	0.6770286517999649	1.0669548448887163
3	0.6485057968252965	0.6390497603102726	1.0147970269332904
3	0.5746722866623549	0.6739597165251959	0.8526804682411175
3	0.7657704105068364	0.697624352752933	1.097683025950841
3	0.7367500128031024	0.7087090237832052	1.0395662931878724
3	0.6904612035222232	0.7101191988081329	0.9723173302187804
3	0.7944906515715827	0.7657465031124625	1.0375374204678525
3	0.6918010958748613	0.6602390011603168	1.0478040446854497
3	0.4556088157189672	0.619980276060256	0.7348763070563983
3	0.8692349463166594	0.7589499396884992	1.1453126232191615
3	0.8101004420286451	0.7609816426991562	1.0645466284249214
3	0.7146157258317186	0.7278029931394592	0.9818807185020553
4	0.6339282149593753	0.665019858169976	0.9532470454398765
4	0.6833431175703493	0.706297136441771	0.9675009033916505
4	0.7975963595192803	0.7548574793082192	1.0566184761794088
4	0.8244020833246053	0.755688216258818	1.0909288587374946
4	0.595186641530884	0.6487668708030303	0.9174121989215851
4	0.6253848299646496	0.7010608766798481	0.8920549566628331
4	0.7084241084391024	0.6923689930888332	1.0231886689186402
4	0.8136328350975387	0.7164847857417758	1.1355898286872703
4	0.7267966915030764	0.6976265958117325	1.0418133366280318
4	0.7789168292377613	0.7130299035489265	1.0924041549462362
4	0.5216708757913561	0.630642564612193	0.8272053062453087
4	0.7217914740376737	0.7219726028426844	0.9997491195589729
4	0.7722714115609535	0.7489054968219772	1.031200084440735
4	0.8453476378819998	0.758629164760676	1.1143094375348472
4	0.6462645250934519	0.7000492286730268	0.9231701123626319
4	0.725238646987608	0.7291269010989323	0.994667246393647
4	0.8437442821660359	0.7636879091695518	1.1048286505983038
4	0.7134773627878307	0.6939586603975612	1.028126606819904
4	0.6058555576704724	0.6776387695261052	0.8940686172577859
4	0.7926340952310237	0.6875187231730718	1.1528909228432616
4	0.6483572636161478	0.688678046385161	0.9414519121370936
4	0.7691143385290986	0.7545359687035369	1.0193209739896305
4	0.7604197262997381	0.7343121037570581	1.0355538502077006
4	0.7479475286512433	0.7210702218367283	1.0372741877289737
4	0.73502713015005	0.7290481585464899	1.0082010653664917
4	0.7058300115342162	0.7004460520986505	1.0076864726690007
4	0.7128392367795762	0.7192892650038889	0.9910327756326548
4	0.7792709958507911	0.753496549846339	1.0342064552381935
4	0.8107724723224307	0.7314863572915777	1.108390422104959
4	0.730521914444915	0.6613270352947577	1.1046303499739984
4	0.8219651603652752	0.7466779445286869	1.1008295696802866
4	0.7716885740723737	0.7821824783599495	0.9865838156978676
4	0.7105395499084974	0.718476615856639	0.9889529237654058
4	0.6542305285102433	0.6738701311075803	0.9708555080708844
4	0.7834682279564186	0.7172058657677539	1.092389598790763
4	0.7899680333932997	0.7468448477566957	1.057740487553919
4	0.762313000962766	0.7241087182312331	1.0527604236348014
4	0.6772079640457431	0.6771741890736362	1.0000498763429733
4	0.6808983190577799	0.7224989845596372	0.9424211432944601
4	0.6733606989167065	0.6670126222027487	1.0095171762911979
4	0.8095160420500009	0.7269116561675125	1.1136374484872102
4	0.894847795524343	0.7750095575859686	1.154628077506104
4	0.6850796568785362	0.6889472545990625	0.994386220868567
4	0.7119100578517404	0.7130908484856567	0.9983441231416391
4	0.6452483132052949	0.6675176022706105	0.9666386489441402
4	0.7821695514528654	0.7122002353970402	1.0982438822374418
4	0.7657873358834429	0.7425358956304551	1.0313135572163095
4	0.7578879874487657	0.7243092022467429	1.0463597384899495
4	0.5324409587483042	0.6670791156098155	0.7981676330274097
4	0.8633165103570135	0.7543777318860342	1.1444087939852352
4	0.7229256890521794	0.7334825269813436	0.9856072400625396
4	0.7313807815988735	0.6878100581281885	1.0633470286684361
4	0.7965434415271464	0.7133859532845783	1.1165673193587478
4	0.809882803357583	0.715939640334638	1.1312165966659353
4	0.604307313526445	0.6262455516763965	0.9649686323659704
4	0.8045656743790168	0.7452904797232013	1.0795330093010582
4	0.8170285264380479	0.7447743191001773	1.0970149016754052
4	0.6828882221978851	0.7087181502220111	0.9635540193008538
4	0.625393521612126	0.6920737089070687	0.9036516104617747
4	0.7665491763669239	0.7495578682999722	1.0226684406708832
4	0.7126036551244721	0.7151271402136368	0.996471277696983
4	0.7223590001664482	0.6770286517999649	1.0669548448887163
4	0.6485057968252965	0.6390497603102726	1.0147970269332904
4	0.5746722866623549	0.6739597165251959	0.8526804682411175
4	0.7657704105068364	0.697624352752933	1.097683025950841
4	0.7367500128031024	0.7087090237832052	1.0395662931878724
4	0.6904612035222232	0.7101191988081329	0.9723173302187804
4	0.7944906515715827	0.7657465031124625	1.0375374204678525
4	0.6918010958748613	0.6602390011603168	1.0478040446854497
4	0.4556088157189672	0.619980276060256	0.7348763070563983
4	0.8692349463166594	0.7589499396884992	1.1453126232191615
4	0.8101004420286451	0.7609816426991562	1.0645466284249214
4	0.7146157258317186	0.7278029931394592	0.9818807185020553
5	0.7038779358386185	0.7093713383501157	0.9922559564863813
5	0.7135817302615418	0.7241904451033423	0.9853509323223857
5	0.7787336342838554	0.7542736199738579	1.032428569238369
5	0.8213035666052179	0.7657576122859194	1.0725372538622033
5	0.6247356584742526	0.6821935944035982	0.9157747354992718
5	0.6787273614025573	0.7144463266889647	0.9500046904125834
5	0.72174186974081	0.7074746199263886	1.0201664475481904
5	0.7689541107956278	0.7264361194864424	1.0585295667005707
5	0.7096855934168308	0.7106586877765378	0.9986307148896588
5	0.771868448823758	0.7249314596078207	1.0647467958437473
5	0.6063429065865333	0.6783836662012306	0.8938052857049072
5	0.7335719043236543	0.73339378053009	1.000242876062346
5	0.7661846324681537	0.7512254741017786	1.019913007322151
5	0.8070960852860033	0.7488194616686269	1.0778246648231018
5	0.6868868694411513	0.7259689476121249	0.9461656338063448
5	0.7631172671933862	0.7512296808060878	1.0158241702784465
5	0.8105558249299363	0.758454806859297	1.0686936355329932
5	0.7476355876364706	0.7208765055193374	1.0371202028534074
5	0.6878008954230473	0.7122847468469052	0.9656263151327592
5	0.7372844017885265	0.7034079803196903	1.0481604167377228
5	0.700537229511284	0.7243702899478707	0.9670982358507528
5	0.7824219304561179	0.7532762106018448	1.038691942535908
5	0.7709353900873133	0.7520405885772667	1.0251247097524248
5	0.7619107285041199	0.7411519852965659	1.0280087534262592
5	0.7520883822613561	0.741392799196273	1.0144263379367562
5	0.7132104776211838	0.7307274828519076	0.9760279917728593
5	0.771130653517741	0.7382287298927751	1.044568739054283
5	0.7663997041099131	0.7480914779538861	1.0244732451786538
5	0.791226829121049	0.7432759396511662	1.0645129041744403
5	0.7502601475201947	0.7095239010540505	1.0574134943243314
5	0.827456803078417	0.7625107791904017	1.0851739092225974
5	0.7862171351995378	0.7756277588831983	1.0136526525708502
5	0.6979289846674324	0.7182684746522618	0.9716826079626054
5	0.7366930678591701	0.7181213676390896	1.025861506225803
5	0.771518419764042	0.7387230994370764	1.044394605166613
5	0.7764582005854791	0.7461135653818681	1.0406702633641036
5	0.7653087123488467	0.7413802132894822	1.0322756105847422
5	0.7446448807335686	0.7230227152362614	1.0299052367811732
5	0.7373659334149677	0.7392363066768343	0.9974698574123413
5	0.7264715748650354	0.7207075557620283	1.007997722594864
5	0.778731579714993	0.7401260112699737	1.05216080485913
5	0.8474112394555446	0.7740001405440831	1.0948463638002148
5	0.748090347805358	0.7346915093563207	1.0182373666748596
5	0.7568158563168501	0.7410564955471098	1.0212660719721582
5	0.7554555701949538	0.7258180845847281	1.0408332146025028
5	0.778706987030991	0.7421926963805443	1.0491978576837473
5	0.7524534488732626	0.7440102005359812	1.0113482964765792
5	0.7959820021008198	0.7464405265405597	1.0663702918032387
5	0.6375075523139629	0.6967248991283452	0.9150061281167536
5	0.843194854898337	0.762959956839145	1.1051626593767725
5	0.735384693024774	0.7406716652039176	0.9928619219182795
5	0.7352699482666476	0.7115562856225512	1.0333264748316415
5	0.8122040544141528	0.747657191394245	1.0863321636745573
5	0.7588309139740772	0.738641816501349	1.027332730183563
5	0.6790599682393811	0.6899937416730608	0.98415380781981
5	0.7852605249625927	0.7484918240027961	1.0491237175620227
5	0.780150181123524	0.7349995255282145	1.0614295030501708
5	0.7037364004774277	0.7177038082261283	0.980538757648197
5	0.668418540800157	0.7171824810977254	0.932006230516214
5	0.7778477692761343	0.757592558419737	1.0267362853967938
5	0.7487856699614619	0.7428277516379326	1.0080205920018364
5	0.702228411639842	0.6896821852099372	1.0181913157958193
5	0.680217192492377	0.6767752853000997	1.0050857459884208
5	0.642411961839284	0.6986166999964858	0.919548533326666
5	0.7957610027579112	0.7255383131061426	1.0967870178366381
5	0.7468039312834759	0.7186826761791179	1.0391288896149062
5	0.7108776140921188	0.7269181979132755	0.9779334402863987
5	0.7429984453361146	0.7509309334596853	0.9894364611043199
5	0.6949927888610747	0.6755688486740974	1.0287519772782592
5	0.6511291093643041	0.7011523752616747	0.9286556422507994
5	0.8296192356814136	0.7488002406770112	1.1079313154751815
5	0.7936786468269865	0.7607792050703692	1.0432444019728093
5	0.718330579391386	0.7276590392868915	0.9871801772645504
6	0.4742943098694966	0.5170507256394875	0.9173071158209674
6	0.5297788643686113	0.5278730486949527	1.0036103674517394
6	0.6340027492020427	0.5663714039544838	1.1194116524516375
6	0.6262031079045475	0.5722696927491066	1.0942447517993694
6	0.44666002500315183	0.48548004726749705	0.9200378625592504
6	0.4742516641521091	0.5230601442645917	0.9066866771485601
6	0.5582769277371687	0.526112127880101	1.0611367770339597
6	0.574443907623731	0.506472242819252	1.1342061006662838
6	0.5812181796086684	0.5386225965512715	1.0790824286432295
6	0.5419863696170208	0.5095366909590282	1.0636846751838758
6	0.450624890270848	0.4964503457892888	0.9076937786283852
6	0.501893286365435	0.5314451081550012	0.9443934635278509
6	0.5800233724941247	0.5513055263043997	1.052090619120456
6	0.6243046488622297	0.5638554663050179	1.1072068751117006
6	0.46883912327695654	0.52328498285047	0.8959537128756636
6	0.5577490959198736	0.5484442342032202	1.0169659213031415
6	0.6140400596135946	0.5559413952655614	1.1045050158934122
6	0.5611111611931503	0.5376333862836757	1.04366874436828
6	0.4655604622712836	0.513451550186509	0.9067271529361842
6	0.5618732703582661	0.5176254314886929	1.0854823510937557
6	0.515507165856297	0.5233349330908971	0.9850425287141295
6	0.4778705401294247	0.5229656567321892	0.9137704053368504
6	0.5457675800594446	0.5485913358460953	0.9948527153052907
6	0.5503505751863882	0.526341193199231	1.0456156240426904
6	0.5351246254866852	0.5342894201803909	1.001563207645048
6	0.5037584651902184	0.5241894490045801	0.9610236645297621
6	0.5526809599815272	0.5406652680075098	1.022223902079559
6	0.5639168614063184	0.5558152593758974	1.0145760698249233
6	0.5663752685508092	0.5452867547118139	1.0386741721796282
6	0.5893085571837663	0.5220236529292068	1.1288924436220598
6	0.6342479748775612	0.5601194139260164	1.13234420930344
6	0.5670493735983441	0.564799724721968	1.003983091311674
6	0.47658614670486155	0.5150671634468152	0.9252893224944883
6	0.5181661264861148	0.509175315767971	1.017657593445164
6	0.5731028211853912	0.5397682489878848	1.0617571934992691
6	0.5823167523516113	0.5547396767119456	1.0497117419167141
6	0.6016076763503156	0.5536243644813829	1.086671243079921
6	0.5554913205195721	0.5448773395253749	1.0194795786579098
6	0.51165550869638	0.5323680570641667	0.9610935553083152
6	0.5154328630968277	0.5169362615027807	0.9970917141668829
6	0.5562371153621124	0.5264819443888468	1.0565169827577015
6	0.668084646530287	0.5762542058831202	1.1593575191463201
6	0.5622271675175692	0.543184950600595	1.0350565988544405
6	0.5417844843267862	0.5453927455626802	0.9933841048212487
6	0.5293493339186576	0.5157666487791251	1.0263349426948876
6	0.5685623398679603	0.5507554378461191	1.032331777043328
6	0.5498698518316586	0.5420508968694614	1.0144247615996107
6	0.6119325116036015	0.5397294112258691	1.133776479243071
6	0.45888834087368735	0.5166645713024575	0.8881745843669476
6	0.6519225059048515	0.556091230716806	1.172330131990246
6	0.4991229245082865	0.5265105784615478	0.9479827090401727
6	0.5678677409871066	0.5232785802510306	1.085211133073105
6	0.6274239481257692	0.5403502138317723	1.1611431476570224
6	0.5704746252619093	0.5481492407681996	1.0407286607975994
6	0.4769375842662049	0.47721278548665985	0.9994233154919052
6	0.6139455659261681	0.561280892914714	1.0938294420427679
6	0.5782307626764095	0.5395013100759223	1.0717875042695206
6	0.47818706011429235	0.5156437235223301	0.9273594117423293
6	0.44590609786461255	0.5225384526205151	0.8533459989947275
6	0.5808592153351563	0.5575220622708136	1.0418587077420567
6	0.5288545423237542	0.5398933483388919	0.9795537284371049
6	0.5276791282140663	0.4975226588509184	1.0606132581635528
6	0.5334661195078229	0.48429120746127813	1.1015399645686867
6	0.46635055796241437	0.5103453871684147	0.9137940102680266
6	0.615157118530167	0.5395492905571229	1.1401314565625202
6	0.5538217571265838	0.513152508799391	1.0792537259972586
6	0.5185634782286492	0.5324069578954316	0.9739983118900161
6	0.5495157695178031	0.5434084898912936	1.011238837338981
6	0.5432954806499144	0.4847079747230464	1.120871759868081
6	0.3803362210362342	0.48116238489874236	0.7904529384945035
6	0.5886262825700437	0.5288872828987179	1.112952233118386
6	0.5953767016783691	0.5597705689975752	1.06360844005171
6	0.5088676739412867	0.5257700783237397	0.967852099084183
7	0.1318101737908972	0.20833956626078293	0.6326699059453148
7	0.20827471890972052	0.20330333613281376	1.0244530309805593
7	0.26226187706626347	0.20870809989901704	1.2565965441358449
7	0.22615527127233012	0.21718502976810133	1.0413023011475824
7	0.13334359244227856	0.19473469164565002	0.6847449281657421
7	0.192525603268606	0.20282971968755492	0.9491981922825624
7	0.2342768419207472	0.19976454190916604	1.1727648945190388
7	0.27948539696776986	0.20373363039391998	1.3718176838422969
7	0.2697331973437854	0.21282675464919049	1.2673838765638077
7	0.20385123325431492	0.18069056898902722	1.1281786005482897
7	0.1619135038853734	0.20320989654125243	0.796779618715589
7	0.16343944916466988	0.1952028240703063	0.8372801466530208
7	0.23384049995645576	0.2051495270141771	1.1398539560868495
7	0.2954602258161025	0.22217924886952292	1.3298281784615025
7	0.12588779672407302	0.1935614972182424	0.6503762294323099
7	0.20653292193436099	0.21129580277830012	0.9774587058459626
7	0.25117647113909547	0.17984068533627362	1.39666099842444
7	0.1962648114009144	0.20865637488374597	0.9406125813805803
7	0.10092253862040206	0.18128975554753843	0.5566919008500609
7	0.22827033695241247	0.17843570030820569	1.2792862446143298
7	0.16097106371488012	0.1799947840161545	0.8943096023295486
7	0.1476177713689018	0.19873993728568093	0.7427685315040983
7	0.2535550232317441	0.21988795119446614	1.1531101265639756
7	0.27447134996317535	0.20125092175550735	1.3638265483157435
7	0.1588488038728895	0.1960336309500996	0.8103140420498791
7	0.19503733960054528	0.20538617548595003	0.9496127922878982
7	0.2272762429512276	0.20644691987531005	1.1008943271640868
7	0.2092943103801711	0.20735331703801965	1.0093608019870526
7	0.20652968444591988	0.20358853753548595	1.014446525064906
7	0.2599424059462463	0.21933559399240043	1.185135532335225
7	0.2981556371465191	0.2188784143973883	1.3621975376941362
7	0.2648182370769952	0.19076165660774455	1.3882152303884119
7	0.1484696302016956	0.1951376483085131	0.7608456465918086
7	0.1949440616011601	0.18731417283819995	1.0407331097660761
7	0.23237487413592922	0.20226716278544643	1.148851207165146
7	0.2097588448840477	0.2075830903806803	1.0104813667595822
7	0.25601463913707706	0.2200789107665252	1.1632856517027883
7	0.21834917439494053	0.2079313290883549	1.0501023359599593
7	0.1569752692769133	0.20600460034329676	0.7619988534980362
7	0.2624264404675799	0.22016600905581182	1.1919480286398574
7	0.25049958483762014	0.2077880025015515	1.2055536499791404
7	0.2681268636761892	0.19709045153174967	1.3604254371145734
7	0.2664360026027535	0.22627361094899331	1.1774948103109277
7	0.14111558901262664	0.21177637682630465	0.6663424463455015
7	0.1948486759522859	0.19123998228708056	1.0188699748977603
7	0.24336276126448284	0.21738702371413493	1.119490745613713
7	0.20797282333931363	0.20270243226082926	1.0260006306767087
7	0.20511079409775582	0.18303428146391754	1.1206140863737066
7	0.21726852698952082	0.21019553106615074	1.0336496018135806
7	0.2839686478115035	0.21275310165451355	1.3347332922677468
7	0.14669199114314432	0.20311116480854616	0.7222251483881602
7	0.2336504902066905	0.20895765543354583	1.1181714770005047
7	0.24331239071317332	0.1871109429376649	1.3003643020185711
7	0.22382667108024956	0.20077854102096088	1.1147937919166497
7	0.2644313787214555	0.20388368582532138	1.2969717397987828
7	0.26747980996575843	0.2231284098524123	1.1987707443560516
7	0.1938435255377302	0.18984395568374973	1.0210676702325099
7	0.19273313935787012	0.19973711649191822	0.9649340229945119
7	0.1612070018719239	0.18765792926731092	0.8590471103530681
7	0.23714699206472611	0.22300600261803155	1.0634108018648964
7	0.27642006134610975	0.22097898079754805	1.2508884797480109
7	0.22348713108631915	0.19233591860244909	1.161962532584766
7	0.2906647972250875	0.1953635432272136	1.4878149342686504
7	0.19202329142020488	0.18932883742353426	1.0142316090529995
7	0.2734476912723045	0.21356094467958678	1.280419936719085
7	0.30841037041956026	0.20495679722026328	1.5047579519312908
7	0.15606299225708942	0.20135895019776304	0.7750486983757784
7	0.22138956564747558	0.20289109606609235	1.0911743784722683
7	0.24397264320813167	0.20647178568998653	1.1816270314746633
7	0.19652648824945385	0.19825820077879033	0.9912653674726492
7	0.2316349160350254	0.19251320455397797	1.2032157304309912
7	0.2731110773659876	0.2126779889681966	1.2841529990526102
7	0.17259234394803596	0.21060210705767748	0.8195186000715947
8	0.42901358930587113	0.42257132553745513	1.0152453878885943
8	0.40219265521422387	0.4105277373811584	0.9796966650290045
8	0.42348868525057193	0.41687560401029583	1.0158634402604974
8	0.40898482832930555	0.4119205078260988	0.9928731892658459
8	0.412866373826483	0.41671019825895145	0.9907757850695081
8	0.4100759842625133	0.4144514139490875	0.9894428404891105
8	0.4302779023294639	0.42092010503557264	1.0222317660333673
8	0.40282148036589804	0.40728631926568304	0.9890375917663159
8	0.4271998532370743	0.42073068015220244	1.0153760431317527
8	0.41840493329042105	0.4115815741771166	1.0165783882015285
8	0.42114322102559476	0.42090659422692744	1.0005621836338818
8	0.4221563990198149	0.4185170781753936	1.0086957522982996
8	0.407120829690028	0.41329000504096775	0.9850730110196393
8	0.4402313265954492	0.4246688689696586	1.0366460994975888
8	0.41503370949719204	0.4155755975817928	0.9986960541288902
8	0.4207138905787468	0.4169177425590001	1.0091052685751543
8	0.4416818774790488	0.4173543792280054	1.0582897879160698
8	0.42716692774896187	0.4193780091683769	1.018572548894565
8	0.4095782195214072	0.4175440082996263	0.9809222773650654
8	0.4379497927695205	0.41912614493014166	1.044911652654158
8	0.42046565363630106	0.4159249429978013	1.0109171395342929
8	0.40766129976274584	0.4183773681144168	0.9743865964835355
8	0.4160515337450469	0.4167896280910415	0.9982290961764687
8	0.4020102664024716	0.4039924541541129	0.9950935030314079
8	0.4189215182392938	0.42161600583255443	0.9936091430211719
8	0.3938693014809029	0.40980195651735046	0.9611210859707718
8	0.4107310677811283	0.4116927322243107	0.997664120913705
8	0.40738862486665567	0.41282783169265447	0.9868245151890626
8	0.42598182513685173	0.42459981785455914	1.0032548466206972
8	0.4283222640499723	0.4154905613645401	1.0308832591606671
8	0.4321486659574727	0.41820438959335976	1.0333432089932668
8	0.4323008614630484	0.4022319157864516	1.0747552456592246
8	0.42766558935416216	0.42303695749086273	1.0109414361590368
8	0.4144135042015189	0.41449961352306636	0.9997922571728944
8	0.4136920735207109	0.4150570699477859	0.9967113042376397
8	0.4031005230515509	0.4079210154815167	0.9881827798838076
8	0.42853079097887475	0.41941499935660037	1.0217345389083805
8	0.41594715381267894	0.4190640897494012	0.9925621497690577
8	0.41091819968935794	0.41449580252312096	0.991368783924987
8	0.4115875495709191	0.41413299585850855	0.9938535535370402
8	0.4283164611034264	0.4195000879047077	1.0210163798600238
8	0.43519024599630846	0.4198973705548104	1.0364205077571493
8	0.41703068083844974	0.42016752706029165	0.9925342963941338
8	0.42010533552640056	0.42203884098648714	0.9954186551750376
8	0.42197437071112254	0.41769243983871646	1.0102513966354274
8	0.41625620713370226	0.4156052382411128	1.0015663154183148
8	0.40714576550851206	0.4128278669103256	0.9862361486293565
8	0.41262462567872477	0.4134770340408203	0.9979384384332906
8	0.3994858038020213	0.40909083425913984	0.9765210323655548
8	0.42046364395690344	0.4124437660369235	1.019444779095684
8	0.4096383923551938	0.41564047042114577	0.9855594474237064
8	0.40880309598777054	0.4156159123114532	0.9836079030617643
8	0.43889944746101084	0.41989836743936587	1.045251616807938
8	0.42044987365361686	0.4176768523724875	1.0066391548044333
8	0.40854094886744285	0.4081146641695832	1.0010445218838853
8	0.4177995531802068	0.4135370687358388	1.010307381772082
8	0.4359017664203248	0.4220962411661631	1.0327070556610973
8	0.428443710780295	0.4195501333855525	1.0211978895656066
8	0.4244694809746497	0.4218591036522114	1.006187794218115
8	0.42937943877140305	0.42175734176246055	1.018072233140248
8	0.44284874595411694	0.41864525839635824	1.0578138342005148
8	0.41695535291276997	0.41467200018615497	1.005506406812107
8	0.43308161511099064	0.41508596151646826	1.043354040519167
8	0.4176141436634327	0.4176697790173722	0.9998667958355274
8	0.4088533057756702	0.4105348700725392	0.9959039671914547
8	0.42053813066779483	0.4106631727565097	1.0240463683290641
8	0.4128649691407293	0.41934405502013444	0.9845494748242131
8	0.40064243984252973	0.41023342365925514	0.9766206670066655
8	0.4101707504407649	0.41423234182829505	0.9901948955274629
8	0.39342050040979126	0.4053788956945682	0.970500695986436
8	0.43870574819534836	0.4230256315541344	1.0370665876287626
8	0.4238154238142852	0.4129310299454069	1.0263588664439127
8	0.4263727677903462	0.4174854374034423	1.0212877614179283
9	0.8866492431519233	0.8898274224990861	0.9964283193945216
9	0.890976700277374	0.8899842436038558	1.001115139600112
9	0.8888883717702452	0.8849408473105089	1.004460777770326
9	0.8932135142533167	0.8914106217177891	1.0020225163259255
9	0.8832339581642068	0.8872155013795698	0.9955123155432114
9	0.8859530324388978	0.8868640941187372	0.9989727155650102
9	0.8979166895068196	0.8909943141667679	1.0077692699380751
9	0.8970204277555797	0.8898657934640561	1.008040127336137
9	0.8927126970825738	0.8893478155083037	1.003783538358777
9	0.8953265114796051	0.8890257820484475	1.0070872291427138
9	0.8848365288821456	0.887223062109174	0.9973101091157899
9	0.8859556881357002	0.8879929295021114	0.9977057910049426
9	0.8923200917800699	0.8889934394254075	1.0037420437622266
9	0.8904643545318387	0.8872921666569259	1.0035751334161607
9	0.8822953870439324	0.8864349426952701	0.9953301077699497
9	0.885825730044552	0.8874001115418151	0.998225849335845
9	0.8968904853205647	0.8858283412387702	1.0124879094140575
9	0.8836241623447517	0.8860557540629111	0.997255712513564
9	0.8819763717087593	0.8868921839404685	0.9944572606222909
9	0.8847735126783423	0.8825821346566279	1.002482916813818
9	0.892686577080497	0.8893546382771593	1.0037464681241133
9	0.8802417236528213	0.886095948846589	0.9933932378300702
9	0.8904045388023292	0.8882669865233365	1.0024064299489042
9	0.8955116608684803	0.8880734568534897	1.0083756630238052
9	0.888537971361645	0.8901893761721673	0.9981448837126956
9	0.8808623705122762	0.8861065659642184	0.9940817553403007
9	0.893814143004333	0.8887492787697164	1.005698867335935
9	0.8799527280956936	0.883866319810572	0.995572190469123
9	0.8841834824155943	0.8865755603529537	0.997301890505072
9	0.8895197347362759	0.8860520823055041	1.003913598873047
9	0.887536995108256	0.8833574134980332	1.0047314728402765
9	0.8968084438064288	0.8859590214294488	1.0122459641073185
9	0.8816384882826642	0.8864145862658102	0.9946118914815401
9	0.8828132461920923	0.8840602677999235	0.9985894382393923
9	0.8896442988658981	0.8878921830503528	1.0019733429902784
9	0.8845000044420387	0.8860920968944487	0.9982032426900207
9	0.890296522794806	0.8875945585084685	1.0030441424639622
9	0.8902570357217587	0.8890618771654901	1.0013442917607478
9	0.8818610089417713	0.8867612226730082	0.9944740324611107
9	0.8895785921051678	0.8873777241833758	1.002480192889468
9	0.8941594395027743	0.8885700045402816	1.0062903709712603
9	0.8947303840014607	0.8871896875884467	1.0084995311808809
9	0.891263952093296	0.8900703679913861	1.0013409997061282
9	0.8825624173496585	0.887581413552585	0.9943453117355874
9	0.8979463872361834	0.8913439651941558	1.00740726621803
9	0.8901518735370718	0.8879997928596838	1.0024235148416618
9	0.8839487713692535	0.8862930680102955	0.9973549419197142
9	0.8983324816339234	0.8907532422795986	1.0085087979415357
9	0.8906475956379168	0.8891575373865287	1.001675809053779
9	0.8925307064755647	0.8883179890843353	1.0047423528995194
9	0.8869699771616921	0.888117709808131	0.9987076795859787
9	0.8862714700293912	0.8869699735624422	0.9992124834505439
9	0.8982290882147583	0.8887045988371777	1.010717272522324
9	0.8920499290931423	0.8894711181465162	1.0028992632745624
9	0.8918034449064516	0.8871708278292606	1.0052217869793196
9	0.8909466042835653	0.8883623219565507	1.002909040898226
9	0.8865360998472999	0.8860122391687355	1.0005912567066295
9	0.8897283625688976	0.8872684641665775	1.0027724397988502
9	0.8846679836262785	0.8872071833191605	0.9971379856468446
9	0.8864608881725625	0.886644723835258	0.9997926614147092
9	0.8890484559283713	0.8852331110591976	1.0043099888848583
9	0.8879473922419497	0.8864588499015846	1.0016792007215343
9	0.8926127737375356	0.8848665930459236	1.0087540661524441
9	0.8957556559054289	0.8895762868413519	1.0069464183740984
9	0.893062301460157	0.8892228638498338	1.0043177450405407
9	0.8980383101239201	0.8863844037023898	1.0131476889404332
9	0.8759960583236927	0.8844344880838716	0.9904589544235652
9	0.8798654761960654	0.8847733242555937	0.9944529882118026
9	0.8960459509386509	0.8904075610313186	1.0063323697530169
9	0.888586303918328	0.8872154826279822	1.0015450826965795
9	0.8942631925323675	0.8878101990060311	1.0072684381566703
9	0.887711097777321	0.8855443214161112	1.0024468299426785
9	0.8894484965391674	0.8895736934679481	0.9998592618804939
