0	1.0	0.9999906023175544	1.000009397770763
0	1.0	0.9999906023175544	1.000009397770763
0	1.0	0.9999906023175544	1.000009397770763
0	1.0	0.9999904669042627	1.0000095331866181
0	1.0	0.9999906023175544	1.000009397770763
0	1.0	0.9999905350952194	1.0000094649943658
0	1.0	0.999991422337862	1.0000085777357148
0	1.0	0.9999906023175544	1.000009397770763
0	1.0	0.9999906023175544	1.000009397770763
0	1.0	0.9999918127839794	1.0000081872830517
0	0.9994715756181195	0.9997318694230428	0.9997396363836301
0	1.0	0.9999902563056824	1.000009743789258
0	1.0	0.9999905350952194	1.0000094649943658
0	1.0	0.9999905350952194	1.0000094649943658
0	1.0	0.9999906023175544	1.000009397770763
0	1.0	0.9999918127839794	1.0000081872830517
0	1.0	0.9999906023175544	1.000009397770763
0	1.0	0.999991422337862	1.0000085777357148
0	1.0	0.9999906023175544	1.000009397770763
0	1.0	0.9999904669042627	1.0000095331866181
0	1.0	0.9999904669042627	1.0000095331866181
0	1.0	0.9999905350952194	1.0000094649943658
0	1.0	0.9999906023175544	1.000009397770763
0	1.0	0.9999905350952194	1.0000094649943658
0	1.0	0.9999906023175544	1.000009397770763
0	1.0	0.9999905350952194	1.0000094649943658
0	1.0	0.9999906023175544	1.000009397770763
0	1.0	0.9999905350952194	1.0000094649943658
0	1.0	0.9999906023175544	1.000009397770763
0	1.0	0.9999918127839794	1.0000081872830517
0	1.0	0.9999906023175544	1.000009397770763
0	1.0	0.9999905350952194	1.0000094649943658
0	1.0	1.0	1.0
0	1.0	1.0	1.0
0	1.0	0.9999906023175544	1.000009397770763
0	1.0	0.9999905350952194	1.0000094649943658
0	1.0	0.9999906023175544	1.000009397770763
0	1.0	0.9999906023175544	1.000009397770763
0	1.0	0.9999906023175544	1.000009397770763
0	1.0	0.9999906023175544	1.000009397770763
0	1.0	0.9999906023175544	1.000009397770763
0	1.0	0.9999906023175544	1.000009397770763
0	1.0	0.9999906023175544	1.000009397770763
0	0.9983882828890931	0.9989397393442419	0.9994479582366893
0	1.0	0.9999903275315181	1.0000096725620395
0	1.0	0.9999905350952194	1.0000094649943658
0	1.0	0.9999906023175544	1.000009397770763
0	1.0	0.9999906023175544	1.000009397770763
0	1.0	0.9999906023175544	1.000009397770763
0	1.0	0.9999906023175544	1.000009397770763
0	1.0	0.9999906023175544	1.000009397770763
0	1.0	0.9999905350952194	1.0000094649943658
0	1.0	0.9999906023175544	1.000009397770763
0	1.0	0.9999905350952194	1.0000094649943658
0	1.0	0.9999905350952194	1.0000094649943658
0	1.0	0.9999906023175544	1.000009397770763
0	1.0	0.9999905350952194	1.0000094649943658
0	1.0	0.9999906023175544	1.000009397770763
0	1.0	0.9999906023175544	1.000009397770763
0	1.0	0.9999906023175544	1.000009397770763
0	1.0	0.9999906023175544	1.000009397770763
0	1.0	0.9999905350952194	1.0000094649943658
0	1.0	1.0	1.0
0	1.0	1.0	1.0
0	1.0	0.9999906023175544	1.000009397770763
0	1.0	0.9999906023175544	1.000009397770763
0	1.0	0.9999904669042627	1.0000095331866181
0	1.0	0.9999918127839794	1.0000081872830517
0	1.0	0.9999906023175544	1.000009397770763
0	1.0	0.9999906023175544	1.000009397770763
0	1.0	0.9999906023175544	1.000009397770763
0	1.0	0.9999906023175544	1.000009397770763
0	1.0	0.9999906023175544	1.000009397770763
0	1.0	0.9999906023175544	1.000009397770763
0	1.0	0.9999906023175544	1.000009397770763
0	1.0	0.9999906023175544	1.000009397770763
0	1.0	0.9999906023175544	1.000009397770763
0	1.0	0.9999906023175544	1.000009397770763
0	1.0	0.9999906023175544	1.000009397770763
0	1.0	0.9999906023175544	1.000009397770763
0	1.0	0.9999906023175544	1.000009397770763
0	1.0	0.9999904669042627	1.0000095331866181
0	1.0	0.9999906023175544	1.000009397770763
0	1.0	0.9999906023175544	1.000009397770763
0	1.0	0.9999906023175544	1.000009397770763
0	1.0	0.9999906023175544	1.000009397770763
0	1.0	0.9999906023175544	1.000009397770763
0	1.0	0.9999906023175544	1.000009397770763
0	1.0	0.9999906023175544	1.000009397770763
0	1.0	0.9999905350952194	1.0000094649943658
0	1.0	0.9999906023175544	1.000009397770763
0	1.0	0.9999906023175544	1.000009397770763
0	1.0	0.9999906023175544	1.000009397770763
0	1.0	0.9999906023175544	1.000009397770763
0	1.0	0.9999906023175544	1.000009397770763
0	1.0	0.9999905350952194	1.0000094649943658
0	1.0	0.9999906023175544	1.000009397770763
0	1.0	0.9999914845850473	1.0000085154874656
0	1.0	0.9999906023175544	1.000009397770763
0	1.0	0.9999906023175544	1.000009397770763
0	1.0	0.9999906023175544	1.000009397770763
0	1.0	0.9999906023175544	1.000009397770763
0	1.0	0.9999904669042627	1.0000095331866181
0	1.0	0.9999905350952194	1.0000094649943658
0	1.0	0.9999906023175544	1.000009397770763
0	1.0	0.9999906023175544	1.000009397770763
0	1.0	0.9999906023175544	1.000009397770763
0	1.0	0.9999906023175544	1.000009397770763
0	1.0	0.9999906023175544	1.000009397770763
0	1.0	0.9999906023175544	1.000009397770763
0	1.0	0.9999905350952194	1.0000094649943658
0	1.0	0.9999914845850473	1.0000085154874656
0	1.0	0.9999906023175544	1.000009397770763
0	1.0	0.9999906023175544	1.000009397770763
0	1.0	0.9999906023175544	1.000009397770763
0	1.0	0.9999906023175544	1.000009397770763
0	1.0	0.9999906023175544	1.000009397770763
0	1.0	0.9999906023175544	1.000009397770763
0	1.0	0.9999906023175544	1.000009397770763
0	1.0	0.9999906023175544	1.000009397770763
0	1.0	0.9999906023175544	1.000009397770763
0	1.0	0.9999906023175544	1.000009397770763
0	1.0	0.9999906023175544	1.000009397770763
0	1.0	0.9999906023175544	1.000009397770763
0	1.0	0.9999906023175544	1.000009397770763
0	1.0	0.9999906023175544	1.000009397770763
0	1.0	0.9999906023175544	1.000009397770763
0	1.0	0.9999918127839794	1.0000081872830517
0	1.0	0.9999906023175544	1.000009397770763
0	1.0	0.9999906023175544	1.000009397770763
0	1.0	0.9999906023175544	1.000009397770763
0	1.0	0.9999906023175544	1.000009397770763
0	1.0	0.9999905350952194	1.0000094649943658
0	1.0	0.9999906023175544	1.000009397770763
0	1.0	0.9999906023175544	1.000009397770763
0	1.0	0.9999905350952194	1.0000094649943658
0	1.0	0.9999906023175544	1.000009397770763
0	1.0	0.9999906023175544	1.000009397770763
0	1.0	0.9999906023175544	1.000009397770763
0	1.0	0.9999906023175544	1.000009397770763
0	1.0	0.9999906023175544	1.000009397770763
0	1.0	0.9999906023175544	1.000009397770763
0	1.0	0.9999906023175544	1.000009397770763
0	1.0	0.9999906023175544	1.000009397770763
0	1.0	0.9999905350952194	1.0000094649943658
0	1.0	0.9999908745262873	1.0000091255569876
1	0.8931108841085565	0.8397495620791463	1.063544328498716
1	0.9194586579499692	0.6843413758256555	1.3435672464501296
1	0.8381327609624915	0.8241571997930404	1.016957397415154
1	0.7454125841180936	0.790288781707999	0.9432154439888196
1	0.9622575075133699	0.8569196298329003	1.122926204527501
1	0.944657249172321	0.8434662218798036	1.1199704560391244
1	0.9048850637304959	0.840796486846261	1.07622364970223
1	0.9286481227352781	0.8581065675530232	1.082206054410481
1	0.8749111986591579	0.8093391164925192	1.0810192919512063
1	0.77315617365905	0.783804652568365	0.9864143713941705
1	0.859857365569575	0.8067309162126701	1.0658539895883943
1	0.880757841633876	0.8344263625844056	1.0555249463906815
1	0.8848039229689071	0.8245635849616958	1.0730572379206023
1	0.8822725146021181	0.8033905228540629	1.0981863608097158
1	0.7352506841249561	0.5659625622890718	1.2991154064169679
1	0.6237218013294761	0.6379517544698492	0.9776943114574573
1	0.8195299589456798	0.807068305576892	1.0154406427345455
1	0.7766449787530434	0.7549287782356998	1.0287658930794708
1	0.9306841314217718	0.8557457573618101	1.0875708391368368
1	0.9200503082765048	0.8444075389786492	1.089580878670682
1	0.9508380015188014	0.8404439705283849	1.1313520411372717
1	0.8972237974483184	0.8359118753362882	1.0733473514625742
1	0.8526614594550782	0.8309847382911293	1.0260855827611537
1	0.801769530328329	0.770414436229495	1.040698996052423
1	0.8650873252907504	0.8330534165232422	1.0384536070942512
1	0.9246810479479233	0.8566717948663461	1.0793877579361506
1	0.9589059011671026	0.8553678316853507	1.121045082181485
1	0.9573636427629836	0.8707655536883188	1.099450522253504
1	0.7351748059793948	0.7508496429353143	0.9791238670705875
1	0.8188578545129388	0.7572333448229193	1.081381135829974
1	0.8920122978938381	0.7879054040475516	1.1321312092942613
1	0.8591422848272255	0.8355260740337351	1.028265079364282
1	0.9191020316018296	0.7382423534080182	1.2449868628627057
1	0.9274895492767712	0.6760306664267903	1.3719637219700183
1	0.9560951486223944	0.8506802869458299	1.1239183078463382
1	0.9476255108223318	0.8487700270307021	1.1164691031061278
1	0.9347456693430505	0.7902635724438891	1.1828277323378966
1	0.9346782724239043	0.842798882381719	1.109016981349735
1	0.7874172779064518	0.7690081079923884	1.023938850218528
1	0.8915467337671782	0.7948937078642329	1.1215923902110616
1	0.8293381148094998	0.7676322811368274	1.0803846258019387
1	0.9111795212472348	0.8349940951550552	1.0912406764721279
1	0.9164176817436424	0.8472572099458575	1.0816286612682875
1	0.8855305613087154	0.844763689825979	1.0482583140986261
1	0.89705218142057	0.8468889166615732	1.059232401997584
1	0.7546009286836901	0.656230515368891	1.1499022233970657
1	0.7322299179754939	0.7643954362241361	0.9579203162076302
1	0.8066766397883228	0.8055554906626549	1.0013917714405318
1	0.9242647992463084	0.8513593353861983	1.0856341862123804
1	0.9505642875289599	0.8176869842561233	1.1625038747482566
1	0.9402020256844544	0.8493926866433293	1.1069109028946196
1	0.8533036542067831	0.8261995693931545	1.03280573582668
1	0.8315527961361591	0.81361991802938	1.022040854346601
1	0.9270093049865945	0.8524606256353211	1.0874511703056242
1	0.9331618547394532	0.810155242916867	1.1518309149981127
1	0.8511467515031589	0.7372811931369394	1.154439797768001
1	0.829419799216284	0.8054358469616797	1.0297776071739024
1	0.84063699731021	0.8005173276117208	1.0501171783728693
1	0.9464654861700893	0.857808861946713	1.1033524228488136
1	0.8916515051192817	0.8415552193353573	1.0595282218361017
1	0.9160581741951237	0.8553439063644904	1.0709822883858378
1	0.8887999077270944	0.8459992753462274	1.0505918073787364
1	0.9029669738154977	0.7415076992609626	1.2177445692276108
1	0.9627783257170967	0.7916160379041798	1.2162188227844306
1	0.7691605473632919	0.7666088663849598	1.0033285304804322
1	0.8374739548292368	0.8215329387779644	1.0194039889319408
1	0.9106194035515076	0.858428724835064	1.0607979174118054
1	0.9328229633014157	0.8559148221262314	1.089854900495977
1	0.9132994995368608	0.8291415003262667	1.1015001651436793
1	0.8236640032210873	0.8088935823793328	1.0182600297041644
1	0.7722147677758198	0.7710965181507822	1.0014502070735831
1	0.9527879916459234	0.8502357809315454	1.1206162020163613
1	0.9515961549422677	0.8443825649922589	1.1269727661311808
1	0.8951161078043459	0.8366463562799288	1.0698858616732612
1	0.8271139910221688	0.6948817405686676	1.19029461091507
1	0.8545848014508242	0.8237201870736942	1.0374697802257073
1	0.8666479456948359	0.8185008749831755	1.0588234810532733
1	0.940707645412951	0.8563161190548959	1.098551836734309
1	0.7690766627468733	0.7862512172455762	0.9781564032945227
1	0.9595922769586289	0.8602238603556706	1.1155146017013213
1	0.85596211138272	0.8110910141616912	1.0553219015345716
1	0.7990168146524106	0.7830897172041983	1.0203387901772936
1	0.945056321219977	0.8627291038653779	1.0954264982898334
1	0.9380820823995221	0.8616853284349161	1.0886596898468328
1	0.881044998790944	0.8314392160613856	1.0596625487122753
1	0.8573289776305041	0.8172525577379249	1.0490379864989432
1	0.754607157782061	0.716132013627796	1.0537263289757943
1	0.7629912650634463	0.7793667803836137	0.9789886921891805
1	0.8809114820331676	0.8104447393178366	1.0869482387838607
1	0.9376955381974467	0.8298438967004816	1.1299661802970304
1	0.8585439662681307	0.8103574069817175	1.0594633415715793
1	0.9413076618071582	0.8274042048448382	1.1376636186949038
1	0.8396824398034003	0.8244126265830617	1.0185220516134346
1	0.7958565445438989	0.8137925540946319	0.9779599733857391
1	0.9363561574676108	0.8587839975733818	1.0903279056356667
1	0.9171435455826125	0.8512573089872243	1.0773987323219294
1	0.9394691876600231	0.8584984119395171	1.0943167449053015
1	0.8915221197402339	0.8301584449450164	1.073918027539046
1	0.9224279982704996	0.8570353989454904	1.0763009315665015
1	0.8967116827127232	0.8264556910968779	1.0850087819258658
1	0.9424550719190791	0.8511838587013165	1.1072285526619579
1	0.8752974531929073	0.842970564090262	1.0383487757221186
1	0.9041971824564694	0.8376472579757122	1.0794486269095946
1	0.8697230943574177	0.8176590414514724	1.0636745272375676
1	0.9082057794036075	0.8214597883023038	1.105599802128574
1	0.8660431465424712	0.8200493086959253	1.0560866735192875
1	0.9217844183291387	0.8426398023216248	1.093924611428817
1	0.8030533729818027	0.7982534958981462	1.0060129734580816
1	0.8766697680673916	0.816386620863571	1.0738414198165733
1	0.9056070291349239	0.8462252650003438	1.0701725256744208
1	0.8407048821638353	0.8216156558832222	1.0232337664745357
1	0.9732943957676531	0.8463388804050168	1.1500055336012467
1	0.885737421749391	0.7863709813551758	1.1263607670554858
1	0.8977017460166014	0.7701361472834641	1.1656403211082937
1	0.6625904956122278	0.7261233862851835	0.9125040015609645
1	0.7554074100670215	0.7671071851647555	0.9847481873146303
1	0.9351679678469619	0.8544968409726545	1.0944077532018506
1	0.9238869383600481	0.7926189435303436	1.1656129920955884
1	0.802371468031588	0.773409889569279	1.0374466099450035
1	0.802836792547083	0.782126878287842	1.0264789701443033
1	0.9289461653189696	0.8039507069145809	1.155476520300727
1	0.9042598543041507	0.8397200922460317	1.076858661182552
1	0.7702734591499105	0.7559022589670698	1.019011982055033
1	0.8421003888531455	0.7901555730207912	1.0657399853977712
1	0.7564732082165762	0.7852910631541554	0.9633029633345996
1	0.7599606443554945	0.7523013325284443	1.0101811754092043
1	0.8729190316626321	0.8242614645850285	1.059031714047314
1	0.8812282188131819	0.6635479301524199	1.328055109162589
1	0.8900868573419096	0.8102843730942283	1.0984870088792902
1	0.8985728192214097	0.8175190806689262	1.0991459899457787
1	0.9285264769550283	0.8577468709663291	1.0825180579311933
1	0.9067705739323166	0.8235158242722167	1.101096721163405
1	0.8157219685710355	0.7534705824714434	1.0826195309382918
1	0.6430978969993874	0.7257485336104476	0.886116701883102
1	0.8958953806920192	0.836300571509617	1.0712600364182783
1	0.8898352489139285	0.7516512485554024	1.183840578491823
1	0.9110747826558099	0.7127750887304765	1.2782079467430953
1	0.8563406372299195	0.8066594185660592	1.0615888409908796
1	0.8784723958784324	0.8184740871136148	1.0733050804044442
1	0.9282455631970123	0.8248376469530808	1.1253676000676212
1	0.9197514316162401	0.8131349538659788	1.1311178141381852
1	0.9246976517535355	0.7935144563120226	1.165319225627226
1	0.8427515600031544	0.8243302027253003	1.0223470609434808
1	0.9335171745985649	0.8640780693719475	1.080362073391226
1	0.7364175799671457	0.7348841230786161	1.002086664877322
1	0.870449182508145	0.8372700950460163	1.0396276991838638
2	0.8096404041414937	0.5919465806217766	1.3677592381580328
2	0.7711924882078753	0.7371347254390904	1.046202901034811
2	0.7488561979792419	0.6785248781453996	1.1036532662237495
2	0.7864456201466684	0.7345085504415924	1.0707099592970717
2	0.8373423783220065	0.7479592965789953	1.1195026014808964
2	0.850112001319145	0.7628423236662474	1.114400676188857
2	0.8582133650439779	0.7672307927146323	1.1185856631319882
2	0.8276712975585527	0.7462594376515138	1.1090932399638964
2	0.8104607420896514	0.6772958339920204	1.1966126195000335
2	0.6800019161225531	0.6192060555824938	1.098183569091339
2	0.823005430664568	0.7121936266858799	1.1555922432138848
2	0.7823271186669943	0.6899014639422661	1.1339693558505954
2	0.7262379475461026	0.6854652038225074	1.059481857716811
2	0.7273368108192791	0.6984883129391396	1.0413013322424096
2	0.855410210462429	0.7314869035023095	1.1694128854074943
2	0.8052318799606375	0.703914559578277	1.143934116724423
2	0.7589098904845185	0.6849521331090618	1.1079750741701548
2	0.7645154800785576	0.7091568101620415	1.0780626641713653
2	0.7627841664697363	0.7263549510705972	1.0501534619478328
2	0.8027479732664773	0.6987496012758527	1.148834964343068
2	0.7936722699235845	0.5316885151107074	1.4927391646936878
2	0.8600285086626531	0.7304447416366434	1.1774039289209786
2	0.7521988753257766	0.6888799367742461	1.0919157826660306
2	0.8185070388675332	0.7549660253651246	1.0841640701271005
2	0.805475030328628	0.7446335313371086	1.0817066334392285
2	0.8438110123087131	0.7522681505858512	1.1216891365819093
2	0.8282051909261803	0.7390290348516624	1.1206666475457454
2	0.9048423485191753	0.7794843667277856	1.1608216753821923
2	0.7919551565099245	0.7045232457916727	1.124100817454227
2	0.7046227621265091	0.6956519790430731	1.0128955042948
2	0.8645850042775148	0.7525373151273437	1.148893200241121
2	0.7775997985065093	0.7057578959098313	1.1017939763947844
2	0.9101711643391311	0.7872780998747106	1.1560986701954215
2	0.8927497758201752	0.7331233250710445	1.2177347866181476
2	0.6915509505816516	0.6638443545729803	1.0417365845138409
2	0.775361025748661	0.7247019868602307	1.0699032703193079
2	0.9123413070043167	0.6506088141300443	1.4022885752389407
2	0.7300254947691005	0.7027174296299198	1.0388606628891535
2	0.8551601678209186	0.720386219251724	1.1870856839948805
2	0.7859583075276746	0.6568822654646703	1.1964979857869926
2	0.8304193352860818	0.7116190132613154	1.1669437154023055
2	0.6895470549858611	0.6663699360642074	1.0347811593340257
2	0.903529289234072	0.7638435377849088	1.182872204239944
2	0.8280013100390995	0.7450571035450576	1.111325972330691
2	0.7558177486556061	0.7196742458922418	1.0502220316617752
2	0.8429645886392562	0.748526542228196	1.1261652607934773
2	0.7929535332609865	0.7116411295186316	1.1142604050968166
2	0.7640128071759807	0.730951860626765	1.0452299916452326
2	0.8718427890615263	0.7574107717757838	1.151083165898805
2	0.884760629100005	0.7018184682760602	1.2606687756070627
2	0.8427566347245712	0.7194225628604053	1.1714348120717717
2	0.846900001055815	0.6821175866974035	1.2415747923407685
2	0.8341193190367043	0.7352094998605142	1.134532836143923
2	0.7893758981308527	0.7028868240009404	1.1230483645113778
2	0.8983895867544363	0.7747460747433483	1.1595923051976063
2	0.8216108869377308	0.7325455568878617	1.1215833325482898
2	0.7581549887591141	0.7203672043513132	1.052456280879456
2	0.8418048739596239	0.7425988717202474	1.1335929881088609
2	0.7965088535406675	0.658721016553061	1.2091748001431915
2	0.6923234325332279	0.664985112957093	1.0411111753382951
2	0.8595893756109554	0.7525094540932004	1.1422971112659175
2	0.8158807263225378	0.742776322520414	1.0984204821635448
2	0.8059969402641973	0.7151351761673718	1.1270553695649284
2	0.8597489663338779	0.7761109897517434	1.1077654841724223
2	0.7562898751142872	0.7196436899686549	1.0509226797322833
2	0.7259983432015626	0.7173941934805199	1.0119936149459179
2	0.8075510322928732	0.7165530356780822	1.1269940842950705
2	0.6290840959377849	0.6310743099507392	0.9968463079837465
2	0.7426811214918952	0.7244883887936704	1.0251111446085661
2	0.8572653890565473	0.711201875357502	1.2053756025680094
2	0.8028268279745208	0.7359772490344658	1.0908310399917327
2	0.8960851401334983	0.75878766332783	1.1809432117063159
2	0.8563599047590934	0.7416889331701405	1.154607904285189
2	0.7782787528361718	0.7077603094955294	1.099636052480685
2	0.823370133196693	0.7472104010840876	1.1019254175291315
2	0.714342431471303	0.6073312248920609	1.176199085759605
2	0.8221028846302254	0.7003153236054784	1.1739038928889065
2	0.8774490908664152	0.7450438754708548	1.177714655142803
2	0.854750614449505	0.7582915320979645	1.1272058018169704
2	0.6180372737115292	0.5769847185581659	1.0711501601913305
2	0.8424756290121614	0.7283999920414655	1.1566112551030916
2	0.8371545151706818	0.727018578111354	1.1514898523576091
2	0.8874084263141603	0.7737761175361373	1.1468542466002334
2	0.8915903443047931	0.7774358725776541	1.1468345824442732
2	0.6813180392308468	0.6404874357498359	1.0637492653282252
2	0.7758030613566635	0.7384979433406622	1.0505148570180822
2	0.7722974791302077	0.704475509858137	1.0962729978870782
2	0.8684506689478664	0.7237431408191528	1.1999432118485152
2	0.7314603632921696	0.6461818724963708	1.1319728925021457
2	0.7038451525087972	0.6902213601638498	1.0197382943085291
2	0.7808382224630346	0.7119755160510723	1.0967206102730962
2	0.8189830880489346	0.7118130754142561	1.1505592076575841
2	0.7910600836588445	0.7472721587886058	1.0585970243307643
2	0.7798077825470131	0.7388825793341888	1.0553879660415086
2	0.8553111541141891	0.7556636040078943	1.131867605608876
2	0.8283200758259305	0.6884153794052419	1.2032271512318036
2	0.8224843405991109	0.7384703665556223	1.1137675631255823
2	0.8534113478718528	0.5883849183992126	1.450430358061664
2	0.8776202229963092	0.7693074182018204	1.1407926171408294
2	0.8760835535287772	0.7413105011690985	1.1818037814750124
2	0.8481214921617145	0.7268934229491072	1.1667755758757155
2	0.883612717613427	0.7409148238529729	1.1925968939565597
2	0.8508940662820933	0.7146745289262258	1.1906035990404369
2	0.7041798292772807	0.6622821026812783	1.063262658656149
2	0.846323139505978	0.7411793787836946	1.1418600729216573
2	0.7264711653160904	0.6880523400092079	1.055837068014867
2	0.8459058763190346	0.726878558786879	1.1637513118158358
2	0.8420286277792475	0.7049195415164361	1.1945031711957648
2	0.7075629033661397	0.6911983063903618	1.0236756902100044
2	0.6306205447799925	0.5634515591778275	1.119209867304611
2	0.7652790916684736	0.7293718538082451	1.0492303585239098
2	0.8681413213688153	0.7615672576743963	1.1399404486215243
2	0.8408581842883196	0.7629010514088703	1.1021851165829222
2	0.8791602274750445	0.7271386919907155	1.2090681422386338
2	0.7240291047616545	0.697259189542172	1.0383930618928952
2	0.7377943206288599	0.7197092086777417	1.0251283598056837
2	0.8177537431151596	0.7287649138360447	1.1221091021118168
2	0.8403138561226102	0.6535656576491895	1.2857374714961851
2	0.9059771120166108	0.7638912171459804	1.1860027863672604
2	0.789428999111934	0.7333346714042879	1.07649212548512
2	0.9005644699222032	0.7386328860548901	1.219231484170987
2	0.739123916847673	0.6894369727973297	1.0720688707029198
2	0.6666323922071864	0.6309982038539972	1.0564727254935806
2	0.8100104394866442	0.7233090238856574	1.119867736662847
2	0.7029665739311142	0.6265007060706108	1.12205232511244
2	0.6799757034988246	0.6535577896793957	1.040421695275621
2	0.7837767568423264	0.6688369782491678	1.1718502151212384
2	0.8543140247337636	0.675193809381634	1.265287111438676
2	0.8138604289232289	0.68080919675948	1.1954310147351812
2	0.7591144128546642	0.7159909016252304	1.0602291329841589
2	0.8482544091751659	0.7450942222974295	1.1384525390086255
2	0.6651726664168777	0.6723288045607451	0.9893561928399859
2	0.7984765470175443	0.698435129497709	1.143236520178734
2	0.7940778057931981	0.7209130459569462	1.1014890217989222
2	0.8347144167562263	0.7629293085629572	1.094091428114726
2	0.8950648631745348	0.7677098460072914	1.1658895191061986
2	0.8900939483840276	0.6801430245088429	1.308686432573205
2	0.6939626620698013	0.6414866076746911	1.0818038190778905
2	0.7054431800810941	0.5993967747386256	1.1769218818181184
2	0.7890562021682523	0.6392092999524744	1.2344254099978194
2	0.8522335184185164	0.7419645240330673	1.1486176101602057
2	0.9129308747588972	0.7774325151012637	1.1742895454275981
2	0.8477902026754404	0.7512993602562931	1.1284319507289757
2	0.8533358283685107	0.7719826313475632	1.1053821598018836
2	0.8308985541857927	0.7433805949499964	1.1177296795616292
2	0.7250253113666194	0.7079727195229644	1.0240865097953846
3	0.8096367690572641	0.5918383907869851	1.368003126631691
3	0.7711924874601721	0.737079464867564	1.0462813362989802
3	0.7488561970199925	0.6784849128143212	1.103718274167328
3	0.7864456192521795	0.7344618547620081	1.0707780317699631
3	0.8373423777565158	0.7479139825549057	1.119570428267859
3	0.8501120006457381	0.7627738444132144	1.1145007224254144
3	0.8582133646091659	0.7671834878175002	1.1186546350868805
3	0.8274109974135445	0.746030717437259	1.109084355475121
3	0.8104607412035664	0.6772460319237988	1.1967006124810435
3	0.6799169699590234	0.6190655930024698	1.0982955241647727
3	0.823005430115216	0.7121556940299409	1.1556537945487726
3	0.7823271180259574	0.6898381806092049	1.1340733812893256
3	0.7262379468945035	0.6854461292805795	1.0595113399454712
3	0.7273368098285925	0.6984304855580785	1.041387546603749
3	0.8553054165031142	0.7312215022399833	1.1696940173162567
3	0.8052318795513045	0.703927266505444	1.143913466442029
3	0.758849310346583	0.6848490628918062	1.1080533674709392
3	0.7642206686025425	0.7089577438229576	1.077949532621771
3	0.7627841655933107	0.7263235318367985	1.0501988881790831
3	0.8027479727649988	0.6987350901003183	1.1488588223753686
3	0.793459428073343	0.5313939858897948	1.4931659919800027
3	0.8600285083013883	0.7304194519117181	1.1774446943471262
3	0.7521918290075241	0.6888351590885687	1.09197653325766
3	0.8185070383664108	0.7549213562698279	1.0842282200238296
3	0.8053955997251059	0.7445510762295178	1.0817197442030586
3	0.84381101187967	0.7522415040550662	1.1217288694268865
3	0.8282051903962457	0.7389692746923034	1.1207572747068528
3	0.9048073104804217	0.7794128028547623	1.1608833049269602
3	0.7919551559463613	0.7045080416565996	1.1241250761086221
3	0.7045290166451477	0.6955485443046742	1.0129113523621145
3	0.8645850039253793	0.752520355277822	1.1489190928346174
3	0.7774225130211139	0.7055728280975941	1.1018317061858023
3	0.9101711640059442	0.787186682409384	1.1562329296783007
3	0.8927497754912637	0.7331607482650716	1.2176726285522492
3	0.691435874405277	0.6637120427884424	1.04177087325455
3	0.775221478603925	0.7245746852584449	1.0698986514101236
3	0.912341306431675	0.6505442037741758	1.40242784600749
3	0.7294104991515258	0.7024468040448595	1.0383853908244765
3	0.8551601670492037	0.7203080201502948	1.18721455700406
3	0.7859583068576843	0.6568293574491643	1.1965943634279685
3	0.8304193348768942	0.7116200279988771	1.1669420508190145
3	0.6895396654468697	0.666286264240594	1.0349000158854829
3	0.9035051324204882	0.7637682175019618	1.1829572267036204
3	0.8280769656330612	0.74498185871565	1.1115397723384397
3	0.7558177478427762	0.7196163715316642	1.0503064934918855
3	0.8429645882051279	0.7484937658235363	1.1262145747835979
3	0.7928731722171787	0.7115383093042109	1.1143084804421879
3	0.764027073563323	0.7308828429556886	1.0453482126815279
3	0.8716316320142823	0.7572072137945699	1.1511137455311615
3	0.8847606288549921	0.7017973496657912	1.2607067115262423
3	0.8427566344119786	0.719406968511422	1.1714602044455984
3	0.8469000007418831	0.6820955358334434	1.2416149296550774
3	0.8341193186026544	0.7351985145422832	1.1345497877154402
3	0.7893758975954173	0.7028571545674881	1.1230957705498061
3	0.8983415009531331	0.7746693584690436	1.1596450680952441
3	0.8216108866032152	0.7325580449995688	1.1215642121624627
3	0.7581310247905361	0.7203206234009767	1.0524910715606592
3	0.8417820289018602	0.7425337032761082	1.133661711499238
3	0.7961435652014334	0.6584425302746449	1.2091314406275542
3	0.6922240876006001	0.6648639624178732	1.0411514636516437
3	0.859567163307743	0.7524414614205268	1.142370812056229
3	0.8157497665800626	0.742664071811946	1.0984101662408452
3	0.8059969396631086	0.7150250655397117	1.1272289301560778
3	0.8594690499432843	0.7757860473375873	1.1078686615889626
3	0.7562427593878969	0.7195839092935423	1.0509445105996669
3	0.725908609736915	0.717311944680684	1.0119845558407057
3	0.8075510315422243	0.716513626466389	1.1270560694355556
3	0.6290840950251768	0.6310385693789212	0.9969027656175311
3	0.7426811207204608	0.7244477818980252	1.0251686032838212
3	0.8572539738527013	0.7111975516379296	1.205366879959577
3	0.8028268274018637	0.7359365705840092	1.0908913342419893
3	0.8960209719077641	0.7587061514715092	1.1809855108857796
3	0.8561898289343122	0.7415413315054092	1.154608371182971
3	0.7780474651582555	0.7076168623269082	1.09953211487887
3	0.8233701325724947	0.7471568232652407	1.1020044345900302
3	0.7143424302573844	0.6072468994499245	1.1763624168430873
3	0.822002309029212	0.7001480835736951	1.1740406469922031
3	0.8773984535602368	0.7449615131461649	1.1777768892445954
3	0.8547506140043781	0.7582665953124363	1.1272428711595643
3	0.6175568444129848	0.5766825047975966	1.0708784110413305
3	0.8424099629009933	0.7283079975566236	1.156667187133969
3	0.8371538261007307	0.7269692681787547	1.151567009425332
3	0.8873990910743152	0.7737379430081027	1.1468987647475655
3	0.8915903439476635	0.7774011152035146	1.1468858566201765
3	0.6813180382914507	0.6404133112782375	1.0638723872424967
3	0.7755944066472674	0.7383455010655082	1.0504491535846094
3	0.7716918994773332	0.7040713301811518	1.096042213902934
3	0.8684506686354713	0.7237236157126572	1.1999755842985724
3	0.7314603628069761	0.6461656233543828	1.1320013574999708
3	0.7038451516082453	0.6901834887907712	1.0197942475288853
3	0.7808382215103424	0.7119071834539302	1.0968258779494011
3	0.8189830874855548	0.7117572582853853	1.1506494355371595
3	0.7910600827300792	0.747208051171222	1.0586878466982799
3	0.7798077819131762	0.7388568156267626	1.0554247662338683
3	0.855311153737734	0.7556383059024819	1.1319054990419124
3	0.8283200755000687	0.6884077545358513	1.2032404778161616
3	0.8224843400743284	0.7384326771259907	1.1138244088485765
3	0.8534113476277667	0.5883456701537721	1.4505271151306613
3	0.8775560949818342	0.7691873265250316	1.1408873556801589
3	0.8760835532532703	0.7412878407157849	1.1818399077035002
3	0.8477317092616742	0.7265746692025943	1.1667509826513056
3	0.8836147580835251	0.7408493136993111	1.1927051044582033
3	0.8508940657070149	0.7146018089198023	1.190724757600646
3	0.7041798285047823	0.6622535344397551	1.0633085244316522
3	0.846323139049808	0.7411584931759068	1.1418922495555097
3	0.7264711645686985	0.6880357261678447	1.0558625619848665
3	0.8455723990458651	0.7265989697904585	1.1637401568154122
3	0.8420129990565577	0.7048814129590935	1.1945456123204974
3	0.7069982920564983	0.6909426865208931	1.023237246516712
3	0.630620544074916	0.5634152431178797	1.11928200697079
3	0.765262450039042	0.7293161482310034	1.0492876812000231
3	0.8680947324375567	0.7614856618445526	1.1400014155680414
3	0.8408581837795864	0.7628693667284278	1.1022308935874754
3	0.8791602270850095	0.7271115077653529	1.2091133446463405
3	0.7239921501157619	0.6971097301335192	1.038562680766332
3	0.7376842972712749	0.7196147649987465	1.0251100076755093
3	0.8177537427723831	0.7287377033863291	1.122151000246605
3	0.8403138552675203	0.6535036158866816	1.2858595344225792
3	0.9059366822169578	0.7637390447038065	1.1861861567759684
3	0.7892565913629703	0.7332010381100288	1.0764531831507438
3	0.9004389946935472	0.7384876960680432	1.2193012821849127
3	0.7390319428904594	0.6893498765576411	1.072070900456111
3	0.6666323913812136	0.6309734949216325	1.0565140956737176
3	0.8100104389888496	0.7232749916809643	1.1199204290283884
3	0.7029665732307532	0.6264465452744793	1.1221493334642725
3	0.6799757026587319	0.6534939485150654	1.0405233349196898
3	0.7836945577030414	0.668749743956329	1.171880161129779
3	0.8543140244555273	0.6751924660562373	1.2652896283714914
3	0.8138604285696355	0.6807897631515487	1.195465138609119
3	0.759114412202976	0.7159583235945027	1.0602773753530879
3	0.8481502380826363	0.7449789285726157	1.1384888961996515
3	0.665153245384132	0.67227373710683	0.9894083446523712
3	0.798476546318789	0.6983682590296163	1.1433459868698403
3	0.7940923288031388	0.7207446543163057	1.1017665189017742
3	0.8347118236629385	0.7628815064960981	1.094156584679521
3	0.8950648628542875	0.7676706837198486	1.1659489958860143
3	0.8900939482257992	0.6801530326191074	1.308667175677008
3	0.6939626614577641	0.6414547709151937	1.081857510339591
3	0.7054200651781606	0.5993185429873045	1.177036942094254
3	0.7890562016597483	0.6392024998919934	1.2344385414529446
3	0.8522335179031767	0.7419260128809717	1.1486772307576467
3	0.9129308744855527	0.777408462163637	1.1743258774733911
3	0.8474880416370837	0.7511156277276871	1.128305696688734
3	0.8532944528670068	0.7719153569489046	1.1054248955996466
3	0.8309014915368671	0.7433325498641672	1.1178058752959248
3	0.7248089928852945	0.7078062603406573	1.0240217323543508
4	0.8096367690572641	0.5918383907869851	1.368003126631691
4	0.7711924874601721	0.737079464867564	1.0462813362989802
4	0.7488561970199925	0.6784849128143212	1.103718274167328
4	0.7864456192521795	0.7344618547620081	1.0707780317699631
4	0.8373423777565158	0.7479139825549057	1.119570428267859
4	0.8501120006457381	0.7627738444132144	1.1145007224254144
4	0.8582133646091659	0.7671834878175002	1.1186546350868805
4	0.8274109974135445	0.746030717437259	1.109084355475121
4	0.8104607412035664	0.6772460319237988	1.1967006124810435
4	0.6799169699590234	0.6190655930024698	1.0982955241647727
4	0.823005430115216	0.7121556940299409	1.1556537945487726
4	0.7823271180259574	0.6898381806092049	1.1340733812893256
4	0.7262379468945035	0.6854461292805795	1.0595113399454712
4	0.7273368098285925	0.6984304855580785	1.041387546603749
4	0.8553054165031142	0.7312215022399833	1.1696940173162567
4	0.8052318795513045	0.703927266505444	1.143913466442029
4	0.758849310346583	0.6848490628918062	1.1080533674709392
4	0.7642206686025425	0.7089577438229576	1.077949532621771
4	0.7627841655933107	0.7263235318367985	1.0501988881790831
4	0.8027479727649988	0.6987350901003183	1.1488588223753686
4	0.793459428073343	0.5313939858897948	1.4931659919800027
4	0.8600285083013883	0.7304194519117181	1.1774446943471262
4	0.7521918290075241	0.6888351590885687	1.09197653325766
4	0.8185070383664108	0.7549213562698279	1.0842282200238296
4	0.8053955997251059	0.7445510762295178	1.0817197442030586
4	0.84381101187967	0.7522415040550662	1.1217288694268865
4	0.8282051903962457	0.7389692746923034	1.1207572747068528
4	0.9048073104804217	0.7794128028547623	1.1608833049269602
4	0.7919551559463613	0.7045080416565996	1.1241250761086221
4	0.7045290166451477	0.6955485443046742	1.0129113523621145
4	0.8645850039253793	0.752520355277822	1.1489190928346174
4	0.7774225130211139	0.7055728280975941	1.1018317061858023
4	0.9101711640059442	0.787186682409384	1.1562329296783007
4	0.8927497754912637	0.7331607482650716	1.2176726285522492
4	0.691435874405277	0.6637120427884424	1.04177087325455
4	0.775221478603925	0.7245746852584449	1.0698986514101236
4	0.912341306431675	0.6505442037741758	1.40242784600749
4	0.7294104991515258	0.7024468040448595	1.0383853908244765
4	0.8551601670492037	0.7203080201502948	1.18721455700406
4	0.7859583068576843	0.6568293574491643	1.1965943634279685
4	0.8304193348768942	0.7116200279988771	1.1669420508190145
4	0.6895396654468697	0.666286264240594	1.0349000158854829
4	0.9035051324204882	0.7637682175019618	1.1829572267036204
4	0.8280769656330612	0.74498185871565	1.1115397723384397
4	0.7558177478427762	0.7196163715316642	1.0503064934918855
4	0.8429645882051279	0.7484937658235363	1.1262145747835979
4	0.7928731722171787	0.7115383093042109	1.1143084804421879
4	0.764027073563323	0.7308828429556886	1.0453482126815279
4	0.8716316320142823	0.7572072137945699	1.1511137455311615
4	0.8847606288549921	0.7017973496657912	1.2607067115262423
4	0.8427566344119786	0.719406968511422	1.1714602044455984
4	0.8469000007418831	0.6820955358334434	1.2416149296550774
4	0.8341193186026544	0.7351985145422832	1.1345497877154402
4	0.7893758975954173	0.7028571545674881	1.1230957705498061
4	0.8983415009531331	0.7746693584690436	1.1596450680952441
4	0.8216108866032152	0.7325580449995688	1.1215642121624627
4	0.7581310247905361	0.7203206234009767	1.0524910715606592
4	0.8417820289018602	0.7425337032761082	1.133661711499238
4	0.7961435652014334	0.6584425302746449	1.2091314406275542
4	0.6922240876006001	0.6648639624178732	1.0411514636516437
4	0.859567163307743	0.7524414614205268	1.142370812056229
4	0.8157497665800626	0.742664071811946	1.0984101662408452
4	0.8059969396631086	0.7150250655397117	1.1272289301560778
4	0.8594690499432843	0.7757860473375873	1.1078686615889626
4	0.7562427593878969	0.7195839092935423	1.0509445105996669
4	0.725908609736915	0.717311944680684	1.0119845558407057
4	0.8075510315422243	0.716513626466389	1.1270560694355556
4	0.6290840950251768	0.6310385693789212	0.9969027656175311
4	0.7426811207204608	0.7244477818980252	1.0251686032838212
4	0.8572539738527013	0.7111975516379296	1.205366879959577
4	0.8028268274018637	0.7359365705840092	1.0908913342419893
4	0.8960209719077641	0.7587061514715092	1.1809855108857796
4	0.8561898289343122	0.7415413315054092	1.154608371182971
4	0.7780474651582555	0.7076168623269082	1.09953211487887
4	0.8233701325724947	0.7471568232652407	1.1020044345900302
4	0.7143424302573844	0.6072468994499245	1.1763624168430873
4	0.822002309029212	0.7001480835736951	1.1740406469922031
4	0.8773984535602368	0.7449615131461649	1.1777768892445954
4	0.8547506140043781	0.7582665953124363	1.1272428711595643
4	0.6175568444129848	0.5766825047975966	1.0708784110413305
4	0.8424099629009933	0.7283079975566236	1.156667187133969
4	0.8371538261007307	0.7269692681787547	1.151567009425332
4	0.8873990910743152	0.7737379430081027	1.1468987647475655
4	0.8915903439476635	0.7774011152035146	1.1468858566201765
4	0.6813180382914507	0.6404133112782375	1.0638723872424967
4	0.7755944066472674	0.7383455010655082	1.0504491535846094
4	0.7716918994773332	0.7040713301811518	1.096042213902934
4	0.8684506686354713	0.7237236157126572	1.1999755842985724
4	0.7314603628069761	0.6461656233543828	1.1320013574999708
4	0.7038451516082453	0.6901834887907712	1.0197942475288853
4	0.7808382215103424	0.7119071834539302	1.0968258779494011
4	0.8189830874855548	0.7117572582853853	1.1506494355371595
4	0.7910600827300792	0.747208051171222	1.0586878466982799
4	0.7798077819131762	0.7388568156267626	1.0554247662338683
4	0.855311153737734	0.7556383059024819	1.1319054990419124
4	0.8283200755000687	0.6884077545358513	1.2032404778161616
4	0.8224843400743284	0.7384326771259907	1.1138244088485765
4	0.8534113476277667	0.5883456701537721	1.4505271151306613
4	0.8775560949818342	0.7691873265250316	1.1408873556801589
4	0.8760835532532703	0.7412878407157849	1.1818399077035002
4	0.8477317092616742	0.7265746692025943	1.1667509826513056
4	0.8836147580835251	0.7408493136993111	1.1927051044582033
4	0.8508940657070149	0.7146018089198023	1.190724757600646
4	0.7041798285047823	0.6622535344397551	1.0633085244316522
4	0.846323139049808	0.7411584931759068	1.1418922495555097
4	0.7264711645686985	0.6880357261678447	1.0558625619848665
4	0.8455723990458651	0.7265989697904585	1.1637401568154122
4	0.8420129990565577	0.7048814129590935	1.1945456123204974
4	0.7069982920564983	0.6909426865208931	1.023237246516712
4	0.630620544074916	0.5634152431178797	1.11928200697079
4	0.765262450039042	0.7293161482310034	1.0492876812000231
4	0.8680947324375567	0.7614856618445526	1.1400014155680414
4	0.8408581837795864	0.7628693667284278	1.1022308935874754
4	0.8791602270850095	0.7271115077653529	1.2091133446463405
4	0.7239921501157619	0.6971097301335192	1.038562680766332
4	0.7376842972712749	0.7196147649987465	1.0251100076755093
4	0.8177537427723831	0.7287377033863291	1.122151000246605
4	0.8403138552675203	0.6535036158866816	1.2858595344225792
4	0.9059366822169578	0.7637390447038065	1.1861861567759684
4	0.7892565913629703	0.7332010381100288	1.0764531831507438
4	0.9004389946935472	0.7384876960680432	1.2193012821849127
4	0.7390319428904594	0.6893498765576411	1.072070900456111
4	0.6666323913812136	0.6309734949216325	1.0565140956737176
4	0.8100104389888496	0.7232749916809643	1.1199204290283884
4	0.7029665732307532	0.6264465452744793	1.1221493334642725
4	0.6799757026587319	0.6534939485150654	1.0405233349196898
4	0.7836945577030414	0.668749743956329	1.171880161129779
4	0.8543140244555273	0.6751924660562373	1.2652896283714914
4	0.8138604285696355	0.6807897631515487	1.195465138609119
4	0.759114412202976	0.7159583235945027	1.0602773753530879
4	0.8481502380826363	0.7449789285726157	1.1384888961996515
4	0.665153245384132	0.67227373710683	0.9894083446523712
4	0.798476546318789	0.6983682590296163	1.1433459868698403
4	0.7940923288031388	0.7207446543163057	1.1017665189017742
4	0.8347118236629385	0.7628815064960981	1.094156584679521
4	0.8950648628542875	0.7676706837198486	1.1659489958860143
4	0.8900939482257992	0.6801530326191074	1.308667175677008
4	0.6939626614577641	0.6414547709151937	1.081857510339591
4	0.7054200651781606	0.5993185429873045	1.177036942094254
4	0.7890562016597483	0.6392024998919934	1.2344385414529446
4	0.8522335179031767	0.7419260128809717	1.1486772307576467
4	0.9129308744855527	0.777408462163637	1.1743258774733911
4	0.8474880416370837	0.7511156277276871	1.128305696688734
4	0.8532944528670068	0.7719153569489046	1.1054248955996466
4	0.8309014915368671	0.7433325498641672	1.1178058752959248
4	0.7248089928852945	0.7078062603406573	1.0240217323543508
5	0.8024436779688774	0.6854173724179186	1.1707372912625922
5	0.7581532660182632	0.733400363517384	1.0337508729640716
5	0.7200552996737108	0.7037604608635195	1.023153956092102
5	0.7975749897662837	0.745266576027465	1.0701875213801229
5	0.8417812426408459	0.7507689791226936	1.1212253916304642
5	0.8204836370852273	0.758274897099525	1.0820398251658558
5	0.8333599277559036	0.7715445067035932	1.0801190605535065
5	0.8522569858290643	0.7617148124304502	1.118866236970915
5	0.7967361227295926	0.7241234847309955	1.1002765958151073
5	0.6618907398922266	0.6395691690680901	1.0349009488006762
5	0.7862221683657451	0.7220075543427875	1.0889389780435321
5	0.7635555533882716	0.7071400293483434	1.0797798479770935
5	0.7343395636108759	0.7104454225652047	1.0336326201658061
5	0.7349730065931681	0.7029221881531967	1.0455965382515229
5	0.8110302830368173	0.7301063090915849	1.1108386175239602
5	0.7864942951882787	0.7235284977321889	1.0870260088627448
5	0.7421015597838156	0.6875301227761461	1.0793731579168022
5	0.7765838362680959	0.7323434320358342	1.0604093684697604
5	0.7664269496638049	0.7191623367713649	1.0657217577670037
5	0.7920515183267952	0.7301737598360754	1.0847438813805244
5	0.7748165420151899	0.6334930133364858	1.2230861678085134
5	0.8305905611699671	0.7240843760593138	1.1470908482935265
5	0.7314505342801496	0.7134835902926092	1.0251820003038499
5	0.8045246635793909	0.752736166800398	1.0688003301331017
5	0.7902539042886193	0.7510874409799547	1.0521463429844646
5	0.8188858503084425	0.7503324650126482	1.091364013277286
5	0.8197203539232326	0.7457661097761192	1.0991654664614816
5	0.849974285623581	0.7525940486353782	1.1293927810946354
5	0.7732415985563369	0.7204345666063173	1.0732988593242723
5	0.7662476958794834	0.7318895994095865	1.046944370431843
5	0.8223782634955498	0.7561377806703452	1.0876037205368574
5	0.8058954802979704	0.7461562744201037	1.0800625926844811
5	0.8544899625114086	0.7352885451013413	1.1621151562936947
5	0.84172460136074	0.7328286551317371	1.148596736039787
5	0.7374686911021548	0.6984010887159698	1.055938633283078
5	0.8156004779566326	0.7448012783194855	1.0950578385108216
5	0.8774301608377975	0.6945108171051076	1.2633786821278647
5	0.777484877389	0.7290422529455897	1.066446936714141
5	0.7783677216410088	0.7137737170658486	1.0904964739255048
5	0.8067223888363649	0.694011499089888	1.162404931178062
5	0.7889151544107786	0.7281845626778063	1.0833999989091272
5	0.7329252834693563	0.7214776334560655	1.0158669506613165
5	0.8566335795847875	0.7509225540943935	1.1407748707426701
5	0.8152045650049164	0.7557273394121022	1.0787019636461517
5	0.8089184604756745	0.7554961080053507	1.070711618371362
5	0.8039877192902939	0.7495391391461105	1.0726427444552293
5	0.7791976904436261	0.7356749248624828	1.0591603221888783
5	0.7686401660996903	0.747099951178376	1.0288317712875494
5	0.8445205650179595	0.7634001891215719	1.1062619279538441
5	0.8109029559730875	0.720161146871478	1.1260020892487879
5	0.8306359445303487	0.7569248316603889	1.0973823420593394
5	0.8419067898446968	0.7048777373034373	1.1944011639032246
5	0.810431900988004	0.7384511768160428	1.0974752650301383
5	0.8005074831216283	0.7396385955068996	1.0822954453492428
5	0.8412488853871352	0.7469425279971085	1.126256510849509
5	0.8215068131060168	0.7500303602150574	1.0952980794943619
5	0.760144147353276	0.7325702731943113	1.0376399031846202
5	0.815086663796392	0.7552250550513034	1.0792632717157697
5	0.7605246652461913	0.7012376275994798	1.0845462868980185
5	0.7637626205206013	0.7182854088307947	1.0633135674631524
5	0.8576259266372912	0.7685772133968967	1.1158617659855203
5	0.8276369766907795	0.7579778925242445	1.0919012082721224
5	0.7965820165978578	0.7209447131904596	1.104914152255412
5	0.8704456647255345	0.7595872458429314	1.1459456033382722
5	0.7232286200791711	0.719257948807513	1.0055205107962188
5	0.7196577935991393	0.7168387833897615	1.0039325581632839
5	0.8340995277547524	0.7519703553799983	1.1092186304781273
5	0.7125799973740754	0.6843730985147335	1.0412156744918206
5	0.7515893019467711	0.7303482503699761	1.029083456510007
5	0.8332299134359561	0.7477600709127699	1.114301158684303
5	0.7915818951291047	0.7474135142837034	1.0590949721958545
5	0.8393743007340267	0.7453623034029999	1.1261292621075805
5	0.8306949226586122	0.754299347693979	1.101280181665525
5	0.7891219628998669	0.7292349606159627	1.0821230543216407
5	0.8287137432712184	0.7396737495868972	1.1203773876442815
5	0.7586355584676973	0.706837500292355	1.0732814234586
5	0.7880017318293128	0.7175875856488875	1.0981262045061055
5	0.8526115477199177	0.7612993204072381	1.119942609779074
5	0.8336113711060719	0.7699475642587298	1.0826858994074937
5	0.7175716384013292	0.6720535661366668	1.067729827737282
5	0.8339204578770072	0.7522943715112662	1.1085028540114745
5	0.7740439504390728	0.7286913122153824	1.062238478026873
5	0.8664382927019991	0.7745637165648472	1.1186146138430175
5	0.8492819641625406	0.7742972151934034	1.0968423332769026
5	0.774756194844467	0.7143715284901454	1.0845283776663763
5	0.786396072958923	0.7558771994756357	1.040375438635348
5	0.7658002325223598	0.7275061566526446	1.052637459517747
5	0.8456115582569972	0.7556442033197541	1.1190604712402894
5	0.8141225143907398	0.7189811942523396	1.1323279675448765
5	0.7814256344416306	0.7348273704036964	1.063413892724674
5	0.797126346511634	0.7479286913058186	1.0657785371489368
5	0.8082292407657199	0.7368167913004487	1.0969202253646138
5	0.7483629630309178	0.7344899469419581	1.0188879591160094
5	0.7817039142459459	0.7544296900020628	1.0361521088119006
5	0.8310360698156071	0.7612345602819428	1.091695139941901
5	0.808258260498316	0.7299303476201305	1.107308749572567
5	0.7901530376754542	0.7407120996598174	1.0667478471572738
5	0.8139878553254668	0.6494339096453643	1.2533805876720547
5	0.8628887879236921	0.7722050398987866	1.1174348046689664
5	0.8389901145390116	0.7547841023393124	1.1115630442383702
5	0.8177827408640397	0.7365856261537322	1.1102344545254008
5	0.8379810314299181	0.7451005101378685	1.124655023085226
5	0.8314595952718851	0.7408194293285988	1.1223512267023463
5	0.7590996435409307	0.6832458610452993	1.111019746800343
5	0.814480231501121	0.7555160614159852	1.0780448928837139
5	0.8025993789821522	0.7397149366682109	1.0850117243774777
5	0.8121337203032916	0.7363066914691112	1.1029829413649452
5	0.8107566190811845	0.7405501394402242	1.0948031414780757
5	0.7280243727745681	0.7182034162764036	1.0136743383219788
5	0.6832826219249034	0.6629064882678903	1.0307375685977278
5	0.8002239061000151	0.7474496237267958	1.0706058049906908
5	0.8136015290246423	0.7498414209347808	1.0850314563983086
5	0.793035000222171	0.7431344708554194	1.0671487211585156
5	0.8182423916734614	0.7272074565927503	1.1251842706718729
5	0.6871042880838824	0.7054957024937404	0.9739312169516423
5	0.7437967281569844	0.7294655430503106	1.0196461440066749
5	0.7946541828018876	0.7415198486176369	1.0716559836979487
5	0.8128638708344889	0.6913206799668108	1.1758130407346026
5	0.8419147049210665	0.7596849977838347	1.108241846787963
5	0.8151042680744223	0.7556677472242032	1.0786543041813648
5	0.8435232061452191	0.7455674939183018	1.1313840973834774
5	0.7722895040179132	0.7388446109265536	1.0452664776825233
5	0.68407034611845	0.6645286023691236	1.0294069264733794
5	0.7523802673239883	0.7147588338963233	1.052635142993031
5	0.7203284619259304	0.6609768459799288	1.0897937897628018
5	0.7365189808459058	0.692648937123984	1.063336621729442
5	0.8133670451975558	0.7062836401132322	1.1516152987306287
5	0.7481632270783258	0.6892792096778851	1.0854283961762874
5	0.8195283282796328	0.7305004851929616	1.121872394188971
5	0.7919580546910655	0.7201444661761465	1.0997210863762348
5	0.8048437746103074	0.7331671474165607	1.0977630100398135
5	0.7192104896118489	0.7043568385219631	1.0210882471462264
5	0.7444277766394946	0.7060965586971822	1.054286085196389
5	0.7833957893717631	0.74691247459596	1.048845502005491
5	0.7904052879599572	0.7473674682244156	1.0575858885559875
5	0.8722158872309465	0.7536343910309546	1.1573461848493605
5	0.80520392538352	0.6507272743109584	1.2373907736326768
5	0.7639606221290656	0.7008418154332751	1.0900614165791023
5	0.748870519832766	0.6952929391989207	1.0770575646799672
5	0.8143466374379422	0.7073186097010565	1.1513151587827166
5	0.840594163326504	0.7381987648823366	1.1387097937782225
5	0.865811651266535	0.7604638234098086	1.1385310183255821
5	0.79958724515274	0.7490394888782826	1.0674834331500396
5	0.8227814398085954	0.7730378182658572	1.064348238038764
5	0.7552697659520801	0.7327450064375736	1.030740242944836
5	0.7267037564470769	0.7210108968160674	1.007895663791142
6	0.6232217462821998	0.5025627220658501	1.2400874933985653
6	0.5970988706156006	0.5312630131566303	1.1239232843780906
6	0.5849993390271166	0.5027883056929745	1.1635102336376613
6	0.6206121235536621	0.552788363372548	1.1226939000078133
6	0.6482726124996365	0.5616460412888481	1.154236947904058
6	0.6727578975961845	0.5720303433066023	1.1760877818252262
6	0.6573697324545744	0.5797678112649276	1.1338499993994773
6	0.6290161566381443	0.5658849484703155	1.1115619143758522
6	0.5943475259383624	0.4990617692568599	1.1909297857525534
6	0.5550358662391253	0.47235276749862004	1.1750452298149112
6	0.6253653182913347	0.5158847672143271	1.212219003224655
6	0.5875277634807243	0.5306784338127162	1.1071257583609873
6	0.5820895304960441	0.5242382174381157	1.1103531011925079
6	0.6067679759955613	0.5266290708359708	1.1521733409672543
6	0.6281554669443631	0.5058509755627704	1.241779688663299
6	0.6203124183205807	0.508882371359582	1.2189701456218474
6	0.5989760326988474	0.548661663254856	1.091703818242938
6	0.6032023739109015	0.5272121419844846	1.1441359670518612
6	0.5703234112617149	0.502172309271766	1.1357125845683913
6	0.5649392674810428	0.5171261415664075	1.0924593093859196
6	0.6690045358257116	0.4709116273102039	1.4206583507971398
6	0.5941534129819912	0.5230831130459253	1.1358680832233752
6	0.5742336748814838	0.5206991571182068	1.1028127605574822
6	0.5959840270047465	0.5416134195430345	1.1003863743028839
6	0.6109845708250308	0.5589323051347721	1.0931280321643022
6	0.6569468654572356	0.5428224576086147	1.2102426055682958
6	0.650915625290207	0.5658441372183879	1.1503443836849117
6	0.6766101815672302	0.5623976102901107	1.2030815373098818
6	0.6250271172415717	0.5212103645664544	1.1991839758625533
6	0.5930438455927929	0.5257615782185154	1.1279710617163314
6	0.6385563743513657	0.5543450723431802	1.1519113386400819
6	0.6256490837836532	0.5421956905849465	1.15391747785504
6	0.7056563874867272	0.544569608329383	1.295805672394246
6	0.6324846252793751	0.525960075737306	1.2025335276498696
6	0.5991890351108495	0.53787627270263	1.1139904575082769
6	0.6031487403909249	0.5382210235698863	1.12063392914381
6	0.702669404882392	0.483204234170716	1.4541871846142371
6	0.6094886640336068	0.5418267433992785	1.1248774104612025
6	0.59302975457966	0.5180725089092774	1.144684854689923
6	0.7011358884263312	0.5176796967743019	1.3543816626287597
6	0.581334392021563	0.5084881866842764	1.1432603691588163
6	0.5477668197490492	0.5385823742747168	1.0170530004564309
6	0.6258978899634892	0.4831197547106359	1.2955336308662644
6	0.6501508663264384	0.5616281636628885	1.1576179906759176
6	0.6024721295334462	0.5470282817116805	1.101354627677163
6	0.5901889139331491	0.5498198228683182	1.0734224001859956
6	0.5769291596545614	0.5129864278647344	1.124647999082517
6	0.5567324997559838	0.5401883124213136	1.0306267036036254
6	0.6238185371485093	0.5525872025372096	1.1289051470686262
6	0.5907298309415374	0.5162338690163881	1.1443066144944944
6	0.5869652136042044	0.5342261560808328	1.098720470577992
6	0.6886946173813623	0.5145819085046796	1.3383576180955055
6	0.634911434781069	0.5441535060682695	1.1667873636771404
6	0.5935264188822937	0.5383248930415843	1.1025431417982845
6	0.6758662485498241	0.5692980533280864	1.1871922705492242
6	0.6485655217288402	0.5429126344166901	1.1946038471284877
6	0.5608325113842557	0.5317003149398863	1.0547906322900393
6	0.6108963019021868	0.5595557106281874	1.091752421249283
6	0.6169068215580762	0.5010908623422129	1.2311276615073623
6	0.5964071261781019	0.5437005361155306	1.0969404783727705
6	0.6725779702572933	0.5595664380922778	1.201962670510233
6	0.6552908462755322	0.5625736870354892	1.1648089154838026
6	0.6096437640937882	0.5073062242731898	1.2017273491316134
6	0.6871838624450948	0.5689557211496499	1.207798492748345
6	0.4937529772578955	0.5006594195740978	0.9862053083469848
6	0.5562000252430327	0.5287713097310147	1.0518725486940108
6	0.6092823203634129	0.5280052343443123	1.1539323490230775
6	0.4965893678659379	0.490915813073537	1.0115570829891989
6	0.5693963925246607	0.5466841062741004	1.0415455397182751
6	0.6174145398508563	0.5335420805084573	1.1571993332980781
6	0.6254378201278399	0.5601512181018925	1.1165517451647702
6	0.6641952898132185	0.5497216846642426	1.2082392023863744
6	0.6767196014749306	0.5645883311999306	1.1986071338681146
6	0.6329992027003903	0.5438338276597446	1.1639570223580005
6	0.6447953858358819	0.5434269982004718	1.1865354278883564
6	0.6230103238116941	0.5466532426531328	1.1396810175093246
6	0.5985163485136905	0.5098313409727168	1.1739496975053945
6	0.6414942128865239	0.5549284341195111	1.155994491261498
6	0.5982771158780048	0.5545975250741355	1.078759079925628
6	0.6101514078827858	0.47955638820938273	1.2723246376949169
6	0.6081539737094065	0.5196600082184039	1.1702920449745484
6	0.5973908402997059	0.5340718404522551	1.1185589560270242
6	0.7061263592998938	0.577330267076552	1.2230891043969185
6	0.6654179387939682	0.5768303271033562	1.1535765502057918
6	0.6137564819314765	0.5296995311451952	1.1586879841191338
6	0.6021535803308569	0.5575048828067486	1.080086648388307
6	0.5873945482035976	0.5445613209503789	1.0786563892904941
6	0.6597791268387198	0.5473395519598211	1.2054292887774947
6	0.5637020743441103	0.49362505361882714	1.1419640680948826
6	0.6168249583217736	0.5398877285752537	1.1425059798072366
6	0.6005305798080446	0.5495599650338472	1.09274804937994
6	0.6179332497632956	0.552405583074631	1.118622383075755
6	0.591815079926052	0.5380016768006863	1.1000246011227617
6	0.5675345984545646	0.5470938480622423	1.0373624204781713
6	0.6910300856306616	0.5487319053418387	1.2593218635613628
6	0.6286621612109704	0.5278167037686035	1.191061511927023
6	0.5773690942040487	0.5307170404671627	1.087903817250376
6	0.6631524421467653	0.49926554020330094	1.3282559855357323
6	0.6941280873774515	0.5643976477813875	1.2298564498027702
6	0.677040955212416	0.5490629172867226	1.2330844679114668
6	0.6319136772346117	0.5246573787233892	1.2044311256466103
6	0.6496704515883802	0.5282384681008454	1.2298809928101495
6	0.6816218423975453	0.5517731660744389	1.2353298136024047
6	0.5583276129037132	0.496141422490342	1.1253396463073626
6	0.6087206967974401	0.5414586837945887	1.124223721986456
6	0.6430990702714066	0.539569949730757	1.1918733995329245
6	0.7107268063957315	0.5668489835120063	1.2538203773292604
6	0.5784542854043139	0.5290692626767891	1.0933432089357538
6	0.49440373436695484	0.511648734240312	0.9662952359318112
6	0.5148035953720377	0.4434572828768812	1.1608865504075274
6	0.6102827365002252	0.5437211993145732	1.1224185065242278
6	0.6787155355839136	0.5786790361800642	1.1728704396554666
6	0.6188943099918222	0.5451403934006378	1.1352934353866173
6	0.6214012966766462	0.5337938053578563	1.1641223454439635
6	0.5112571993888169	0.507190189989151	1.0080187067493416
6	0.5331839398966011	0.5225027929735098	1.02044227718345
6	0.641681107742021	0.5487227738316468	1.1694085580980365
6	0.6202434401477707	0.49439546624731656	1.254549207046126
6	0.6777724526352735	0.555648155753926	1.2197871001940865
6	0.6565083447195021	0.5595539722355666	1.173270814424884
6	0.6690070532274014	0.5504082327760423	1.215474285065093
6	0.5917862451640061	0.5277491389720127	1.1213400486388845
6	0.5217818384567299	0.45107140667634954	1.1567610598539138
6	0.607702361505571	0.5438268585223586	1.117455587163844
6	0.585851987579933	0.474213744043653	1.2354175620983336
6	0.5786480943732671	0.4950959741949405	1.16875944167025
6	0.6369492718404418	0.5434968456727625	1.171946584256621
6	0.5641142088728295	0.475822828298816	1.1855551590277351
6	0.648457544986233	0.5381333910491658	1.205012652572952
6	0.6071524093771586	0.5417926028121397	1.1206362106565741
6	0.6334450575996895	0.5343479344525751	1.1854543018841024
6	0.5106077239725314	0.4921273398254355	1.0375520371488631
6	0.5979802867180414	0.5286503838914184	1.1311450912345558
6	0.5676782078116928	0.534805521011206	1.061466618254672
6	0.5874174471407885	0.5333042121475294	1.1014678559828992
6	0.7023850776597598	0.5528473892249136	1.2704863789706893
6	0.7010568266035306	0.44233869522135116	1.5848869524125944
6	0.6028952279579152	0.52898688294647	1.1397167820112548
6	0.5700988976264263	0.4661635808136636	1.22295889488267
6	0.5650594058152916	0.4948542795221109	1.1418703024271688
6	0.610334285344192	0.5155641888357755	1.1838182297386135
6	0.662989369898926	0.5430202088561519	1.2209294591364912
6	0.6287233885288664	0.5531644788253233	1.1365939292848248
6	0.6237156193697497	0.5669439432534936	1.10013631293151
6	0.5554459727176466	0.5297007651981659	1.0486033043766687
6	0.568810389570449	0.5204537493914738	1.0929124638558467
7	0.3902129233754354	0.21579947908059097	1.8082199504740657
7	0.3532845781301207	0.1995862099103078	1.770085109030747
7	0.26990519042777955	0.1732131295019539	1.558225933587413
7	0.35934258145139086	0.23417523206171256	1.5345029373417798
7	0.32593656368373447	0.2270362034311366	1.4356149317066773
7	0.30058716612444447	0.19178294878447866	1.5673299843889539
7	0.3395638137783171	0.22900761960091112	1.482762077393193
7	0.3326062526264807	0.2054553031026776	1.6188740207901016
7	0.35658704018600257	0.1900807203111826	1.875976898668267
7	0.3594640313059296	0.20028023428685876	1.7948053265759314
7	0.3619890032445573	0.19273261792942648	1.8781927373451026
7	0.24834132853491814	0.21399501666651263	1.1605005219440712
7	0.34766002984981714	0.2088184765109944	1.6648911325215645
7	0.2549046067870543	0.1899447964539	1.3419931029746328
7	0.32381723078821684	0.19677045795519238	1.6456597913796336
7	0.31834437496867746	0.21279729513168097	1.49599822108492
7	0.3190110699967164	0.2171560313533237	1.469040799873845
7	0.3308118294373534	0.20664274958970938	1.6008876676979114
7	0.3626658633381582	0.1927101484644239	1.8819240513693531
7	0.2230188755719679	0.1697326827926964	1.313941851990596
7	0.5325052720454736	0.2084336227336801	2.554795455078121
7	0.3323804918387239	0.1986647371250289	1.6730724166188662
7	0.26080038180880044	0.19538448799182281	1.3348059740531468
7	0.30697543677810246	0.19391532226626176	1.5830385819466077
7	0.3658928265516678	0.2086440029828615	1.7536704689361384
7	0.293903201060835	0.201928071481649	1.4554846134285226
7	0.36331337545207454	0.22466271255679515	1.6171503108698033
7	0.4641817222141963	0.22162624160688596	2.094434841509193
7	0.4421166007421329	0.18490540869592395	2.3910420136448876
7	0.4040320706731434	0.20329931258037925	1.987375488608205
7	0.28207679593455276	0.21095913206393888	1.3371158345923564
7	0.3841873906024961	0.21189722326408314	1.8130836482160566
7	0.4006945295100732	0.16397830524660736	2.443582575801523
7	0.3258282354938233	0.19984002320232203	1.6304453445942022
7	0.30635807432326345	0.20603346997086192	1.4869335276767888
7	0.3513102562274225	0.21225422148509812	1.655139076949229
7	0.40923073307190344	0.1397175097308528	2.928986738027553
7	0.37599821005059797	0.22127999466131368	1.6991965795466175
7	0.24751862175489672	0.17371093050313843	1.424888008129257
7	0.519732699967104	0.18447371036907015	2.817380855663893
7	0.26159631061156147	0.17505953559792037	1.4943276852533198
7	0.2354519752175097	0.18502802018690626	1.272520642979737
7	0.3228251857845367	0.17460495292662476	1.8488890513901937
7	0.3670743093645026	0.22242904535675911	1.6502984525952695
7	0.3405042524327767	0.23199825827761195	1.4677017619042863
7	0.2330906513379328	0.20795976764306068	1.1208449306310364
7	0.37032247403943525	0.1960422007035617	1.8889936590714225
7	0.2519071807389402	0.20758612946496494	1.213506805046218
7	0.29821684297714607	0.20440930182691489	1.4589201191522263
7	0.31184476864178984	0.1873480469747121	1.6645210541419846
7	0.28238651526747927	0.19981735797568168	1.413223146018408
7	0.4828055493584363	0.21208778539556167	2.2764420329910235
7	0.3626014693582218	0.19826825935470438	1.82884275344105
7	0.3006856025938764	0.2158438920089426	1.393069777399208
7	0.3631157795285243	0.21537112472432793	1.6860002936480343
7	0.34735972043667634	0.19964597241017684	1.739878427013887
7	0.2514975816549937	0.2004294463470239	1.2547935756882267
7	0.2627540692263602	0.20622765940877064	1.2740971311978413
7	0.39037337405139017	0.21417537869393288	1.8226809095981702
7	0.3350413157528294	0.22503395432481754	1.4888478352436785
7	0.4598618449536952	0.2122348725741629	2.1667591163323174
7	0.35271110980848264	0.22587623478196087	1.5615237705239593
7	0.39220955579949646	0.1825938807553125	2.1479884987223774
7	0.3346678746948181	0.17290555927416745	1.9355530041931879
7	0.3365159013655914	0.19525767194408483	1.7234452199243577
7	0.27534653499698153	0.1943656146858001	1.4166422154561154
7	0.23847321741580352	0.17311092781873627	1.3775746015613055
7	0.4274155989966603	0.20144880441424567	2.1217082932780866
7	0.3100630121911917	0.21019183688852922	1.4751429778675327
7	0.2799267779065745	0.1947406178937046	1.4374339618218073
7	0.33328377686816435	0.22030950941711444	1.5127979620577996
7	0.34736468874280335	0.19468877082083488	1.7842050534207268
7	0.368334076547664	0.21541531771077593	1.7098787609997264
7	0.30689948640512876	0.22579736817194287	1.3591809722575123
7	0.3007117699816989	0.2030815773274828	1.4807437185539523
7	0.32233433489492336	0.21333053666134477	1.5109620026251493
7	0.30258343534869886	0.1914661774237027	1.580349278499986
7	0.4213510305295003	0.22099899920370278	1.9065743829053534
7	0.29180214667693016	0.20937606642160309	1.3936747960932296
7	0.35088067250031363	0.23221822855242627	1.5109953886376226
7	0.31687703433777104	0.20138505756173258	1.5734883122628676
7	0.3202568843252343	0.21577643197648286	1.4842069701112612
7	0.37329023834872127	0.17924638636881335	2.0825537736679816
7	0.3350260404364601	0.21628022541323094	1.5490368562190564
7	0.37621299997725377	0.228185187308514	1.648717887496357
7	0.29467067039125644	0.2251674899201682	1.308673248059612
7	0.3139973231062532	0.2182509399809933	1.4386986059881262
7	0.39478582506400794	0.20536744426459924	1.9223388910433075
7	0.2855483043588608	0.18126357956741415	1.5753208948003914
7	0.34812333719366445	0.20239230905042901	1.7200423218993188
7	0.27490764283622926	0.20491605093912668	1.3415622718490443
7	0.31868722182094206	0.23039572781603146	1.383216715178896
7	0.22782800392149616	0.1976474454562255	1.152698955433527
7	0.36354355779960174	0.2079832239149689	1.7479465456705852
7	0.29837750893273024	0.18888592608016097	1.5796704133800965
7	0.298657025301457	0.1755867815265033	1.700908363972588
7	0.2804668462738039	0.20611853593225365	1.3607065711255917
7	0.4749684098643395	0.21374911249154946	2.2220836583970254
7	0.3720914273820731	0.21585910592072902	1.723769890526268
7	0.34862398634265046	0.21157337786116548	1.6477686836924144
7	0.41181568141670544	0.20329581655031637	2.025696782180364
7	0.3912679247888483	0.20271674430917982	1.9301213924000955
7	0.41684211467985366	0.21894600430040023	1.9038580585738127
7	0.4355320452342243	0.19965024610881968	2.181475123235445
7	0.26965911052537506	0.19456370968712772	1.3859681795695924
7	0.3061488645317624	0.1795961085613915	1.7046519937658406
7	0.42602968197433383	0.20886249176041874	2.0397615597874914
7	0.2622907201267138	0.1933974123288308	1.3562266266559178
7	0.30203167747672843	0.2153372439219974	1.4025984171420656
7	0.2913515828438051	0.19367651289486582	1.5043206762089971
7	0.2882080568377409	0.1994951240043949	1.4446872236906987
7	0.3909119730771682	0.24722485074973574	1.5812001580410946
7	0.3019476652268553	0.20314180556761421	1.486388606142197
7	0.26837001332012933	0.17596917441688645	1.5250967347516058
7	0.2821955166234984	0.21224268701025872	1.3295888805340017
7	0.22009490268747509	0.1863733199286542	1.1809356766930477
7	0.37149986812740055	0.21896029114565294	1.6966540653724191
7	0.34059285936445755	0.15546668828577997	2.1907770926359307
7	0.344722106627279	0.21508366245469926	1.602734966910302
7	0.4354734576162569	0.23175178835230945	1.8790511206508984
7	0.34722532497852543	0.21060474250442657	1.6487061062797639
7	0.3644736510719576	0.23240975770112562	1.5682373006931298
7	0.30431563508583237	0.18774856643753302	1.620867955799189
7	0.2848329788505917	0.19675875606816212	1.4476254299550384
7	0.38296519306085236	0.20043626470241763	1.9106582016454485
7	0.38575205854873584	0.19302415907673423	1.9984651682662435
7	0.38007029258438496	0.20853510841937178	1.8225722060193796
7	0.25946755137957583	0.16880915853297285	1.5370466486206376
7	0.3024306767444491	0.20658012101174783	1.4639873152521314
7	0.3287162636197595	0.22268560042569535	1.4761451256451759
7	0.3965295110307977	0.21145535937414156	1.8752398246345345
7	0.2899745319505193	0.1999913972564073	1.4499350268489068
7	0.32460477198278415	0.1900911866186626	1.707626627813977
7	0.2896624900862916	0.21123172409123406	1.3713020207191138
7	0.37021107382697416	0.19434040479832684	1.9049619363052879
7	0.3484898151507939	0.2126987515259986	1.638419655266276
7	0.40920483614330294	0.19513350018271014	2.0970506640845907
7	0.32777040041107136	0.2200935021531812	1.4892325180184054
7	0.3893652903834003	0.20850900708737555	1.8673787565456923
7	0.343465162212123	0.1881246744357068	1.8257315965721717
7	0.2870871144930677	0.18583580287718074	1.5448428669194822
7	0.27534903531642146	0.19989448240905416	1.3774719141720022
7	0.32439472313741247	0.21318505173635316	1.521657923457939
7	0.3083804809475774	0.21335305020430717	1.4453999164871176
7	0.27830305237002956	0.20028459980195654	1.3895379507222145
7	0.38598418867770234	0.22366174354108423	1.7257497083170206
8	0.4613385595235681	0.42647975689725515	1.0817361247809727
8	0.44488312153038256	0.4187440619549627	1.0624225199836534
8	0.41962710294050626	0.4013428320561835	1.0455577362392339
8	0.44194137791613636	0.4197848399396979	1.0527807006551768
8	0.42010551852560435	0.4131307562009362	1.0168826992906717
8	0.44969983364315824	0.4207722529490883	1.0687487839117804
8	0.41901062294821595	0.40856695073503185	1.025561715636557
8	0.45080909482662185	0.41524389432742753	1.0856489426697036
8	0.4232075198590882	0.41404862906998197	1.0221203263241774
8	0.44403713428739094	0.4196305741037879	1.058162016044061
8	0.4315825468540397	0.4156327247605109	1.0383747985741958
8	0.4203983600329437	0.41352903098027616	1.0166114795771017
8	0.4544749698429843	0.42407925692751414	1.0716746042607446
8	0.4390753417209202	0.4176349043013844	1.0513377526607868
8	0.424186411598262	0.4082895819938359	1.0389351830306217
8	0.4095085616384632	0.4064776376538231	1.0074565577632622
8	0.4492929475979537	0.4218612065819447	1.0650255121542693
8	0.4493868119330494	0.4194856288464562	1.0712805899187023
8	0.4368434405718144	0.414401086692219	1.0541561173469212
8	0.42006459290854625	0.4088815333456376	1.027350365939504
8	0.4984371471798289	0.42695414252944314	1.1674254856198198
8	0.4318981886806199	0.41492664804302465	1.0409025082328176
8	0.41465613786535976	0.41313986606232384	1.003670117380556
8	0.45822188341917974	0.4235771849345291	1.081790756718886
8	0.4317974097481761	0.41130421824603586	1.049824899898988
8	0.4355377172473459	0.4149448519328529	1.0496279571094074
8	0.43737421325005643	0.42050855535886467	1.040107763983062
8	0.4738657849503234	0.4291688820746269	1.1041475855836265
8	0.45679850620907897	0.4185644159597262	1.0913457732943825
8	0.4655147866675707	0.4128606329661887	1.1275349343023802
8	0.4286186897929342	0.41797362478936073	1.0254682696998838
8	0.44675954835937565	0.41586934996779895	1.0742786127276958
8	0.5192238217773364	0.43066925372875603	1.2056208268453585
8	0.46462089707130855	0.42372625797644214	1.0965119303442838
8	0.43964449095079966	0.41648313550868155	1.055611748633782
8	0.45399001146826184	0.42257543091036726	1.0743407644174134
8	0.47685677092483514	0.41704809577171936	1.1434095389944028
8	0.46251832687116246	0.4177301144064502	1.107218059986773
8	0.44405817730928476	0.4208947860908137	1.0550336853388183
8	0.48922310522113294	0.4177074181136067	1.1712100001251968
8	0.43671553600145907	0.41624998639645155	1.0491664871443753
8	0.4205765902771317	0.41613206983539036	1.0106805525551046
8	0.4551092833553634	0.4170063086697663	1.0913726576634875
8	0.46129623665142094	0.4196271615277311	1.0993002335024877
8	0.4616882778382088	0.422996460411832	1.09147078296756
8	0.42491936127914	0.41029233403995824	1.0356502572084547
8	0.4176350593413791	0.39395039990658853	1.060120917355095
8	0.42070342434212094	0.4140006663188687	1.016190210713549
8	0.4494484797212257	0.4231665750277389	1.0621077047301384
8	0.4542353520303101	0.41982601995845803	1.0819609324721153
8	0.4471389767333017	0.4229187617507847	1.0572691901448188
8	0.44120273189951476	0.39678013118958644	1.1119577247397567
8	0.4316387220535698	0.4029616183096024	1.0711658441919754
8	0.45026325584903726	0.4208867134576012	1.0697967919920934
8	0.45207617995625177	0.416339015530493	1.0858366933981025
8	0.44462869114401915	0.40927719901284626	1.0863754253020659
8	0.44625621553726474	0.4239887518870799	1.052518996202322
8	0.45257515278093585	0.4254119171867213	1.0638516094561876
8	0.452156516284482	0.40825874251406485	1.1075243937217214
8	0.4502540696911163	0.4229237032159982	1.0646224514428784
8	0.470680225540325	0.41906598318062244	1.1231649535664083
8	0.45578167672753434	0.41765465040581606	1.091288403671962
8	0.49096209702359894	0.4160919439474392	1.179936560092635
8	0.4342830185828602	0.40579839485991503	1.0701940275854918
8	0.4830420888472453	0.42742783282218577	1.130113791743168
8	0.43202381751508573	0.4187899572166484	1.0316002331727148
8	0.4273780003135424	0.4142544030528495	1.031680042901122
8	0.44459956411674934	0.4151405447571648	1.0709615568308717
8	0.42416160174365203	0.4106367326557794	1.0329363352382068
8	0.4313651802507251	0.4194514508946307	1.028403118717754
8	0.41527482239971053	0.4059511319024815	1.0229675193995242
8	0.4527344745415114	0.40960915725134145	1.1052840653748073
8	0.46265759348313973	0.4215650749571873	1.0974760979194627
8	0.4418606024005289	0.41746018188501655	1.058449695502296
8	0.4729775740435954	0.4183342494481991	1.1306212070072514
8	0.4505566064757501	0.4198229124009514	1.0732063285899138
8	0.4445808431555632	0.4184419423483107	1.0624672102910144
8	0.45940287462312135	0.4105952820704685	1.1188703199572474
8	0.4456446359197409	0.4120114467609652	1.0816316862630482
8	0.43152008353690585	0.4162962376377823	1.0365697417433057
8	0.4483947063032204	0.4194949146030658	1.068891876144673
8	0.43361400307097264	0.419754378285035	1.0330184162522928
8	0.4501086923070341	0.41269772382800013	1.090649805702892
8	0.45258629256190536	0.42737741531426654	1.0589850477454494
8	0.4372485533656511	0.42015910970851383	1.040673743023192
8	0.44116933202377207	0.4202044947565574	1.049891987184384
8	0.4624447605511305	0.42947067563618835	1.0767784316498363
8	0.438635023027627	0.4148115235435251	1.0574321062264371
8	0.42979023200409133	0.41569959301082127	1.0338962058904475
8	0.45196153242033876	0.419255748187666	1.0780091492461377
8	0.4300354604541357	0.4130413029906185	1.0411439663309003
8	0.43378768256159617	0.4180574045305659	1.0376270767137679
8	0.41216525022415434	0.41017832879662935	1.004844042915076
8	0.44257558318165346	0.4155303838283372	1.0650859730259559
8	0.4430303271194136	0.41327496931223534	1.071998935373939
8	0.44891756230198804	0.41335248501619254	1.0860405551557342
8	0.41261869676545404	0.4115820986347427	1.002518569525132
8	0.4373959822559158	0.4066274452925295	1.0756676346360519
8	0.4466748662343686	0.4098405201679588	1.0898748275336818
8	0.4543366199103918	0.41528538208759896	1.0940347036211246
8	0.4530023088126667	0.40747288685044986	1.1117360772495446
8	0.4476009113141542	0.4237883636348715	1.0561897157228204
8	0.4848914614691836	0.42319379051041506	1.1457905865876596
8	0.433680108607843	0.4083332330109314	1.062073996304467
8	0.45982007691081	0.42195630648771354	1.08973386542855
8	0.44856114227841715	0.41779731045153246	1.0736333888641763
8	0.4705412825710549	0.41768266309631474	1.1265521031753987
8	0.43919053224600696	0.4173884042447053	1.0522346279378656
8	0.42229424681800687	0.4078245530154377	1.0354801928809358
8	0.420533612278345	0.4083496934591316	1.0298369731001962
8	0.41375631059929807	0.4039825425065663	1.0241935407210645
8	0.44810057134847414	0.42285437252341557	1.0597042397230043
8	0.4576898479391871	0.4204101312792215	1.088674639087624
8	0.45782993511027364	0.42382375804384986	1.0802365993435068
8	0.4333389789203331	0.4179930677917075	1.0367133149114154
8	0.43297800249801144	0.4209501679035567	1.0285730604512087
8	0.4600496056644202	0.4265761669271039	1.0784700162187835
8	0.4517385082659818	0.4170830523704356	1.083090060117731
8	0.4532055827111751	0.41577178142834725	1.0900344923703753
8	0.47418943356941307	0.4281193046513876	1.107610491789292
8	0.4859506278866325	0.42351220650808147	1.1474300396046782
8	0.45180230827119117	0.4143587359135836	1.0903651090523083
8	0.4295591448655497	0.4043859226758172	1.0622504908755517
8	0.46776678255362175	0.4247694569336453	1.101225087910907
8	0.4439488737285062	0.4097678014242016	1.0834157105206994
8	0.4483696367274397	0.42064698523007005	1.065904790645788
8	0.44218913544203814	0.4146574279247978	1.0663962723519171
8	0.4436798720576089	0.4208786728801719	1.054175230646407
8	0.4221001080523485	0.40775549386695986	1.0351794504332759
8	0.41888363979629145	0.41320800765472293	1.0137355327980746
8	0.48009010161350874	0.41954298307935806	1.1443168423167216
8	0.4198244150847211	0.4021493388307236	1.0439515238428316
8	0.4570647490663757	0.42215727563295846	1.082688314162249
8	0.43349884153755047	0.4162337947273195	1.041479204785718
8	0.45369988593354843	0.41479779115121995	1.0937856845244054
8	0.4303617658563416	0.40584886473881165	1.0603990875601081
8	0.452351375494979	0.4143279066403588	1.091771440555234
8	0.4235853316753991	0.41408424250595116	1.0229448218361301
8	0.4647767823745311	0.41930083763390963	1.1084566036100467
8	0.39850999687223376	0.3912129897210814	1.018652261920942
8	0.46192334125090734	0.4227512438203627	1.092659922361316
8	0.4609457473241035	0.42362543591101576	1.0880974281745608
8	0.4309143984131323	0.4099261869431911	1.0511999773092071
8	0.4225121350460541	0.4160962991376585	1.0154191131276393
8	0.4235600767063804	0.41427400950288257	1.0224152782711156
8	0.47630577553803005	0.4215946607430354	1.1297718398486583
9	0.9058051671113254	0.8899018807586234	1.0178708312641667
9	0.8999274433866296	0.889786695966928	1.0113968296735225
9	0.9018942558243618	0.8896013704579153	1.0138184199964966
9	0.905381167703905	0.8902775146566555	1.0169651067207672
9	0.8950273599458078	0.8865258622123993	1.0095896781986624
9	0.8945114892873732	0.8833683405645332	1.012614385428075
9	0.9008777756752734	0.8901799883596131	1.0120175553882915
9	0.9089712142088124	0.8926731389133751	1.018257606939172
9	0.8944525316469438	0.8877350254531617	1.0075670171855087
9	0.9006305073522626	0.8867360018855899	1.0156692695877092
9	0.894985777638958	0.8872685004777845	1.008697792333457
9	0.8878772145683351	0.8865293388163237	1.00152039610309
9	0.9062107268819002	0.8912250736769515	1.0168146674140597
9	0.9024210387418392	0.8908295571394714	1.0130120083123297
9	0.9028750114727817	0.8906021239373496	1.013780438206428
9	0.898922593604442	0.8893314787510151	1.0107846343940246
9	0.8989444610354269	0.8892028629678203	1.0109554281405404
9	0.903043354064226	0.8895052962275238	1.015219760797511
9	0.899157883941602	0.8876256061804733	1.012992277015028
9	0.9012355347954776	0.8906265441426506	1.0119118285016304
9	0.9164694629079534	0.88461288794215	1.036011882033406
9	0.8995738934765182	0.8896782938909013	1.0111226717045547
9	0.8897198756961628	0.8869737948906105	1.0030960112027787
9	0.9008646911999729	0.8889414359799549	1.0134128692143527
9	0.9021254674503354	0.8878433537018617	1.0160862991077473
9	0.9009444284735425	0.8901478667389415	1.0121289531077058
9	0.8970811670508695	0.8876011036281835	1.0106805448798284
9	0.9036663855187893	0.8871270631230157	1.0186436904963185
9	0.9013469347820366	0.8870917410776133	1.0160695822588839
9	0.9038444172946385	0.8858144505619939	1.0203541122197834
9	0.892279872987895	0.8867135011400096	1.006277531401889
9	0.901761362166955	0.8880929391239095	1.0153907574769474
9	0.9131590500587592	0.8856163045018984	1.0311000886239914
9	0.9071130126594544	0.890071968925295	1.0191456919542532
9	0.9021468964594961	0.8907459546255779	1.0127993192387952
9	0.8932926205624447	0.8813009870024935	1.013606740190701
9	0.909047088180159	0.8876242357254124	1.0241350467827626
9	0.9001635264021566	0.8862359003454829	1.015715483937453
9	0.8892560404414205	0.8854994783472641	1.004242308647282
9	0.9101538924940517	0.879726470896479	1.0345873661918639
9	0.9041513027749521	0.8910491610377539	1.01470417381005
9	0.8931063666695419	0.8876906618567572	1.0061008919497438
9	0.9001817244694266	0.8868038054936495	1.015085545295253
9	0.9024844700918964	0.885325661991191	1.019381351786543
9	0.9041907476722123	0.8903053209444767	1.0155962526574651
9	0.8912690775591219	0.8863729417595329	1.0055237875265797
9	0.9034630550925549	0.887633419204509	1.017833528510263
9	0.893250617744533	0.8886501379653964	1.005176930248016
9	0.8974254159555931	0.8868522717939865	1.011922103035513
9	0.9090626986420436	0.8934766429321365	1.0174442788551898
9	0.9006315577415563	0.8888295133413306	1.013278186899824
9	0.9023073293842561	0.8834128574414147	1.0213880427296071
9	0.8987414794110411	0.8876494791335872	1.0124959238282667
9	0.9014283837821416	0.8901416102103877	1.0126797505501246
9	0.9001367688685729	0.8835524191057087	1.0187700801947326
9	0.8983622006769701	0.8840966489312015	1.016135737832526
9	0.8937779496712912	0.8888705754742661	1.0055209097167006
9	0.8920359492060328	0.8842183366194325	1.008841269472525
9	0.9044701609963994	0.8843593890404341	1.0227404969124445
9	0.897607223708491	0.8878086155150003	1.0110368473815796
9	0.9059243067566319	0.8803952905926993	1.0289972202676665
9	0.8980071337794111	0.8863058320439943	1.0132023296162131
9	0.9098677457237425	0.8870675711160878	1.025702861146156
9	0.8995389448194306	0.8875466051362698	1.0135117858755367
9	0.9047470677276734	0.8827876256087719	1.024875113200367
9	0.8988428767815149	0.8899852997414164	1.0099524981397694
9	0.8935829476030183	0.8864212810728371	1.0080793034678877
9	0.895374704241989	0.8817109022069262	1.0154969185487694
9	0.8959498114728716	0.8880946772562861	1.0088449288321977
9	0.8933904186312167	0.8877084930224073	1.00640066604462
9	0.8904544396877526	0.8838783015699743	1.007440094531224
9	0.904816953869998	0.8881989444635515	1.0187097828814504
9	0.9040656403338332	0.8866320263702768	1.0196627388195378
9	0.8965372022481658	0.8886627198317847	1.008861047324987
9	0.9034097649624921	0.8884451660076629	1.0168435819422312
9	0.9014933981648005	0.8897282600337553	1.0132232937398198
9	0.8967182975869281	0.8872412941026733	1.0106814274169234
9	0.9106930319082525	0.8862377095309908	1.0275945405101343
9	0.8984741917101793	0.8867259913136526	1.0132489636162825
9	0.9012453087554526	0.8881100074850505	1.0147901736943588
9	0.9007012982262737	0.8883149071055387	1.013943693865382
9	0.9005796321874513	0.8888579543954801	1.0131873464528347
9	0.9094456433231144	0.8843068718766633	1.0284276558804772
9	0.901855663412469	0.8900088633418679	1.0133108787547553
9	0.9000161370494272	0.8906019288960297	1.0105706128046086
9	0.8967694434528655	0.8895513119716211	1.0081143508914017
9	0.9028666594771242	0.8879203712510477	1.0168329151014046
9	0.8997005213115885	0.8872349944805548	1.0140498592915983
9	0.9040905004429416	0.8917117783808886	1.01388197662313
9	0.906620026095158	0.8908837896922877	1.0176636241280197
9	0.8917675528676661	0.88745479007885	1.004859698586373
9	0.8947278809959249	0.8884915816338153	1.0070189740578543
9	0.8922910227260921	0.8888406255005553	1.0038819076519974
9	0.8939246106094803	0.8837904487499122	1.011466702173465
9	0.9052075071962056	0.890569660163158	1.0164364986680166
9	0.9083292382150656	0.8908765056557516	1.0195905183810718
9	0.8971850241272422	0.8904467202596232	1.0075673296496104
9	0.910579735991892	0.8878832485247331	1.0255624683818174
9	0.9043551777002407	0.8878373669685342	1.0186045455465627
9	0.9030246389671148	0.8888657413153146	1.0159291746702357
9	0.9060064423369919	0.8876130248638568	1.0207223384041217
9	0.9003592615814714	0.8886362290087612	1.013192161415461
9	0.9117815253657252	0.8861635743101945	1.028908828796616
9	0.8980829372580811	0.8877949249508253	1.011588275645781
9	0.8977153427853665	0.8858908112390952	1.013347617331906
9	0.9094637828465792	0.8917235459005197	1.019894323781867
9	0.9051161211628603	0.8879477322117627	1.0193349093964499
9	0.9041864882067465	0.8911863580337751	1.0145874429694521
9	0.899069849471912	0.8877038272211109	1.0128038450463615
9	0.8921307793685319	0.8868796791025599	1.0059208711054082
9	0.8981256295179115	0.8883574153217496	1.010995815454103
9	0.8964214875821834	0.8884847299901169	1.0089329138972989
9	0.891591925130531	0.8822498118210165	1.0105889660551266
9	0.9040916529289597	0.8896663501846118	1.0162142838619832
9	0.8938166631335424	0.8879916767911711	1.0065597307887169
9	0.8932222143957261	0.8865097208224655	1.0075718217359568
9	0.8986259871262041	0.886795291965829	1.013340953958099
9	0.908799727761546	0.8874733515550648	1.0240304412173191
9	0.9018020319456193	0.8889308700675101	1.0144793732690727
9	0.8967559486888803	0.8843064416101543	1.01407827252288
9	0.9005755358419293	0.8860599499092687	1.0163821713577585
9	0.8952776726086622	0.8844742758396806	1.0122144838624338
9	0.8965146775856017	0.8845502100590561	1.0135260467868148
9	0.9017951287644295	0.8882830078195204	1.0152115044709427
9	0.9020223954833227	0.8866467771103259	1.0173413119744343
9	0.902809112848289	0.8832574947846379	1.0221358077107723
9	0.9050424131971301	0.8896845386940984	1.0172621573547567
9	0.904994207994552	0.8895318057552178	1.0173826299850026
9	0.9008595497916051	0.8906158541281806	1.0115018114891432
9	0.8948132056959924	0.8879177752327426	1.00776584347739
9	0.9094474389492857	0.8859336356814956	1.026541269369124
9	0.8963019939804571	0.8869755147447359	1.0105149229946953
9	0.8963133487912899	0.8826577788165277	1.0154709676870142
9	0.892241774599789	0.8861081473082467	1.00692198498589
9	0.9010550958789963	0.8844936070093002	1.0187242606825557
9	0.8989671780544821	0.8851003692531401	1.015666933698201
9	0.9078577899230131	0.8898749345776283	1.0202082951734337
9	0.9008913000963534	0.8912069721110728	1.0108665307704456
9	0.9032751749792528	0.8864467993724864	1.0189840784790234
9	0.9015438790973475	0.8881201900610628	1.0151147211678204
9	0.900188514724144	0.8873138394548234	1.014509719894858
9	0.9005032644969553	0.8884531439227453	1.0135630344229585
9	0.8898230175210731	0.8848838027545617	1.0055817664998907
9	0.8897366416217836	0.8862583178628345	1.003924729042134
9	0.8937077425674254	0.8880622981490195	1.0063570364716221
9	0.9103991049236964	0.8914890709848585	1.0212117394977678
