0	1.0	0.9999908111549421	1.0000091889294935
0	1.0	0.9999908111549421	1.0000091889294935
0	1.0	0.9999908111549421	1.0000091889294935
0	1.0	0.9999908111549421	1.0000091889294935
0	1.0	0.9999908111549421	1.0000091889294935
0	0.9997357878090597	0.999861567307303	0.9998742030873513
0	1.0	0.9999908111549421	1.0000091889294935
0	1.0	0.9999908111549421	1.0000091889294935
0	1.0	0.9999908111549421	1.0000091889294935
0	1.0	0.9999908111549421	1.0000091889294935
0	1.0	0.9999908111549421	1.0000091889294935
0	1.0	0.9999908111549421	1.0000091889294935
0	1.0	0.9999908111549421	1.0000091889294935
0	1.0	0.9999908111549421	1.0000091889294935
0	1.0	0.9999908111549421	1.0000091889294935
0	1.0	0.9999908111549421	1.0000091889294935
0	1.0	0.9999908111549421	1.0000091889294935
0	1.0	0.9999908111549421	1.0000091889294935
0	1.0	0.9999908111549421	1.0000091889294935
0	1.0	0.9999908111549421	1.0000091889294935
0	1.0	0.9999908111549421	1.0000091889294935
0	0.9989410185026011	0.9994697018853685	0.9994710361086783
0	1.0	0.9999908111549421	1.0000091889294935
0	1.0	0.9999908111549421	1.0000091889294935
0	1.0	0.9999908111549421	1.0000091889294935
0	1.0	0.9999908111549421	1.0000091889294935
0	1.0	0.9999908111549421	1.0000091889294935
0	1.0	0.9999908111549421	1.0000091889294935
0	1.0	0.9999908111549421	1.0000091889294935
0	1.0	0.9999908111549421	1.0000091889294935
0	1.0	0.9999908111549421	1.0000091889294935
0	1.0	0.9999908111549421	1.0000091889294935
0	1.0	0.9999908111549421	1.0000091889294935
0	1.0	0.9999908111549421	1.0000091889294935
0	1.0	0.9999908111549421	1.0000091889294935
0	1.0	0.9999908111549421	1.0000091889294935
0	1.0	0.9999908111549421	1.0000091889294935
0	1.0	0.9999908111549421	1.0000091889294935
0	1.0	0.9999908111549421	1.0000091889294935
0	1.0	0.9999908111549421	1.0000091889294935
0	1.0	0.9999908111549421	1.0000091889294935
0	1.0	0.9999908111549421	1.0000091889294935
0	1.0	0.9999908111549421	1.0000091889294935
0	1.0	0.9999908111549421	1.0000091889294935
0	1.0	0.9999908111549421	1.0000091889294935
0	1.0	0.9999908111549421	1.0000091889294935
0	1.0	0.9999908111549421	1.0000091889294935
0	1.0	0.9999908111549421	1.0000091889294935
0	1.0	0.9999908111549421	1.0000091889294935
0	1.0	0.9999908111549421	1.0000091889294935
0	1.0	0.9999908111549421	1.0000091889294935
0	1.0	0.9999908111549421	1.0000091889294935
0	1.0	0.9999908111549421	1.0000091889294935
0	1.0	0.9999908111549421	1.0000091889294935
0	1.0	0.9999908111549421	1.0000091889294935
0	1.0	0.9999908111549421	1.0000091889294935
0	1.0	0.9999908111549421	1.0000091889294935
0	1.0	0.9999908111549421	1.0000091889294935
0	1.0	0.9999908111549421	1.0000091889294935
0	1.0	0.9999908111549421	1.0000091889294935
0	1.0	0.9999908111549421	1.0000091889294935
0	1.0	0.9999908111549421	1.0000091889294935
0	1.0	0.9999908111549421	1.0000091889294935
0	1.0	0.9999908111549421	1.0000091889294935
0	1.0	0.9999908111549421	1.0000091889294935
0	1.0	0.9999908111549421	1.0000091889294935
0	1.0	0.9999908111549421	1.0000091889294935
0	1.0	0.9999908111549421	1.0000091889294935
0	1.0	0.9999908111549421	1.0000091889294935
0	1.0	0.9999908111549421	1.0000091889294935
0	1.0	0.9999908111549421	1.0000091889294935
0	1.0	0.9999908111549421	1.0000091889294935
0	1.0	0.9999908111549421	1.0000091889294935
1	0.6804264205733961	0.7636554545639883	0.8910123230402222
1	0.7974715137797206	0.8069531255810622	0.9882501083386792
1	0.944821965556176	0.8483398311215583	1.1137305250739697
1	0.9149901223265036	0.8485472893972331	1.0783018622055445
1	0.7720516652905082	0.7956096504612856	0.9703900208385874
1	0.8444603012992816	0.8193361627379548	1.030664017657136
1	0.879167716142181	0.8120166873790846	1.0826966117898849
1	0.6346196870517086	0.6026357931197811	1.0530733393155263
1	0.754610926432789	0.780879169881834	0.9663606810602721
1	0.9263608308236142	0.8482663436590494	1.092063639855967
1	0.904176966989002	0.8372836338018376	1.079893276885663
1	0.7998021397433993	0.8014423356403262	0.9979534449030367
1	0.8809158897608248	0.8446624646521519	1.0429206063082284
1	0.9431011075464378	0.8620045940399256	1.0940789806309965
1	0.742204279466444	0.7543563646845844	0.9838907898348261
1	0.856944773494591	0.8122517976774657	1.0550235480486707
1	0.8647505753370004	0.7326448340419817	1.1803134822724333
1	0.9471838453744219	0.8481219574861232	1.116801465890499
1	0.8037696967406406	0.8162146200669944	0.984752878690984
1	0.8506312174096674	0.7826065802534554	1.086920604646822
1	0.7441748133771621	0.8015171892414552	0.928457709162094
1	0.8992801093439078	0.8450987940092596	1.0641124040393017
1	0.7087022298439143	0.7522934213655678	0.9420555992068541
1	0.757001323508383	0.7852146785284708	0.9640692465492864
1	0.8809070747055102	0.8328145198130459	1.057747017791261
1	0.8668481279472258	0.8370535858982031	1.0355945456192646
1	0.8739288876018803	0.8313582906646406	1.0512060773498824
1	0.7433430168809878	0.7754980914441917	0.9585362299173139
1	0.8148968120508533	0.8024860682282698	1.0154653698225364
1	0.9067189628178726	0.8498282054950227	1.0669438328299672
1	0.9077312123482337	0.8503794248480337	1.0674425860085326
1	0.8599634166139506	0.8436090974321118	1.0193861342079171
1	0.7849153977894215	0.7948766703890333	0.9874681532737192
1	0.9127253501260646	0.8542007646345124	1.0685138528488594
1	0.8581509489404624	0.8172045395794674	1.0501054599893265
1	0.8099583453742484	0.8099630279378729	0.9999942187933732
1	0.9112754658549013	0.8391129889381584	1.0859985220918338
1	0.6446614418066474	0.7610944051159542	0.8470190261199358
1	0.8674513309664943	0.8361100723969077	1.0374846083120843
1	0.870412295374782	0.8218870635216692	1.059041240587471
1	0.8142957657186485	0.7957158780259553	1.023349901900647
1	0.9406264246981298	0.8610156115015916	1.0924615211769493
1	0.8641374723925129	0.822556659098446	1.0505506980390156
1	0.6777282488093541	0.7482161719844935	0.9057920346894076
1	0.8930346436981347	0.8183541343106633	1.091256958639768
1	0.8976199015322684	0.816749604900342	1.0990147973708466
1	0.820211478792868	0.8185826987058613	1.0019897563063351
1	0.9118718108149877	0.8546431565366144	1.0669620459026299
1	0.9087329209277692	0.8432249248033251	1.077687452300729
1	0.8949427790014113	0.8404213316652124	1.0648739451058078
1	0.8808589544604079	0.846562595688261	1.0405124900944434
1	0.8461287789372257	0.827612236500338	1.022373451744971
1	0.887404888815972	0.8208346937036137	1.0811006109061898
1	0.8484953461527147	0.8197442641471233	1.035073233523024
1	0.8804647252941112	0.8300773659085511	1.060702003758902
1	0.8888644695407335	0.8331887898194019	1.0668224061600728
1	0.8716624276379393	0.7793926985846391	1.1183866993119902
1	0.7351970057785508	0.7473666202842666	0.9837166737509806
1	0.7847053914087142	0.8242658841179956	0.9520051800377337
1	0.8113439994413347	0.7787376193571246	1.041870816657256
1	0.8640954992963321	0.8198422353066739	1.053977780216586
1	0.7704621190542348	0.7739770412036903	0.9954586222041043
1	0.7305916501973388	0.7691316061981507	0.949891597627464
1	0.6971523966782212	0.7432051805216757	0.9380348993112119
1	0.8887266784881395	0.8118880047494599	1.0946419620553345
1	0.8936376077058442	0.8390316248586481	1.0650821509336976
1	0.724572899048609	0.7405471694047492	0.9784290980830023
1	0.8327011490476431	0.7951711492905377	1.0471973861106383
1	0.627250226107889	0.7613685546404882	0.823845721345914
1	0.8548700770378201	0.8200964493894296	1.042401875626068
1	0.9109673143022442	0.8041658387825678	1.13281026172582
1	0.8738475902165298	0.8437231715654189	1.0357041499704447
1	0.7421114152099715	0.7836233180314326	0.947025692234702
2	0.6340288580412196	0.6659508384270837	0.952065560182699
2	0.683343118832617	0.7073655143112031	0.9660396287455745
2	0.7975963602816034	0.755296689821101	1.0560040458677522
2	0.8246181662725779	0.7564122309197131	1.090170323224327
2	0.5953327185469182	0.6495488917181436	0.9165325753573124
2	0.6253848311399556	0.7022379887800184	0.8905596694169479
2	0.7084241092854711	0.6925296411156667	1.022951318219677
2	0.8135478159339786	0.7170287682844781	1.1346097282545948
2	0.727023784909249	0.6981227306201185	1.0413982427752477
2	0.7789168298985034	0.7123130128513986	1.0935035803719053
2	0.5218689169840234	0.6327249490720924	0.8247958575829161
2	0.7217993449463278	0.7230294142175916	0.9982987285896316
2	0.7722851775430667	0.7493111233391518	1.0306602337644952
2	0.8453749911242447	0.7599670060872702	1.1123838066032656
2	0.6462937127932671	0.7009667095565952	0.9220034332330672
2	0.7253119040753693	0.7299613057405971	0.9936306190086189
2	0.8437442826796125	0.7415773132701955	1.1377698152049485
2	0.7136123258549167	0.6948264150903778	1.027036840218712
2	0.6062042585302568	0.6778281475554865	0.8943332623710989
2	0.7926340959780919	0.6885319309097995	1.1511943896788284
2	0.6483548100309716	0.6902556896726103	0.9392965820223628
2	0.7692244398386603	0.7551285098179502	1.0186669286584191
2	0.7604197270042569	0.7346320487582315	1.035102849500801
2	0.748014792687953	0.7218304354640441	1.036274942060424
2	0.7351893962213295	0.7296902681746729	1.0075362496753764
2	0.7058300121681197	0.7016185837087162	1.0060024471375062
2	0.7128392375197644	0.7194315700812816	0.9908367482945287
2	0.7792138043486228	0.7546919735023928	1.0324925025138778
2	0.8107927361948926	0.7315835574006385	1.1082708570920992
2	0.730778738423866	0.6626955406687024	1.1027367676059254
2	0.8220468628074884	0.7479965616129998	1.0989981839419216
2	0.7719550329812518	0.7403216890995515	1.0427291869838038
2	0.7105933709678335	0.7196909785582812	0.9873590084334911
2	0.6542305295345295	0.6733305553213048	0.9716335080357953
2	0.7834709571313997	0.7175534194596626	1.091864293144021
2	0.789989561746453	0.7477617588163852	1.0564722686499899
2	0.7625332034087244	0.7249519390008453	1.0518396632743336
2	0.677207965262967	0.6785297309430621	0.9980520150852372
2	0.6811226585209227	0.7233102480846476	0.9416742819897281
2	0.6735490421863233	0.6681503195688993	1.0080801018263486
2	0.8095556086610375	0.7275726802493944	1.1126800533295744
2	0.8948526567521167	0.7754263548217228	1.1540137257236387
2	0.6852772742113019	0.6900853495970741	0.9930326366317158
2	0.7120606233625674	0.7145204722867293	0.9965573429739675
2	0.6452483140211249	0.6685760672311796	0.9651083035223449
2	0.7821695522371093	0.7121696801724626	1.0982910028515889
2	0.7657873366641081	0.7434884345500501	1.0299922649470037
2	0.7578879879605115	0.7226080352550006	1.0488230838632469
2	0.5324409598083171	0.6661209182856744	0.7993157776498065
2	0.8633187502826922	0.7551320484792488	1.1432685872905533
2	0.7232324692124878	0.7344314509407762	0.9847514948958913
2	0.731380782444435	0.6890370579658718	1.0614534791547605
2	0.7965434421145376	0.7149944106800612	1.114055481016854
2	0.8099425933669734	0.7159704707011557	1.1312513944517713
2	0.6044215426137858	0.6276918179997495	0.9629272284285646
2	0.8046080857579634	0.7458551766394401	1.078772543194301
2	0.8170285270357689	0.7456817224587606	1.0956799696548203
2	0.6830965726837585	0.7097267346303168	0.9624782882662163
2	0.6253935226728969	0.692561381498591	0.9030152985424141
2	0.7668223779431202	0.7494133479680158	1.0232302107005538
2	0.7127662908485362	0.7143880822762508	0.9977298173528495
2	0.7223590008924816	0.6784989578770783	1.0646427566412702
2	0.6485057976932923	0.6409141132307409	1.0118450886098966
2	0.5746384322382438	0.6739152057217797	0.8526865507104741
2	0.7657704110300039	0.6985555966304329	1.0962197063824122
2	0.7368253899797483	0.7094258844291436	1.0386220832253004
2	0.6907221991437982	0.7111572575259029	0.9712650638577497
2	0.7944904812835706	0.7657397514083931	1.037546346291018
2	0.6918010964033247	0.661652876112957	1.0455650105648764
2	0.45561891083202005	0.6205489368741092	0.7342191465625724
2	0.8692349467640524	0.7598836201468779	1.1439053609236083
2	0.8103128053801507	0.7620751527257741	1.0632977633266762
2	0.7147402670298306	0.727501485016779	0.9824588426968585
3	0.6339282149593753	0.6658693352301753	0.9520309487449836
3	0.6833431175703493	0.7073219490182061	0.9660991271638883
3	0.7975963595192803	0.7552393510034668	1.0560842181482397
3	0.8244020833246053	0.7562744681955759	1.0900831880409472
3	0.595186641530884	0.6494541748869301	0.9164413203356586
3	0.6253848299646496	0.7021863019299134	0.8906252204661641
3	0.7084241084391024	0.6924908867474027	1.0230085651618281
3	0.8136328350975387	0.7168991375668621	1.1349334829150282
3	0.7267966915030764	0.6979726587193623	1.0412967935400224
3	0.7789168292377613	0.7122897178016959	1.093539341887025
3	0.5216708757913561	0.6325658350883888	0.8246902485943818
3	0.7217914740376737	0.7229844895164378	0.9983498740345564
3	0.7722714115609535	0.7492564357398475	1.0307170879331589
3	0.8453476378819998	0.759900662177275	1.1124449286040905
3	0.6462645250934519	0.7009071413455551	0.9220401490742355
3	0.725238646987608	0.7298608274587558	0.9936670385678302
3	0.8437442821660359	0.7415607149061101	1.1377952812304295
3	0.7134773627878307	0.6946971973322575	1.0270335989949173
3	0.6058555576704724	0.6776616222407739	0.8940384666718094
3	0.7926340952310237	0.6884658882039835	1.151304819616824
3	0.6483572636161478	0.6902137156298841	0.9393572583883842
3	0.7691143385290986	0.7550538090098537	1.0186218907201903
3	0.7604197262997381	0.7345864911033173	1.0351670436487612
3	0.7479475286512433	0.7217444744341917	1.0363051677501145
3	0.73502713015005	0.7295784279742658	1.0074682884894404
3	0.7058300115342162	0.7015995471656665	1.0060297421593842
3	0.7128392367795762	0.7194111771164355	0.9908648342618178
3	0.7792709958507911	0.7546592915448943	1.0326130011008188
3	0.8107724723224307	0.731527118363947	1.108328662012852
3	0.730521914444915	0.6624956673465116	1.1026817992197118
3	0.8219651603652752	0.7479065180047254	1.0990212554346022
3	0.7716885740723737	0.740174299277214	1.0425768293034947
3	0.7105395499084974	0.7196198303246866	0.9873818368622608
3	0.6542305285102433	0.6732920449570378	0.9716890811504972
3	0.7834682279564186	0.7175307610516192	1.0918949688068578
3	0.7899680333932997	0.7477001786105006	1.0565304864061262
3	0.762313000962766	0.7248074844430434	1.051745487353159
3	0.6772079640457431	0.6784602063636282	0.9981542877443074
3	0.6808983190577799	0.7231852256515168	0.9415268660174291
3	0.6733606989167065	0.6679870057792621	1.0080446072916875
3	0.8095160420500009	0.7275018299863311	1.1127340285387473
3	0.894847795524343	0.775389549173789	1.1540622342380573
3	0.6850796568785362	0.689972261631575	0.9929089834112037
3	0.7119100578517404	0.7143082550377906	0.996642629888236
3	0.6452483132052949	0.668548700570172	0.9651478084618138
3	0.7821695514528654	0.7121068541246918	1.098387899122658
3	0.7657873358834429	0.7434428801178689	1.0300553766309948
3	0.7578879874487657	0.7225912876504111	1.0488473918819667
3	0.5324409587483042	0.6660821660472422	0.7993622797439386
3	0.8633165103570135	0.7550602430393348	1.1433743443859739
3	0.7229256890521794	0.7342400836771845	0.984590333766115
3	0.7313807815988735	0.6889856855851775	1.0615326223761652
3	0.7965434415271464	0.7149752908233664	1.114085272247445
3	0.809882803357583	0.7158106704248108	1.1314204115970266
3	0.604307313526445	0.6275458806237905	0.9629691345049608
3	0.8045656743790168	0.7457861183908465	1.0788155672768442
3	0.8170285264380479	0.7456517949682878	1.0957239450792118
3	0.6828882221978851	0.7096053739278808	0.9623492821339442
3	0.625393521612126	0.6925160706830125	0.9030743806354052
3	0.7665491763669239	0.7492717219913899	1.023058996981248
3	0.7126036551244721	0.7142718985087875	0.9976644140868509
3	0.7223590001664482	0.6784692509441637	1.0646893712002528
3	0.6485057968252965	0.640854377238508	1.0119394044240737
3	0.5746722866623549	0.6738703519572051	0.8527935455140043
3	0.7657704105068364	0.6985291166516548	1.096261261345121
3	0.7367500128031024	0.7093407716062791	1.0386404423571423
3	0.6904612035222232	0.711040209975887	0.9710578865091727
3	0.7944906515715827	0.7656959107454894	1.0376059744109885
3	0.6918010958748613	0.6616415701281357	1.0455828761498234
3	0.4556088157189672	0.6205061611770578	0.7342534921082949
3	0.8692349463166594	0.7598520685452065	1.1439528591148993
3	0.8101004420286451	0.7619496196831622	1.0631942337152227
3	0.7146157258317186	0.7274040448465894	0.9824192357665982
4	0.6339282149593753	0.6658693352301753	0.9520309487449836
4	0.6833431175703493	0.7073219490182061	0.9660991271638883
4	0.7975963595192803	0.7552393510034668	1.0560842181482397
4	0.8244020833246053	0.7562744681955759	1.0900831880409472
4	0.595186641530884	0.6494541748869301	0.9164413203356586
4	0.6253848299646496	0.7021863019299134	0.8906252204661641
4	0.7084241084391024	0.6924908867474027	1.0230085651618281
4	0.8136328350975387	0.7168991375668621	1.1349334829150282
4	0.7267966915030764	0.6979726587193623	1.0412967935400224
4	0.7789168292377613	0.7122897178016959	1.093539341887025
4	0.5216708757913561	0.6325658350883888	0.8246902485943818
4	0.7217914740376737	0.7229844895164378	0.9983498740345564
4	0.7722714115609535	0.7492564357398475	1.0307170879331589
4	0.8453476378819998	0.759900662177275	1.1124449286040905
4	0.6462645250934519	0.7009071413455551	0.9220401490742355
4	0.725238646987608	0.7298608274587558	0.9936670385678302
4	0.8437442821660359	0.7415607149061101	1.1377952812304295
4	0.7134773627878307	0.6946971973322575	1.0270335989949173
4	0.6058555576704724	0.6776616222407739	0.8940384666718094
4	0.7926340952310237	0.6884658882039835	1.151304819616824
4	0.6483572636161478	0.6902137156298841	0.9393572583883842
4	0.7691143385290986	0.7550538090098537	1.0186218907201903
4	0.7604197262997381	0.7345864911033173	1.0351670436487612
4	0.7479475286512433	0.7217444744341917	1.0363051677501145
4	0.73502713015005	0.7295784279742658	1.0074682884894404
4	0.7058300115342162	0.7015995471656665	1.0060297421593842
4	0.7128392367795762	0.7194111771164355	0.9908648342618178
4	0.7792709958507911	0.7546592915448943	1.0326130011008188
4	0.8107724723224307	0.731527118363947	1.108328662012852
4	0.730521914444915	0.6624956673465116	1.1026817992197118
4	0.8219651603652752	0.7479065180047254	1.0990212554346022
4	0.7716885740723737	0.740174299277214	1.0425768293034947
4	0.7105395499084974	0.7196198303246866	0.9873818368622608
4	0.6542305285102433	0.6732920449570378	0.9716890811504972
4	0.7834682279564186	0.7175307610516192	1.0918949688068578
4	0.7899680333932997	0.7477001786105006	1.0565304864061262
4	0.762313000962766	0.7248074844430434	1.051745487353159
4	0.6772079640457431	0.6784602063636282	0.9981542877443074
4	0.6808983190577799	0.7231852256515168	0.9415268660174291
4	0.6733606989167065	0.6679870057792621	1.0080446072916875
4	0.8095160420500009	0.7275018299863311	1.1127340285387473
4	0.894847795524343	0.775389549173789	1.1540622342380573
4	0.6850796568785362	0.689972261631575	0.9929089834112037
4	0.7119100578517404	0.7143082550377906	0.996642629888236
4	0.6452483132052949	0.668548700570172	0.9651478084618138
4	0.7821695514528654	0.7121068541246918	1.098387899122658
4	0.7657873358834429	0.7434428801178689	1.0300553766309948
4	0.7578879874487657	0.7225912876504111	1.0488473918819667
4	0.5324409587483042	0.6660821660472422	0.7993622797439386
4	0.8633165103570135	0.7550602430393348	1.1433743443859739
4	0.7229256890521794	0.7342400836771845	0.984590333766115
4	0.7313807815988735	0.6889856855851775	1.0615326223761652
4	0.7965434415271464	0.7149752908233664	1.114085272247445
4	0.809882803357583	0.7158106704248108	1.1314204115970266
4	0.604307313526445	0.6275458806237905	0.9629691345049608
4	0.8045656743790168	0.7457861183908465	1.0788155672768442
4	0.8170285264380479	0.7456517949682878	1.0957239450792118
4	0.6828882221978851	0.7096053739278808	0.9623492821339442
4	0.625393521612126	0.6925160706830125	0.9030743806354052
4	0.7665491763669239	0.7492717219913899	1.023058996981248
4	0.7126036551244721	0.7142718985087875	0.9976644140868509
4	0.7223590001664482	0.6784692509441637	1.0646893712002528
4	0.6485057968252965	0.640854377238508	1.0119394044240737
4	0.5746722866623549	0.6738703519572051	0.8527935455140043
4	0.7657704105068364	0.6985291166516548	1.096261261345121
4	0.7367500128031024	0.7093407716062791	1.0386404423571423
4	0.6904612035222232	0.711040209975887	0.9710578865091727
4	0.7944906515715827	0.7656959107454894	1.0376059744109885
4	0.6918010958748613	0.6616415701281357	1.0455828761498234
4	0.4556088157189672	0.6205061611770578	0.7342534921082949
4	0.8692349463166594	0.7598520685452065	1.1439528591148993
4	0.8101004420286451	0.7619496196831622	1.0631942337152227
4	0.7146157258317186	0.7274040448465894	0.9824192357665982
5	0.7038779358386185	0.710375177410572	0.9908537885633378
5	0.7135817302615418	0.7249588258319426	0.9843065631246785
5	0.7787336342838554	0.7545114515766433	1.0321031346265148
5	0.8213035666052179	0.7663462580641343	1.0717134167000582
5	0.6247356584742526	0.682674307944067	0.9151298814154853
5	0.6787273614025573	0.7150771188827361	0.9491666611610046
5	0.72174186974081	0.7071016850621634	1.0207044969456684
5	0.7689541107956278	0.7263841266452464	1.0586053337192098
5	0.7096855934168308	0.7107946948889777	0.9984396317528507
5	0.771868448823758	0.7244691339697549	1.0654262723303018
5	0.6063429065865333	0.6799161292041711	0.891790737919758
5	0.7335719043236543	0.734075145349082	0.9993144557084978
5	0.7661846324681537	0.751447633658222	1.0196114780988645
5	0.8070960852860033	0.7497689488459274	1.0764597367339845
5	0.6868868694411513	0.7264767537902417	0.9455042654255097
5	0.7631172671933862	0.7516702252160362	1.0152288085829928
5	0.8105558249299363	0.7446260617428329	1.0885407677415853
5	0.7476355876364706	0.7219147189556	1.035628680238133
5	0.6878008954230473	0.7122073699612055	0.9657312244052072
5	0.7372844017885265	0.7040554102978602	1.0471965572661508
5	0.700537229511284	0.7255802776051408	0.9654854895222427
5	0.7824219304561179	0.7536808418243435	1.0381342964247364
5	0.7709353900873133	0.7531091493551915	1.023670195412424
5	0.7619107285041199	0.7418343129494285	1.0270632069779442
5	0.7520883822613561	0.741882666332582	1.0137565094750427
5	0.7132104776211838	0.7317051621905557	0.9747238566501252
5	0.771130653517741	0.7390757498947457	1.0433716078866888
5	0.7663997041099131	0.7494367077203798	1.0226343281757988
5	0.791226829121049	0.7438891449663384	1.063635401154903
5	0.7502601475201947	0.7103824377436682	1.0561355512999264
5	0.827456803078417	0.7634423147899607	1.08384980377472
5	0.7862171351995378	0.760938292106635	1.0332206216392648
5	0.6979289846674324	0.7190276172924993	0.9706567145438532
5	0.7366930678591701	0.7174647141237204	1.026800417298479
5	0.771518419764042	0.7391063373326192	1.0438530706533997
5	0.7764582005854791	0.7467886476876157	1.0397295178357804
5	0.7653087123488467	0.7419829477175149	1.031437062944757
5	0.7446448807335686	0.7241649835906951	1.0282807062022332
5	0.7373659334149677	0.7397537199348889	0.9967721872082895
5	0.7264715748650354	0.721388437977075	1.0070463243106789
5	0.778731579714993	0.7405616380466753	1.0515418834939867
5	0.8474112394555446	0.7743505251451148	1.0943509585620002
5	0.748090347805358	0.7356061382855466	1.016971323198727
5	0.7568158563168501	0.7419371938659856	1.0200538031707735
5	0.7554555701949538	0.7269532453671099	1.0392079201922404
5	0.778706987030991	0.7427834710552127	1.0483633755672357
5	0.7524534488732626	0.7448955767102089	1.0101462169992104
5	0.7959820021008198	0.7457397752653039	1.0673723308075418
5	0.6375075523139629	0.6966913151558192	0.9150502359447105
5	0.843194854898337	0.7634724254301511	1.1044208367096808
5	0.735384693024774	0.741039368917642	0.9923692638609375
5	0.7352699482666476	0.7122230190622132	1.0323591467666693
5	0.8122040544141528	0.7478897350745198	1.0859943870378495
5	0.7588309139740772	0.7386985602491676	1.0272538147605417
5	0.6790599682393811	0.6908412931877426	0.9829464088720016
5	0.7852605249625927	0.7491109641188248	1.0482566169436465
5	0.780150181123524	0.7359664969403269	1.060034912413655
5	0.7037364004774277	0.7183313622321674	0.9796821320603533
5	0.668418540800157	0.7173973004704516	0.9317271480695904
5	0.7778477692761343	0.7581461551604253	1.0259865647033983
5	0.7487856699614619	0.7424998265786039	1.0084657843111193
5	0.702228411639842	0.6907468623099112	1.0166219348308518
5	0.680217192492377	0.6775120509375364	1.0039927578426056
5	0.642411961839284	0.6988406448396949	0.9192538622115276
5	0.7957610027579112	0.7254669654030017	1.0968948838571315
5	0.7468039312834759	0.7192349600592757	1.0383309665897333
5	0.7108776140921188	0.7274601009105234	0.977204953512022
5	0.7429984453361146	0.7510038634744393	0.9893403768906215
5	0.6949927888610747	0.6766938844336762	1.027041628199009
5	0.6511291093643041	0.7016726569470656	0.9279670554604859
5	0.8296192356814136	0.7493080557763407	1.1071804570709765
5	0.7936786468269865	0.7613682498925423	1.0424372791208518
5	0.718330579391386	0.7281384461711213	0.9865302171155643
6	0.4742943098694966	0.5180507840768995	0.9155363227847026
6	0.5297788643686113	0.5278509274687043	1.0036524268492857
6	0.6340027492020427	0.566808820203879	1.1185477829614476
6	0.6262031079045475	0.5729584300007344	1.0929293908874764
6	0.44666002500315183	0.48586707321126743	0.919304990253852
6	0.4742516641521091	0.5235680002087725	0.9058071997582005
6	0.5582769277371687	0.5254917396868776	1.062389540261521
6	0.574443907623731	0.5069096045433937	1.1332275073800777
6	0.5812181796086684	0.5385116276005788	1.0793047908703015
6	0.5419863696170208	0.5097225923799807	1.0632967377145186
6	0.450624890270848	0.49789462593086314	0.9050607634664871
6	0.501893286365435	0.5321456088906329	0.9431502919130252
6	0.5800233724941247	0.5515082771200275	1.0517038393748193
6	0.6243046488622297	0.5647730427208376	1.1054080163858282
6	0.46883912327695654	0.5236755066530392	0.8952855677238797
6	0.5577490959198736	0.5487687106174342	1.0163646088574099
6	0.6140400596135946	0.5505248859726366	1.1153720299650813
6	0.5611111611931503	0.5385923100567432	1.0418105693600315
6	0.4655604622712836	0.5129277897775586	0.9076530294316539
6	0.5618732703582661	0.518129810376218	1.0844256769366072
6	0.515507165856297	0.5242661733191378	0.9832928235529913
6	0.4778705401294247	0.5237059413918788	0.9124787449601296
6	0.5457675800594446	0.5494107634541392	0.9933689260621872
6	0.5503505751863882	0.527030036078033	1.044248975413049
6	0.5351246254866852	0.5348932312172882	1.0004325989859142
6	0.5037584651902184	0.5252716617070987	0.9590436757106526
6	0.5526809599815272	0.5416466010307978	1.0203718788777225
6	0.5639168614063184	0.5571589137975169	1.0121292999922413
6	0.5663752685508092	0.5460298405065058	1.0372606523215484
6	0.5893085571837663	0.5227915094546794	1.127234368818404
6	0.6342479748775612	0.5611098950096063	1.1303453753327641
6	0.5670493735983441	0.554980836268064	1.0217458631750858
6	0.47658614670486155	0.5157469963916528	0.9240696505054333
6	0.5181661264861148	0.5091872454182179	1.0176337509407216
6	0.5731028211853912	0.5401706855342508	1.0609661659417322
6	0.5823167523516113	0.5553324110365901	1.0485913315677935
6	0.6016076763503156	0.5543498620634669	1.0852490773803751
6	0.5554913205195721	0.5458402657625069	1.017681097131197
6	0.51165550869638	0.5332915573386153	0.959429230887866
6	0.5154328630968277	0.5176845493709533	0.9956504665305123
6	0.5562371153621124	0.5269463228808429	1.0555859130416458
6	0.668084646530287	0.5771593661332874	1.1575392963059037
6	0.5622271675175692	0.543908249916208	1.0336801613216628
6	0.5417844843267862	0.5464848156747623	0.9913989717314059
6	0.5293493339186576	0.5170166977083236	1.023853458244189
6	0.5685623398679603	0.551284537193726	1.0313409891055274
6	0.5498698518316586	0.5428864679540109	1.0128634333140891
6	0.6119325116036015	0.5385542486396699	1.1362504578680368
6	0.45888834087368735	0.5164458063313265	0.888550812588624
6	0.6519225059048515	0.5568165207288597	1.1708030951587074
6	0.4991229245082865	0.5269156162844433	0.9472539987101967
6	0.5678677409871066	0.524239260509214	1.0832224592174087
6	0.6274239481257692	0.5410235168328673	1.1596981066528993
6	0.5704746252619093	0.5483149312864763	1.0404141720588223
6	0.4769375842662049	0.4778509381407035	0.9980886217822394
6	0.6139455659261681	0.561926263298195	1.0925731826853025
6	0.5782307626764095	0.5403548911816531	1.0700944362915437
6	0.47818706011429235	0.515908268956822	0.9268838839920075
6	0.44590609786461255	0.5225547179839661	0.8533194372159406
6	0.5808592153351563	0.5582575389440598	1.0404861104676657
6	0.5288545423237542	0.5396309285462881	0.9800300804633929
6	0.5276791282140663	0.49859476312177387	1.0583326726301556
6	0.5334661195078229	0.4849342815933696	1.100079206103949
6	0.46635055796241437	0.5102968383566495	0.9138809471448834
6	0.615157118530167	0.539955311983212	1.1392741304289513
6	0.5538217571265838	0.5137189636896319	1.0780636812566264
6	0.5185634782286492	0.5328035723878577	0.9732732757489053
6	0.5495157695178031	0.5436586137271745	1.010773591446429
6	0.5432954806499144	0.4859412960490451	1.118026981998008
6	0.3803362210362342	0.48157061684690855	0.7897828640926886
6	0.5886262825700437	0.5296404296574831	1.1113696191031084
6	0.5953767016783691	0.5605235537507681	1.062179631336417
6	0.5088676739412867	0.52795033674703	0.9638551934196667
7	0.1318101737908972	0.20829555904613456	0.6328035719748739
7	0.20827471890972052	0.2029420670849226	1.0262767197624258
7	0.26226187706626347	0.20853105967660238	1.2576633786496305
7	0.22615527127233012	0.21748001531634678	1.0398898995080734
7	0.13334359244227856	0.1944121526463225	0.6858809525393159
7	0.192525603268606	0.2024403609588607	0.9510238094652007
7	0.2342768419207472	0.19916428114455142	1.1762994879122497
7	0.27948539696776986	0.20337270798124454	1.374252227558206
7	0.2697331973437854	0.211963535688256	1.2725452822248342
7	0.20385123325431492	0.18036934272770577	1.130187814467221
7	0.1619135038853734	0.20407131848165344	0.7934162678521129
7	0.16343944916466988	0.1953964785922613	0.8364503308461512
7	0.23384049995645576	0.20585163452905791	1.1359662044531735
7	0.2954602258161025	0.22312144557629843	1.3242125832098337
7	0.12588779672407302	0.19360033959356587	0.6502457433099296
7	0.20653292193436099	0.21140804035317612	0.9769397681816131
7	0.25117647113909547	0.19014571460443025	1.320968351359538
7	0.1962648114009144	0.2091378780681527	0.9384469863319389
7	0.10092253862040206	0.18051379925329683	0.5590848956582406
7	0.22827033695241247	0.17855064547700916	1.278462681232958
7	0.16097106371488012	0.18033755754354205	0.8926097586522656
7	0.1476177713689018	0.19868000380714368	0.7429925938203253
7	0.2535550232317441	0.22002764961364682	1.152378001932798
7	0.27447134996317535	0.20131544210307975	1.3633894503862127
7	0.1588488038728895	0.19616587522362963	0.8097677727678243
7	0.19503733960054528	0.2061494362867406	0.9460968854130695
7	0.2272762429512276	0.20667245635829634	1.099692948716938
7	0.2092943103801711	0.20796652130359458	1.0063846289693819
7	0.20652968444591988	0.20348759096153055	1.0149497739396032
7	0.2599424059462463	0.21945896078279506	1.1844693195440712
7	0.2981556371465191	0.2181891839514864	1.36650053750058
7	0.2648182370769952	0.18736862106779914	1.4133542509296206
7	0.1484696302016956	0.1953316529986405	0.7600899696616449
7	0.1949440616011601	0.18666739922979114	1.0443390886974335
7	0.23237487413592922	0.20191762074801814	1.1508399973963641
7	0.2097588448840477	0.2075126173222915	1.0108245348680054
7	0.25601463913707706	0.2201717105147999	1.1627953406841876
7	0.21834917439494053	0.20809159164312285	1.0492935955308056
7	0.1569752692769133	0.2062504563226726	0.7610905307832639
7	0.2624264404675799	0.2208900441851293	1.1880410519889193
7	0.25049958483762014	0.20793528837516906	1.2046997255494896
7	0.2681268636761892	0.1981114224585906	1.353414459139696
7	0.2664360026027535	0.22634277343940376	1.1771350087926862
7	0.14111558901262664	0.21176832063876197	0.666367795650342
7	0.1948486759522859	0.19099472033898798	1.0201783358537748
7	0.24336276126448284	0.21716477379871302	1.1206364504127744
7	0.20797282333931363	0.2020249921532515	1.0294410662892155
7	0.20511079409775582	0.18226362601876783	1.1253523183865297
7	0.21726852698952082	0.210178679819324	1.0337324755122235
7	0.2839686478115035	0.21235613670232184	1.3372283571421681
7	0.14669199114314432	0.20275776298161227	0.7234839691758068
7	0.2336504902066905	0.2089666034000261	1.1181235968094474
7	0.24331239071317332	0.18716536303885156	1.2999862087872895
7	0.22382667108024956	0.20082212843802275	1.1145518316191256
7	0.2644313787214555	0.2031918766622186	1.3013875508470252
7	0.26747980996575843	0.22337083647569836	1.1974697063681314
7	0.1938435255377302	0.19006109320252038	1.019901139530853
7	0.19273313935787012	0.1993985356737449	0.9665724911501824
7	0.1612070018719239	0.18757574109637112	0.859423510362677
7	0.23714699206472611	0.223042909042561	1.063234841594869
7	0.27642006134610975	0.22091135583059188	1.2512713993665645
7	0.22348713108631915	0.19277389286975538	1.159322602035716
7	0.2906647972250875	0.1960689908912362	1.4824618411298178
7	0.19202329142020488	0.18904849927316666	1.0157356030779159
7	0.2734476912723045	0.21389118100756824	1.278443038110248
7	0.30841037041956026	0.2053163651172669	1.5021226887754953
7	0.15606299225708942	0.20133346261365734	0.7751468147973082
7	0.22138956564747558	0.20325626086149914	1.0892140035889604
7	0.24397264320813167	0.2072954855738041	1.1769317722130002
7	0.19652648824945385	0.1973039141811465	0.9960597541365606
7	0.2316349160350254	0.19267119939947405	1.2022290656672878
7	0.2731110773659876	0.2125591149776692	1.2848711634628316
7	0.17259234394803596	0.2131423007233569	0.8097517168684792
8	0.42901358930587113	0.42268714191690926	1.0149672104059544
8	0.40219265521422387	0.410521649128116	0.9797111944483765
8	0.42348868525057193	0.41690424265905196	1.0157936569547092
8	0.40898482832930555	0.41189092431290203	0.9929445010509899
8	0.412866373826483	0.41673311259507717	0.9907213066307229
8	0.4100759842625133	0.4145676753901348	0.9891653609428316
8	0.4302779023294639	0.4207394199656495	1.0226707598840943
8	0.40282148036589804	0.4073479399256143	0.9888879772890399
8	0.4271998532370743	0.42064529572355075	1.0155821486182297
8	0.41840493329042105	0.411510663118615	1.016753563855571
8	0.42114322102559476	0.421078414509806	1.0001539060506444
8	0.4221563990198149	0.41861256476849185	1.00846566622596
8	0.407120829690028	0.41353599372333893	0.9844870479699942
8	0.4402313265954492	0.42490349522799875	1.0360736768221352
8	0.41503370949719204	0.4156069430453738	0.9986207315402832
8	0.4207138905787468	0.41693401838469546	1.0090658761995375
8	0.4416818774790488	0.4215188088343987	1.0478343272519817
8	0.42716692774896187	0.41952652627338805	1.018211962765365
8	0.4095782195214072	0.41739018856539895	0.9812837741326838
8	0.4379497927695205	0.4191878574688412	1.0447578215026754
8	0.42046565363630106	0.416272194975384	1.0100738380116046
8	0.40766129976274584	0.41834248113054723	0.9744678538528143
8	0.4160515337450469	0.41668824934204746	0.9984719617171688
8	0.4020102664024716	0.4040698525724322	0.9949028957323872
8	0.4189215182392938	0.42145876881428823	0.99397983678894
8	0.3938693014809029	0.40996150913650997	0.9607470279600111
8	0.4107310677811283	0.41172969463190606	0.997574557133484
8	0.40738862486665567	0.4129611094537962	0.9865060305690504
8	0.42598182513685173	0.4248041459225589	1.0027722874778806
8	0.4283222640499723	0.41559511135288446	1.030623923018866
8	0.4321486659574727	0.4182402383538762	1.0332546377133338
8	0.4323008614630484	0.41134388157767565	1.0509475911128032
8	0.42766558935416216	0.42324940900615415	1.0104339905834192
8	0.4144135042015189	0.41459928709448324	0.9995518977028004
8	0.4136920735207109	0.41504983992011585	0.9967286666110599
8	0.4031005230515509	0.40793164879230415	0.9881570215131482
8	0.42853079097887475	0.41944013458674845	1.0216733107838687
8	0.41594715381267894	0.41907543597382135	0.9925352767244086
8	0.41091819968935794	0.4145604455439334	0.9912141983304834
8	0.4115875495709191	0.4142707917689774	0.9935229751858666
8	0.4283164611034264	0.4194728264269045	1.0210827355656207
8	0.43519024599630846	0.4200824733159896	1.0359638252961691
8	0.41703068083844974	0.4201938797488393	0.9924720490639218
8	0.42010533552640056	0.42204443886698323	0.9954054522178082
8	0.42197437071112254	0.4174659085176039	1.0107995936950347
8	0.41625620713370226	0.41556642902217683	1.0016598504194587
8	0.40714576550851206	0.41276264758250797	0.9863919807015165
8	0.41262462567872477	0.4133114337121852	0.9983382796181276
8	0.3994858038020213	0.40912723985746796	0.9764341380476022
8	0.42046364395690344	0.4124976543723562	1.019311599714835
8	0.4096383923551938	0.4156385183700085	0.9855640761151176
8	0.40880309598777054	0.4158617978714158	0.9830263276892103
8	0.43889944746101084	0.4199859727187094	1.045033586764501
8	0.42044987365361686	0.41747590550797564	1.007123688113264
8	0.40854094886744285	0.4079471077095056	1.0014556817457818
8	0.4177995531802068	0.41349555075404104	1.0104088240328513
8	0.4359017664203248	0.4221686102458134	1.0325300267267978
8	0.428443710780295	0.41949030647187124	1.0213435308761398
8	0.4244694809746497	0.4219279413253044	1.0060236343707463
8	0.42937943877140305	0.4219276885291428	1.0176612022506448
8	0.44284874595411694	0.4187323964072462	1.0575937036488954
8	0.41695535291276997	0.41485535954007635	1.0050619892557775
8	0.43308161511099064	0.4151841680691861	1.0431072483448407
8	0.4176141436634327	0.4178596138256477	0.9994125535129667
8	0.4088533057756702	0.41053236645371155	0.9959100406807251
8	0.42053813066779483	0.4108302532162429	1.0236298991506891
8	0.4128649691407293	0.4193457795280222	0.9845454259857173
8	0.40064243984252973	0.4104934449293464	0.976002040450336
8	0.4101707504407649	0.4142096814364725	0.9902490666521828
8	0.39342050040979126	0.40516075126012574	0.9710232276600829
8	0.43870574819534836	0.4231745947386585	1.0367015261544268
8	0.4238154238142852	0.41291612683298295	1.0263959101449938
8	0.4263727677903462	0.4183710277170943	1.019125942149758
9	0.8866492431519233	0.8898482267938937	0.9964050232998762
9	0.890976700277374	0.889863447214355	1.0012510380851174
9	0.8888883717702452	0.8848535825423577	1.0045598382687164
9	0.8932135142533167	0.8913747443231369	1.002062847238931
9	0.8832339581642068	0.8871705292289638	0.9955627797192742
9	0.8859530324388978	0.8868064806254959	0.999037616204613
9	0.8979166895068196	0.8909516148120595	1.0078175678442753
9	0.8970204277555797	0.8898529538273215	1.0080546722887531
9	0.8927126970825738	0.8893156617628968	1.0038198307594663
9	0.8953265114796051	0.88903964129147	1.0070715296553059
9	0.8848365288821456	0.8871650884815608	0.9973752803963457
9	0.8859556881357002	0.8880094032880018	0.9976872822014076
9	0.8923200917800699	0.8890321017982884	1.0036983928647016
9	0.8904643545318387	0.8873334646443176	1.0035284253465817
9	0.8822953870439324	0.886433469995005	0.9953317613885947
9	0.885825730044552	0.8873729941241446	0.9982563543291963
9	0.8968904853205647	0.8865443017129032	1.0116702386870815
9	0.8836241623447517	0.8859890300279379	0.9973308160676531
9	0.8819763717087593	0.8868995897090857	0.9944489567280764
9	0.8847735126783423	0.8825485774033	1.0025210343453146
9	0.892686577080497	0.889357624922231	1.0037430973378758
9	0.8802417236528213	0.8860588949242363	0.9934347803461615
9	0.8904045388023292	0.8883267296342798	1.002339014575082
9	0.8955116608684803	0.8880214938438791	1.008434668616161
9	0.888537971361645	0.8901208951672431	0.998221675489035
9	0.8808623705122762	0.8861368427486731	0.994047790384117
9	0.893814143004333	0.8887719947960937	1.0056731627883888
9	0.8799527280956936	0.88384773472218	0.995593124840999
9	0.8841834824155943	0.886533314115706	0.9973494152304297
9	0.8895197347362759	0.8859833511727205	1.003991478574484
9	0.887536995108256	0.8832275419719163	1.0048792105449047
9	0.8968084438064288	0.8864280232123866	1.011710393085751
9	0.8816384882826642	0.8864735761736537	0.9945457055676047
9	0.8828132461920923	0.8839754552583187	0.9986852473569114
9	0.8896442988658981	0.887827102698444	1.002046790599128
9	0.8845000044420387	0.8860331703248979	0.9982696292484208
9	0.890296522794806	0.8875350708941815	1.0031113721487561
9	0.8902570357217587	0.8890256737998933	1.0013850690234876
9	0.8818610089417713	0.886708220719719	0.9945334759905425
9	0.8895785921051678	0.8873501650107368	1.0025113277512085
9	0.8941594395027743	0.8885388171533994	1.006325691394532
9	0.8947303840014607	0.8871431585956807	1.0085524250875026
9	0.891263952093296	0.8900417026526409	1.0013732496320256
9	0.8825624173496585	0.887541441761871	0.9943900936024704
9	0.8979463872361834	0.8911502462067858	1.007626257253842
9	0.8901518735370718	0.8878915253570269	1.002545748118427
9	0.8839487713692535	0.886238517321744	0.9974163321637045
9	0.8983324816339234	0.8906975208136797	1.0085718896054285
9	0.8906475956379168	0.8891295002234096	1.0017073951703612
9	0.8925307064755647	0.8882337606627733	1.004837629465452
9	0.8869699771616921	0.8880418294348771	0.9987930160070646
9	0.8862714700293912	0.886949183566773	0.9992359048861668
9	0.8982290882147583	0.8888413520379841	1.0105617680312122
9	0.8920499290931423	0.8894909183645173	1.0028769385676586
9	0.8918034449064516	0.8871447514853805	1.0052513340278133
9	0.8909466042835653	0.8883767527392136	1.0028927496542743
9	0.8865360998472999	0.8860041363289765	1.0006004074885333
9	0.8897283625688976	0.8872441137260871	1.0027999609176077
9	0.8846679836262785	0.8871636860784486	0.9971868748785222
9	0.8864608881725625	0.8865397980989573	0.9999109911065877
9	0.8890484559283713	0.8851346643604576	1.004421690535351
9	0.8879473922419497	0.8864819268286394	1.0016531249752074
9	0.8926127737375356	0.8848667186002287	1.008753923019684
9	0.8957556559054289	0.8895811377518449	1.0069409274674914
9	0.893062301460157	0.8891708613004546	1.0043764818766225
9	0.8980383101239201	0.886391407938332	1.0131396830805002
9	0.8759960583236927	0.884425637523834	0.9904688660725146
9	0.8798654761960654	0.8847525158602535	0.9944763766402671
9	0.8960459509386509	0.8904903661353688	1.006238792708553
9	0.888586303918328	0.887153406652907	1.0016151628959271
9	0.8942631925323675	0.8878471306736502	1.007226538935649
9	0.887711097777321	0.8854946060571347	1.0025031114870997
9	0.8894484965391674	0.8894566038366238	0.999990885111852
