0	1.0	0.9999908745262873	1.0000091255569876
0	1.0	0.9999908745262873	1.0000091255569876
0	1.0	0.9999908745262873	1.0000091255569876
0	1.0	0.9999908745262873	1.0000091255569876
0	1.0	0.9999908745262873	1.0000091255569876
0	1.0	0.9999908745262873	1.0000091255569876
0	1.0	0.9999908745262873	1.0000091255569876
0	1.0	0.9999908745262873	1.0000091255569876
0	1.0	0.9999908745262873	1.0000091255569876
0	1.0	0.9999908745262873	1.0000091255569876
0	0.9994715756181195	0.9997305251986879	0.9997409806202358
0	1.0	0.9999908745262873	1.0000091255569876
0	1.0	0.9999908745262873	1.0000091255569876
0	1.0	0.9999908745262873	1.0000091255569876
0	1.0	0.9999908745262873	1.0000091255569876
0	1.0	0.9999908745262873	1.0000091255569876
0	1.0	0.9999908745262873	1.0000091255569876
0	1.0	0.9999908745262873	1.0000091255569876
0	1.0	0.9999908745262873	1.0000091255569876
0	1.0	0.9999908745262873	1.0000091255569876
0	1.0	0.9999908745262873	1.0000091255569876
0	1.0	0.9999908745262873	1.0000091255569876
0	1.0	0.9999908745262873	1.0000091255569876
0	1.0	0.9999908745262873	1.0000091255569876
0	1.0	0.9999908745262873	1.0000091255569876
0	1.0	0.9999908745262873	1.0000091255569876
0	1.0	0.9999908745262873	1.0000091255569876
0	1.0	0.9999908745262873	1.0000091255569876
0	1.0	0.9999908745262873	1.0000091255569876
0	1.0	0.9999908745262873	1.0000091255569876
0	1.0	0.9999908745262873	1.0000091255569876
0	1.0	0.9999908745262873	1.0000091255569876
0	1.0	0.9999908745262873	1.0000091255569876
0	1.0	0.9999908745262873	1.0000091255569876
0	1.0	0.9999908745262873	1.0000091255569876
0	1.0	0.9999908745262873	1.0000091255569876
0	1.0	0.9999908745262873	1.0000091255569876
0	1.0	0.9999908745262873	1.0000091255569876
0	1.0	0.9999908745262873	1.0000091255569876
0	1.0	0.9999908745262873	1.0000091255569876
0	1.0	0.9999908745262873	1.0000091255569876
0	1.0	0.9999908745262873	1.0000091255569876
0	1.0	0.9999908745262873	1.0000091255569876
0	0.9983882828890931	0.9989412370598596	0.9994464597613429
0	1.0	0.9999908745262873	1.0000091255569876
0	1.0	0.9999908745262873	1.0000091255569876
0	1.0	0.9999908745262873	1.0000091255569876
0	1.0	0.9999908745262873	1.0000091255569876
0	1.0	0.9999908745262873	1.0000091255569876
0	1.0	0.9999908745262873	1.0000091255569876
0	1.0	0.9999908745262873	1.0000091255569876
0	1.0	0.9999908745262873	1.0000091255569876
0	1.0	0.9999908745262873	1.0000091255569876
0	1.0	0.9999908745262873	1.0000091255569876
0	1.0	0.9999908745262873	1.0000091255569876
0	1.0	0.9999908745262873	1.0000091255569876
0	1.0	0.9999908745262873	1.0000091255569876
0	1.0	0.9999908745262873	1.0000091255569876
0	1.0	0.9999908745262873	1.0000091255569876
0	1.0	0.9999908745262873	1.0000091255569876
0	1.0	0.9999908745262873	1.0000091255569876
0	1.0	0.9999908745262873	1.0000091255569876
0	1.0	0.9999908745262873	1.0000091255569876
0	1.0	0.9999908745262873	1.0000091255569876
0	1.0	0.9999908745262873	1.0000091255569876
0	1.0	0.9999908745262873	1.0000091255569876
0	1.0	0.9999908745262873	1.0000091255569876
0	1.0	0.9999908745262873	1.0000091255569876
0	1.0	0.9999908745262873	1.0000091255569876
0	1.0	0.9999908745262873	1.0000091255569876
0	1.0	0.9999908745262873	1.0000091255569876
0	1.0	0.9999908745262873	1.0000091255569876
0	1.0	0.9999908745262873	1.0000091255569876
0	1.0	0.9999908745262873	1.0000091255569876
0	1.0	0.9999908745262873	1.0000091255569876
0	1.0	0.9999908745262873	1.0000091255569876
0	1.0	0.9999908745262873	1.0000091255569876
0	1.0	0.9999908745262873	1.0000091255569876
0	1.0	0.9999908745262873	1.0000091255569876
0	1.0	0.9999908745262873	1.0000091255569876
0	1.0	0.9999908745262873	1.0000091255569876
0	1.0	0.9999908745262873	1.0000091255569876
0	1.0	0.9999908745262873	1.0000091255569876
0	1.0	0.9999908745262873	1.0000091255569876
0	1.0	0.9999908745262873	1.0000091255569876
0	1.0	0.9999908745262873	1.0000091255569876
0	1.0	0.9999908745262873	1.0000091255569876
0	1.0	0.9999908745262873	1.0000091255569876
0	1.0	0.9999908745262873	1.0000091255569876
0	1.0	0.9999908745262873	1.0000091255569876
0	1.0	0.9999908745262873	1.0000091255569876
0	1.0	0.9999908745262873	1.0000091255569876
0	1.0	0.9999908745262873	1.0000091255569876
0	1.0	0.9999908745262873	1.0000091255569876
0	1.0	0.9999908745262873	1.0000091255569876
0	1.0	0.9999908745262873	1.0000091255569876
0	1.0	0.9999908745262873	1.0000091255569876
0	1.0	0.9999908745262873	1.0000091255569876
0	1.0	0.9999908745262873	1.0000091255569876
0	1.0	0.9999908745262873	1.0000091255569876
0	1.0	0.9999908745262873	1.0000091255569876
0	1.0	0.9999908745262873	1.0000091255569876
0	1.0	0.9999908745262873	1.0000091255569876
0	1.0	0.9999908745262873	1.0000091255569876
0	1.0	0.9999908745262873	1.0000091255569876
0	1.0	0.9999908745262873	1.0000091255569876
0	1.0	0.9999908745262873	1.0000091255569876
0	1.0	0.9999908745262873	1.0000091255569876
0	1.0	0.9999908745262873	1.0000091255569876
0	1.0	0.9999908745262873	1.0000091255569876
0	1.0	0.9999908745262873	1.0000091255569876
0	1.0	0.9999908745262873	1.0000091255569876
0	1.0	0.9999908745262873	1.0000091255569876
0	1.0	0.9999908745262873	1.0000091255569876
0	1.0	0.9999908745262873	1.0000091255569876
0	1.0	0.9999908745262873	1.0000091255569876
0	1.0	0.9999908745262873	1.0000091255569876
0	1.0	0.9999908745262873	1.0000091255569876
0	1.0	0.9999908745262873	1.0000091255569876
0	1.0	0.9999908745262873	1.0000091255569876
0	1.0	0.9999908745262873	1.0000091255569876
0	1.0	0.9999908745262873	1.0000091255569876
0	1.0	0.9999908745262873	1.0000091255569876
0	1.0	0.9999908745262873	1.0000091255569876
0	1.0	0.9999908745262873	1.0000091255569876
0	1.0	0.9999908745262873	1.0000091255569876
0	1.0	0.9999908745262873	1.0000091255569876
0	1.0	0.9999908745262873	1.0000091255569876
0	1.0	0.9999908745262873	1.0000091255569876
0	1.0	0.9999908745262873	1.0000091255569876
0	1.0	0.9999908745262873	1.0000091255569876
0	1.0	0.9999908745262873	1.0000091255569876
0	1.0	0.9999908745262873	1.0000091255569876
0	1.0	0.9999908745262873	1.0000091255569876
0	1.0	0.9999908745262873	1.0000091255569876
0	1.0	0.9999908745262873	1.0000091255569876
0	1.0	0.9999908745262873	1.0000091255569876
0	1.0	0.9999908745262873	1.0000091255569876
0	1.0	0.9999908745262873	1.0000091255569876
0	1.0	0.9999908745262873	1.0000091255569876
0	1.0	0.9999908745262873	1.0000091255569876
0	1.0	0.9999908745262873	1.0000091255569876
0	1.0	0.9999908745262873	1.0000091255569876
0	1.0	0.9999908745262873	1.0000091255569876
0	1.0	0.9999908745262873	1.0000091255569876
0	1.0	0.9999908745262873	1.0000091255569876
1	0.9297999585677175	0.9005413497461461	1.032490022617861
1	0.9307460786198956	0.8458402487216322	1.1003804560336146
1	0.8959716521281932	0.8928376454071193	1.0035101641795634
1	0.8849283734346969	0.8896900409952547	0.9946479477782721
1	0.9726866572415418	0.9133988746862275	1.0649089726278467
1	0.9637051226737541	0.9037577201265953	1.0663312757524899
1	0.9497281478021222	0.9059281039549736	1.0483482559553374
1	0.9610585934489727	0.9156253228256602	1.0496199367696641
1	0.9244061275045983	0.8902424340176982	1.0383757189968108
1	0.8334549610861168	0.854722330385352	0.9751178031236802
1	0.9174790174233806	0.8865916007573307	1.0348383817754034
1	0.9232516467054765	0.8991445458115535	1.0268111517844603
1	0.9224181763599997	0.8908311381805147	1.0354579412704412
1	0.9190521653492354	0.8821172875210153	1.0418707107895107
1	0.8305324900793067	0.7262500621874711	1.14359024986206
1	0.796162613833404	0.7743387423445248	1.0281838816727695
1	0.894219154514181	0.8881730721732283	1.0068073245298452
1	0.8708462735423751	0.8604440850549121	1.0120893253473864
1	0.9601888971388857	0.9130389807709612	1.051640638966051
1	0.931441687656236	0.8986906915110054	1.0364430125454676
1	0.9719762071476797	0.9038975096282005	1.075316832709808
1	0.9523554602936727	0.90809607246026	1.0487386623240236
1	0.9167299187080278	0.9026964069032778	1.0155462143168292
1	0.8847963702809276	0.8739426600708735	1.0124192475158198
1	0.9270684401533746	0.9048228924707397	1.0245855270326887
1	0.9662629827610019	0.9201570654935926	1.050106573101927
1	0.9728382736052122	0.9155058185145666	1.0626238019804932
1	0.9736699128893335	0.9231773626003046	1.0546943115533152
1	0.8386780170058795	0.8554534150367228	0.9803900507777819
1	0.8895406061446813	0.8614038513525836	1.032663836768221
1	0.9310981422898689	0.8858484107743565	1.0510806713260994
1	0.9273803069792228	0.9059700060509543	1.0236324611027623
1	0.9496723640914606	0.8815743503076232	1.0772459109774175
1	0.9417079190306946	0.8170620788327014	1.1525536962577787
1	0.9745612502926857	0.9125951486379785	1.0679009764046958
1	0.9674988526104944	0.9064727770279364	1.067322568453346
1	0.9581317291258973	0.8737951537015642	1.0965175591407976
1	0.9635354007758281	0.9099396722523088	1.058900309721476
1	0.863051485918658	0.8630505292922764	1.0000011084245348
1	0.9232958158576896	0.8721994892760677	1.0585833025699571
1	0.8963374629037257	0.8530181347925502	1.0507835957341172
1	0.9346143043889452	0.8943842933769348	1.0449806769974834
1	0.9435659128650815	0.9066440860599797	1.0407236173188463
1	0.909024412055205	0.8965030092218675	1.01396693898909
1	0.944177625709629	0.9140851761645339	1.0329208374993695
1	0.8664020423234401	0.8072289043316204	1.0733040376456968
1	0.8544364654109774	0.862990250315678	0.9900882021534175
1	0.8722384257636966	0.8796492611628622	0.9915752383064941
1	0.946530771001812	0.9055622272246392	1.0452410033739292
1	0.964107943265945	0.8858169165286778	1.0883828534727837
1	0.9590973187916042	0.9032463927409755	1.0618335445338944
1	0.9151802851449237	0.8978694126850193	1.019279944516806
1	0.8943832004578198	0.8826311912185506	1.0133147449990347
1	0.9492326474152849	0.91004557596081	1.043060559261663
1	0.9684158569157709	0.897424185987239	1.0791060370748036
1	0.8896284381776072	0.8325643175369124	1.0685401949599704
1	0.8978996827407822	0.8886592578818813	1.010398164174788
1	0.9070745650430524	0.8803091034298888	1.0304046175472674
1	0.9641214464574123	0.918260727824156	1.049943025160103
1	0.9419735992186453	0.9110997056618325	1.0338864049290695
1	0.9646585396766042	0.9212666899784964	1.0471002047182674
1	0.937387008323687	0.909389947622853	1.030786639740211
1	0.9307049061896226	0.8990279736426592	1.03523464616859
1	0.9779680392146723	0.9178565786715603	1.0654911256725021
1	0.8526815690681133	0.8622471833915468	0.9889061808403846
1	0.9148532268920263	0.8999092486602316	1.0166060947301554
1	0.9299287218561154	0.9085108091669026	1.0235747472381236
1	0.9631015477778402	0.9126007189851927	1.05533726605958
1	0.9513284123340077	0.9034269463180281	1.0530219584563034
1	0.8976221038990431	0.888692168073772	1.0100484016244078
1	0.8889072830116032	0.877102201251437	1.0134591861054765
1	0.9678265505753189	0.913445003769223	1.0595345604625312
1	0.9677706375970623	0.9034895961535279	1.0711475170463516
1	0.944522725022456	0.9033089590258088	1.045625326290459
1	0.8777397690715695	0.8298554360118471	1.0577020177030434
1	0.9156769889106597	0.8944742485704043	1.0237041372338476
1	0.9180075986040196	0.8846474588344273	1.037710095062666
1	0.9706682063178926	0.9182592544908705	1.057074242999141
1	0.8710946460582122	0.876677006098713	0.9936323640272684
1	0.9744163932661263	0.9166765682560918	1.0629882196289584
1	0.9234394562510075	0.8907033738390844	1.036753068836851
1	0.8948503040681143	0.8817729738043629	1.0148307224787463
1	0.9696248290244031	0.915472868270774	1.0591519013074806
1	0.9674260115039897	0.9179006978358781	1.0539549798631558
1	0.924623811128724	0.9002422532564306	1.0270833298304967
1	0.9121785132292615	0.8937264762773101	1.020646179163015
1	0.8757549793817347	0.8365705125624159	1.0468394071161997
1	0.8933431748441223	0.8792528042774237	1.0160253916713728
1	0.8968606198479148	0.8721048537781504	1.0283862266819372
1	0.9587303758765687	0.8976050812452169	1.068098204776821
1	0.9096895113482585	0.8828456665424129	1.0304060447065195
1	0.9616615801205045	0.8976874835572942	1.0712654434143363
1	0.9219680230135928	0.9027447608267105	1.0212942384393104
1	0.8930051188415487	0.8941998738805126	0.9986638836865642
1	0.9593777659587843	0.9114343358571101	1.0526021768277891
1	0.9532520775822683	0.9131635173475252	1.0439007466605639
1	0.9502595037604437	0.9098385463750024	1.0444265167116598
1	0.927731173868873	0.8982019444856153	1.0328759357119501
1	0.9515628018671702	0.9122572419681744	1.0430860486393017
1	0.9362554534587202	0.8954910207631975	1.0455218776630284
1	0.9519635745655581	0.9053861953645754	1.051444764056986
1	0.9197494272972758	0.9039734701289339	1.0174517922147557
1	0.9605913685491144	0.91197841408404	1.0533049398037557
1	0.9256756600335218	0.8957192454965273	1.0334439777727324
1	0.9405623827462467	0.897087523622597	1.0484622269052306
1	0.9011866240352588	0.8806268294031427	1.0233467729413273
1	0.9546809801271181	0.9070684885772979	1.0524905143871754
1	0.9002316198335188	0.8826577164060319	1.0199102133260032
1	0.918767156769541	0.8858709881715485	1.0371342656405202
1	0.9317476378805717	0.9057486765004423	1.0287043879330655
1	0.8984577343905531	0.8885051765964604	1.0112014629247488
1	0.9814160552777249	0.9059497546662938	1.0833007572690707
1	0.9149362306336248	0.8756279758769785	1.0448915016874347
1	0.9367156354213144	0.8707724884987946	1.075729479047053
1	0.815161590734844	0.8413625150727305	0.9688589355141147
1	0.8409917720110485	0.8543543596852959	0.9843594317477707
1	0.9575716734669513	0.9106294719831298	1.0515491788131925
1	0.9549399300307201	0.8876916575882569	1.0757563415940712
1	0.9091399847415982	0.8731692793710628	1.041195569084204
1	0.896851750880779	0.8820557626825278	1.0167744362932942
1	0.9514259116548007	0.8955789682795976	1.0623584802158594
1	0.9421837016466877	0.9033376550668254	1.0430027978596648
1	0.8575543803029728	0.8483844773582263	1.0108086642194356
1	0.8824002855573543	0.8703671821304495	1.013825318410387
1	0.8476527875921086	0.8741411436636877	0.9696978499827139
1	0.8654939322949275	0.8602306425417457	1.0061184634595557
1	0.9282534474626285	0.8973938289292629	1.0343880440655426
1	0.8817642856535706	0.7897078052194302	1.1165703059102492
1	0.9315455548181794	0.877867265889976	1.0611462472903403
1	0.9197504905205538	0.881883402153895	1.0429388831609405
1	0.9489180843008758	0.9120200849223701	1.0404574416600116
1	0.937823760708417	0.8897931796533879	1.0539794888894731
1	0.8992750821477076	0.8630824946354475	1.0419340998539743
1	0.815629506628748	0.8465420304756629	0.9634837695778136
1	0.9432147265767343	0.9097306714225992	1.03680655847491
1	0.912694924545747	0.8599822921907031	1.0612950206460237
1	0.9241204483375671	0.8388209991234129	1.1016896922028587
1	0.8882765830659463	0.8724160729337433	1.0181799838680958
1	0.9374888476221022	0.8947913762750794	1.0477177948727756
1	0.9391172595460148	0.8869648751610189	1.0587987031341328
1	0.9467898980622532	0.8952452471971077	1.05757601174262
1	0.9519736040334182	0.8928714610737942	1.0661933386117481
1	0.9171730294667757	0.9019699764928352	1.0168553869531836
1	0.9600350077012756	0.9168724071191922	1.0470759074511797
1	0.8362610886519211	0.838293272929866	0.9975758074846022
1	0.9300243397582948	0.9034214126655798	1.0294468635785619
2	0.8666266628269813	0.7173186184209109	1.2081474543833168
2	0.8682799160489113	0.8319022773604261	1.0437282595305655
2	0.8083184382654067	0.7887094938641811	1.0248620620821414
2	0.8918997081071958	0.8346414244619534	1.068602254773244
2	0.9104736601152987	0.838196030083957	1.0862299837236191
2	0.9100894530338287	0.8449502904053551	1.0770923016041853
2	0.8978307009866366	0.8442154733573938	1.0635089373759266
2	0.8248151535772006	0.8005665422372499	1.0302893139553222
2	0.9139352113311663	0.7961523431092017	1.1479401137751966
2	0.7375057909084883	0.7397387711946538	0.996981393468725
2	0.8853150141260349	0.8124437966135883	1.0896938567519217
2	0.862189880861979	0.7765459031736048	1.1102883645878014
2	0.7730881299070635	0.7775696066812613	0.9942365587135985
2	0.82463234906599	0.803434834753516	1.0263836136990216
2	0.90423132032873	0.8016864727922964	1.1279114105284413
2	0.8332028239361715	0.7551725556633543	1.1033277330957483
2	0.8624565022921076	0.7911584260455772	1.0901185829529711
2	0.8498038956215783	0.8002565852622813	1.0619142800843784
2	0.8543484848050188	0.8178842947233741	1.0445835557876528
2	0.8514264083113365	0.7854912592031583	1.0839412893977536
2	0.8277680282551245	0.6564121855114351	1.2610491494916105
2	0.888329701326299	0.8143134432098242	1.0908940638689701
2	0.8660967679455911	0.8071107460863239	1.073082934585235
2	0.8759741605060848	0.8340120862265892	1.0503135086079498
2	0.8739644894653	0.831753207790017	1.0507497672145312
2	0.9194997360972355	0.8379493183114073	1.0973214202860913
2	0.8917859942266595	0.8182191191442897	1.0899109704981076
2	0.9324676604950494	0.8556644106392076	1.0897586120222849
2	0.8725283158787317	0.799418114689988	1.0914542713572304
2	0.8075874849089109	0.7925532695411023	1.0189693436966245
2	0.928972140916577	0.8378240606633428	1.1087914331095579
2	0.8106338728161561	0.7755242244187509	1.045272149201683
2	0.9374300734063322	0.8446697129858737	1.1098184994612326
2	0.9256074335732247	0.8146793639658697	1.1361616293646568
2	0.7828621482217069	0.7637759695499988	1.024989236939404
2	0.8395571018469449	0.8043427550531522	1.0437802747305975
2	0.9508008818418544	0.78636308883488	1.2091117898865456
2	0.8146076152728924	0.7932070200239992	1.026979835917546
2	0.9147796436041549	0.8257151844968351	1.1078634143825183
2	0.8766686479752366	0.7710447581733213	1.1369880135780293
2	0.84805801620567	0.7876019206215678	1.076759710713238
2	0.8365093332631076	0.801195251219269	1.0440767490697145
2	0.939914665398884	0.8452640945859596	1.111977512613129
2	0.8493182303510034	0.8135763005301638	1.043931871906235
2	0.817738779078567	0.8093999862202295	1.0103024376084788
2	0.9106673596853717	0.8412692088358193	1.0824922035903206
2	0.8394683356197167	0.7971756330894241	1.053053180221263
2	0.8548855492214695	0.83119541477205	1.0285012814416408
2	0.8982266394517794	0.8225872176353108	1.0919530722029804
2	0.9263174851333528	0.7970323534576129	1.1622081351088032
2	0.8956010775390716	0.8131133950783631	1.1014467145173015
2	0.8906560258787453	0.7740399904556905	1.1506589282995585
2	0.9038203273146055	0.8103135367012223	1.1153958145559906
2	0.8128305873997128	0.777015488007901	1.0460931602324093
2	0.9286963603808186	0.8447999562351224	1.099309195658086
2	0.9051363419004907	0.8258532812359378	1.0960013872511365
2	0.8498879847560016	0.7980676104232117	1.0649323110673665
2	0.8900580467677333	0.8240581169069061	1.0800913533969634
2	0.8607188962046906	0.7515597194874727	1.1452435167649206
2	0.743118670516151	0.7560380540456351	0.9829117285031472
2	0.9097905359061034	0.8381677356187023	1.085451631271075
2	0.8766571541921412	0.832555528661237	1.052971392312799
2	0.8746823025635171	0.8149247403492892	1.0733289336492777
2	0.9106305965854474	0.8412306798102983	1.0824980810148284
2	0.8117135219821605	0.8018013000806631	1.012362441792624
2	0.8165699624171247	0.8152653640977848	1.0016002131045805
2	0.8844148663985585	0.81341543478289	1.0872855721438566
2	0.7697125321255742	0.7575214321947112	1.0160934059588818
2	0.8398227363697446	0.8179111922336896	1.02678963724193
2	0.8998395327305431	0.7856393255398718	1.1453595861080346
2	0.8839100592570788	0.8264269615552947	1.0695561742003235
2	0.9316896447716185	0.8404434096983512	1.1085691600651817
2	0.8989488543806352	0.8201224954495803	1.0961153478515955
2	0.8681805829608435	0.7958984239937938	1.090818321519397
2	0.8628751324158263	0.817729137795277	1.0552089836767584
2	0.7774811125596297	0.7521746803982013	1.0336443552553924
2	0.8434164173319173	0.80573424009568	1.0467675014428612
2	0.9206903838639546	0.8342383341304627	1.1036299174906679
2	0.9141069775235442	0.8455012728763536	1.0811420477390854
2	0.7519130143827792	0.6762531333383797	1.111881006260035
2	0.8939049900580844	0.8209664722964314	1.0888446973451027
2	0.9086283744360142	0.8190729317334365	1.1093375684055973
2	0.9378189041826556	0.8527780948134654	1.099722084662355
2	0.9200017329379477	0.8444773788382374	1.08943324710913
2	0.7476463979553072	0.7347565062499076	1.0175430793681401
2	0.8447211487361768	0.8222750786978164	1.027297519552589
2	0.8500515949569852	0.7926599806970798	1.072403824663173
2	0.9231871471524119	0.8168024916677841	1.1302452631693212
2	0.7689594704773484	0.7507133401551687	1.0243050567323184
2	0.822444936284367	0.8022228067378395	1.0252076223421756
2	0.889260876898135	0.8294240533596543	1.0721426190814054
2	0.898403645196009	0.8028581598703246	1.1190066815053816
2	0.8668434364872896	0.8302017648509848	1.0441358633378497
2	0.8430280162868288	0.8203076214147262	1.0276974079954522
2	0.8595838858908765	0.8194567901983622	1.048967921399249
2	0.8674643080333503	0.7800954015093807	1.1119977202210427
2	0.8746812287483856	0.8278812389879242	1.056529834904429
2	0.8999345987783365	0.6909237580459816	1.302509268639804
2	0.9195214561434846	0.8345520787231331	1.1018143499808362
2	0.930119861375822	0.8311439470007738	1.1190839622092035
2	0.8976044607077803	0.8104206081857198	1.1075785235980586
2	0.9244582013830179	0.8305888262194253	1.1130154562647514
2	0.893150972572921	0.8073844483100482	1.106227614914298
2	0.7803304740325036	0.765997077431221	1.0187120774002816
2	0.9001797422631761	0.8369501876151859	1.075547572106002
2	0.856818448957435	0.8123057741905446	1.0547979297712697
2	0.8724927434515731	0.8155312948011022	1.069845815867021
2	0.8702312132996077	0.8017106258380002	1.0854679796591011
2	0.7986378738305326	0.7825995700565614	1.0204936271212264
2	0.7352603944601658	0.6938276259879833	1.0597162276627192
2	0.8378066955293129	0.8108226038576437	1.033279895680371
2	0.8738437204463458	0.8249300968121398	1.0592942648392
2	0.8904457686128471	0.835161206660725	1.0661962762532633
2	0.9221426937173215	0.8230180612824732	1.120440409631335
2	0.8016329975868122	0.7954461298535503	1.007777858865692
2	0.8379124958441135	0.8099930912839035	1.0344686946847357
2	0.8562795371868834	0.8063171105436181	1.0619637435320959
2	0.9152777729614066	0.8139082621536627	1.1245466049693518
2	0.9316221802500095	0.8368966458136335	1.113186658006358
2	0.8664208985547817	0.8118750888562244	1.0671849776489655
2	0.9218056301245745	0.8160625391471992	1.1295771903558751
2	0.8275529177467018	0.774162113678823	1.0689659221557166
2	0.7232631198689475	0.7438339080998442	0.9723449173170317
2	0.8490347536781636	0.8001887748668263	1.061043069267582
2	0.7786642855276765	0.7429678831385668	1.048045687033355
2	0.7784539737822167	0.7664096129643515	1.015715304993735
2	0.8539677133203952	0.7898408193627191	1.0811896427553804
2	0.874693598082968	0.7671303516158233	1.1402150837085012
2	0.9028764931818569	0.7957984527440054	1.1345542204419146
2	0.8144708277549639	0.7959793035865361	1.023231162022817
2	0.8927421639123395	0.8204734618352808	1.0880817057938768
2	0.8067581183451891	0.7803627171564189	1.0338245287844516
2	0.8680016750345578	0.8021546804561387	1.0820876523976346
2	0.8939510674195612	0.8190525788392815	1.0914452753282602
2	0.8867439273978197	0.8402157998824543	1.0553764015409788
2	0.9394306687518672	0.8456718849807767	1.1108689852840758
2	0.9010487118248808	0.7589877768113225	1.1871715716034166
2	0.8095385323929196	0.7517820874632831	1.076826045595902
2	0.750436418436544	0.6868226516685428	1.092620368028719
2	0.8423672637081111	0.7490628778848663	1.1245614868630376
2	0.854781955610231	0.7883766888365575	1.0842303783381402
2	0.9449446722980378	0.851233792406394	1.110088298570394
2	0.9058420682041362	0.842257971427142	1.0754924250455662
2	0.9060842847207748	0.8493720707082885	1.0667695771597414
2	0.8843025066238022	0.8260498423559717	1.070519551340496
2	0.8054225426688149	0.799867789579076	1.0069445890459747
3	0.8666105294608553	0.7169073366994309	1.208818050950131
3	0.8681440089030132	0.8315472718849999	1.0440104107792378
3	0.80831790056207	0.7884781952370914	1.025162021530618
3	0.8915995331106368	0.8342292825758476	1.0687703629362508
3	0.910187576845896	0.8377680070187401	1.0864434655184152
3	0.909710294285848	0.8445484112065412	1.0771558885371828
3	0.8974205980030625	0.8437927743266985	1.0635556801480743
3	0.8237574725287489	0.7997045335527723	1.0300772822546334
3	0.9138970734151602	0.7958827058459066	1.1482811056232485
3	0.7367009670809544	0.7390731934772652	0.9967902686537045
3	0.8853147489559717	0.812381308709434	1.0897773489673233
3	0.8616960283233613	0.7759134297985409	1.1105569194067089
3	0.7729144272340032	0.7773274969145267	0.9943227665327156
3	0.8246319450889427	0.8031472597283819	1.0267506177731676
3	0.9040613822305416	0.801231840601126	1.1283393100706876
3	0.8330924600221831	0.7553436335242406	1.1029317294106078
3	0.862439543981699	0.7908128723593806	1.0905734771471551
3	0.848960322444827	0.7995860900296036	1.061749739059862
3	0.8543720287677274	0.8178048915287283	1.044713766838254
3	0.8514724728987082	0.7853479061523896	1.084197801036077
3	0.8271224774205365	0.655218165740308	1.2623619439580094
3	0.888303636673615	0.8142351771810422	1.0909669117330507
3	0.8659837668548628	0.8067810354662504	1.0733814117908689
3	0.8753342248981391	0.8335001971795315	1.050190783229769
3	0.8731879985936033	0.8311634161677949	1.0505611551330893
3	0.9193699519509639	0.8376460445059158	1.0975637716921982
3	0.8910411657298445	0.8176448034300863	1.0897655827956767
3	0.9323439202975028	0.8553757511661702	1.089981705731544
3	0.8725280364453439	0.7994692597956073	1.09138409733029
3	0.8068560112510724	0.7920287719453577	1.0187205816643459
3	0.9290555241252567	0.8376549447702983	1.10911483293401
3	0.8097290836361897	0.774755442266425	1.0451415239723323
3	0.9373475059378891	0.8443154746825725	1.1101863391646265
3	0.9256072591454959	0.8149202234352915	1.1358256090928802
3	0.7817351576255195	0.762844926849767	1.0247628713397379
3	0.8389744164580286	0.8037548156892309	1.0438188363930316
3	0.9508007180469352	0.7862314836558666	1.209313971536531
3	0.8131617124413847	0.7923486681438475	1.0262675323810333
3	0.9148580880605826	0.8254841722204164	1.1082684790912043
3	0.8764585654585734	0.7705606963133571	1.1374296270908577
3	0.8480577384430618	0.7876344575281048	1.0767148774884585
3	0.8356396325177649	0.800656075959705	1.0436936127863976
3	0.9399300997604982	0.8449447572656199	1.1124160386559074
3	0.8489310270005085	0.813079898846461	1.0440929952946942
3	0.8171945260871769	0.8089433369983269	1.0101999592696653
3	0.9104910841920676	0.840930865255501	1.0827181184691468
3	0.8388861286941015	0.7966351766331625	1.0530367642557603
3	0.8549556948873771	0.830985090750557	1.0288460098786725
3	0.8975816944317832	0.8218845172257334	1.092101962769131
3	0.9263675253040645	0.7967514841451205	1.1626806397455491
3	0.8955739781647175	0.8128289140258133	1.1017988690007114
3	0.8905743100228539	0.7736304548120426	1.1511624244927423
3	0.9038201452193334	0.8102995819591468	1.1154147988501637
3	0.8127471251493539	0.77678629406663	1.0462943686795267
3	0.9284402811480493	0.8443961966330568	1.0995315763501894
3	0.9055241892896515	0.8261051829179293	1.0961366760721705
3	0.8494433920719613	0.7975006237064269	1.065131947012314
3	0.8898592301996044	0.8237060465723077	1.080311640181082
3	0.8596806313623532	0.7504586547690504	1.145540298455103
3	0.7422352663296501	0.7553314807730452	0.9826616329694192
3	0.9094893031576659	0.83775004544486	1.0856332483691016
3	0.8760762049390041	0.8320691904930663	1.0528886479018171
3	0.8744705761496091	0.8145750143603442	1.0735298293384297
3	0.910085204010285	0.8406506037958764	1.0825962652032646
3	0.8117288745136463	0.8014969779390078	1.0127659827251616
3	0.8159900139896308	0.8147888481703949	1.001474205031074
3	0.8843938611709227	0.8131562375832023	1.0876063175748945
3	0.7696879057321919	0.7573715129498498	1.0162620227612886
3	0.8397670034998747	0.8176852264007471	1.0270052293794352
3	0.8999445014401865	0.7857021922317851	1.1454015406064941
3	0.8837635096305014	0.8260500748572209	1.0698667508543669
3	0.931193077712259	0.8399674821333927	1.1086061038305517
3	0.898350958349955	0.8195000851476838	1.096218261146442
3	0.867238019743964	0.7950354307225047	1.0908168192653298
3	0.8627196967331645	0.8173605456216312	1.0554946667716094
3	0.7772360091467666	0.7516933776692297	1.0339801204006036
3	0.8422429376639176	0.8048923573526973	1.0464044415008076
3	0.9202062188012727	0.8336573885036949	1.103818224958003
3	0.9141243055329223	0.8451616432083864	1.0815970091386793
3	0.7508945327286518	0.6751713725690726	1.1121539852488822
3	0.8935026791480369	0.8204310264915071	1.0890649552455538
3	0.9085176376386563	0.818646198366814	1.109780561433174
3	0.9375502729896196	0.8523444722784909	1.0999663909162878
3	0.9198655991510373	0.8441744498295186	1.0896629237437885
3	0.7466493729797603	0.7339736542939415	1.0172699913841083
3	0.8437143873552309	0.821657032677404	1.0268449654790297
3	0.8490772066684263	0.7918645584862842	1.0722505478607465
3	0.9231876312329202	0.8167319376040634	1.130343493045162
3	0.7689922184404377	0.7505247800651244	1.0246060341588068
3	0.8232379730152722	0.8024288017641279	1.0259327322316891
3	0.8889885452818589	0.8290100850470147	1.0723494940733354
3	0.8983464241691316	0.8024975412359838	1.119438226297272
3	0.8669093840464919	0.8299311603921732	1.0445557721159007
3	0.8429533796417908	0.8200526238118959	1.0279259588530356
3	0.8595052173725047	0.8192642994334719	1.0491183589555406
3	0.8673908436486949	0.7799778323191048	1.1120711483167225
3	0.8745345681153406	0.8275856987245291	1.0567299186817376
3	0.8998480262191091	0.6903421145739862	1.3034812844562005
3	0.9189813235522077	0.8338735633430042	1.1020631471610707
3	0.9299063325443319	0.8307332219737658	1.1193802149081478
3	0.8966448971582078	0.809540862032382	1.107596835701595
3	0.9245676417354691	0.8303527696851132	1.1134636692861086
3	0.8928545777018954	0.8068923587881277	1.1065349274627838
3	0.7800493409137141	0.7660894322080073	1.0182222964040528
3	0.9001831710204105	0.8367832945092514	1.075766183344209
3	0.8567290387570559	0.8120994091006634	1.0549558701265604
3	0.8716634358352376	0.8148378219408989	1.0697385570038749
3	0.8701225814276498	0.8013741335087607	1.0857882043408098
3	0.7973083279037582	0.7818154148070664	1.019816586886452
3	0.7351322612459434	0.6935181289987948	1.060004389946122
3	0.83734115494647	0.8103337334041614	1.033328763729053
3	0.8734819879555797	0.8244998450539904	1.059408310620582
3	0.8904382838881059	0.8349301365908325	1.0664823856088403
3	0.9221642778410054	0.8228236511378807	1.120731370039919
3	0.8015180503359559	0.7951191327035079	1.0080477470221234
3	0.8375150419209172	0.8095352218573427	1.0345628198849453
3	0.8555946098716232	0.8056481272825361	1.061995405807691
3	0.9152774816953011	0.8137175800202674	1.1248097671338306
3	0.9315569500915138	0.83646119279103	1.113688187951884
3	0.8656521358969609	0.8112017230174986	1.067123147466845
3	0.9215218056230468	0.8155087210482291	1.12999626103146
3	0.8265715050165305	0.7733325638217652	1.0688435269448135
3	0.7227581729102012	0.743276763837945	0.9723944135939415
3	0.8491925526128237	0.8000324883554947	1.0614475849079328
3	0.7776776880359995	0.7421428935127724	1.0478813377232932
3	0.7778700275597515	0.7659122643254546	1.015612445173245
3	0.8531579492531549	0.7892075895902122	1.0810311006970272
3	0.8748459059856935	0.7669967692402954	1.1406122438458532
3	0.9028495088918671	0.7955421679105125	1.1348857990308632
3	0.814231416392871	0.7956841103924672	1.023309886119575
3	0.8920896017702372	0.8198271174760933	1.088143564360996
3	0.8058591499125717	0.7797308621636595	1.0335093671634457
3	0.8676002035515257	0.8016450949555353	1.0822746986303817
3	0.8941799380726664	0.8187585541278902	1.0921167584320535
3	0.8864444073393134	0.8398688806747465	1.0554557118810597
3	0.9393964349534698	0.8453872052773382	1.1112025697683594
3	0.9010485697628781	0.7592728798361921	1.186725607738384
3	0.8095128766031279	0.7515580176449574	1.0771129541532598
3	0.749561092700997	0.6859619403329643	1.0927152785432408
3	0.8422050037358684	0.7495003078078304	1.1236886695873207
3	0.8546509454781468	0.7881360471874346	1.084395198681851
3	0.9449873119343699	0.8510606836743932	1.1103641961868749
3	0.905209663532279	0.8417518864017457	1.0753877456714682
3	0.9057177309065022	0.8489604128990188	1.0668550819862959
3	0.8843299462672023	0.8258238337057573	1.070845754473939
3	0.8046246542962976	0.7992799598037663	1.0066868866496332
4	0.8666105294608553	0.7169073366994309	1.208818050950131
4	0.8681440089030132	0.8315472718849999	1.0440104107792378
4	0.80831790056207	0.7884781952370914	1.025162021530618
4	0.8915995331106368	0.8342292825758476	1.0687703629362508
4	0.910187576845896	0.8377680070187401	1.0864434655184152
4	0.909710294285848	0.8445484112065412	1.0771558885371828
4	0.8974205980030625	0.8437927743266985	1.0635556801480743
4	0.8237574725287489	0.7997045335527723	1.0300772822546334
4	0.9138970734151602	0.7958827058459066	1.1482811056232485
4	0.7367009670809544	0.7390731934772652	0.9967902686537045
4	0.8853147489559717	0.812381308709434	1.0897773489673233
4	0.8616960283233613	0.7759134297985409	1.1105569194067089
4	0.7729144272340032	0.7773274969145267	0.9943227665327156
4	0.8246319450889427	0.8031472597283819	1.0267506177731676
4	0.9040613822305416	0.801231840601126	1.1283393100706876
4	0.8330924600221831	0.7553436335242406	1.1029317294106078
4	0.862439543981699	0.7908128723593806	1.0905734771471551
4	0.848960322444827	0.7995860900296036	1.061749739059862
4	0.8543720287677274	0.8178048915287283	1.044713766838254
4	0.8514724728987082	0.7853479061523896	1.084197801036077
4	0.8271224774205365	0.655218165740308	1.2623619439580094
4	0.888303636673615	0.8142351771810422	1.0909669117330507
4	0.8659837668548628	0.8067810354662504	1.0733814117908689
4	0.8753342248981391	0.8335001971795315	1.050190783229769
4	0.8731879985936033	0.8311634161677949	1.0505611551330893
4	0.9193699519509639	0.8376460445059158	1.0975637716921982
4	0.8910411657298445	0.8176448034300863	1.0897655827956767
4	0.9323439202975028	0.8553757511661702	1.089981705731544
4	0.8725280364453439	0.7994692597956073	1.09138409733029
4	0.8068560112510724	0.7920287719453577	1.0187205816643459
4	0.9290555241252567	0.8376549447702983	1.10911483293401
4	0.8097290836361897	0.774755442266425	1.0451415239723323
4	0.9373475059378891	0.8443154746825725	1.1101863391646265
4	0.9256072591454959	0.8149202234352915	1.1358256090928802
4	0.7817351576255195	0.762844926849767	1.0247628713397379
4	0.8389744164580286	0.8037548156892309	1.0438188363930316
4	0.9508007180469352	0.7862314836558666	1.209313971536531
4	0.8131617124413847	0.7923486681438475	1.0262675323810333
4	0.9148580880605826	0.8254841722204164	1.1082684790912043
4	0.8764585654585734	0.7705606963133571	1.1374296270908577
4	0.8480577384430618	0.7876344575281048	1.0767148774884585
4	0.8356396325177649	0.800656075959705	1.0436936127863976
4	0.9399300997604982	0.8449447572656199	1.1124160386559074
4	0.8489310270005085	0.813079898846461	1.0440929952946942
4	0.8171945260871769	0.8089433369983269	1.0101999592696653
4	0.9104910841920676	0.840930865255501	1.0827181184691468
4	0.8388861286941015	0.7966351766331625	1.0530367642557603
4	0.8549556948873771	0.830985090750557	1.0288460098786725
4	0.8975816944317832	0.8218845172257334	1.092101962769131
4	0.9263675253040645	0.7967514841451205	1.1626806397455491
4	0.8955739781647175	0.8128289140258133	1.1017988690007114
4	0.8905743100228539	0.7736304548120426	1.1511624244927423
4	0.9038201452193334	0.8102995819591468	1.1154147988501637
4	0.8127471251493539	0.77678629406663	1.0462943686795267
4	0.9284402811480493	0.8443961966330568	1.0995315763501894
4	0.9055241892896515	0.8261051829179293	1.0961366760721705
4	0.8494433920719613	0.7975006237064269	1.065131947012314
4	0.8898592301996044	0.8237060465723077	1.080311640181082
4	0.8596806313623532	0.7504586547690504	1.145540298455103
4	0.7422352663296501	0.7553314807730452	0.9826616329694192
4	0.9094893031576659	0.83775004544486	1.0856332483691016
4	0.8760762049390041	0.8320691904930663	1.0528886479018171
4	0.8744705761496091	0.8145750143603442	1.0735298293384297
4	0.910085204010285	0.8406506037958764	1.0825962652032646
4	0.8117288745136463	0.8014969779390078	1.0127659827251616
4	0.8159900139896308	0.8147888481703949	1.001474205031074
4	0.8843938611709227	0.8131562375832023	1.0876063175748945
4	0.7696879057321919	0.7573715129498498	1.0162620227612886
4	0.8397670034998747	0.8176852264007471	1.0270052293794352
4	0.8999445014401865	0.7857021922317851	1.1454015406064941
4	0.8837635096305014	0.8260500748572209	1.0698667508543669
4	0.931193077712259	0.8399674821333927	1.1086061038305517
4	0.898350958349955	0.8195000851476838	1.096218261146442
4	0.867238019743964	0.7950354307225047	1.0908168192653298
4	0.8627196967331645	0.8173605456216312	1.0554946667716094
4	0.7772360091467666	0.7516933776692297	1.0339801204006036
4	0.8422429376639176	0.8048923573526973	1.0464044415008076
4	0.9202062188012727	0.8336573885036949	1.103818224958003
4	0.9141243055329223	0.8451616432083864	1.0815970091386793
4	0.7508945327286518	0.6751713725690726	1.1121539852488822
4	0.8935026791480369	0.8204310264915071	1.0890649552455538
4	0.9085176376386563	0.818646198366814	1.109780561433174
4	0.9375502729896196	0.8523444722784909	1.0999663909162878
4	0.9198655991510373	0.8441744498295186	1.0896629237437885
4	0.7466493729797603	0.7339736542939415	1.0172699913841083
4	0.8437143873552309	0.821657032677404	1.0268449654790297
4	0.8490772066684263	0.7918645584862842	1.0722505478607465
4	0.9231876312329202	0.8167319376040634	1.130343493045162
4	0.7689922184404377	0.7505247800651244	1.0246060341588068
4	0.8232379730152722	0.8024288017641279	1.0259327322316891
4	0.8889885452818589	0.8290100850470147	1.0723494940733354
4	0.8983464241691316	0.8024975412359838	1.119438226297272
4	0.8669093840464919	0.8299311603921732	1.0445557721159007
4	0.8429533796417908	0.8200526238118959	1.0279259588530356
4	0.8595052173725047	0.8192642994334719	1.0491183589555406
4	0.8673908436486949	0.7799778323191048	1.1120711483167225
4	0.8745345681153406	0.8275856987245291	1.0567299186817376
4	0.8998480262191091	0.6903421145739862	1.3034812844562005
4	0.9189813235522077	0.8338735633430042	1.1020631471610707
4	0.9299063325443319	0.8307332219737658	1.1193802149081478
4	0.8966448971582078	0.809540862032382	1.107596835701595
4	0.9245676417354691	0.8303527696851132	1.1134636692861086
4	0.8928545777018954	0.8068923587881277	1.1065349274627838
4	0.7800493409137141	0.7660894322080073	1.0182222964040528
4	0.9001831710204105	0.8367832945092514	1.075766183344209
4	0.8567290387570559	0.8120994091006634	1.0549558701265604
4	0.8716634358352376	0.8148378219408989	1.0697385570038749
4	0.8701225814276498	0.8013741335087607	1.0857882043408098
4	0.7973083279037582	0.7818154148070664	1.019816586886452
4	0.7351322612459434	0.6935181289987948	1.060004389946122
4	0.83734115494647	0.8103337334041614	1.033328763729053
4	0.8734819879555797	0.8244998450539904	1.059408310620582
4	0.8904382838881059	0.8349301365908325	1.0664823856088403
4	0.9221642778410054	0.8228236511378807	1.120731370039919
4	0.8015180503359559	0.7951191327035079	1.0080477470221234
4	0.8375150419209172	0.8095352218573427	1.0345628198849453
4	0.8555946098716232	0.8056481272825361	1.061995405807691
4	0.9152774816953011	0.8137175800202674	1.1248097671338306
4	0.9315569500915138	0.83646119279103	1.113688187951884
4	0.8656521358969609	0.8112017230174986	1.067123147466845
4	0.9215218056230468	0.8155087210482291	1.12999626103146
4	0.8265715050165305	0.7733325638217652	1.0688435269448135
4	0.7227581729102012	0.743276763837945	0.9723944135939415
4	0.8491925526128237	0.8000324883554947	1.0614475849079328
4	0.7776776880359995	0.7421428935127724	1.0478813377232932
4	0.7778700275597515	0.7659122643254546	1.015612445173245
4	0.8531579492531549	0.7892075895902122	1.0810311006970272
4	0.8748459059856935	0.7669967692402954	1.1406122438458532
4	0.9028495088918671	0.7955421679105125	1.1348857990308632
4	0.814231416392871	0.7956841103924672	1.023309886119575
4	0.8920896017702372	0.8198271174760933	1.088143564360996
4	0.8058591499125717	0.7797308621636595	1.0335093671634457
4	0.8676002035515257	0.8016450949555353	1.0822746986303817
4	0.8941799380726664	0.8187585541278902	1.0921167584320535
4	0.8864444073393134	0.8398688806747465	1.0554557118810597
4	0.9393964349534698	0.8453872052773382	1.1112025697683594
4	0.9010485697628781	0.7592728798361921	1.186725607738384
4	0.8095128766031279	0.7515580176449574	1.0771129541532598
4	0.749561092700997	0.6859619403329643	1.0927152785432408
4	0.8422050037358684	0.7495003078078304	1.1236886695873207
4	0.8546509454781468	0.7881360471874346	1.084395198681851
4	0.9449873119343699	0.8510606836743932	1.1103641961868749
4	0.905209663532279	0.8417518864017457	1.0753877456714682
4	0.9057177309065022	0.8489604128990188	1.0668550819862959
4	0.8843299462672023	0.8258238337057573	1.070845754473939
4	0.8046246542962976	0.7992799598037663	1.0066868866496332
5	0.7142320398738011	0.5386381763363141	1.3259959491394275
5	0.6317678284260563	0.6156955448600634	1.026104271340222
5	0.6013807522725758	0.5872397207340553	1.0240805092694414
5	0.7283624524606903	0.6311420200160446	1.15403891574542
5	0.7382072580997617	0.6455108229032223	1.1436016746855333
5	0.7769708084289715	0.6494054154814646	1.1964341379151124
5	0.7359048942601042	0.6506619049961677	1.1310096512634138
5	0.632107614544488	0.5892755187418496	1.0726860262141695
5	0.7849896055147582	0.6007733613620003	1.3066318448859402
5	0.5350903016896617	0.530518972696465	1.0086167116134641
5	0.6785319726344339	0.5728755967404282	1.1844316226684708
5	0.6496674727174568	0.5579264420971872	1.1644321252734047
5	0.5734747708830449	0.5833403744009975	0.9830877409641273
5	0.5881390834849654	0.567065903537641	1.0371617828119437
5	0.7165702033838691	0.5854005167680387	1.2240682795088915
5	0.7475989588188051	0.5977017486520386	1.2507893117341897
5	0.7113555190043688	0.6091088939702687	1.167862636790017
5	0.690980007364707	0.5930369360530688	1.1651550946615465
5	0.6720708028859861	0.603840791934153	1.1129933781606351
5	0.7044600389174797	0.6232598878406576	1.1302829728993913
5	0.6913246267309674	0.4672602840979978	1.4795278996705334
5	0.7482049720160813	0.6133779956212992	1.219810585572464
5	0.7299391448062558	0.6285586469782115	1.1612904353721485
5	0.6751265798255336	0.6237077826118125	1.0824405252703468
5	0.6414129797831809	0.601961477009634	1.0655382516660872
5	0.7186256510038508	0.6153131194862157	1.1679023707537728
5	0.7251813391985884	0.6297996473990585	1.1514476741824744
5	0.7906769553880568	0.6494806146396186	1.2173988531232525
5	0.648295173042753	0.5792511700324063	1.1191952758705415
5	0.6536756409698992	0.5912831262299038	1.1055205399447436
5	0.7885974091802908	0.6538633724753079	1.2060583944240904
5	0.6200208015155383	0.5457021193806244	1.1361891029839981
5	0.8121546257590744	0.6501975396374895	1.2490890479405417
5	0.7864255516022952	0.6503211666692366	1.2092879517210662
5	0.6131705824690947	0.5767851174347768	1.0630832244703894
5	0.6369112315297759	0.5511831631954894	1.1555346281575025
5	0.8734265625428819	0.6161170649261893	1.417630856641697
5	0.6113524816741862	0.5825469238169408	1.0494476181738404
5	0.7293972498049708	0.5994071919390943	1.2168643613456755
5	0.7385522073892818	0.5252627030995383	1.406062534101769
5	0.6974215951742707	0.5955509689957652	1.1710527418841794
5	0.6911132755279625	0.6161169597635399	1.1217241541171106
5	0.7398234988749162	0.6130597709615474	1.2067722168664687
5	0.6815362285973461	0.6170500931200793	1.1045071319107922
5	0.6420762632545933	0.6216973471206633	1.0327794806079087
5	0.6799257043826801	0.6311527237838283	1.0772760359908653
5	0.631086054649469	0.5703953412763139	1.1064011379148957
5	0.6565220811956352	0.628036225328123	1.045357026742573
5	0.6850649856481006	0.6205390661696693	1.1039836538845542
5	0.7145180924788257	0.5782463074670589	1.2356639087047345
5	0.6814758057546119	0.6062059360527261	1.1241655108031456
5	0.7061798151458832	0.5357905465235969	1.3180146975862743
5	0.720954511500586	0.6101576538358382	1.181587261862911
5	0.554486053626413	0.5460253260784997	1.0154951192624662
5	0.79022702474389	0.652387467748983	1.2112848020678764
5	0.7198875407942145	0.6282163222818621	1.1459230129191424
5	0.6668054273362813	0.586848478221362	1.1362480300830893
5	0.6978516159043828	0.625543964908817	1.11559163712195
5	0.7063801717281739	0.5072384488465107	1.3925998183586494
5	0.6005141653732847	0.5692510801219511	1.0549196766471416
5	0.730747937449333	0.6397875276349048	1.142172840021875
5	0.6652955637713287	0.6255635705053845	1.063513917912204
5	0.6532108464642679	0.594019293388644	1.0996458427098548
5	0.7595561136530101	0.6429268031048537	1.1814037149873429
5	0.5732837788275061	0.5926866700554302	0.967262818267687
5	0.5626992451346823	0.5736013304110739	0.980993619264135
5	0.7475306939268396	0.6113853088988174	1.2226834420886517
5	0.5538685901920338	0.545392253283018	1.0155417259009312
5	0.6155370153887796	0.6047032110889388	1.0179159033740395
5	0.7022772766026646	0.5769814806855643	1.2171573960540725
5	0.631133230114797	0.6089088280315921	1.0364987352130357
5	0.7685720116132536	0.6221517265288682	1.2353449791119264
5	0.733478128229368	0.6104707558724825	1.201495929450517
5	0.6760745705694706	0.585302660496095	1.1550854219532138
5	0.6660551506934151	0.5976934241133269	1.1143759054761264
5	0.6619820788228317	0.6114737424614706	1.082600989795639
5	0.7069431525408134	0.5931806998375208	1.1917838067463313
5	0.7224216615577574	0.6303316520287395	1.1460977078219439
5	0.6838088755881964	0.6125275362078038	1.116372465182055
5	0.639677330238219	0.4567650282678251	1.4004516341017748
5	0.7090994722737524	0.605016359536854	1.1720335509879023
5	0.6903363345854243	0.6139828844305063	1.1243576198801355
5	0.7865403177441237	0.6607209212083308	1.1904274444733693
5	0.7850582778493542	0.6636310779701791	1.182973950301694
5	0.6619549868827516	0.5625206021289278	1.1767657653381978
5	0.6446301841458212	0.6208268929677864	1.0383412694386451
5	0.7076966261985994	0.6127660744490607	1.1549213569548396
5	0.8030267156275619	0.6248759353816133	1.2850978412813279
5	0.6802070842589665	0.5894769310512114	1.1539163764152
5	0.6781109290355388	0.620031674748608	1.0936714310772575
5	0.7284527591588585	0.6410888015217734	1.1362743467515053
5	0.727910642343225	0.6100356626586931	1.1932263749479861
5	0.6758802791671519	0.6323574958482491	1.0688262313717354
5	0.5810236792315304	0.5964091110122375	0.9742032247720116
5	0.7285715410018746	0.6232923477482937	1.1689082075753259
5	0.6897307796679296	0.5867580254007877	1.1754944113406987
5	0.677991716348125	0.6227716247288538	1.0886682845309679
5	0.7514830127686872	0.5019563120798569	1.4971084030299688
5	0.8170649463520429	0.6471365802181352	1.262585011152713
5	0.6678215375740025	0.5915768905418242	1.1288837482518055
5	0.697836076722723	0.6055311279719161	1.1524363397468278
5	0.7363721060289177	0.5966636702803133	1.2341493922077897
5	0.698708394918069	0.5665967319395357	1.2331670049107017
5	0.5922173402179324	0.561756001006444	1.05422521371719
5	0.694499095163237	0.6237763159262509	1.1133784297853138
5	0.7613259133060915	0.6298289033354904	1.2087821141173585
5	0.6629202984733211	0.5595088129123474	1.1848254811621244
5	0.79228245722576	0.6377301461198791	1.2423475070862158
5	0.6078564688324104	0.5941865833771961	1.0230060486682793
5	0.5649377144417397	0.4692949361715675	1.2038010020956342
5	0.6724106562026598	0.6095733292484645	1.1030841146407548
5	0.7195250682525682	0.6386733451041912	1.1265932323121879
5	0.7412789643715894	0.6264815851736663	1.1832414262681006
5	0.7216001227714781	0.6114651319913487	1.180116551243821
5	0.6109849344860194	0.5937324741598543	1.0290576329862666
5	0.6409612990670581	0.6025182963073402	1.0638038761566644
5	0.6699643240131173	0.6122930790375554	1.0941889545219319
5	0.7958929211035413	0.6296928699473177	1.2639382770367535
5	0.7834804896738404	0.6502855212366637	1.2048253637631
5	0.661910416314192	0.6044635322627125	1.0950377996112293
5	0.7845575858400305	0.6518124103350085	1.203655489524656
5	0.5793467736904179	0.5149443682384013	1.1250667245324655
5	0.5281125930022761	0.5268374397944389	1.0024203921580341
5	0.6873600371663274	0.5843246248606974	1.1763324835577376
5	0.6020913679003973	0.4998644036497846	1.2045093899549506
5	0.5889298100899737	0.5409192886892502	1.0887572737830482
5	0.7145183563669655	0.588355784645404	1.2144324488924647
5	0.7136247651784714	0.5702937893318423	1.2513283127536003
5	0.7101005001925564	0.5845943300124873	1.2146893388059175
5	0.5668423120998133	0.5431192670758189	1.0436792551141123
5	0.6755893182226227	0.6118080845773244	1.1042503936334258
5	0.6069710341800615	0.5745316265681518	1.0564623531791972
5	0.6822709784436736	0.5791249952204675	1.178106598876706
5	0.7035142776416338	0.6219677170836214	1.131110599984804
5	0.7135969293748514	0.6408657488971513	1.1134889492890847
5	0.82019076548747	0.6504007314517091	1.261054494291213
5	0.7963283664226536	0.5622249170150768	1.4163875387282043
5	0.735641662757035	0.5922135138463782	1.2421899290664657
5	0.5333300143360297	0.45415467234094403	1.174335632367219
5	0.7498175450252853	0.5956057809916191	1.258915828145456
5	0.6894940552324329	0.5495193438044909	1.2547220821360978
5	0.8136911344843814	0.6676041834161148	1.2188227016804225
5	0.7212692245085434	0.6387779911301834	1.129139128967811
5	0.7304519231748425	0.6577934204549599	1.1104579347565209
5	0.6822395534557002	0.6122005485352294	1.114405328593789
5	0.5744999718058569	0.5797352377882514	0.9909695570647601
6	0.600217168369799	0.49816154447371686	1.2048645163967822
6	0.5803711280669613	0.5555496179567614	1.0446791957152095
6	0.5591658252879412	0.5167009395308022	1.0821846497815542
6	0.7140675025865558	0.6029936439043133	1.1842040290226814
6	0.670758746054192	0.5977662857815931	1.1221086936630418
6	0.6508330666088256	0.5579741618910742	1.166421513861925
6	0.710316439734086	0.618360419007679	1.1487094223688743
6	0.5816785472531538	0.5666931741072434	1.0264435391682951
6	0.5898956545501852	0.4835281306495864	1.2199820799623415
6	0.49053890811914647	0.4549840335741668	1.0781453236186669
6	0.6621246081602706	0.554789652837022	1.1934696416459303
6	0.5844743717631851	0.5371996658849146	1.0880021133304245
6	0.5751282842876039	0.5581767733292272	1.0303694309192946
6	0.6775587104692213	0.5598205693767565	1.2103140676369604
6	0.5775083726764159	0.5381244882578436	1.0731873112596604
6	0.6725710630596284	0.5714835414208976	1.1768861468650413
6	0.6066617113317582	0.5585379127498091	1.0861603079816455
6	0.6230985665845583	0.5575989080988116	1.1174673363494814
6	0.6505313474335119	0.5505989060493159	1.1814977114670207
6	0.6234961839757454	0.5572052902646144	1.118970323630003
6	0.6815273141284436	0.4709143704739197	1.4472425495160974
6	0.6344287959749983	0.5505296742872712	1.1523970924843334
6	0.5603442663761242	0.546401550701818	1.0255173427974311
6	0.6575611375002964	0.554970953286514	1.1848568535096256
6	0.6492483660152928	0.5711192106654722	1.1368000828737381
6	0.6595040546368736	0.5822815411602308	1.1326205761610995
6	0.6455044202661189	0.578790704354003	1.115263972642021
6	0.688756943345177	0.5731989819808805	1.2016018258876655
6	0.712908675892298	0.558435236546472	1.2766183600826038
6	0.5463456146517343	0.5299747626749787	1.0308898708574836
6	0.6657071969136314	0.5908525873399091	1.126689145782922
6	0.629856019049843	0.5633464236433334	1.118061627118127
6	0.7228026127872529	0.5768646683379028	1.2529847162764105
6	0.6470516098654724	0.5709249589974191	1.133339153715992
6	0.6304333548571979	0.5757076962528836	1.0950580632506874
6	0.6590565985078698	0.568722088318707	1.158837703061992
6	0.7051874319613445	0.5205030804796551	1.3548189403826365
6	0.5881597334367463	0.561226834788101	1.047989327985028
6	0.6145320087426495	0.5444704603070046	1.1286783279227675
6	0.7900496906016816	0.5582216379901884	1.4152975034184683
6	0.6156351800960458	0.5302839866427955	1.1609537447917386
6	0.5825286469117094	0.5589986704392464	1.0420930812840283
6	0.6010275099230625	0.512078518120436	1.1737018614432613
6	0.6785579222100377	0.5864033782083858	1.1571521369525666
6	0.6275404408894811	0.5868906467179078	1.069262978374082
6	0.6154056127267324	0.5824502992592646	1.0565804730624724
6	0.5745261436218172	0.5237232524813283	1.0970033140590794
6	0.5838418750839999	0.5565343826914415	1.0490670356438667
6	0.6609802413410735	0.5887811124576038	1.1226247366905278
6	0.6292419495073371	0.5363700558383706	1.1731489158614636
6	0.6828553696102133	0.600313098928528	1.1374986999767476
6	0.6133934850848352	0.49637257657392836	1.235752162858413
6	0.7039396126977685	0.5953257060929608	1.1824445097753726
6	0.6246756730445213	0.5384979920523006	1.1600334305124964
6	0.7174063959924911	0.5756290188564042	1.2462999127767298
6	0.6352241459009823	0.5564946776464241	1.1414738925941352
6	0.608896705542213	0.5636113653448503	1.080348522016859
6	0.5839920788357041	0.563308861148075	1.0367173661097304
6	0.6785079783422919	0.540430735630439	1.2554947999964863
6	0.6599470811649123	0.5749211734144035	1.147891418306179
6	0.684753137889999	0.5909434841895699	1.158745558941362
6	0.643067890129555	0.5813925910943962	1.1060820175211779
6	0.6497180645158789	0.5700041061879015	1.1398480422555055
6	0.7370917054496118	0.6033019813623346	1.2217624476968607
6	0.5404580291626421	0.5133041542261342	1.0529001659404948
6	0.520156066043176	0.5270862769319242	0.9868518472363049
6	0.6194224746140218	0.5490491831924268	1.1281730190588974
6	0.601800733127852	0.5392097126676643	1.1160791784527164
6	0.5759662852055071	0.5576965365292043	1.032759300945284
6	0.6868050317474715	0.5891333385020223	1.1657887728672716
6	0.7323714663057043	0.6030850543533143	1.2143750885868383
6	0.6832738753590142	0.5818336602776614	1.1743457314465853
6	0.7020611462639028	0.571315933023316	1.2288492332932206
6	0.6805332749239117	0.5848019560928942	1.1636986980525947
6	0.6275417924103704	0.5481344821391634	1.1448682994022017
6	0.6051400228841123	0.5629590775004282	1.0749271964331226
6	0.5396547096893649	0.49445454545728834	1.0914141949899032
6	0.7130700892348294	0.600162569455595	1.1881282264597945
6	0.6670181949033722	0.605558722930244	1.101492175153107
6	0.6894743723776046	0.5133222673020239	1.343160849034312
6	0.652593596333378	0.5519601284731784	1.1823201761666553
6	0.6149842052058316	0.5795242795123291	1.0611879897824852
6	0.6907912527798998	0.5999582839907149	1.151398807572079
6	0.752403624678681	0.6161739351376299	1.2210896660382473
6	0.5917390473887899	0.5311530461884661	1.1140650545734163
6	0.6127314362141665	0.5814528294948315	1.0537938851316795
6	0.604285253850429	0.560720818601964	1.0776936289918457
6	0.7092315813600722	0.5850510231958328	1.2122559456197597
6	0.5756119189490725	0.5220156768546984	1.1026717098178116
6	0.6879548866885454	0.5902087144239534	1.1656128923138533
6	0.6026683252291327	0.5711539386033443	1.0551766949254544
6	0.6184148333608824	0.5571064184020533	1.110047942248951
6	0.5965654591423242	0.5656097446486185	1.0547298111225731
6	0.6336208762727645	0.5747871783582129	1.1023573596102136
6	0.7022485625385404	0.5841685413826412	1.202133481677088
6	0.5944742487531535	0.544545746394121	1.091688352520701
6	0.6313742274130874	0.5774486689568511	1.0933858909981586
6	0.5745758495012264	0.47298139716029924	1.2147958734759616
6	0.7091774476485282	0.5837936106475982	1.2147742536302215
6	0.5892926033005057	0.5506357899829633	1.0702039606229345
6	0.6388849352509552	0.5368180829007179	1.1901330368729666
6	0.6800648577059809	0.5865455990725527	1.1594407302370031
6	0.6740083428805115	0.5475886899744821	1.2308660774420317
6	0.6060458943435167	0.5292840305128952	1.1450296238037572
6	0.6111543233093183	0.5594809181818066	1.0923595487321343
6	0.6644113832279406	0.577590103783393	1.1503164248761213
6	0.7680209388477692	0.5885022831451944	1.3050432612481204
6	0.6631874041316742	0.577485781598623	1.1484047317941024
6	0.5900132218081076	0.5645431361595121	1.0451162790178692
6	0.573168015029775	0.5059592342385841	1.1328343792209525
6	0.624920504108179	0.5694713861080977	1.0973694541160948
6	0.7212627237224357	0.6172475885595363	1.1685144455657386
6	0.6313107676480844	0.57841898789242	1.091441983860844
6	0.6306874856899141	0.5790742240917391	1.089130649320696
6	0.515833017948286	0.5160347145296216	0.9996091414479363
6	0.5691143212948886	0.5513212652079217	1.032273480472872
6	0.6745396981583791	0.5630317667077611	1.1980490942858215
6	0.6448491663619265	0.5014515456643237	1.2859650587129599
6	0.6922620876756793	0.5900429175794932	1.1732402288896462
6	0.6976760190443191	0.6031858726255531	1.1566517896174662
6	0.6827843109058556	0.5750359881475261	1.1873766598599156
6	0.6227770702146807	0.5515303481810931	1.1291800573958515
6	0.4516385527261712	0.44893363686687804	1.006025202028012
6	0.5278190805468279	0.5255909574529752	1.0042392721226603
6	0.4701205084151071	0.43931459147266483	1.0701226809680395
6	0.534909929933319	0.5079126546531826	1.0531533818517889
6	0.6372572019190453	0.535806766279601	1.1893414604370716
6	0.5936087603946932	0.49976054744848847	1.1877863577374081
6	0.6344115160545778	0.5353295995614694	1.1850858173623766
6	0.6107219912459392	0.555188948486611	1.1000254830552834
6	0.7013504390936539	0.5876409125488515	1.193501718679857
6	0.4817727882636265	0.48882387331683885	0.9855754077529637
6	0.6486355349113591	0.55283743348175	1.1732843972346014
6	0.6767313366087041	0.5913348012670147	1.1444131736517382
6	0.6742115670751703	0.5854775841746587	1.1515582924077254
6	0.7343095976271108	0.6009245033670708	1.2219664758429105
6	0.6893961871879097	0.5050462003080187	1.3650160851966795
6	0.5855790754669226	0.5244957534640379	1.1164610420569838
6	0.5818658518912969	0.46313731769267463	1.2563570881960484
6	0.673463903716128	0.554797413361936	1.2138915710423057
6	0.6798879507499442	0.5565923398137024	1.2215186989053968
6	0.7198002859876874	0.5963769740716359	1.2069551932453149
6	0.6231465200109237	0.567389493021805	1.0982694034254457
6	0.6300035181988051	0.5780596152519016	1.0898590760820885
6	0.570726641224382	0.5612323383273868	1.016916884948737
6	0.5558268429670822	0.5389741738815599	1.0312680456730487
7	0.4930273943271442	0.3427618892340677	1.4383961864280137
7	0.40726224803793054	0.3284955753402088	1.2397800110888753
7	0.42207774566892803	0.31802485169194966	1.3271847889351986
7	0.5074096262969083	0.37442425280118385	1.3551729689004377
7	0.5332987696346412	0.383219385761955	1.391627849343486
7	0.4317929258696219	0.34012435145739783	1.2695148818937358
7	0.4340312229304388	0.34903645252782944	1.2435125895506072
7	0.3984441236949318	0.32401238162178314	1.2297188203135774
7	0.5421602906280336	0.34935126170890796	1.5519059183469648
7	0.46524196700859266	0.3247301068855975	1.432703519456844
7	0.5704702066430902	0.3612707599127057	1.5790655373851281
7	0.37307133533334624	0.3532293293390627	1.0561731553589009
7	0.44225728400599174	0.3494630530820571	1.265533738418252
7	0.4738047934563673	0.3739600472333544	1.2669930837844527
7	0.5325056066300832	0.3753658854150973	1.418630800828406
7	0.4684048420845045	0.3753868283342116	1.2477924283147137
7	0.44751013667319234	0.3565495303370266	1.2551135216758966
7	0.3875342467237785	0.31322635659052445	1.2372338360733657
7	0.5393240985641332	0.35287896778923183	1.5283543305030909
7	0.3622587253644836	0.33070996182375517	1.0953970765402636
7	0.684078317581126	0.3683186746062933	1.857300117384375
7	0.484086586634448	0.3423373501760076	1.4140630182057616
7	0.43500071342358604	0.3605971809858726	1.2063342043725749
7	0.38225787148854523	0.2922094255853919	1.3081640700766464
7	0.4440036232961293	0.3566902810194274	1.2447875563840953
7	0.4692848676529948	0.3708268970969031	1.2655092479183436
7	0.46454025593004544	0.34677244433533394	1.3396112162846143
7	0.5460147097469783	0.3746831203842294	1.4572706376178677
7	0.6311270333342263	0.3671567622950863	1.7189579442553895
7	0.4461345870889316	0.2850298612932268	1.5652205178248568
7	0.45667600579812173	0.36073711369099376	1.2659523749178436
7	0.3638742390650543	0.2897272646174898	1.255919906417701
7	0.5078107429652258	0.34109808740642444	1.488752830091833
7	0.40103371616679234	0.3456221554312418	1.160324099207159
7	0.45419242286475364	0.34969184958941196	1.298836170754452
7	0.4492803201403451	0.3473894210478975	1.293304553676662
7	0.6293063272099169	0.29637830724069586	2.123321146776246
7	0.4190432035864359	0.3381822874154611	1.2391045278833193
7	0.4041379439736671	0.32748276306417984	1.234073940845749
7	0.6695110457406479	0.35042325042759825	1.910578264780342
7	0.4797242362595401	0.3535489194862654	1.356882201638793
7	0.3210149608142768	0.3131053335747846	1.0252618732143155
7	0.490613241406864	0.3219092813808257	1.5240729913172584
7	0.46173939401677444	0.34216118125223677	1.3494791908506598
7	0.46718507971395284	0.3782727019499743	1.2350483587783108
7	0.3839803494401811	0.35472464372631046	1.082474410028425
7	0.4196882325200232	0.2966245764445658	1.4148801746319761
7	0.30156574319652113	0.30857650217439725	0.9772803213191072
7	0.46050425405733986	0.3625571280253453	1.2701563931881856
7	0.49108647142997713	0.31086150134502955	1.579759697824123
7	0.45389385313485997	0.3499339245487441	1.2970844530726107
7	0.5031570746400252	0.28490504635522085	1.7660518164802417
7	0.5001326890275362	0.3491116102932165	1.4325868125883239
7	0.4037053531110196	0.3629948308922957	1.1121517959874287
7	0.4508212406665974	0.35261405474504154	1.2785118307112426
7	0.4029873405085397	0.30181719038468346	1.335203405726854
7	0.35574094887755925	0.3250148556597064	1.0945375040026581
7	0.40767934692411634	0.34288422620180187	1.1889708413830031
7	0.4615194592754239	0.3074045879986231	1.5013421311639341
7	0.46209275276314	0.36912098668174925	1.251873422091683
7	0.5732665527281599	0.3742816185934335	1.5316449546267334
7	0.46059941582969943	0.35455394744641294	1.2990954384997058
7	0.4793395083201674	0.3392750627116724	1.4128344844711638
7	0.43188283815170647	0.34427201366677784	1.2544814013541266
7	0.4362184633470008	0.3328709286119589	1.310473297160529
7	0.4991464322992054	0.3559423185662051	1.4023239335796043
7	0.32836283663041443	0.3242144400898671	1.0127952244798148
7	0.6611262631596471	0.3430619643044824	1.9271336724839272
7	0.47010045270488654	0.36103220888271625	1.302101145378976
7	0.4108107025684779	0.34822323494019514	1.1797337493548692
7	0.4764225115142482	0.36659197955780265	1.2995988403481369
7	0.44418761819074354	0.3325634866457445	1.335647586182256
7	0.5072901318028848	0.3600190282666295	1.4090647770628018
7	0.3819880063269112	0.3459119167406795	1.1042927052821858
7	0.4262790693878607	0.334816179728206	1.2731734461993491
7	0.4654135310224968	0.3580193405594113	1.2999675668227315
7	0.345748246968241	0.24948305815065303	1.385858621147161
7	0.5157042493837249	0.35159934469756915	1.466738369001546
7	0.3725011105303988	0.3205277424577549	1.1621493592851606
7	0.49509130884252545	0.36792049380863284	1.3456475438958238
7	0.3857255345524365	0.2967513067113112	1.299827585688383
7	0.4126855001100216	0.3501448302384961	1.178613717726253
7	0.5112358983255225	0.3455521384491982	1.4794754291491168
7	0.5161336664824707	0.3758346705960577	1.3732997694542253
7	0.41353161161115565	0.33443477905795665	1.2365089922047006
7	0.446873389335089	0.36878874969142583	1.2117327052655442
7	0.3905664600172276	0.31893429316417765	1.224598509437102
7	0.5149671489326456	0.3455571036397834	1.4902519540430548
7	0.39592614274482063	0.3049010795234557	1.2985396554306476
7	0.4896639288380012	0.3461439608569633	1.4146250814999615
7	0.3623748752092448	0.33746709344641557	1.0738080312022604
7	0.43911990717445926	0.35847069205243576	1.2249813357411836
7	0.38930109548545266	0.3364900147128575	1.156946947794755
7	0.3835596967949808	0.3276851062127064	1.170513061237532
7	0.5138057650652236	0.36788953133381536	1.3966305678837239
7	0.4291486934085884	0.3174521981048935	1.3518529591872217
7	0.423843012808916	0.34080630457856426	1.2436478055563955
7	0.4290232871339577	0.27697409734837825	1.5489653770559342
7	0.4570119431864441	0.3434825997467467	1.3305242930017525
7	0.4553462720576779	0.33328284628577176	1.3662457493154132
7	0.4459451488645623	0.26233971142238455	1.6998766463784079
7	0.5765160692697254	0.37355499808426035	1.5433231310685998
7	0.5731274703697729	0.36490943692603933	1.570601942218161
7	0.6579417728295306	0.3566818845379361	1.8446178551564567
7	0.36480719373602255	0.31774746998534414	1.148104165086976
7	0.472017458502371	0.34046898113254415	1.3863743385146008
7	0.5699986980752166	0.33164767028872916	1.7186874781269577
7	0.40666230990836	0.3316325284070107	1.2262437338754228
7	0.4647975000385728	0.3514033038568316	1.3226896131515602
7	0.3797983358339231	0.31963341510561627	1.1882310105419565
7	0.4053303994663957	0.3212857330159129	1.2615885419547097
7	0.5351412301916152	0.3839320749547491	1.3938435080077325
7	0.40166750964212294	0.34185463145219736	1.1749658266610012
7	0.4366263889497747	0.3540336503280724	1.2332906449575234
7	0.42973048935980024	0.34136865183474085	1.2588457875383239
7	0.37354605027483423	0.335100440486521	1.1147286160904335
7	0.4536402723147823	0.3295941669438148	1.376360135621312
7	0.6394879038611816	0.29850505304086583	2.1423017712656094
7	0.45347125294604895	0.3565342045814198	1.2718870927922208
7	0.5088794147877005	0.33645166275922955	1.5124889281699379
7	0.5627924295893694	0.37767629751764653	1.4901449555834874
7	0.43735992964589243	0.3305599959138255	1.3230878964552892
7	0.4099289753301825	0.3124976152851661	1.3117827313853467
7	0.3404281382984674	0.31567782447066667	1.0784037138791818
7	0.4478750348789431	0.29259850379275554	1.5306812204213056
7	0.4276162838406618	0.27271965664150977	1.5679701606648904
7	0.49652121831788587	0.33961588101591617	1.4620082454112806
7	0.4623945724474905	0.34458947097833087	1.3418708677740407
7	0.38849970555536917	0.3262241652629318	1.1908979987495538
7	0.4564221777340709	0.36488922885798225	1.2508513314097138
7	0.5061551054542897	0.33764192533408693	1.4990884350439118
7	0.34496925075386675	0.30315129065269036	1.1379441928521614
7	0.4035414223575696	0.2940780903382569	1.3722253905192494
7	0.4066110128352184	0.3487880970238792	1.1657823655816455
7	0.4864864726002396	0.32960152095813516	1.4759837005182734
7	0.5450677755980738	0.35974376298681693	1.5151555959513556
7	0.5303168774085356	0.35315496884878855	1.5016548659566022
7	0.38584362321777244	0.3317226462236816	1.1631512880118438
7	0.38741654742584963	0.26213950511435646	1.4779021851622172
7	0.49242882574116803	0.3544507408781258	1.3892729481146284
7	0.4701559003590393	0.35275257135474486	1.3328206185809148
7	0.48263750019622964	0.34389912583558	1.403427528417101
7	0.4065850223850875	0.3363132226855852	1.208947478003856
7	0.4690250845206516	0.35129845201117416	1.335118563248701
7	0.4043219569075943	0.34649024943808976	1.1669071714522743
7	0.5089518528304569	0.3544746395172647	1.4357920034097906
8	0.16005587115217326	0.12600997317711057	1.2701841538146368
8	0.17023511138784464	0.12970646939183592	1.3124643064146166
8	0.11314388042006795	0.11401863142945157	0.992327999394337
8	0.12960779147814444	0.11386572314522174	1.1382511602095182
8	0.09491628041508075	0.10512776043580882	0.9028659986820207
8	0.11415203046368219	0.11320958900183441	1.0083247494329524
8	0.11757785293497074	0.11660322518824573	1.0083584973327415
8	0.155736074375905	0.12129000371548293	1.2839976057814644
8	0.1215510128123182	0.11136838091528092	1.0914319828783656
8	0.1272605047096051	0.11424631287049414	1.1139134516652929
8	0.10764370241968502	0.11093364372884276	0.9703431601219247
8	0.13044982969010516	0.10948343909901224	1.191502849779242
8	0.16513032204364012	0.12484022981200686	1.322733243060389
8	0.11951140967835952	0.11371583191936481	1.0509654430801185
8	0.12182842093795512	0.11870168492059596	1.0263411258184814
8	0.11603746630477625	0.10696277812968696	1.084839682866938
8	0.06218161483866824	0.10180629542349215	0.6107835923113221
8	0.13314412709708107	0.12274821861232237	1.0846929479082077
8	0.1213031313040303	0.09605878507204467	1.262801015160167
8	0.10067588695599392	0.10417646285813147	0.9663976314217476
8	0.16340482646186513	0.1098675427993371	1.4872893513265235
8	0.12678521917109448	0.11816432398362954	1.0729568358437804
8	0.12230830497900466	0.11833807476876224	1.0335498969203312
8	0.15293498917557588	0.13039494192039108	1.172859828174516
8	0.14864889146137084	0.12199731311317609	1.2184603715285947
8	0.17548183772516435	0.11919286516614026	1.4722511912148781
8	0.16116845858348636	0.13013190352619788	1.2385007382224318
8	0.1729131377972318	0.1193619026059726	1.4486459584013
8	0.14753200426981178	0.11932883188953944	1.2363483487911748
8	0.2260944880658915	0.12435616099103752	1.8181205198364587
8	0.12264677280748933	0.11246130303442753	1.0905686622708235
8	0.16974281990422782	0.1281081125232277	1.3249966497902401
8	0.2670159292111743	0.12994540426701304	2.054831648085895
8	0.13727836215894848	0.119976105519641	1.1442141880199217
8	0.14554088787034117	0.12417740507432998	1.1720400163236095
8	0.15793145038016335	0.11408636923059336	1.38431480855482
8	0.1270563561556754	0.10189216580693937	1.2469688434772894
8	0.1936050083287073	0.12850388768921645	1.506608179800259
8	0.12820134643087933	0.11697003370839618	1.0960187183538186
8	0.2220327958705674	0.12091067055553613	1.8363374783252429
8	0.09981997966027545	0.10033933844754357	0.9948239763655643
8	0.10613180415312957	0.11411246583471266	0.930063191403271
8	0.10651350053513715	0.09455920848707466	1.1264212363801303
8	0.17954223966276706	0.11692721851452104	1.5355042388224598
8	0.12465249461067404	0.12150841807289792	1.0258753803863192
8	0.1479412463204345	0.11880002417463678	1.245296432793313
8	0.16283982755253595	0.12213970894773006	1.3332259340999706
8	0.12647820420943434	0.1064203577957664	1.1884775322045185
8	0.15185280880240065	0.12382908639748065	1.226309692013444
8	0.12735192982144028	0.11558722305613987	1.101782069455777
8	0.11487655651978619	0.11278883183244943	1.0185100302345371
8	0.2592880057252184	0.11961822473317359	2.1676296091469274
8	0.13118775107144534	0.10218268918247211	1.2838549476533898
8	0.13936958211213576	0.11565029039182054	1.2050949603321774
8	0.11971343781585668	0.11553157268374802	1.0361967299065162
8	0.1497699219158845	0.11693018519517953	1.2808490952604665
8	0.10924615107041165	0.11144817851656683	0.9802416919193718
8	0.15290236331129198	0.13060457996684277	1.1707274228063829
8	0.1614185110856141	0.12423447530399127	1.2993052909881628
8	0.1460430005065172	0.11875991427971713	1.2297331249544334
8	0.11425255454032346	0.10347069262832463	1.1042020850360805
8	0.1591647083964962	0.11302090723995274	1.4082766833447582
8	0.15798943179783995	0.1255964574456403	1.2579131212058248
8	0.16085528262990287	0.12526425518439072	1.2841275621135628
8	0.18493661852182336	0.135265793049716	1.3672090655902278
8	0.09130814146162622	0.11199704680450479	0.8152727600131112
8	0.10005232557156721	0.11051170786399599	0.9053549846021665
8	0.1326419225463049	0.11196154426379028	1.1847096556098764
8	0.11339712945034304	0.11297402719016673	1.0037451285990195
8	0.13284498913161488	0.11424105852315386	1.1628480237224907
8	0.12701038053390518	0.11475346017154377	1.1068109000289723
8	0.15679125263616775	0.11062454172342652	1.4173279291693073
8	0.1676938276199559	0.12564992786256285	1.334611411821749
8	0.1302067791264742	0.12249083556936957	1.0629920068814853
8	0.1770869973581357	0.12397735666943199	1.4283817796689522
8	0.10504579117771495	0.10373881856863494	1.012598684148454
8	0.13656422162286538	0.11479120969031083	1.1896749062170773
8	0.1657027546674618	0.10654512887323066	1.5552353863555597
8	0.16496114737337536	0.12002504851037121	1.3743893413975274
8	0.1528192795167415	0.1165824065686686	1.3108262559902546
8	0.14237716644958423	0.124295711964954	1.1454712652495078
8	0.13339104101297833	0.12172486091369242	1.0958405703791083
8	0.16878869708808208	0.12345148336731064	1.367247217158806
8	0.12951065945658966	0.11528947289160084	1.1233519957052807
8	0.14301818908900277	0.11907657701528157	1.2010606340376133
8	0.14011213236692432	0.12360504546977841	1.133547031469536
8	0.12184136182331629	0.12191831505378165	0.9993688132055351
8	0.09621845588389388	0.0979079482624133	0.9827440733004513
8	0.1053859550713903	0.10944014905930337	0.9629551492504256
8	0.12904466900167497	0.10650116867835747	1.2116737365709176
8	0.1270989888739646	0.11229556148463694	1.1318255787995049
8	0.1135158644006105	0.11526329781892522	0.9848396371492001
8	0.06886830538045086	0.10114507169481476	0.6808864161790041
8	0.11237866502315522	0.1086435947496377	1.034379111645972
8	0.12776035052344495	0.10614192683294625	1.2036746866723393
8	0.12768857926402463	0.11588085335112999	1.1018954000719696
8	0.10833464416156416	0.1135130441613207	0.9543805732811008
8	0.18768305725129197	0.1324313748398458	1.4172099132721692
8	0.177991641337913	0.12569363289107566	1.4160752398027836
8	0.1482551981617506	0.1126850824834143	1.3156594900977396
8	0.17642093514676152	0.11328848980323816	1.5572714885084364
8	0.10883162862025575	0.1098898718253359	0.9903699659713666
8	0.1965763834485008	0.12473259119663804	1.5759825203871753
8	0.11274710618866109	0.10698848309701799	1.0538247007990678
8	0.17813920018249343	0.12593297868748154	1.4145555996461274
8	0.12931482842248393	0.11444713171090252	1.1299088626278353
8	0.18688755451189198	0.11295249543370173	1.6545677348189882
8	0.12152533984846654	0.11664118135582352	1.0418733626997783
8	0.11938356453291817	0.10756425222535813	1.1098814156472483
8	0.1274750269730446	0.1146761118998202	1.1116092520158463
8	0.08261075651732704	0.10506452942892255	0.7862858851256191
8	0.11567200098188853	0.10207056741129011	1.1332551970225841
8	0.15169345913054427	0.11312665379779543	1.3409170521536316
8	0.1482534527391633	0.1140037337965268	1.3004262913332751
8	0.14073934383323222	0.12088348040701193	1.1642562189586705
8	0.15024121939205237	0.12257288051741985	1.2257296945118323
8	0.11730942603655067	0.11764720955947959	0.9971288437337892
8	0.10815674369211484	0.10754054927121826	1.0057298797995027
8	0.17036182841300818	0.11292784581905511	1.508590084025687
8	0.18028882344760663	0.11268944621049602	1.5998731869783058
8	0.17431840340581548	0.11820565500901072	1.4747044326477217
8	0.15810011102755545	0.12083204567860205	1.3084286551605833
8	0.1762263684906853	0.13244338087977134	1.330578903378033
8	0.17557289072621227	0.12115949508270633	1.4491055002033646
8	0.21789408604368984	0.12029088515737008	1.811393155504931
8	0.15696488208628673	0.1287364749194248	1.2192727988282255
8	0.16814380541939525	0.11887122823882865	1.4145038114822135
8	0.12675978589767953	0.10799816497024858	1.1737216639986374
8	0.13280997024537414	0.11239527157369962	1.1816330739348606
8	0.10247469086408864	0.10553188269399756	0.971030633095274
8	0.23787085880115927	0.12983183178880509	1.832145903849675
8	0.157610348876777	0.12540991579178415	1.256761460062334
8	0.1607897050060937	0.12766750393486842	1.259441126757856
8	0.11804985013750646	0.11115472778988925	1.0620317505581116
8	0.17304468969923326	0.11088275386700819	1.5606095958509612
8	0.11851585163843228	0.1096500445975136	1.0808554804830397
8	0.18188697256085487	0.12626718582026286	1.4404928040430467
8	0.14237927045610843	0.11175240887112235	1.2740599678733215
8	0.16249193205421503	0.11460180960934417	1.4178827769659066
8	0.11168014718816441	0.0991208098019666	1.1267073726626136
8	0.12330930441889087	0.11522668953881457	1.0701453362274513
8	0.12405968072186865	0.11940196012421332	1.0390087448548577
8	0.1834671239573466	0.11400667989650054	1.6092664405621215
8	0.12722456271511237	0.11924861173890225	1.0668850635651312
8	0.09690338085907726	0.09943737457262643	0.9745166872673373
8	0.16032988035931214	0.12037162360368504	1.3319574461102792
9	0.7640517754762108	0.7392954583490748	1.033486364412977
9	0.7649815759305689	0.7461701930595922	1.0252105793637276
9	0.7417258728009657	0.7345380271965801	1.0097855323186173
9	0.7630660254033668	0.7412837704645716	1.029384502678568
9	0.7578958147566371	0.7453349555163885	1.0168526367202866
9	0.7419058987660726	0.7316121759806091	1.0140699172641112
9	0.7521195424860277	0.7425165860581566	1.0129329857516731
9	0.7460934357940024	0.7310988644137344	1.0205096357143053
9	0.767886789375741	0.7489635780494593	1.0252658632287082
9	0.7298204108722217	0.7265036304787735	1.0045654009894793
9	0.7683972125471502	0.7453168401778436	1.0309671955940232
9	0.7424165635507336	0.7402027956571012	1.0029907586226652
9	0.7726078393463254	0.7502319328405308	1.0298253187132076
9	0.7633684797464328	0.7467937821809116	1.0221944771917049
9	0.7443729084345693	0.7354171455272406	1.0121777999898385
9	0.7462201061800663	0.737704987031663	1.0115427159882244
9	0.7559336857163869	0.741314221226414	1.0197210090827433
9	0.7416050839520352	0.7305959442450812	1.015068711773824
9	0.7431244799110281	0.7353177813334937	1.0106167683900926
9	0.7283563219366611	0.730915767255617	0.996498303315352
9	0.7701386755630688	0.7306793143683878	1.0540036653819744
9	0.7409835264824709	0.7347832287743119	1.0084382678664314
9	0.7265401159236626	0.7312391175017624	0.9935739193026849
9	0.7326604006428123	0.7316959467075034	1.0013181075276538
9	0.7524346890361464	0.7334232706503889	1.0259214823779703
9	0.7595673698571452	0.7448970115390725	1.0196944786874114
9	0.7616739031670541	0.7465399846107152	1.0202720803551204
9	0.7777702850172524	0.7439358814011023	1.0454802684774762
9	0.7548237575520023	0.7323658404672355	1.0306648888353926
9	0.7744928673839857	0.7434096911344314	1.0418116371366128
9	0.7310317229053392	0.7318691772456237	0.998855732190504
9	0.7730795490199391	0.7455518088103172	1.0369226388888362
9	0.7750136879877573	0.7292280964800947	1.0627863788143446
9	0.7614212883596213	0.7429137505044114	1.0249120949001738
9	0.7637126974640799	0.7511537249271572	1.0167195769922337
9	0.767121475150309	0.7397113302038099	1.0370551914338624
9	0.7746914766391818	0.7440572310022325	1.0411718942583026
9	0.7667327650560438	0.7403526665312201	1.0356318005153173
9	0.7621575528658973	0.7475705589886422	1.019512531227807
9	0.7761428669637296	0.7254061115135989	1.0699425530676405
9	0.7638864591992972	0.7461771693802942	1.023733357901731
9	0.7414328616663391	0.7369752269223772	1.0060485543897821
9	0.768940849521587	0.7440587867785277	1.0334409903964559
9	0.7587201225864666	0.7356186893486035	1.0314040868895265
9	0.7708626812514181	0.7483000048584431	1.0301519126640166
9	0.7394310655646823	0.7368632754418298	1.0034847579034425
9	0.7488042331623761	0.7337269429474534	1.020548911771395
9	0.7447734369381565	0.7392005532553184	1.0075390686036367
9	0.7297936462402763	0.7293165045102594	1.0006542313619207
9	0.7653977427520504	0.7427307561741547	1.0305184434459864
9	0.7595254818846062	0.7431376436372764	1.0220522246284278
9	0.7638590972847762	0.7273603316394877	1.0501797583090893
9	0.7584734266944226	0.7404803664126365	1.0242991726694337
9	0.7524437940364214	0.7426533131669872	1.013183110740708
9	0.7575358611057489	0.7351423296423623	1.0304614910071643
9	0.7589253918913268	0.7331411247328375	1.0351695823473077
9	0.7451280697751933	0.7414098559566715	1.0050150585248478
9	0.7514008171333378	0.7399124179283196	1.0155267014401306
9	0.7731389835536582	0.7391305058707864	1.0460114653809418
9	0.7489226332162378	0.7373615499532891	1.0156789885012054
9	0.7513195742849093	0.7254006429173139	1.0357305050948924
9	0.7729858358947579	0.7492353306304674	1.0316996600311212
9	0.7542108208527185	0.7303797896571835	1.0326282730341163
9	0.730159423520002	0.7253596082093888	1.0066171527285093
9	0.7550955876685641	0.7372518161837577	1.024203089220141
9	0.761514081265466	0.7387985576825586	1.0307465727249938
9	0.7555714082314525	0.7421961912062385	1.0180211340123912
9	0.7643006579951859	0.7462791893413212	1.0241484271721026
9	0.7486819623270513	0.738976665706589	1.0131334277127442
9	0.7400734623094094	0.7367842885377919	1.0044642289782606
9	0.7419379217582524	0.7305059559941302	1.0156493806386078
9	0.767786367379	0.743997000584511	1.0319750842756075
9	0.763008155002424	0.7390297615747811	1.0324457750883373
9	0.7569908681514231	0.745328637938461	1.0156470979636838
9	0.7653372607142132	0.747053584461898	1.0244743839432682
9	0.7613970545501794	0.7393834212432348	1.0297729603808667
9	0.7417437479367429	0.7322220035375525	1.0130039036701826
9	0.7691561056805971	0.7376178290243391	1.0427569337606362
9	0.7513421841408989	0.7402587827055395	1.0149723335869805
9	0.7581353552379462	0.7450610095661988	1.0175480202344231
9	0.7537632714630231	0.7402328678260649	1.018278577222185
9	0.7641671570748951	0.7446665603923049	1.02618701808272
9	0.7732435122280356	0.7363344447999758	1.0501254120172065
9	0.7544059409249655	0.7355694653106257	1.0256080173289754
9	0.7579825487449714	0.7409762989463373	1.0229511386839456
9	0.7547270405186822	0.7419947421841332	1.0171595533104052
9	0.7350504442381471	0.7329590451014518	1.0028533642509396
9	0.7691783952946519	0.74657038574558	1.0302824890736777
9	0.781720381165972	0.7521546900350493	1.0393079927874211
9	0.7639139040193346	0.745301030257085	1.0249736321387202
9	0.7657937108947401	0.7456651131519981	1.0269941524522401
9	0.769373847147732	0.7503994218720769	1.0252857674494449
9	0.7501346945984322	0.7450746253974299	1.006791358916972
9	0.7488554859366381	0.740657542167918	1.0110684672766912
9	0.7589321882713677	0.7391329568042504	1.0267871041128
9	0.7486092091921004	0.7318313855969762	1.0229258049399426
9	0.7421924496061163	0.7379947928532334	1.0056879219115542
9	0.7450613330912198	0.7266766930764381	1.025299614243783
9	0.7723196663661976	0.7426435866845031	1.0399600564978713
9	0.7505816310327035	0.7383843841027589	1.0165188311028084
9	0.7562869054429573	0.7366451480122158	1.0266637980087745
9	0.7596563071429653	0.7431993010442628	1.0221434628310049
9	0.771268417841122	0.7383820899877841	1.0445383606932854
9	0.7627538839028922	0.7432997328346811	1.026172686749153
9	0.765130360405194	0.7354956258007532	1.0402921969415884
9	0.7681805317640503	0.7483377618570842	1.026515793961438
9	0.7679979922266249	0.7395340429054318	1.0384890318360003
9	0.7538088784309389	0.7400232347311028	1.0186286633349362
9	0.7642448373831356	0.741591207877788	1.0305473275096877
9	0.7576096510162234	0.7437543834224143	1.0186288214263068
9	0.7497609851025588	0.738147465252656	1.015733332967455
9	0.7702585083892106	0.7509618376085953	1.0256959406113961
9	0.7469059603589965	0.7398922821854477	1.009479323331813
9	0.7595345376554983	0.7415352472523784	1.0242730072101265
9	0.7419360121590225	0.7385437919248323	1.004593119962933
9	0.7565514919841808	0.7467924920325003	1.0130678870714407
9	0.7454360995351316	0.7389052641909177	1.008838528645976
9	0.7757167179962053	0.7405630396302929	1.0474688534057304
9	0.7775821122864967	0.7501868180229831	1.0365179627332164
9	0.7553446440642038	0.7407837755076353	1.0196560305962294
9	0.7745731563836797	0.744629207497287	1.0402132344325237
9	0.7445893113243391	0.7333271444638185	1.0153576298730291
9	0.7113750198440094	0.7174984319027031	0.9914656091408377
9	0.7572268171148652	0.7413831300994844	1.0213704444735001
9	0.7483173623792142	0.7322909126665181	1.0218853592684065
9	0.7717298434047011	0.7384015074048256	1.0451357908477337
9	0.7752347671512059	0.7421884852609711	1.044525457544137
9	0.7868174395242835	0.7533327877733517	1.0444486849562242
9	0.7415970150279477	0.7355769728597158	1.0081841090604395
9	0.74907667405962	0.7400433778784803	1.0122064414751415
9	0.7462746422717453	0.7237722948896417	1.0310903685330133
9	0.7020626348297488	0.7127990435408523	0.9849376780056128
9	0.7497151531014616	0.7360403275101227	1.0185789080845584
9	0.7486247125536325	0.7407485438193644	1.0106327157845736
9	0.7686487911163702	0.7411136103027367	1.0371537918489793
9	0.7512009597903628	0.7390818742107141	1.0163974872101835
9	0.746233249758317	0.728740119779015	1.0240046204463213
9	0.7680034659956329	0.7523017918718491	1.020871509669963
9	0.7459544897460582	0.7342404043974157	1.0159540189813663
9	0.7166876913316897	0.7214048297851947	0.9934611770551778
9	0.7660026494524714	0.7443032708326369	1.029153947685276
9	0.7583158597544518	0.7372521731740919	1.0285705316942972
9	0.7554614156954826	0.7418925811659852	1.0182894867450651
9	0.7169433373478451	0.7249282379956333	0.9889852536716381
9	0.7382394377479555	0.7355181538572315	1.003699818796386
9	0.7921104383488933	0.7544947291062676	1.049855496389197
