0	1.0	0.9999906023175544	1.000009397770763
0	1.0	0.9999906023175544	1.000009397770763
0	1.0	0.9999906023175544	1.000009397770763
0	1.0	0.9999904669042627	1.0000095331866181
0	1.0	0.9999906023175544	1.000009397770763
0	1.0	0.9999905350952194	1.0000094649943658
0	1.0	0.999991422337862	1.0000085777357148
0	1.0	0.9999906023175544	1.000009397770763
0	1.0	0.9999906023175544	1.000009397770763
0	1.0	0.9999918127839794	1.0000081872830517
0	0.9994715756181195	0.9997318694230428	0.9997396363836301
0	1.0	0.9999902563056824	1.000009743789258
0	1.0	0.9999905350952194	1.0000094649943658
0	1.0	0.9999905350952194	1.0000094649943658
0	1.0	0.9999906023175544	1.000009397770763
0	1.0	0.9999918127839794	1.0000081872830517
0	1.0	0.9999906023175544	1.000009397770763
0	1.0	0.999991422337862	1.0000085777357148
0	1.0	0.9999906023175544	1.000009397770763
0	1.0	0.9999904669042627	1.0000095331866181
0	1.0	0.9999904669042627	1.0000095331866181
0	1.0	0.9999905350952194	1.0000094649943658
0	1.0	0.9999906023175544	1.000009397770763
0	1.0	0.9999905350952194	1.0000094649943658
0	1.0	0.9999906023175544	1.000009397770763
0	1.0	0.9999905350952194	1.0000094649943658
0	1.0	0.9999906023175544	1.000009397770763
0	1.0	0.9999905350952194	1.0000094649943658
0	1.0	0.9999906023175544	1.000009397770763
0	1.0	0.9999918127839794	1.0000081872830517
0	1.0	0.9999906023175544	1.000009397770763
0	1.0	0.9999905350952194	1.0000094649943658
0	1.0	0.9999906023175544	1.000009397770763
0	1.0	0.9999905350952194	1.0000094649943658
0	1.0	0.9999906023175544	1.000009397770763
0	1.0	0.9999906023175544	1.000009397770763
0	1.0	0.9999906023175544	1.000009397770763
0	1.0	0.9999906023175544	1.000009397770763
0	1.0	0.9999906023175544	1.000009397770763
0	1.0	0.9999906023175544	1.000009397770763
0	1.0	0.9999906023175544	1.000009397770763
0	0.9983882828890931	0.9989397393442419	0.9994479582366893
0	1.0	0.9999903275315181	1.0000096725620395
0	1.0	0.9999905350952194	1.0000094649943658
0	1.0	0.9999906023175544	1.000009397770763
0	1.0	0.9999906023175544	1.000009397770763
0	1.0	0.9999906023175544	1.000009397770763
0	1.0	0.9999906023175544	1.000009397770763
0	1.0	0.9999906023175544	1.000009397770763
0	1.0	0.9999905350952194	1.0000094649943658
0	1.0	0.9999906023175544	1.000009397770763
0	1.0	0.9999905350952194	1.0000094649943658
0	1.0	0.9999905350952194	1.0000094649943658
0	1.0	0.9999906023175544	1.000009397770763
0	1.0	0.9999905350952194	1.0000094649943658
0	1.0	0.9999906023175544	1.000009397770763
0	1.0	0.9999906023175544	1.000009397770763
0	1.0	0.9999906023175544	1.000009397770763
0	1.0	0.9999906023175544	1.000009397770763
0	1.0	0.9999905350952194	1.0000094649943658
0	1.0	0.9999906023175544	1.000009397770763
0	1.0	0.9999906023175544	1.000009397770763
0	1.0	0.9999904669042627	1.0000095331866181
0	1.0	0.9999918127839794	1.0000081872830517
0	1.0	0.9999906023175544	1.000009397770763
0	1.0	0.9999906023175544	1.000009397770763
0	1.0	0.9999906023175544	1.000009397770763
0	1.0	0.9999906023175544	1.000009397770763
0	1.0	0.9999906023175544	1.000009397770763
0	1.0	0.9999906023175544	1.000009397770763
0	1.0	0.9999906023175544	1.000009397770763
0	1.0	0.9999906023175544	1.000009397770763
0	1.0	0.9999906023175544	1.000009397770763
0	1.0	0.9999906023175544	1.000009397770763
0	1.0	0.9999906023175544	1.000009397770763
0	1.0	0.9999906023175544	1.000009397770763
0	1.0	0.9999906023175544	1.000009397770763
0	1.0	0.9999904669042627	1.0000095331866181
0	1.0	0.9999906023175544	1.000009397770763
0	1.0	0.9999906023175544	1.000009397770763
0	1.0	0.9999906023175544	1.000009397770763
0	1.0	0.9999906023175544	1.000009397770763
0	1.0	0.9999906023175544	1.000009397770763
0	1.0	0.9999906023175544	1.000009397770763
0	1.0	0.9999906023175544	1.000009397770763
0	1.0	0.9999905350952194	1.0000094649943658
0	1.0	0.9999906023175544	1.000009397770763
0	1.0	0.9999906023175544	1.000009397770763
0	1.0	0.9999906023175544	1.000009397770763
0	1.0	0.9999906023175544	1.000009397770763
0	1.0	0.9999906023175544	1.000009397770763
0	1.0	0.9999905350952194	1.0000094649943658
0	1.0	0.9999906023175544	1.000009397770763
0	1.0	0.9999914845850473	1.0000085154874656
0	1.0	0.9999906023175544	1.000009397770763
0	1.0	0.9999906023175544	1.000009397770763
0	1.0	0.9999906023175544	1.000009397770763
0	1.0	0.9999906023175544	1.000009397770763
0	1.0	0.9999904669042627	1.0000095331866181
0	1.0	0.9999905350952194	1.0000094649943658
0	1.0	0.9999906023175544	1.000009397770763
0	1.0	0.9999906023175544	1.000009397770763
0	1.0	0.9999906023175544	1.000009397770763
0	1.0	0.9999906023175544	1.000009397770763
0	1.0	0.9999906023175544	1.000009397770763
0	1.0	0.9999906023175544	1.000009397770763
0	1.0	0.9999905350952194	1.0000094649943658
0	1.0	0.9999914845850473	1.0000085154874656
0	1.0	0.9999906023175544	1.000009397770763
0	1.0	0.9999906023175544	1.000009397770763
0	1.0	0.9999906023175544	1.000009397770763
0	1.0	0.9999906023175544	1.000009397770763
0	1.0	0.9999906023175544	1.000009397770763
0	1.0	0.9999906023175544	1.000009397770763
0	1.0	0.9999906023175544	1.000009397770763
0	1.0	0.9999906023175544	1.000009397770763
0	1.0	0.9999906023175544	1.000009397770763
0	1.0	0.9999906023175544	1.000009397770763
0	1.0	0.9999906023175544	1.000009397770763
0	1.0	0.9999906023175544	1.000009397770763
0	1.0	0.9999906023175544	1.000009397770763
0	1.0	0.9999906023175544	1.000009397770763
0	1.0	0.9999906023175544	1.000009397770763
0	1.0	0.9999918127839794	1.0000081872830517
0	1.0	0.9999906023175544	1.000009397770763
0	1.0	0.9999906023175544	1.000009397770763
0	1.0	0.9999906023175544	1.000009397770763
0	1.0	0.9999906023175544	1.000009397770763
0	1.0	0.9999905350952194	1.0000094649943658
0	1.0	0.9999906023175544	1.000009397770763
0	1.0	0.9999906023175544	1.000009397770763
0	1.0	0.9999905350952194	1.0000094649943658
0	1.0	0.9999906023175544	1.000009397770763
0	1.0	0.9999906023175544	1.000009397770763
0	1.0	0.9999906023175544	1.000009397770763
0	1.0	0.9999906023175544	1.000009397770763
0	1.0	0.9999906023175544	1.000009397770763
0	1.0	0.9999906023175544	1.000009397770763
0	1.0	0.9999906023175544	1.000009397770763
0	1.0	0.9999906023175544	1.000009397770763
0	1.0	0.9999905350952194	1.0000094649943658
0	1.0	0.9999906156476005	1.0000093844404665
1	0.8986974661314212	0.8502551986725474	1.0569737974369386
1	0.9114451849544813	0.7342961046362226	1.2412501975698482
1	0.8387452606045649	0.8386949718291413	1.0000599607451013
1	0.8008851652624299	0.8241217291265371	0.9718044518875446
1	0.9643784344087358	0.8755153193954155	1.1014980698163963
1	0.9538217571136354	0.861591720086352	1.1070461041780204
1	0.9226967604837306	0.8610848336384889	1.0715515178509212
1	0.934928142296284	0.8759281077719738	1.067357165503438
1	0.8807383190818167	0.8285158132302797	1.063031393025473
1	0.7877787571011574	0.7984212083002967	0.9866706306289191
1	0.8722467910675833	0.8294392002329276	1.0516102817694586
1	0.8954656121682458	0.8586006698951507	1.0429360744356244
1	0.8937270380978137	0.8393775386303294	1.0647497663044097
1	0.8822979518141659	0.8252087327993815	1.0691815497651351
1	0.7506076366264576	0.6241473908125834	1.2026127925476615
1	0.6600696342764927	0.6623159721770927	0.9966083591594264
1	0.8288823036157149	0.8206528215357423	1.010027970250041
1	0.8087603469126193	0.7857677226902902	1.0292613498345384
1	0.9374095892437466	0.870208690093043	1.0772238888392605
1	0.9236571193084048	0.8607218756449015	1.073119140391719
1	0.95882969697616	0.8577473801919423	1.1178462553410518
1	0.9260875389537293	0.8632803227503743	1.0727541385436123
1	0.8695583243932419	0.8516948147881562	1.020974073453211
1	0.841781240847325	0.8052438016143242	1.0453743812243594
1	0.8756262544897959	0.8503956424391316	1.0296692630953483
1	0.9371897717751463	0.8688646463035516	1.078637248922802
1	0.9613806357222707	0.8753700071191922	1.0982563120778333
1	0.9667773668685538	0.8868590416108647	1.0901138980468956
1	0.7792273467772388	0.7814869456471673	0.9971085903833529
1	0.836994867501333	0.7920908566542133	1.056690479974474
1	0.8956132392820771	0.831314311055711	1.0773461100948822
1	0.8892801890198954	0.8583182521735776	1.0360727932417966
1	0.9538180754210537	0.870232176644709	1.0960501128545037
1	0.9523749767785488	0.866197939465259	1.0994888505120326
1	0.9411498276729902	0.8190690483550499	1.1490482146323526
1	0.9480613073638141	0.8633874015796801	1.098071741178076
1	0.8328322019529534	0.8109387307604193	1.0269976884344942
1	0.8990288118051669	0.8171839092721903	1.1001548141175104
1	0.8493042218049085	0.7859941429897236	1.0805477742803138
1	0.9116058910913587	0.8493993335461804	1.0732359387256292
1	0.9006430589926724	0.8550626765830417	1.0533064811012178
1	0.8677869694749756	0.8500238024591235	1.0208972583643696
1	0.8952544935840585	0.8612502787581312	1.039482384696536
1	0.8192996831444198	0.7051678851099132	1.1618505329645252
1	0.7543489912233721	0.7931013074982431	0.9511382519376859
1	0.8095984052382672	0.8231980029353958	0.98347955455597
1	0.9234621029994319	0.8640242529544301	1.068791876896697
1	0.945549081129607	0.8365885981630672	1.1302438058632271
1	0.943418339637695	0.8631136141310553	1.0930407355322358
1	0.8722757649045796	0.8478590452177921	1.0287980883432286
1	0.8536817940760321	0.8331770915100593	1.0246102572609261
1	0.9262186575554315	0.8699064929817547	1.06473358346902
1	0.9421376741404298	0.8361827552794494	1.1267126333232866
1	0.8381228643157964	0.7630281749283455	1.0984166664546862
1	0.8420464933382632	0.8318676523966895	1.0122361302452951
1	0.8858010932644284	0.8403292872225745	1.054111890104587
1	0.9509572480866266	0.8763793698621473	1.0850977108648854
1	0.907180139773725	0.8600393631549028	1.0548123477114983
1	0.9351438848663651	0.8759785870246394	1.0675419453375994
1	0.918132310186515	0.8685665499972728	1.0570661628511917
1	0.8056922676949885	0.79714341293371	1.0107243622948803
1	0.8719389230549878	0.8513551329699977	1.0241776777843372
1	0.901861421019742	0.8678441484045663	1.039197444238937
1	0.9465982965792156	0.8748716824768447	1.081985296288601
1	0.921024666802501	0.8512212695069256	1.082003821798308
1	0.853466816134992	0.8311232862129492	1.0268835325549017
1	0.8166462088715674	0.8112823147870483	1.006611624568603
1	0.9599697832720555	0.8665985981241999	1.1077444451790743
1	0.9563139349442265	0.8620097787922834	1.1094003321912052
1	0.9174337080035462	0.8580142743653889	1.0692522670233027
1	0.8346434072773814	0.7427724422136602	1.1236865557234745
1	0.8915741448382193	0.8520322085869783	1.0464089688778526
1	0.8736546362300945	0.8310152514364976	1.0513099906649008
1	0.9436598892119342	0.8744210609278226	1.0791824801322196
1	0.8093907134948845	0.8121224806800977	0.9966362620784421
1	0.9612167523847119	0.8757211256685818	1.0976288275001442
1	0.8787397030608675	0.8323793677779843	1.0556961610024536
1	0.8487509280863431	0.822854424938432	1.031471548749159
1	0.9448493824331361	0.8721033846838827	1.0834144196970663
1	0.9440584342004833	0.8774020185468079	1.075970210057272
1	0.8818916899654603	0.8441904488100825	1.0446596395499606
1	0.8823516066125109	0.8417705808786343	1.0482091280637515
1	0.7904342341990773	0.752858673566027	1.049910510368524
1	0.8329051041628016	0.8275561393545411	1.0064635673084759
1	0.8651864715105173	0.8208440214330637	1.0540205555740525
1	0.9389688065123526	0.8457585025767126	1.1102091242969037
1	0.8645374341692864	0.8285747658313245	1.0434030455922465
1	0.9423415398398749	0.8522610080726111	1.1056959439819745
1	0.866724439246199	0.8495872716244114	1.02017116804142
1	0.8087974713958725	0.8314589634974563	0.9727449061271043
1	0.9357044427219581	0.8703252300348489	1.0751204382349013
1	0.9132600852568045	0.8586189067702984	1.0636384524678584
1	0.9227992598300807	0.8660911214640855	1.0654759493090435
1	0.8996738310888759	0.8514455924046104	1.0566427721447964
1	0.9246418429728607	0.870392382295615	1.0623275913033217
1	0.907255858201489	0.8507384313678064	1.0664333768756804
1	0.9376191304534343	0.8684052672284132	1.079702260956941
1	0.8798203522939708	0.8550554995350838	1.028962860039322
1	0.9321064107533029	0.8600416456529195	1.0837921808375615
1	0.8946583125657052	0.8392639794347027	1.0660034679056691
1	0.9194178755757653	0.84188687197879	1.0920919498539567
1	0.8554073372123334	0.8242955246105851	1.037743517552696
1	0.9390124792511363	0.8660433360787141	1.084255764270196
1	0.8526432210831093	0.8275485233733869	1.0303241405197938
1	0.8914320235833934	0.8391257201285132	1.0623342869848744
1	0.9051026314484769	0.8623966138953182	1.0495201591298717
1	0.841399150895939	0.8347992992819139	1.0079059141756614
1	0.9751121671910079	0.8638954941315236	1.1287385729118669
1	0.8814100777237825	0.8051306978000303	1.0947416116814088
1	0.8976600136420003	0.7809546047257473	1.1494394273496054
1	0.7229559956884998	0.7651778592504315	0.9448208504055616
1	0.7826836156852431	0.7943627477528812	0.9852974826668592
1	0.9288691608510167	0.8660835878925643	1.0724936643947127
1	0.9375537715227498	0.8084230340161063	1.1597316405807294
1	0.8575462751025424	0.8098976256700781	1.0588329289063438
1	0.8421376290442307	0.8118863906657982	1.0372604328958202
1	0.937174220168675	0.8403732534481071	1.1151880623560866
1	0.912135128029084	0.8571896858047231	1.0640995139515457
1	0.7751083336128624	0.7748853301813047	1.0002877889448565
1	0.8602880970424984	0.8146142554671754	1.0560680607646984
1	0.785817261273311	0.8111668893085576	0.9687491829741044
1	0.803377922212747	0.8008746658306902	1.0031256531001143
1	0.8990592070497879	0.8520077958537031	1.0552241557237627
1	0.8647484867611354	0.6967524697790028	1.2411129120725153
1	0.8829464054030545	0.8232343621773602	1.072533467951657
1	0.8930962987556047	0.8317219043759824	1.0737919658682908
1	0.9195540830524639	0.869571823431113	1.0574791618984771
1	0.9027424528146643	0.8402742050236627	1.0743426936320655
1	0.8188142163699428	0.7806727244144035	1.0488572109191465
1	0.6952954228783806	0.7675608850833775	0.9058505147807957
1	0.9076110594489606	0.8557323675231278	1.0606249031762034
1	0.8949414520177792	0.7983619849630331	1.1209720263161302
1	0.9097743936252971	0.7508791142026403	1.2116123306897248
1	0.8472773649756593	0.8120474608002289	1.0433840457314074
1	0.9116420243136154	0.8422430233077778	1.0823978342180667
1	0.9352908647122593	0.8460934796221922	1.105422612558008
1	0.9199535664611066	0.8424794169025597	1.0919596942123364
1	0.9318828324431168	0.8345362464158727	1.1166475230348876
1	0.8790089033025165	0.8507518783683705	1.0332141787195805
1	0.9451320033007702	0.8805825794929582	1.0733030896943019
1	0.7838395704547405	0.7732217700809192	1.0137318952785177
1	0.8838101987293582	0.8612318922599648	1.0262162916542088
2	0.813539644161905	0.639544652783577	1.2720607398107795
2	0.8150997117858783	0.7836242138353606	1.0401665714187982
2	0.7792731966768018	0.7448216590297178	1.0462547473336963
2	0.8136594572138188	0.7742001990163745	1.0509677706716913
2	0.8956802506071346	0.800982017980448	1.1182276636689716
2	0.8920632476265513	0.8128363475073416	1.0974696817657925
2	0.9049000281038992	0.8131097062281553	1.1128879918326642
2	0.8622768700695126	0.7897186547667673	1.0918785631626928
2	0.8749751557022553	0.7589337041106059	1.1529006433146072
2	0.6946135294316644	0.667820208514074	1.0401205602585861
2	0.8465967208179332	0.7461715344462526	1.1345872654418638
2	0.7810447651383956	0.7317572879713599	1.0673549522187538
2	0.7294586173438734	0.7330852743539339	0.9950528852004883
2	0.7668035699691285	0.7431948787224952	1.0317664880673223
2	0.8673765452653447	0.7456922773335443	1.163182953116962
2	0.7442814607219997	0.6927027399828029	1.074460107867449
2	0.8010165038409542	0.7446079255979863	1.0757560808900428
2	0.8038213449987086	0.7471852077953878	1.0757993287506709
2	0.8150699866501581	0.7741722024299099	1.052827761177528
2	0.8155904779834533	0.737635964183999	1.105681552397856
2	0.8386171035471021	0.6030862739277543	1.3905425140675027
2	0.8607290708914697	0.7630048335214336	1.1280781366993673
2	0.7777562758552466	0.7369192111961046	1.0554159316770406
2	0.8447742982887224	0.7923120503534408	1.0662141234780904
2	0.8476838863626284	0.7840995146143986	1.081092221794703
2	0.8804755843677128	0.7914177435314068	1.1125294973030533
2	0.8556926222724579	0.7753806718174174	1.1035774470194066
2	0.9406812172326081	0.8217356400690394	1.1447492007935487
2	0.8442902120870773	0.7609619072518893	1.1095039108279636
2	0.7551167392029651	0.7548439166823718	1.000361429051177
2	0.9039294815740906	0.7915544927738427	1.141967470118769
2	0.7962071966384539	0.7442819283844537	1.0697655905292631
2	0.7335835244206533	0.7227187663709705	1.015033175496796
2	0.8558388349616954	0.7946968621829805	1.0769374785383723
2	0.9292796403556626	0.7355870264548299	1.263317060979632
2	0.785745997668943	0.7594944894258845	1.0345644486017305
2	0.8960185552265252	0.7789930528657107	1.1502266315858767
2	0.8734259625393263	0.7330096888723402	1.1915612792008274
2	0.8232793560321106	0.7363830898512649	1.1180041575892203
2	0.7780884208036433	0.7352206221869072	1.05830603402993
2	0.936932450249589	0.8042226146864361	1.1650162941698625
2	0.8447161527641718	0.7767542196217131	1.0874947717381656
2	0.7941373938111138	0.7535724597551857	1.05383017058387
2	0.9011242432919688	0.8042612606690387	1.1204372103442517
2	0.8131538850047138	0.7613345787218546	1.0680637760731353
2	0.8041008739028769	0.777542952815087	1.0341562109098117
2	0.8846144206405961	0.7924810903958386	1.1162593421613853
2	0.8873266667552524	0.7438562614610885	1.1928738288931764
2	0.8648939108096527	0.7753089214737576	1.115547476437658
2	0.8881431628843786	0.7251238015231108	1.2248159018071785
2	0.8676278070897375	0.7695773361242384	1.1274082101472778
2	0.7798782591139917	0.7282766436804737	1.0708544148453534
2	0.9075665045196203	0.8102573331533035	1.1200966253370588
2	0.8503092082780812	0.7741232869315009	1.0984157467327575
2	0.8162155932072779	0.7607541481174519	1.0729032437444737
2	0.8821966750201575	0.7956837410468911	1.1087277890829341
2	0.819603897120625	0.7120369241320141	1.151069374835774
2	0.6984153775623948	0.6982578979863512	1.0002255321085487
2	0.9119360954895545	0.8060590235481616	1.1313515125422657
2	0.8432483293683216	0.7896437796887379	1.0678844702616586
2	0.7515720816883181	0.7434357338295032	1.010944251787446
2	0.8002457705895927	0.7796889682792317	1.0263653881825847
2	0.859968144807052	0.7714916256163714	1.1146824103502013
2	0.6941062099252608	0.6940127870801294	1.0001346125703598
2	0.7717703297927756	0.7614001808475445	1.0136198404020442
2	0.8876464394082513	0.75851203093559	1.1702470141618977
2	0.8405745782060784	0.7838436459076267	1.0723753169329604
2	0.9172314157284763	0.789347798474156	1.1620117488153194
2	0.8707385463452681	0.7853612482537631	1.1087108617611832
2	0.836572314377149	0.761047902610545	1.0992373955798844
2	0.8421565835629572	0.7914702196901846	1.0640407719858536
2	0.7719946907800374	0.6935157664129913	1.1131609808569392
2	0.8167801268402017	0.7602115627224898	1.0744116070993806
2	0.8874025092326487	0.7790787138474439	1.139040886960257
2	0.891761351179702	0.8062258913191371	1.106093665288537
2	0.6961079793844285	0.638324076556946	1.0905243981069348
2	0.8598195566790119	0.783380814190425	1.0975754589644648
2	0.8812872791318445	0.771967059810597	1.141612544126001
2	0.9256456455689872	0.8180934889373662	1.1314668287744498
2	0.9177912784966609	0.8146209563418768	1.1266482544447163
2	0.7257664817209847	0.6832726666964127	1.0621915921648488
2	0.8336158582072786	0.7887479935767238	1.0568849176111283
2	0.8262861534277166	0.7602269665589176	1.0868940326700176
2	0.9022076054765324	0.7731702934521552	1.1668937789218907
2	0.7020550272880911	0.6874993285840876	1.0211719460642692
2	0.753122167793286	0.7422950385671252	1.0145860185823965
2	0.825329250324059	0.7698526755284367	1.072061287255438
2	0.8684535059163586	0.7616572247736081	1.1402156740185774
2	0.8187164900987032	0.7840796901417085	1.0441751015776657
2	0.8144446555670989	0.7833231918487801	1.0397300425190612
2	0.8623409475340533	0.7842676071554413	1.0995493625725357
2	0.8332651809260376	0.7352552886240344	1.1333004927926735
2	0.853425638798108	0.7849632035600372	1.0872173815633315
2	0.8610543868840248	0.60487522169512	1.4235239864363776
2	0.9175569713114491	0.8092034086159453	1.1339015154185161
2	0.9036220430882738	0.786114805860885	1.1494784684772665
2	0.8913034194071907	0.7860938177107918	1.1338384799956613
2	0.8950997370202124	0.7791848681777649	1.1487642709406447
2	0.8751717620401906	0.7651294917636244	1.1438217601871792
2	0.7580147943737838	0.7103469839651626	1.0671049662835748
2	0.8744959277471451	0.7957762461401436	1.0989218790945643
2	0.8069842670344624	0.7496512970427264	1.076479518167856
2	0.8665257461193739	0.7785704996183928	1.1129701761678505
2	0.8452119492914569	0.7487443139684868	1.1288392225800998
2	0.7522147658572662	0.7431166279746125	1.0122432166636492
2	0.6473054006247969	0.6213863600446975	1.0417116342531803
2	0.8092164775571415	0.7755333649199666	1.0434321902329127
2	0.8705742513479742	0.7952853383454195	1.094669056969153
2	0.8720457724156135	0.8003505403162064	1.089579788465041
2	0.898668008957458	0.7814902716762785	1.1499413895835657
2	0.761069399014896	0.7488732455661001	1.0162860050362412
2	0.8049662353970094	0.7791019496635624	1.033197562584224
2	0.8361415580554057	0.7703659639803896	1.0853822691427868
2	0.8817606920191888	0.7330890518461285	1.202801610252755
2	0.90977016943312	0.7949653654796639	1.144414849927689
2	0.8397378983112539	0.7781291936400146	1.0791754186512905
2	0.9203521162148018	0.7869878862823038	1.1694616045013155
2	0.7881806042169888	0.7290337776340793	1.0811304337295011
2	0.6836728651533818	0.666735088710861	1.0254040573674774
2	0.8264056349650033	0.762071077003382	1.0844206792555333
2	0.77685980701572	0.6827568331414092	1.1378279488486944
2	0.751399745587411	0.7221436063625294	1.0405129104060702
2	0.8041397765205482	0.7181198282729461	1.11978495072957
2	0.8550326026813118	0.6820832787742689	1.2535604218561696
2	0.850636018681677	0.724788556332675	1.1736333462351722
2	0.8162676100149738	0.7639062041454617	1.0685442867008599
2	0.8582711209789375	0.7787508907999715	1.102112538320539
2	0.7161882167992036	0.7132856662838362	1.0040692679701382
2	0.8332134653118473	0.759034077507583	1.097728665948497
2	0.8590115515178954	0.7801128969674486	1.1011374826094422
2	0.8580301086141949	0.7963257744026809	1.0774862954270168
2	0.9219059469615516	0.8090896792042152	1.1394360485086121
2	0.9058890363641637	0.6911436250411682	1.310710254052049
2	0.7273116730910131	0.6775766900521203	1.0734012603578011
2	0.7528987121294847	0.6496828158537722	1.1588712118544688
2	0.8313206213282186	0.705757991053901	1.17791173726112
2	0.8716713584193764	0.7785352588764656	1.119629905622154
2	0.9360408577484749	0.8206128959620569	1.140660672473462
2	0.8821493018194879	0.8059828480234857	1.0945013333506852
2	0.8859280045541714	0.8149852912469294	1.0870478449969319
2	0.8538283351026935	0.7803900859936671	1.0941045387775754
2	0.7617131634921812	0.7560419891576801	1.0075011367302753
3	0.8123204199746177	0.6367853593721233	1.2756581287854571
3	0.8137175282822973	0.781699444156694	1.040959584102231
3	0.7792041002625076	0.7435255053795913	1.0479857040878529
3	0.8120240394305217	0.7720980586139232	1.0517110234524796
3	0.8948598830700618	0.7991649702006896	1.1197436279587443
3	0.8902408448785163	0.8107859261683306	1.0979974073867802
3	0.9035462893317556	0.8110516938701369	1.1140427868663434
3	0.8603004383443448	0.7871471436404768	1.0929347140428425
3	0.8742872198805991	0.7570485114750819	1.1548628742127527
3	0.6911993234624676	0.6643508129747295	1.0404131521530318
3	0.846492068624871	0.7453068452051836	1.135763174685228
3	0.7778812684785503	0.7286924327824886	1.0675028770481885
3	0.7280587236399733	0.7313131560932467	0.9955498784260098
3	0.7659763971555502	0.7412787546753079	1.0333176181355155
3	0.8669117239734734	0.7444822227102343	1.1644491937195534
3	0.7442469140355197	0.6926067955596129	1.0745590698892618
3	0.7993435081400542	0.7423091323041425	1.0768337251339961
3	0.801416199757311	0.744426530246921	1.0765551296129747
3	0.8149657290467804	0.7732374320468512	1.0539656970427174
3	0.8153201633787027	0.7368057076278438	1.1065605965562308
3	0.8368669436142874	0.5984295723430448	1.3984384834754795
3	0.8604659137702736	0.7621212339594469	1.1290407292549727
3	0.7766143855186565	0.7350139103844084	1.0565982147364956
3	0.8432662766342531	0.7903537872847414	1.0669478532282264
3	0.8451716899790028	0.7814792832168921	1.081502361137363
3	0.8795353372062792	0.7897009117411001	1.1137575303884553
3	0.8520270202609435	0.772497691373648	1.1029508952264662
3	0.9393244535755934	0.8196446839251647	1.1460142083485478
3	0.8442284713512851	0.7605643235147418	1.110002724621518
3	0.7512357169377669	0.7521947913595701	0.9987249653509702
3	0.9037525678683596	0.7904504494392727	1.1433386729167663
3	0.7925519781318284	0.7409308555085967	1.0696706342291515
3	0.729395453616019	0.71916402432429	1.014226836918521
3	0.8542604739200218	0.7926633792116583	1.077709020403623
3	0.9292796388928437	0.7346314624006096	1.264960305206869
3	0.7810892660929598	0.7561916466642054	1.0329250125131446
3	0.8962104052644682	0.7775696933130145	1.1525788787445632
3	0.8728226060542529	0.7310878482412473	1.1938682993486651
3	0.8234246535123422	0.7354326332683353	1.119646608354815
3	0.7733646405489129	0.7318845696857913	1.0566757007610224
3	0.9360942883307249	0.8020376876511984	1.1671450141852024
3	0.8424120692366127	0.773959223188142	1.0884450291405474
3	0.7913099207086921	0.750970086042902	1.0537169661155923
3	0.9005412204968394	0.802892516902198	1.1216211404876453
3	0.8103654964170797	0.758687449576205	1.0681150675020938
3	0.8024298893257379	0.7753688600746019	1.0349008460934739
3	0.8829050438013357	0.7899475230584425	1.1176755645526797
3	0.8868879746734049	0.74249876595609	1.1944639039654024
3	0.8646527726036751	0.7740172844157683	1.1170974990000628
3	0.8867915659138544	0.7222572502400024	1.2278056961272152
3	0.8673938733782091	0.7686643609173525	1.1284429426948182
3	0.778929466527195	0.7267051119050045	1.0718645758322631
3	0.9060717318091523	0.8081525621860972	1.1211642135467323
3	0.8492896060060563	0.7730117569259686	1.098676182343489
3	0.8138017879969082	0.7579756542139557	1.0736516185877314
3	0.8814342524038794	0.7939162346684844	1.1102358333457432
3	0.8158259057692885	0.7079502239888321	1.1523774950908952
3	0.6938260087429201	0.6947381511325232	0.9986870702463709
3	0.9109511078797023	0.8040928047206308	1.1328929975890005
3	0.8407391409045204	0.7871789449171924	1.0680406867246204
3	0.7487461970255733	0.7407585471142315	1.0107830681704035
3	0.7981590330425117	0.7775728720884458	1.0264748960425722
3	0.8595649010803195	0.7699082138669439	1.1164511374194406
3	0.6937743544692159	0.6928677120518628	1.0013085361052085
3	0.770823274639419	0.7597793221517561	1.014535737109014
3	0.8874834925136774	0.7579636630761469	1.1708786789486485
3	0.8394178212916543	0.7819655732209725	1.073471582430454
3	0.915697632825718	0.7867021867438772	1.1639698582963738
3	0.8685427921814725	0.7828381832340002	1.1094793416864466
3	0.8338364375976172	0.758066721910618	1.0999512490088346
3	0.8418489124489558	0.7900198616935515	1.065604743967195
3	0.7703330117334642	0.6906583883474777	1.1153603934017542
3	0.8126825996634175	0.7564600676865506	1.0743231987761228
3	0.8854532581437148	0.7763342806007343	1.140556690938011
3	0.8909559481016996	0.804289916794151	1.107754715678886
3	0.6918303304124394	0.6341794265143329	1.0909062979462698
3	0.8583704708729808	0.7813580031337545	1.0985623330539345
3	0.8808046881029593	0.7702077851026283	1.1435935927154959
3	0.9245310099957222	0.8158570588378102	1.1332021951403084
3	0.9170346901267947	0.8130008756855674	1.1279627335622489
3	0.720990536058751	0.6795478238458207	1.0609857183831304
3	0.8309771227560241	0.7862718856227071	1.0568572245183503
3	0.8231004904501493	0.7570726036547807	1.087214735385507
3	0.9021934789208373	0.7728164488991367	1.1674097778405157
3	0.7008159727743439	0.6854669926022113	1.0223920047759905
3	0.7531933981126532	0.7412028238393744	1.0161771837446172
3	0.8225984546178984	0.7673320973303365	1.0720240394997704
3	0.867099638959505	0.7592930866749207	1.141982791858001
3	0.8182506877940947	0.7824207830296772	1.0457936516278077
3	0.8135330341984239	0.7817181921953226	1.0406986076577733
3	0.8618121198044454	0.7829664147395609	1.1007012607189686
3	0.8328937371236396	0.7342669377400138	1.1343200875790311
3	0.8525025015434388	0.7833796350697836	1.0882367416501677
3	0.8594976304531746	0.6010019994624511	1.4301077720572102
3	0.9157017629938349	0.8062948526461342	1.1356909448059158
3	0.9026944649250541	0.784206552585564	1.151092734368044
3	0.8888314970048746	0.7830033345202526	1.1351567200533865
3	0.8950528757006533	0.7781697216810448	1.1502026495802369
3	0.8734806155842548	0.762540271265373	1.1454878496250243
3	0.757508346631614	0.7099860314154467	1.0669341551993996
3	0.8742791278708786	0.79431501304174	1.100670531862321
3	0.8057685743666404	0.7477459026405867	1.077596776553576
3	0.8633010180968432	0.775203336169351	1.1136446114419796
3	0.8445012343232132	0.7469659847385334	1.1305752224029597
3	0.7483970289029893	0.7400976558361388	1.0112138891420674
3	0.6466036352156197	0.6195080274469725	1.043737298902017
3	0.8073714251733805	0.7733258090145128	1.0440249320040846
3	0.8692857970767733	0.7934008944667976	1.095645093343352
3	0.8706874534237354	0.7984929472684063	1.0904134549995739
3	0.8982816735984983	0.7801088053060762	1.1514825463943545
3	0.759935755944398	0.746982622158415	1.0173406092748916
3	0.8032982273851136	0.777017225057609	1.0338229340096754
3	0.8336421889636302	0.7675110508942977	1.08616310865137
3	0.8817494552396831	0.7316287247723792	1.2051870373378366
3	0.9082386589146774	0.7921829889736597	1.146501088203595
3	0.8377407439030862	0.7756727919547073	1.0800182146288342
3	0.9196773126041424	0.7849212784920293	1.1716809542620668
3	0.784338256077303	0.7255251540353819	1.0810628021851507
3	0.67895105508989	0.6625351505431354	1.0247774092186612
3	0.8251744230980222	0.7604428574119058	1.0851235106690649
3	0.772441031819579	0.6785084995841367	1.1384397281581797
3	0.7473371901994608	0.7190557826190263	1.039331312346067
3	0.7999266757339566	0.714474504748515	1.1196014279271163
3	0.855203870370552	0.6803547329200896	1.2569970178645014
3	0.849247789827858	0.7223654125723977	1.1756484668938156
3	0.8147153228913542	0.7618889659647247	1.069336030952672
3	0.8550395347293772	0.7756613527880332	1.1023361311686182
3	0.7097663298712161	0.7092743870740347	1.0006935860171278
3	0.8310150373035412	0.7565842941919133	1.098377330434972
3	0.8586838756092119	0.7786774658852894	1.1027465327161639
3	0.8553259133762434	0.7939132160638878	1.0773544212008856
3	0.9217468661614024	0.8083113630709181	1.1403363954448478
3	0.905889604692223	0.6904501325042921	1.3120275629559557
3	0.7254244201683171	0.674955364331961	1.0747739161778616
3	0.7493484399911132	0.6457135112877387	1.16049676348989
3	0.8311167966441296	0.7059572293570072	1.1772905809054734
3	0.8714058656931682	0.7774715989647389	1.1208201905426638
3	0.9360144653086129	0.819536859110261	1.142126134906009
3	0.8797211377572722	0.8034741992763682	1.0948965611460508
3	0.8846507278543523	0.8130611026238604	1.0880495020601308
3	0.853735959651489	0.7795069708178403	1.0952255613003299
3	0.757938937993479	0.7530430055209544	1.0065015310369128
4	0.8123204199746177	0.6367853593721233	1.2756581287854571
4	0.8137175282822973	0.781699444156694	1.040959584102231
4	0.7792041002625076	0.7435255053795913	1.0479857040878529
4	0.8120240394305217	0.7720980586139232	1.0517110234524796
4	0.8948598830700618	0.7991649702006896	1.1197436279587443
4	0.8902408448785163	0.8107859261683306	1.0979974073867802
4	0.9035462893317556	0.8110516938701369	1.1140427868663434
4	0.8603004383443448	0.7871471436404768	1.0929347140428425
4	0.8742872198805991	0.7570485114750819	1.1548628742127527
4	0.6911993234624676	0.6643508129747295	1.0404131521530318
4	0.846492068624871	0.7453068452051836	1.135763174685228
4	0.7778812684785503	0.7286924327824886	1.0675028770481885
4	0.7280587236399733	0.7313131560932467	0.9955498784260098
4	0.7659763971555502	0.7412787546753079	1.0333176181355155
4	0.8669117239734734	0.7444822227102343	1.1644491937195534
4	0.7442469140355197	0.6926067955596129	1.0745590698892618
4	0.7993435081400542	0.7423091323041425	1.0768337251339961
4	0.801416199757311	0.744426530246921	1.0765551296129747
4	0.8149657290467804	0.7732374320468512	1.0539656970427174
4	0.8153201633787027	0.7368057076278438	1.1065605965562308
4	0.8368669436142874	0.5984295723430448	1.3984384834754795
4	0.8604659137702736	0.7621212339594469	1.1290407292549727
4	0.7766143855186565	0.7350139103844084	1.0565982147364956
4	0.8432662766342531	0.7903537872847414	1.0669478532282264
4	0.8451716899790028	0.7814792832168921	1.081502361137363
4	0.8795353372062792	0.7897009117411001	1.1137575303884553
4	0.8520270202609435	0.772497691373648	1.1029508952264662
4	0.9393244535755934	0.8196446839251647	1.1460142083485478
4	0.8442284713512851	0.7605643235147418	1.110002724621518
4	0.7512357169377669	0.7521947913595701	0.9987249653509702
4	0.9037525678683596	0.7904504494392727	1.1433386729167663
4	0.7925519781318284	0.7409308555085967	1.0696706342291515
4	0.729395453616019	0.71916402432429	1.014226836918521
4	0.8542604739200218	0.7926633792116583	1.077709020403623
4	0.9292796388928437	0.7346314624006096	1.264960305206869
4	0.7810892660929598	0.7561916466642054	1.0329250125131446
4	0.8962104052644682	0.7775696933130145	1.1525788787445632
4	0.8728226060542529	0.7310878482412473	1.1938682993486651
4	0.8234246535123422	0.7354326332683353	1.119646608354815
4	0.7733646405489129	0.7318845696857913	1.0566757007610224
4	0.9360942883307249	0.8020376876511984	1.1671450141852024
4	0.8424120692366127	0.773959223188142	1.0884450291405474
4	0.7913099207086921	0.750970086042902	1.0537169661155923
4	0.9005412204968394	0.802892516902198	1.1216211404876453
4	0.8103654964170797	0.758687449576205	1.0681150675020938
4	0.8024298893257379	0.7753688600746019	1.0349008460934739
4	0.8829050438013357	0.7899475230584425	1.1176755645526797
4	0.8868879746734049	0.74249876595609	1.1944639039654024
4	0.8646527726036751	0.7740172844157683	1.1170974990000628
4	0.8867915659138544	0.7222572502400024	1.2278056961272152
4	0.8673938733782091	0.7686643609173525	1.1284429426948182
4	0.778929466527195	0.7267051119050045	1.0718645758322631
4	0.9060717318091523	0.8081525621860972	1.1211642135467323
4	0.8492896060060563	0.7730117569259686	1.098676182343489
4	0.8138017879969082	0.7579756542139557	1.0736516185877314
4	0.8814342524038794	0.7939162346684844	1.1102358333457432
4	0.8158259057692885	0.7079502239888321	1.1523774950908952
4	0.6938260087429201	0.6947381511325232	0.9986870702463709
4	0.9109511078797023	0.8040928047206308	1.1328929975890005
4	0.8407391409045204	0.7871789449171924	1.0680406867246204
4	0.7487461970255733	0.7407585471142315	1.0107830681704035
4	0.7981590330425117	0.7775728720884458	1.0264748960425722
4	0.8595649010803195	0.7699082138669439	1.1164511374194406
4	0.6937743544692159	0.6928677120518628	1.0013085361052085
4	0.770823274639419	0.7597793221517561	1.014535737109014
4	0.8874834925136774	0.7579636630761469	1.1708786789486485
4	0.8394178212916543	0.7819655732209725	1.073471582430454
4	0.915697632825718	0.7867021867438772	1.1639698582963738
4	0.8685427921814725	0.7828381832340002	1.1094793416864466
4	0.8338364375976172	0.758066721910618	1.0999512490088346
4	0.8418489124489558	0.7900198616935515	1.065604743967195
4	0.7703330117334642	0.6906583883474777	1.1153603934017542
4	0.8126825996634175	0.7564600676865506	1.0743231987761228
4	0.8854532581437148	0.7763342806007343	1.140556690938011
4	0.8909559481016996	0.804289916794151	1.107754715678886
4	0.6918303304124394	0.6341794265143329	1.0909062979462698
4	0.8583704708729808	0.7813580031337545	1.0985623330539345
4	0.8808046881029593	0.7702077851026283	1.1435935927154959
4	0.9245310099957222	0.8158570588378102	1.1332021951403084
4	0.9170346901267947	0.8130008756855674	1.1279627335622489
4	0.720990536058751	0.6795478238458207	1.0609857183831304
4	0.8309771227560241	0.7862718856227071	1.0568572245183503
4	0.8231004904501493	0.7570726036547807	1.087214735385507
4	0.9021934789208373	0.7728164488991367	1.1674097778405157
4	0.7008159727743439	0.6854669926022113	1.0223920047759905
4	0.7531933981126532	0.7412028238393744	1.0161771837446172
4	0.8225984546178984	0.7673320973303365	1.0720240394997704
4	0.867099638959505	0.7592930866749207	1.141982791858001
4	0.8182506877940947	0.7824207830296772	1.0457936516278077
4	0.8135330341984239	0.7817181921953226	1.0406986076577733
4	0.8618121198044454	0.7829664147395609	1.1007012607189686
4	0.8328937371236396	0.7342669377400138	1.1343200875790311
4	0.8525025015434388	0.7833796350697836	1.0882367416501677
4	0.8594976304531746	0.6010019994624511	1.4301077720572102
4	0.9157017629938349	0.8062948526461342	1.1356909448059158
4	0.9026944649250541	0.784206552585564	1.151092734368044
4	0.8888314970048746	0.7830033345202526	1.1351567200533865
4	0.8950528757006533	0.7781697216810448	1.1502026495802369
4	0.8734806155842548	0.762540271265373	1.1454878496250243
4	0.757508346631614	0.7099860314154467	1.0669341551993996
4	0.8742791278708786	0.79431501304174	1.100670531862321
4	0.8057685743666404	0.7477459026405867	1.077596776553576
4	0.8633010180968432	0.775203336169351	1.1136446114419796
4	0.8445012343232132	0.7469659847385334	1.1305752224029597
4	0.7483970289029893	0.7400976558361388	1.0112138891420674
4	0.6466036352156197	0.6195080274469725	1.043737298902017
4	0.8073714251733805	0.7733258090145128	1.0440249320040846
4	0.8692857970767733	0.7934008944667976	1.095645093343352
4	0.8706874534237354	0.7984929472684063	1.0904134549995739
4	0.8982816735984983	0.7801088053060762	1.1514825463943545
4	0.759935755944398	0.746982622158415	1.0173406092748916
4	0.8032982273851136	0.777017225057609	1.0338229340096754
4	0.8336421889636302	0.7675110508942977	1.08616310865137
4	0.8817494552396831	0.7316287247723792	1.2051870373378366
4	0.9082386589146774	0.7921829889736597	1.146501088203595
4	0.8377407439030862	0.7756727919547073	1.0800182146288342
4	0.9196773126041424	0.7849212784920293	1.1716809542620668
4	0.784338256077303	0.7255251540353819	1.0810628021851507
4	0.67895105508989	0.6625351505431354	1.0247774092186612
4	0.8251744230980222	0.7604428574119058	1.0851235106690649
4	0.772441031819579	0.6785084995841367	1.1384397281581797
4	0.7473371901994608	0.7190557826190263	1.039331312346067
4	0.7999266757339566	0.714474504748515	1.1196014279271163
4	0.855203870370552	0.6803547329200896	1.2569970178645014
4	0.849247789827858	0.7223654125723977	1.1756484668938156
4	0.8147153228913542	0.7618889659647247	1.069336030952672
4	0.8550395347293772	0.7756613527880332	1.1023361311686182
4	0.7097663298712161	0.7092743870740347	1.0006935860171278
4	0.8310150373035412	0.7565842941919133	1.098377330434972
4	0.8586838756092119	0.7786774658852894	1.1027465327161639
4	0.8553259133762434	0.7939132160638878	1.0773544212008856
4	0.9217468661614024	0.8083113630709181	1.1403363954448478
4	0.905889604692223	0.6904501325042921	1.3120275629559557
4	0.7254244201683171	0.674955364331961	1.0747739161778616
4	0.7493484399911132	0.6457135112877387	1.16049676348989
4	0.8311167966441296	0.7059572293570072	1.1772905809054734
4	0.8714058656931682	0.7774715989647389	1.1208201905426638
4	0.9360144653086129	0.819536859110261	1.142126134906009
4	0.8797211377572722	0.8034741992763682	1.0948965611460508
4	0.8846507278543523	0.8130611026238604	1.0880495020601308
4	0.853735959651489	0.7795069708178403	1.0952255613003299
4	0.757938937993479	0.7530430055209544	1.0065015310369128
5	0.7634960247688365	0.6650679336143479	1.1479970483910955
5	0.7289078867729076	0.7061128853222796	1.0322823757000612
5	0.7171086896243507	0.686423309254136	1.044703290165885
5	0.7849338625725256	0.7303160234976761	1.0747865818598232
5	0.8487981148964984	0.7607618246662105	1.1157212249299109
5	0.8206207872497586	0.7488226462654582	1.0958813696973153
5	0.8201965321113548	0.7517069957361062	1.0911120114136765
5	0.807091345377524	0.7317216266660738	1.10300326786138
5	0.7620503106959251	0.7009320157231594	1.0871957530855674
5	0.6680393994582168	0.6378151272813378	1.0473871987102419
5	0.7875125492884443	0.7003701218608442	1.1244233937279726
5	0.7312236735217279	0.6916491487026153	1.0572176296223972
5	0.7381236082784557	0.7066635341293751	1.0445191701986436
5	0.7267692525114835	0.6753178240463206	1.076188465094672
5	0.7716364876967801	0.6979574317056937	1.105563824732157
5	0.7750872170870295	0.6930664029207977	1.1183448134559266
5	0.753722880400081	0.7009611005110844	1.0752706246473975
5	0.762708252500472	0.7112709561571855	1.0723174423164823
5	0.7409391000575335	0.6873200681756939	1.0780117362557984
5	0.7402940211649319	0.6924536302572254	1.0690882231203485
5	0.7380386348718695	0.6424403163452563	1.148804980158246
5	0.8110210872972999	0.705497945307919	1.1495725716725151
5	0.7123848633335111	0.6891363194822793	1.033735769243301
5	0.7538738335624224	0.7192478018334115	1.048142005635258
5	0.7755701341409627	0.7301343484922773	1.0622293496292976
5	0.8067479513677054	0.7374346330390014	1.093992491297921
5	0.7800964267852567	0.7210384716841449	1.081906801676156
5	0.8230422501293237	0.7390667633957382	1.1136236817736862
5	0.7625927925909174	0.6907803905480473	1.1039583679928957
5	0.771973333139808	0.7217181553972157	1.0696326916078938
5	0.8119637518866742	0.745255107698862	1.0895111532932524
5	0.792895445088212	0.7206987779024708	1.1001759256424204
5	0.7645469543975233	0.7089121114526667	1.0784791824629043
5	0.8098009557154195	0.7313161612375809	1.107319923499327
5	0.8517187224812108	0.6792958625325511	1.253825865074215
5	0.7604459661622107	0.7212375683357087	1.0543626670986888
5	0.7741782003139341	0.7085809435741695	1.092575530480518
5	0.802019541425891	0.6879040799410903	1.1658886243189215
5	0.7412585639494566	0.6860806384315584	1.0804248399197502
5	0.7022620945805107	0.6952713265133447	1.010054733742902
5	0.7987992496090224	0.7102939664369748	1.1246037378242333
5	0.8019550894126193	0.7352886082562525	1.0906670937204743
5	0.793243359961749	0.7363536757420434	1.0772586409137923
5	0.7864644892028416	0.7351368070476558	1.069820585315705
5	0.7337088203221285	0.7049879021893815	1.0407395900604146
5	0.7508041761378029	0.7281741399915417	1.031077780579415
5	0.8106960899897772	0.7372692093548592	1.099593038341001
5	0.7615946914407126	0.6886502983484859	1.1059237079649296
5	0.7889610262139701	0.7180927963102652	1.0986895151543687
5	0.8273318774495951	0.6740895436467139	1.227332311036699
5	0.7891990960197781	0.7101023827027944	1.1113877593480612
5	0.749295679785655	0.705045687067584	1.062761879874927
5	0.8096246443656099	0.7319378677920526	1.1061384852349632
5	0.7753495892300204	0.7191372205689898	1.0781664014227421
5	0.7570401732655657	0.7230103628928469	1.0470668362712834
5	0.7699672657719017	0.7306621045268511	1.0537938959767226
5	0.7965407027400836	0.7011502836425536	1.1360484639640538
5	0.7218549296616917	0.6827583360638753	1.0572627114642197
5	0.8380015787050498	0.745137885521112	1.1246261866271818
5	0.8129771656856812	0.7433253826684407	1.0937029524906035
5	0.7030283769448731	0.7002117243100571	1.0040225727976655
5	0.7162527914915792	0.7023776095657907	1.0197545903183989
5	0.8201599910501057	0.7302048028222846	1.1231917235823963
5	0.7461993932668435	0.6846134318640157	1.0899572788619498
5	0.7327440301485307	0.7164924947297353	1.0226820734876303
5	0.8011928974743086	0.7170769850399397	1.1173038797635986
5	0.7525255411395347	0.7208712314740139	1.0439111845270828
5	0.8209245642404985	0.7296621150367326	1.1250749454069868
5	0.8257470787612295	0.7449826451098996	1.1084111612283472
5	0.7930119119636678	0.7264351001147875	1.0916486714895248
5	0.7891017136100343	0.7301292921321618	1.0807698336628273
5	0.7332164148610435	0.6818395830951784	1.075350321453387
5	0.7555864896637121	0.6886345870367837	1.09722413582946
5	0.8077206494256703	0.7359195311607651	1.0975665344166818
5	0.8212369033208102	0.7520227135855296	1.0920373660062446
5	0.740601175660695	0.6677735186880449	1.109060414848035
5	0.7873057382462341	0.7117866373528556	1.1060979469553334
5	0.7634588990049739	0.7168932373615962	1.0649548066804964
5	0.8210986183314244	0.7472200779886299	1.0988711927303414
5	0.8381702300337981	0.753023128462725	1.1130736870524793
5	0.7348316487282904	0.6777179816618568	1.0842735010902074
5	0.7612555533801795	0.7280989091241266	1.045538653939118
5	0.7155976036122078	0.7049009072561282	1.0151747518636587
5	0.8134884482858087	0.7175406613611508	1.1337175606782313
5	0.7690106266303658	0.6882669549386771	1.1173144680451537
5	0.7652895582563491	0.7127774509994685	1.0736725147284714
5	0.7689477901902929	0.7214611131940689	1.0658201476528513
5	0.7609782724939972	0.7039002893419737	1.0810881654919926
5	0.7391762291015505	0.7119642234367287	1.0382210296094183
5	0.7230127167495267	0.71641992085378	1.0092024184473958
5	0.805501924916312	0.7386030950520793	1.090574803046981
5	0.771089617278259	0.7048691363900226	1.0939471988054175
5	0.7567993355985843	0.7195007538605281	1.0518395311442388
5	0.8032201392795859	0.605936558150107	1.3255845492006215
5	0.8427206572961137	0.7471507683892888	1.1279124548220099
5	0.8072287791968247	0.7379733478154424	1.0938454370830506
5	0.8101013105897726	0.7134643220777731	1.1354475416942649
5	0.7856076141878606	0.717287054734307	1.0952485605346112
5	0.8166453724545176	0.7147043531617349	1.142633830117044
5	0.7214255187233146	0.6642497001495062	1.0860757913190469
5	0.7866143384260681	0.7263871854116117	1.0829132922827214
5	0.7804712635558207	0.7207094994445187	1.0829207387405924
5	0.7881005984161924	0.702781417648923	1.121402158088777
5	0.783742848976065	0.7097092339983928	1.1043154174006984
5	0.7214233814168669	0.7008128990686973	1.0294093935422117
5	0.6530264332392607	0.6255780799615019	1.0438767823825412
5	0.769296145949151	0.7186970308496115	1.070403957338913
5	0.8152173936625502	0.7387894407398754	1.1034502507861164
5	0.7640953589332842	0.7207040977058857	1.0602067635878853
5	0.7822148955046556	0.7023730527301008	1.1136744105774166
5	0.6853480372999311	0.698505399931258	0.9811635491542058
5	0.7305534541636319	0.7115758366646668	1.0266698453223453
5	0.7862477048379762	0.719739272831626	1.0924062844933975
5	0.8033285611873143	0.6489185262670691	1.237949802124614
5	0.8418614189735253	0.733797328458891	1.1472669445957082
5	0.8010929879902584	0.7364692536040249	1.0877480411707445
5	0.8395027327439146	0.7403206337036593	1.1339718150824318
5	0.7721897626617599	0.7158314277243697	1.078731294484448
5	0.5885661220928504	0.6175904479697338	0.9530039268380883
5	0.7297299415937196	0.691316533894614	1.05556558510571
5	0.7272425111236446	0.6519488383763742	1.115490155538559
5	0.7457831324740315	0.6795051506675737	1.0975386010559944
5	0.7546618225294939	0.6845691875401679	1.1023894096682714
5	0.7338300506347293	0.6516645631975482	1.1260855539451409
5	0.7858779396543035	0.7072357873328808	1.1111965114463411
5	0.7326121121451379	0.6967808167820152	1.051424055456355
5	0.7808824587214614	0.7059014025654239	1.1062202963240155
5	0.6660492334829247	0.6754583988026722	0.9860699558456503
5	0.7125051965075124	0.6764227091961504	1.0533431045717578
5	0.7950676187685117	0.7425924284584454	1.0706648604255231
5	0.7787934979741375	0.7274603295764352	1.0705649041063052
5	0.8410941103929671	0.7430184653812979	1.1319962417910292
5	0.7965684680111706	0.6619654299137132	1.2033384705829773
5	0.7461110352168319	0.6895187215413268	1.082075093695789
5	0.7195412553827278	0.6629218046288495	1.0854089431944056
5	0.7514243274848793	0.6780493862259076	1.1082147447509454
5	0.7985294589246354	0.7032643028338622	1.1354613844423702
5	0.826924242025132	0.7400951316883049	1.1173215531613518
5	0.7973637717907465	0.7385632851977102	1.0796146894538572
5	0.8050525204213701	0.7491912201939289	1.0745621394401572
5	0.7318081952873163	0.706284408420661	1.0361381145645416
5	0.7588623917651752	0.7151045565585002	1.0611908214055623
6	0.6312044287195707	0.526662027094444	1.1984999795825029
6	0.6117235957697055	0.5528689491440634	1.106453159861409
6	0.5947304246045899	0.5312618242945646	1.1194676474152871
6	0.6758892657546685	0.591790298779728	1.1421094045447393
6	0.6671659498834309	0.5902843867177731	1.130244954627974
6	0.6802093809846758	0.5914901891904698	1.1499926683748205
6	0.6645480771632375	0.5934258253413353	1.1198502808350026
6	0.6336571833204969	0.5609627052409111	1.129588789772337
6	0.6558114210548371	0.5276820389768586	1.2428155074719107
6	0.5765372249071804	0.47390590516392805	1.2165647623819993
6	0.643413448212826	0.5467353414322442	1.1768279813909979
6	0.5825410148075717	0.5594286951058389	1.0413141476365637
6	0.6474105209495683	0.5768434572157028	1.122333126693466
6	0.6371473444819855	0.5603425469829363	1.137067581094084
6	0.6444539007332949	0.5544642080299442	1.1623002736697672
6	0.6627493684574401	0.5723670410083508	1.1579097344421876
6	0.637339422426243	0.5743019843370577	1.1097635735351885
6	0.6360086450306499	0.5511099390116949	1.1540503990387176
6	0.6486395918656619	0.5403584411374133	1.2003876362148151
6	0.5591773983704375	0.5315520302452037	1.051971145914898
6	0.6797378653876542	0.5602449823149392	1.213286842086419
6	0.6232286575344151	0.552063570776259	1.1289074130685541
6	0.5627685513677889	0.5376471596660418	1.0467246803969934
6	0.586694188016439	0.5525666849917816	1.0617617817932057
6	0.6451536533285728	0.5840190971851085	1.1046790360762593
6	0.6624091075583589	0.5846977362957085	1.132908623445308
6	0.6554622357006258	0.578453344330169	1.1331289586710414
6	0.692780560797391	0.5885543721640839	1.1770884621077111
6	0.6712909321287206	0.5436365771339732	1.2348156109504906
6	0.5995802753341117	0.5408359691140381	1.108617602332006
6	0.63763696395963	0.584702033213876	1.0905331737172035
6	0.6325783897661663	0.5550573403440349	1.139663137098741
6	0.6146727603181367	0.5458499575690167	1.1260837374717907
6	0.6795689386561328	0.5925879209392271	1.146781624537747
6	0.66739816314529	0.4920813921780383	1.3562759611601427
6	0.6436928895132755	0.5637702837280273	1.1417644882890001
6	0.6024264465817175	0.5412651471809125	1.1129969289900767
6	0.709066443640538	0.5458394562686294	1.2990384544344447
6	0.6298047608890723	0.5509113401952717	1.1432052944596072
6	0.5711696033132789	0.5551722457780356	1.02881512477776
6	0.6067713269596913	0.5060630778964275	1.1990033524711619
6	0.672735736794275	0.5824839340760866	1.1549429905931095
6	0.6453880184528644	0.5825565916827261	1.1078546319227949
6	0.6396941684457585	0.5867207604016855	1.0902872569360014
6	0.6113712687773549	0.5383295355494774	1.1356821953923135
6	0.5975270554507037	0.5641804234247025	1.0591063259933402
6	0.6555987180889338	0.5877155114510833	1.1155035137157523
6	0.6296936902171234	0.5372413539887986	1.172087155134101
6	0.6237520641920625	0.5667356418465155	1.1006049701758274
6	0.6537203740603313	0.5051141839775127	1.2942031619714611
6	0.688648478509104	0.5832892771133908	1.1806294158485473
6	0.6273147912709991	0.5622016316552993	1.115818161935934
6	0.633814195185866	0.5653607205088945	1.1210792900775897
6	0.6693834943317759	0.5707964413317487	1.1727184086326987
6	0.6115740813754315	0.5795656364613028	1.0552283346362028
6	0.6209163089773082	0.5783681055056994	1.0735659575045318
6	0.6516834545297137	0.5586710161447709	1.1664887486499569
6	0.625583127519446	0.5677178903297974	1.1019260413936114
6	0.7154731041382781	0.5861068937473729	1.2207211888667282
6	0.698676660939378	0.6011268652863968	1.1622782166065815
6	0.544720213808881	0.5307587958215045	1.0263046379961864
6	0.5998336687972998	0.5573500375995096	1.0762243264228812
6	0.623780341939298	0.56808018412334	1.0980498165094674
6	0.6527399027142998	0.5410204654545641	1.206497617730356
6	0.5929818505059113	0.569612151767393	1.0410273879621543
6	0.6281440354706816	0.5619765901720348	1.117740572215635
6	0.6501877265874472	0.5880425148737304	1.1056814943508995
6	0.6823191805494299	0.5780812224325305	1.1803171493415276
6	0.6702311412562845	0.587563657179359	1.1406953664795685
6	0.6400817198153185	0.5760575270580764	1.1111420122990379
6	0.6467982215573713	0.5719789831009374	1.1308076706784007
6	0.6239844793819416	0.5556434645037277	1.1229943646313785
6	0.6072705236797313	0.5373704648441184	1.1300779693128271
6	0.6882077552630996	0.5789121551428303	1.1887947923520514
6	0.6691824394164723	0.5986788930551786	1.1177652113330736
6	0.6389175484018315	0.5685083567466631	1.123849000317411
6	0.6515805230979366	0.5558829593769694	1.172154159624221
6	0.6332917314921778	0.5783536558621282	1.0949904527674432
6	0.6879917864867746	0.5968900945904597	1.1526272469956498
6	0.6959797519569827	0.6047168684315316	1.15091836905784
6	0.6519692638186212	0.5562745231271813	1.1720279047716897
6	0.6491954692909836	0.5891213720738684	1.1019723609850343
6	0.5954550179303968	0.5660128265629669	1.0520168271560442
6	0.6807569995346959	0.5740877522708383	1.185806519720933
6	0.6014683112305356	0.5029541847210702	1.1958709749360164
6	0.6504828817635826	0.5491921646482308	1.1844358380098714
6	0.6129103351893084	0.56674207557087	1.0814625587343836
6	0.6484180744553221	0.5800746410443147	1.1178183436668907
6	0.6190443071888267	0.5717218536580161	1.0827718115514215
6	0.5982043411586396	0.5632732522171217	1.0620144642125724
6	0.6633130566632204	0.5783563935334097	1.1468932721756158
6	0.6316819423027283	0.5509202158228205	1.1465942329948577
6	0.6023892010161109	0.5583972448001437	1.0787825452679523
6	0.6463132964079813	0.47785286224656903	1.3525362040721391
6	0.6962963999840603	0.5859734055357875	1.188273040049315
6	0.6758531602088844	0.5669492731318795	1.1920875327618112
6	0.6401514666763386	0.5422001447207618	1.1806552855238035
6	0.6797293390965746	0.5744358376495289	1.1832989770935685
6	0.7095934213420086	0.5798948754763584	1.2236587204863787
6	0.6233485165099839	0.5333609930573575	1.1687178564311491
6	0.6183327234836259	0.5604914752938274	1.1031973736254888
6	0.6601448610906594	0.5689212023361125	1.1603449799022483
6	0.718271234996321	0.5683070297723176	1.2638788495790452
6	0.5946810548946253	0.5562983273555533	1.0689966617759397
6	0.6028612662812876	0.571041750606606	1.0557218725966715
6	0.5394747409796272	0.5097403691282463	1.0583323857638203
6	0.6166289036964813	0.5670352483742593	1.0874613270769522
6	0.656484489396496	0.5763069848835983	1.1391229095185993
6	0.6244052866040606	0.5768441591066554	1.082450566147817
6	0.6104914859931952	0.5579839651040946	1.09410220395725
6	0.5592854323396367	0.5528485893870445	1.0116430485238803
6	0.5647469801280749	0.5445521808545258	1.0370851499333982
6	0.6532277236474308	0.567187898093233	1.151695453734901
6	0.6805237107809401	0.5086030856801853	1.338025131858638
6	0.7031162387706926	0.5887959287324332	1.1941594777741915
6	0.6614986146866741	0.5884415783777142	1.1241534232002646
6	0.6712010485298766	0.573881733568796	1.1695807851486775
6	0.6324472253364327	0.5675686619794293	1.1143096293067618
6	0.5145222747771817	0.4670483408794195	1.1016467242092587
6	0.5782911099099506	0.5510992805461388	1.0493410721510374
6	0.6037226276656215	0.4709870016574692	1.281824393329406
6	0.6201707872337163	0.5381109838521083	1.152496057215143
6	0.6429741023607602	0.5682755042358731	1.131447858596914
6	0.6206531391227106	0.5361473103272802	1.1576168100961757
6	0.6345085407705777	0.548950396908176	1.1558576956028928
6	0.6431594192298974	0.5716542909734883	1.1250845648943537
6	0.6623576998873467	0.5601537585923407	1.182456941022485
6	0.5269640581275842	0.5139899792782386	1.0252418906445688
6	0.5938927101623207	0.5472692717241172	1.085192867290577
6	0.6461771691906041	0.58249475274871	1.1093270216450635
6	0.6408730239804334	0.5766440591543962	1.1113840744674002
6	0.6909262620749459	0.5839728566170782	1.1831479053280707
6	0.6864277893668549	0.5172953048769569	1.3269553829221932
6	0.610509271485569	0.5395395096640576	1.1315376548896308
6	0.5871898816328418	0.5091659849328124	1.1532386274985065
6	0.6269792349259161	0.523248124449272	1.1982445911025918
6	0.6675011292323714	0.547652789202072	1.2188400066489533
6	0.6636633775540302	0.5753159208946781	1.1535633787466932
6	0.631210208156584	0.5664137476407035	1.114397753913599
6	0.6243507806797306	0.5820485696245367	1.0726781462283843
6	0.5648460520668642	0.555280571415179	1.01722639174518
6	0.6376718189508377	0.5538754132275114	1.1512910732668789
7	0.3921509510522457	0.2711972811733149	1.4459988291756973
7	0.4367319527010928	0.31659635274706377	1.3794598355654721
7	0.41623563608707537	0.304644478011878	1.3662996250693455
7	0.4425603344808562	0.32777674985889016	1.3501883055200865
7	0.43845732385014485	0.33654413903959035	1.3028226404458811
7	0.45622127364234144	0.32649836490505635	1.3973156458991998
7	0.40905452688033817	0.32373898561756437	1.2635318730613365
7	0.35057514339954376	0.24953970633337302	1.40488721635022
7	0.5104636507078089	0.32975922378610056	1.5479889989034024
7	0.38926601744933825	0.24288503774895778	1.6026759863721107
7	0.5232020568357157	0.3265871958695232	1.6020286877527905
7	0.3651596261857989	0.32834145127781766	1.112133800848765
7	0.434647324396074	0.308200143037967	1.4102761929689631
7	0.41363238302723015	0.3237584312298601	1.277595710653669
7	0.5280408643853021	0.333701750558695	1.5823736720027324
7	0.3971971445974674	0.3049396831495278	1.3025433111724622
7	0.32729719904620147	0.2768899957466439	1.1820477593046752
7	0.42015361733373136	0.30967138893183177	1.3567724767308746
7	0.5673533434541905	0.34226885353205116	1.6576248104359332
7	0.36553834918129435	0.308030006623563	1.1866972091066799
7	0.6009631453173302	0.31919253567549916	1.8827606480381096
7	0.46080998055880357	0.32875055453686874	1.4017009985214326
7	0.4082303291073493	0.31498772567024447	1.2960197996245701
7	0.3290357546070739	0.27091780398492255	1.2145224483858057
7	0.34607483716763604	0.2676942234538408	1.2927990477437798
7	0.38545455822320324	0.30135612194990546	1.2790666263195327
7	0.4068323304565097	0.3152376863494868	1.2905574050098723
7	0.5071840711053481	0.31413503846628976	1.61454154742364
7	0.5722349180554136	0.3214560984147689	1.780133961923066
7	0.4216365879591645	0.2857019617857005	1.475791714288003
7	0.38135949439702344	0.31409378367361546	1.2141580452076246
7	0.41725280291084665	0.30272167873522743	1.3783380319973475
7	0.37263071915649276	0.2913610460955318	1.278931154833629
7	0.5021851634831046	0.3373616728215962	1.4885661411474873
7	0.6142326584137244	0.31134469686329147	1.9728380300096398
7	0.4310566404947588	0.30572454036252283	1.4099510624290066
7	0.3823126170833925	0.29743057830011727	1.2853843719377986
7	0.5872456165597544	0.2985156480829581	1.967218872213217
7	0.3903162128976108	0.30453489678114365	1.2816797582909343
7	0.3595968119768644	0.3152105734006197	1.1408145611912313
7	0.3841869605494181	0.27501484386790925	1.3969680877805442
7	0.438054419821583	0.3147305073639462	1.3918397154776871
7	0.47727271465902776	0.33585640155891744	1.4210618360814613
7	0.39433017207567544	0.31646704471189374	1.2460386592059436
7	0.3924451474556726	0.26647419858391375	1.4727322552847086
7	0.3310356267374365	0.2946558002526187	1.1234655026428397
7	0.4137657564947608	0.32072968977824184	1.2900762532487893
7	0.5049714727885588	0.31099859992539014	1.6237097945447458
7	0.38429716574159495	0.30124407939132025	1.275700310917605
7	0.4942673222642022	0.2452617958927603	2.015264221910528
7	0.4358021141070118	0.2989766221802105	1.4576461227270427
7	0.42752244097406916	0.3191091030662992	1.339737528218509
7	0.45057050256131354	0.30915564185261496	1.4574228691453603
7	0.38498430575442216	0.27296773821592535	1.4103655921781075
7	0.3798932324332567	0.3195255153428189	1.1889292535078748
7	0.3771085270382454	0.30893896417702604	1.2206570577551277
7	0.46925504826994124	0.3005852400171901	1.5611380260824022
7	0.39037234077070926	0.3091083816398968	1.2628979476379352
7	0.49574663239738437	0.30554611014988614	1.6224936791183335
7	0.42808315227757443	0.3125017579799492	1.369858381100823
7	0.42209422989288115	0.2921532229700338	1.4447700614145729
7	0.4046611671397198	0.32226474560166846	1.255679290591396
7	0.3861127959112025	0.3139375075111065	1.2299033618897628
7	0.5465904753273152	0.3354295373466836	1.6295239818501313
7	0.45139473971510763	0.33508340480208143	1.3471115944453471
7	0.37023816890270533	0.30069298306288067	1.2312830353785855
7	0.3690198846932251	0.29406127507003815	1.254908129624799
7	0.4219647984873519	0.30283587433184117	1.393377846724235
7	0.4494285391853167	0.32005333485204324	1.4042301399330273
7	0.3636960819964525	0.31290285024148945	1.1623290798270527
7	0.42938105890260186	0.32674107838050526	1.3141324654703121
7	0.41834690621027076	0.3077216003955442	1.3594980192242898
7	0.406770546062878	0.3053127209688984	1.3323078867202356
7	0.4826259245594442	0.3051854450755959	1.5814185517264607
7	0.41748594768258407	0.3121179913874047	1.3375901396353513
7	0.45072221541266444	0.3344779457880862	1.3475394150448012
7	0.402137026870352	0.2647316986514091	1.519036174809856
7	0.4136666475162095	0.3242438215322106	1.2757888355788318
7	0.44202130788814803	0.2727169220015605	1.6208063095021978
7	0.45435500339422064	0.32346651921723063	1.404643066286218
7	0.42803659232766067	0.3250211991982544	1.316949766302996
7	0.36630068680815464	0.31378226798389347	1.1673721691212868
7	0.401653056879504	0.2996254778747582	1.3405170338932018
7	0.5388786556860679	0.33288087947175715	1.6188333092041962
7	0.37915889463582975	0.2798185699307449	1.355016912314546
7	0.44096259097129076	0.31510590467608923	1.3994107518377827
7	0.44478625855619514	0.3362134174557429	1.3229283409391124
7	0.36596088713727004	0.30713787940778386	1.1915198732338301
7	0.3539614826761689	0.31224400225635096	1.1336053859108814
7	0.45155050996944546	0.3251066447738057	1.388930423995528
7	0.4003955245389587	0.29297927202250235	1.3666343075226368
7	0.41488865467467306	0.30388235341286046	1.3652936737362873
7	0.37591169434339466	0.3233184280450326	1.1626670852520562
7	0.46621008076472226	0.23492665775332502	1.9844920334849645
7	0.3978577387985133	0.28566585214713974	1.392738179268225
7	0.4770303290975616	0.32985505427360684	1.4461816574193718
7	0.4704808018429471	0.30914483084081895	1.5218782748633481
7	0.5573054165417023	0.33746520479663344	1.6514455671883301
7	0.48436896443913663	0.3158446498171548	1.5335671024332436
7	0.5489000786899434	0.33452513003705237	1.6408336157858951
7	0.3919142735071053	0.30876344705007325	1.2693026886811092
7	0.4307904177003968	0.29370179384349887	1.4667612753156918
7	0.4906668245458995	0.2925391597090655	1.6772688655900798
7	0.3578095842228041	0.29656313260694445	1.2065207872518457
7	0.42723040952288943	0.3247227608654418	1.3156774362974963
7	0.4396448236955889	0.32493500288823945	1.3530238964338464
7	0.3666335375659463	0.3131988967294834	1.1706092882013424
7	0.482660664713364	0.35105295777014406	1.374894169185128
7	0.38628954895921364	0.30907426023398116	1.2498276261076464
7	0.408148046412359	0.3023592988128797	1.3498776059305142
7	0.37420410944219407	0.29869399794782575	1.2528008999616993
7	0.37163308385824634	0.31661238153161525	1.1737793767270501
7	0.3435290551040951	0.2761379357337798	1.2440487548052288
7	0.5204871915432752	0.2976143598631821	1.7488645097049456
7	0.39782133357185934	0.2843539786253443	1.3990355805642376
7	0.4840789794210374	0.3231770134065936	1.4978756512364038
7	0.510799085427178	0.3393026556202601	1.5054379238306137
7	0.46136658632909144	0.3224469693724796	1.4308293460688004
7	0.37256072556962144	0.2542057835912938	1.4655871330158876
7	0.3567091115038353	0.2861460715548333	1.2465979685325863
7	0.4413697905164711	0.25497454820924764	1.731034699801708
7	0.41671957634776896	0.2773373326245438	1.5025729583687866
7	0.37358408953317357	0.25734030997079654	1.4517122854774231
7	0.4209408661588731	0.3063698298390905	1.3739631816225404
7	0.40812485134007465	0.3162375648483685	1.290564109724804
7	0.4040804658652638	0.3240261043011809	1.2470614573993481
7	0.42011692035009485	0.27667335594769565	1.5184581793612133
7	0.33978150508859983	0.26651975499499053	1.2748830010555365
7	0.370303224953752	0.2683499435040484	1.379926599269679
7	0.4159768570794471	0.3273881463225004	1.2705922977115993
7	0.40716409065301934	0.27561759662728125	1.4772790113384122
7	0.44877700543179017	0.30663281190766317	1.4635648502187402
7	0.4596725650347203	0.2855397338828597	1.6098374779017521
7	0.3799576267938682	0.3149240252045229	1.2065056851318667
7	0.5468136056581188	0.3294051329305892	1.6600032937960956
7	0.4897781761914962	0.3159027991295407	1.5504078391868104
7	0.4470666165503439	0.30308474732435714	1.4750548171660363
7	0.419045643661531	0.30228018481576063	1.3862822133608883
7	0.374796284832337	0.2922618736831239	1.282398829888768
7	0.3586641451926626	0.2815037165811186	1.2741009232441494
7	0.390679392563526	0.31809542997854107	1.2281829782649865
7	0.5073573447820574	0.32882071205666985	1.5429604224402327
8	0.4434384380293853	0.43706637673534127	1.0145791615032025
8	0.4419418968139787	0.4441868650968739	0.9949458922374809
8	0.45551997082734896	0.44470434213609944	1.0243209424025355
8	0.45557479164439396	0.44668243734651425	1.019907553005003
8	0.44692967969585257	0.4433008167963928	1.0081860054436274
8	0.46334418885927187	0.4512203662992032	1.0268689613004511
8	0.4620495779160059	0.44993906061045674	1.0269159056542416
8	0.44231181505426953	0.43550959857211063	1.015618981773217
8	0.4334090073511871	0.4375834834041797	0.9904601608348714
8	0.4622577669143377	0.44510409057206984	1.0385385726745873
8	0.45922832983775336	0.45065032572776637	1.0190347229775862
8	0.44596451172923024	0.44229619512117707	1.0082938009607976
8	0.4722587588912561	0.45513024775993505	1.0376343062576578
8	0.44530477864204626	0.4422168112656555	1.006982926242792
8	0.44782922451033186	0.43955166118731626	1.0188318326466024
8	0.4314081843959414	0.43752823819297393	0.986012208440971
8	0.4582847716623856	0.4457071021238765	1.0282195851907547
8	0.44654601988746323	0.43958946737204596	1.015825111909539
8	0.4615412112992054	0.4439512473937556	1.039621386376799
8	0.4421353808350979	0.43949609709896986	1.0060052495427136
8	0.46290913562108144	0.4474175658131433	1.0346244112695566
8	0.46786343032323535	0.44778589045870076	1.0448373660098305
8	0.4537371356106644	0.4434092096410897	1.0232920871849605
8	0.4530228143976217	0.4423930538824435	1.0240278648633638
8	0.4478802750878783	0.44019820803949383	1.0174513819186088
8	0.45313024062342694	0.44733152517871294	1.0129629036147125
8	0.45132383683939564	0.44641449188146487	1.0109972795400073
8	0.4636160845425256	0.44981410899309676	1.030683731953905
8	0.4482812308776135	0.43985905753329796	1.0191474364346311
8	0.45434270477060934	0.44339426656454006	1.0246923314793823
8	0.4320701191054047	0.438123380447775	0.9861836605565681
8	0.4266190905134596	0.4348612489483524	0.9810464637747667
8	0.4519141746198979	0.44187332048754907	1.0227233771916124
8	0.4693081148941335	0.4515432351377551	1.0393425886470402
8	0.458241690117673	0.4441028457830053	1.0318368694749958
8	0.46692410381123217	0.44871933846961065	1.0405704942508387
8	0.4412366652016176	0.44027337946680406	1.00218792636516
8	0.4823033802973624	0.4546487403472445	1.0608263863856662
8	0.44133041248420757	0.43944428450402223	1.0042920753476499
8	0.44865683529208267	0.44223594375153147	1.0145191534773996
8	0.44182939237146857	0.4382171267131152	1.0082430955755826
8	0.4699341213087337	0.44958880408555985	1.0452531669790024
8	0.46525561523297787	0.4467404019402258	1.0414451283392752
8	0.4494653610329885	0.4467349962781085	1.006111821947301
8	0.441661511565316	0.4314943983981848	1.0235625611940133
8	0.4121084074967919	0.43017080741776803	0.9580110978952727
8	0.4549556765927904	0.44401629633712636	1.0246373395434076
8	0.44665658861758795	0.4425894983906175	1.0091893057602124
8	0.47790177380997784	0.4542858829300201	1.051984646160787
8	0.45343103158257875	0.4328546014494877	1.0475365863368147
8	0.4518262289136487	0.4439429909801024	1.0177573204076098
8	0.43254762701597027	0.4357345573642176	0.9926860739081029
8	0.4553103502049015	0.4468999733695649	1.018819371976963
8	0.43343079575532395	0.43675054818726616	0.9923989736344445
8	0.45202002173940786	0.446053362721104	1.0133765587639667
8	0.4533933701333569	0.4462846284081958	1.0159287173983933
8	0.4627491699445877	0.448770779738858	1.031148173715463
8	0.45454968656397465	0.4466317195394791	1.0177281788957124
8	0.4723800305164986	0.44551568647598716	1.0602994346910821
8	0.45552722450093536	0.43585244271374557	1.0451409235306537
8	0.44655173714103	0.44344690636768774	1.0070015840199997
8	0.4319377526398684	0.4355929567054121	0.9916086704128788
8	0.43871265813698235	0.4378801554026725	1.0019012113795025
8	0.4509595239629668	0.44260663975992454	1.0188720264286433
8	0.44639945176471035	0.4442253759024544	1.0048940830042392
8	0.4322912200256952	0.4406454043997392	0.9810410268877663
8	0.43585973031343467	0.4351771203814084	1.001568579550846
8	0.45976853944306395	0.445615242573959	1.0317612494297834
8	0.4374566084299982	0.4409074862135548	0.9921732383970338
8	0.4387162556394342	0.4388627260115768	0.9996662501427869
8	0.4513756334979745	0.4365454436581067	1.0339716976899258
8	0.4310244442099873	0.43507835872850287	0.9906823347169854
8	0.45854985872804477	0.4447374606577097	1.031057419921201
8	0.4661093883970048	0.44462900767414404	1.048310794734749
8	0.44596069713837083	0.4389878625233037	1.0158838893061581
8	0.4321733066725876	0.43616053821568795	0.9908583395476079
8	0.42985099056943604	0.4333598681223702	0.991903086069928
8	0.45671169040896087	0.44594690146690186	1.0241391719656516
8	0.44887119084627597	0.4373270008891769	1.026397158038784
8	0.4472965952141861	0.4412778628679148	1.0136393253610205
8	0.4429631677637159	0.4413259740638759	1.0037097152582346
8	0.4633418839996895	0.45039908363806364	1.0287362937266245
8	0.4530018239899568	0.447460986535562	1.0123828392220167
8	0.43588198078017193	0.4363058162102681	0.9990285817553899
8	0.4463567456804056	0.4430656448540545	1.0074280208013764
8	0.45612825195964	0.4414208590981673	1.0333183005703905
8	0.44984889325668415	0.44447752074948266	1.0120846887782857
8	0.4538982189480582	0.44654048014990394	1.0164772044758053
8	0.4312363977830402	0.4390184231141293	0.9822740347070444
8	0.4624623633785278	0.4454168741379457	1.0382686203201703
8	0.4450123300409821	0.444190766088824	1.0018495745856946
8	0.445350995524349	0.4420296687296147	1.0075138096596088
8	0.4531402899542315	0.445307748633675	1.0175890523903723
8	0.43714837182109223	0.4309228845705909	1.0144468708286518
8	0.4448460973498147	0.43903410865277503	1.0132381256546885
8	0.456616283722037	0.4393874974900948	1.0392109159463068
8	0.45814969319486687	0.44172984579503444	1.037171695678112
8	0.45031375930912254	0.44750777801356206	1.006270240280551
8	0.4612841176434307	0.4424344823035067	1.04260435407698
8	0.45547128901725265	0.4461213634819876	1.0209582555345225
8	0.46436348672185945	0.45300218839815715	1.0250800075908608
8	0.4402374800762329	0.44132944039982425	0.9975257478345382
8	0.45400662297893923	0.44336013340511365	1.0240131865083537
8	0.44365712706799715	0.440415914126053	1.007359436473534
8	0.4488809300451789	0.44452453565472766	1.0098001213454615
8	0.4399458955879784	0.43880715254482805	1.0025950876975143
8	0.44067009270446666	0.4409037268209835	0.9994701017426153
8	0.452487686885493	0.44457540782600496	1.0177973835713934
8	0.46563324361663766	0.4470233176297276	1.04163077238473
8	0.450097009814099	0.44619386563304714	1.00874764195943
8	0.45076543185060525	0.4445824682097628	1.0139073492163104
8	0.45081614586154356	0.44854839134020513	1.0050557633582469
8	0.4417616998505275	0.4413633924073871	1.0009024478468136
8	0.4461844655414492	0.44405394198639797	1.0047978935746424
8	0.4657445952734335	0.44964710642087197	1.0358002723084228
8	0.48286848789605735	0.45505306499070924	1.0611256687303403
8	0.45781895426087826	0.4431363449821761	1.033133389858358
8	0.45821622026737047	0.44668934841657	1.0258051191318107
8	0.4317043554298512	0.4309829609581478	1.001673835248845
8	0.45128693771518485	0.44753693039908443	1.008379213113779
8	0.441772386265447	0.43616191233946594	1.0128632825729507
8	0.4440368700973011	0.44138642793564026	1.0060048111901785
8	0.44771577508283417	0.43697480311302483	1.0245803004962535
8	0.44153280012538776	0.44074655197038515	1.0017839008643123
8	0.43273623841605635	0.43280864889150167	0.9998326963298197
8	0.44050884547714036	0.4389186024013642	1.0036230933641814
8	0.447943076439213	0.4348986124476805	1.0299942644519284
8	0.42793625343936287	0.4329465878183338	0.9884273614345397
8	0.46608071438232856	0.44851768890177335	1.039157932708428
8	0.4369345542282451	0.4378636745153429	0.997878060361764
8	0.46166706993369455	0.4472468429235036	1.0322422108469917
8	0.43384207646854345	0.43140174126494524	1.0056567578898563
8	0.4522749271345532	0.43819950338093927	1.0321210399487326
8	0.430631146321743	0.43800876702475927	0.9831564542574572
8	0.4485342894735306	0.4424758069267694	1.0136922345853
8	0.4242205492606696	0.4229682982444855	1.0029606261778519
8	0.4429025429723712	0.44287839406099355	1.0000545271833114
8	0.4563471662502076	0.4472825026708712	1.0202660813360869
8	0.44715473778506654	0.4428176401278065	1.0097943199733603
8	0.449320486701356	0.4393859706750756	1.0226099982459997
8	0.44026640256256433	0.43775646368019155	1.005733642083253
8	0.4698574925269128	0.44951563855378496	1.045252828218776
9	0.9334262274823004	0.9312725585509306	1.0023126086037808
9	0.9365152547433061	0.9338610378284357	1.002842196865866
9	0.9376849995006975	0.9336200687326732	1.0043539453618882
9	0.9381710218128472	0.933291720446457	1.0052280559866706
9	0.9397475703037059	0.9350424939205921	1.005031938562905
9	0.9361488050953308	0.9330573603420274	1.0033132419127697
9	0.9359145535070024	0.9334643853870438	1.0026248115710839
9	0.929590711553012	0.9297553299061644	0.9998229444372543
9	0.9356998544027892	0.9334603866082821	1.0023991031934887
9	0.931354547147458	0.9296490632543863	1.001834545916823
9	0.9365752247265394	0.9327638738733807	1.004086083262779
9	0.9294284261819419	0.9303961857739698	0.9989598414021627
9	0.9378418449327853	0.9336525518917584	1.0044869936172065
9	0.9376052028512729	0.9343977690873496	1.0034326213846338
9	0.9382522832744801	0.9337590339625409	1.0048120009001373
9	0.9371276320711821	0.9336615624923073	1.0037123404433856
9	0.9302558901958229	0.9298795947469699	1.000404671154178
9	0.9313036602934124	0.9306938937635344	1.0006551740953324
9	0.935348573402987	0.9326933373388548	1.002846847895052
9	0.9328735883242103	0.9317388074752267	1.001217917338936
9	0.9409489420682231	0.9321626868263007	1.0094256671781583
9	0.9381795425516429	0.9342080096692625	1.0042512297489148
9	0.9362755932114307	0.9332709720920951	1.0032194520232427
9	0.9329304621056369	0.9304297260171388	1.002687721617841
9	0.9305874176901376	0.9298854930425248	1.0007548506271629
9	0.9359818203809368	0.9329464432443217	1.0032535384625718
9	0.9327061961249647	0.931647777498074	1.0011360716490227
9	0.9387069306743809	0.9327757991079865	1.0063585821716927
9	0.9412120584982414	0.9349594628277187	1.006687558037663
9	0.9336472781054646	0.9307570517506533	1.0031052425005806
9	0.9331097381552258	0.9321707098457812	1.001007356592013
9	0.9342617939030065	0.9316110217949665	1.0028453636185333
9	0.9353164365231695	0.9331196727223381	1.002354214432563
9	0.9374757460455806	0.932506340581252	1.0053290849059868
9	0.9384094580912894	0.9334328592751264	1.0053315016358302
9	0.9346537766037841	0.9316485425557576	1.0032257164700569
9	0.932192483556532	0.9316135186215917	1.0006214647204743
9	0.9426320249128203	0.9322918739150867	1.0110911092191663
9	0.9382751229690282	0.9338650249911505	1.0047224147600124
9	0.9324626073231645	0.9317207264260458	1.0007962481418273
9	0.9373985319281448	0.9331611915774689	1.0045408450211188
9	0.9327174505728388	0.9297923911550883	1.0031459274624916
9	0.9367094100126273	0.9329252772944039	1.004056201295347
9	0.9329792782639459	0.9318191195458666	1.0012450471274346
9	0.9233285894274573	0.9256024570844591	0.9975433647138706
9	0.929368073856158	0.9303361394970122	0.998959445301805
9	0.9341949191116438	0.9317715445275795	1.0026008248462803
9	0.9386673190640629	0.9340915739417013	1.004898604430241
9	0.9386745999885953	0.934751839048158	1.004196580072452
9	0.9308297120896407	0.9273800846548041	1.003719755785052
9	0.9363281974887429	0.9334484839694792	1.0030850267247933
9	0.9354014501905764	0.9331502106156184	1.0024125157443546
9	0.9347547931774558	0.9306884249166205	1.0043692047219772
9	0.9338175916277554	0.9310938364462104	1.0029253283341892
9	0.9360554316438836	0.9338908651099947	1.0023177938823011
9	0.9328339408923497	0.9316648107418667	1.0012548828044199
9	0.9364326867327067	0.9309815585879979	1.0058552482532268
9	0.9329139899602612	0.931846148304162	1.0011459420184785
9	0.9365994559028573	0.9309303759121115	1.00608969278201
9	0.9353413547947182	0.9319570176306463	1.003631430527425
9	0.9312234145231617	0.929501560245813	1.001852449044726
9	0.9347072065818558	0.9326666468600026	1.002187876803275
9	0.9367364780540489	0.9331414693039646	1.0038525870603157
9	0.9382606319283153	0.933062070201963	1.0055715068615179
9	0.9346909258840584	0.933210110984081	1.001586796888019
9	0.9325763024608744	0.9315676138699527	1.0010827862367728
9	0.9327025826522035	0.9308584643990734	1.0019810941444471
9	0.9364251645749115	0.9324207039264869	1.0042946929766376
9	0.9383334159953598	0.9337232938309985	1.0049373537051285
9	0.9344134195940518	0.9316617532666589	1.0029535035840473
9	0.9326683910662112	0.9306582945329958	1.0021598652749601
9	0.9378129192971268	0.9333712785902938	1.0047587072890667
9	0.9340136200738239	0.9312294619872985	1.0029897658957052
9	0.934140437683691	0.9296612996261364	1.004818032179414
9	0.9304365398732966	0.9298023272682191	1.0006820940177046
9	0.9369089026948993	0.933404456387018	1.0037544777978094
9	0.9310759226761188	0.9299264823403497	1.0012360550619834
9	0.9362032901654033	0.9330362828623868	1.0033943024094418
9	0.9401843072290565	0.9329930317149328	1.007707748364321
9	0.9391985839758963	0.9344304453002052	1.0051027218769175
9	0.9329030449235667	0.9315620736758069	1.001439486734865
9	0.9349028148608397	0.9321027134932778	1.0030040695376456
9	0.9343545524282793	0.9318854502885182	1.002649576875566
9	0.936027830018428	0.93326612977162	1.0029591776222329
9	0.9368834021340213	0.9335485213497805	1.003572262938641
9	0.9375108905383126	0.9335551810408352	1.0042372530063697
9	0.9360727344334941	0.9332895502678926	1.0029821229272338
9	0.9330483476082307	0.9321985296498478	1.0009116276537167
9	0.935804525110815	0.9334213879215615	1.002553120402094
9	0.9350178193141797	0.932084605581004	1.0031469393610972
9	0.9379297728446673	0.933577486852568	1.004661944030776
9	0.9367417853110925	0.9330589794604394	1.0039470236412953
9	0.9337457151940238	0.932428379066208	1.0014128014090853
9	0.9321265750261161	0.9298191862580775	1.0024815456619307
9	0.9360462358220382	0.9320737402502781	1.0042619970933773
9	0.9388856238121148	0.9331958174440775	1.0060971194487573
9	0.9383922813331628	0.9328510557507048	1.0059400968121313
9	0.9370450422119136	0.9336593019054972	1.0036263124027218
9	0.9358780032089739	0.9302454684370232	1.0060548908466218
9	0.9378945605964851	0.9338912787834918	1.0042866679494085
9	0.9351667161974913	0.9321764412920467	1.0032078421777104
9	0.9404264967363154	0.9350666547161302	1.005732042729951
9	0.9336274301461474	0.9301747949348577	1.0037118133388376
9	0.9365471960390572	0.9332415673519445	1.0035420932829775
9	0.9357409235790293	0.9326501521965938	1.003313966523413
9	0.935931722245774	0.9327824340599624	1.003376230159164
9	0.9320913837664506	0.93166483249678	1.0004578376845323
9	0.936575037030444	0.9337857984563915	1.0029870218401942
9	0.9376168209699316	0.9333198731253846	1.0046039390869905
9	0.9381587443354611	0.9331274177571273	1.0053918966291089
9	0.9365537489692344	0.9333293860737009	1.0034546891415235
9	0.9339639947161448	0.9324708004246935	1.001601330884325
9	0.9324121996985852	0.9310287460354655	1.0014859408681105
9	0.9392032420826592	0.9337022435159341	1.005891598317265
9	0.9397432028750181	0.934169123186653	1.0059668849569237
9	0.9369819631028189	0.9322823522821706	1.005040973701952
9	0.9379317129384322	0.9323761388284001	1.0059585116764282
9	0.9347382727189583	0.9314807507396775	1.0034971436357585
9	0.9299475874249182	0.9286824879040999	1.001362251940029
9	0.9350597084056533	0.931854135933631	1.0034399938235083
9	0.931975579674005	0.9300112659191186	1.002112139741603
9	0.9310908853598734	0.9298608622324255	1.0013228034186694
9	0.9372024311193357	0.9327204913702764	1.004805233497631
9	0.9361479492554112	0.9331348392926512	1.003229018825451
9	0.9347644519297124	0.9328855317896625	1.0020140950588496
9	0.9346208680543227	0.9320545915354883	1.002753354301497
9	0.9326305836326343	0.9293333613755106	1.003547943498169
9	0.9265371480774572	0.9284171729249767	0.9979750214641157
9	0.9317623011732066	0.9294532270778684	1.0024843359817015
9	0.9348148394118599	0.9327459078952405	1.0022181083820438
9	0.9353596292166733	0.9314918744477105	1.0041522152528233
9	0.9332245615394419	0.9315408141038415	1.001807486489167
9	0.9361747501826464	0.931475511300316	1.0050449408764062
9	0.935474541703018	0.93291489594837	1.0027437076691181
9	0.9390174540620185	0.9333395311199286	1.0060834484694727
9	0.9357892756064926	0.9319967287542731	1.0040692705620209
9	0.9392053919000733	0.9340605786397338	1.0055080081292285
9	0.9364970997452925	0.9332978031808654	1.0034279482428043
9	0.9333058740339432	0.9310073716421318	1.0024688337190684
9	0.9338247819248784	0.9323493638119742	1.001582473448442
9	0.93517169504682	0.9326511599263764	1.002702548636344
9	0.9388851236736858	0.9336827585227564	1.0055718766395134
