1.0	0.999990397723597	1.0000096023686076
1.0	0.9999945461442663	1.0000054538854783
1.0	0.9999905350952194	1.0000094649943658
1.0	0.9999905350952194	1.0000094649943658
1.0	0.9999905350952194	1.0000094649943658
0.9997357878090597	0.9998611882448749	0.9998745821547136
1.0	0.9999899605941704	1.0000100395066203
1.0	0.9999902563056824	1.000009743789258
1.0	0.9999902563056824	1.000009743789258
1.0	0.9999910345448308	1.0000089655355493
1.0	0.9999901106600274	1.0000098894377727
1.0	0.999990397723597	1.0000096023686076
1.0	0.999990397723597	1.0000096023686076
1.0	0.999990397723597	1.0000096023686076
1.0	0.9999905350952194	1.0000094649943658
1.0	0.9999905350952194	1.0000094649943658
1.0	0.9999901106600274	1.0000098894377727
1.0	0.9999902563056824	1.000009743789258
1.0	0.9999905350952194	1.0000094649943658
1.0	0.9999898059037879	1.0000101942001327
0.9990535175879102	0.999468920132245	0.9995843767265121
1.0	0.9999901106600274	1.0000098894377727
1.0	0.9999905350952194	1.0000094649943658
1.0	0.9999902563056824	1.000009743789258
1.0	0.999990397723597	1.0000096023686076
1.0	0.9999902563056824	1.000009743789258
1.0	0.9999902563056824	1.000009743789258
1.0	0.9999902563056824	1.000009743789258
1.0	0.9999905350952194	1.0000094649943658
1.0	0.999990397723597	1.0000096023686076
1.0	0.9999905350952194	1.0000094649943658
1.0	0.999990397723597	1.0000096023686076
1.0	0.9999905350952194	1.0000094649943658
1.0	0.9999905350952194	1.0000094649943658
1.0	0.9999905350952194	1.0000094649943658
1.0	0.9999905350952194	1.0000094649943658
1.0	0.9999905350952194	1.0000094649943658
1.0	0.9999905350952194	1.0000094649943658
1.0	0.9999905350952194	1.0000094649943658
1.0	0.999990397723597	1.0000096023686076
1.0	0.999990397723597	1.0000096023686076
1.0	0.999990397723597	1.0000096023686076
1.0	0.9999944621095092	1.0000055379211592
1.0	0.9999944621095092	1.0000055379211592
1.0	0.9999902563056824	1.000009743789258
1.0	0.9999902563056824	1.000009743789258
1.0	0.9999902563056824	1.000009743789258
1.0	0.9999905350952194	1.0000094649943658
1.0	0.9999905350952194	1.0000094649943658
1.0	0.9999899605941704	1.0000100395066203
1.0	0.9999902563056824	1.000009743789258
1.0	0.9999901106600274	1.0000098894377727
1.0	0.9999902563056824	1.000009743789258
1.0	0.9999902563056824	1.000009743789258
1.0	0.9999905350952194	1.0000094649943658
1.0	0.999990397723597	1.0000096023686076
1.0	0.999990397723597	1.0000096023686076
1.0	0.9999898059037879	1.0000101942001327
1.0	0.9999898059037879	1.0000101942001327
1.0	0.9999905350952194	1.0000094649943658
1.0	0.9999909005320481	1.000009099550753
1.0	0.999990397723597	1.0000096023686076
1.0	0.9999909005320481	1.000009099550753
1.0	0.9999905350952194	1.0000094649943658
1.0	0.9999901106600274	1.0000098894377727
1.0	0.9999901106600274	1.0000098894377727
1.0	0.9999909005320481	1.000009099550753
1.0	0.9999902563056824	1.000009743789258
1.0	0.999990397723597	1.0000096023686076
1.0	0.9999905350952194	1.0000094649943658
1.0	0.9999905486165118	1.0000094514728177
0.7919049188021274	0.7769639731118251	1.0192299079588751
0.811199926921029	0.7991286252374371	1.0151055803813878
0.926035537167066	0.8243577802336974	1.12334178116757
0.9027798098277943	0.8349698807053052	1.081212425369415
0.6582896193413929	0.7199339966489235	0.914374959934568
0.8632878520584698	0.8188865012123834	1.0542216177459869
0.7914439988307926	0.7762388048447552	1.0195882940805547
0.6653080401590918	0.5822349345089836	1.1426796997678719
0.8009271808086679	0.7837378732122335	1.021932470260729
0.8434524133613849	0.7967154549527661	1.0586620456752527
0.9242894499614848	0.8302683727794844	1.1132417905637506
0.8249307021326108	0.8000277075357194	1.0311276651574965
0.8768126415992539	0.826080183488657	1.0614134791326748
0.9474628346961642	0.8533186963549936	1.1103270545264197
0.7604504738756873	0.7361548795744559	1.0330033733054595
0.859399881942431	0.8082585772764568	1.063273445038223
0.9321235041619398	0.8317231875554725	1.120713619757981
0.8702441733568124	0.8041674314178286	1.0821678911100439
0.875143378276685	0.8067386968471076	1.0847916205047758
0.7085298648734356	0.7506764220781217	0.9438552271456583
0.8646294505455019	0.8224313533220202	1.0513089597727912
0.7750391259116143	0.760395903037858	1.0192573668733027
0.7132865160873713	0.7562647102732317	0.9431704354281812
0.8220328943534913	0.7724138930169508	1.0642388773494673
0.85582072866016	0.8073535853539723	1.060032115030415
0.8474371121509493	0.8003882705172655	1.0587825226415146
0.8427178473524191	0.7737616521188908	1.0891181348218753
0.8256694604451819	0.7947281660923219	1.0389331795109242
0.8883649193807052	0.8294032350863962	1.071089286609989
0.9076395954077066	0.8431733120712035	1.0764567407596732
0.7744797306465553	0.7850006640815926	0.9865975483634192
0.9075358607459467	0.8423708602841591	1.077359039271379
0.8479623116147847	0.8058760293375726	1.0522242637143666
0.8613654674181245	0.8173319183421386	1.0538747454832094
0.924286825473359	0.8332848088597056	1.1092087790946095
0.788779116165088	0.7866971102251936	1.0026465153015478
0.8456447778684869	0.7974097135192829	1.0604896874610714
0.8676717947018594	0.8134565126373677	1.066648039842617
0.8458592813695829	0.7912641340679872	1.0689973738869158
0.9302977992624264	0.8383972165352559	1.1096146085825012
0.8434329013505988	0.8044350983733239	1.0484784951031272
0.7949381675590294	0.7404978609317654	1.0735185197682569
0.7660452425403796	0.7407691475630136	1.0341214196899526
0.8846154792048151	0.8041205394778674	1.1001030763114379
0.8110082432285091	0.8033369754105242	1.0095492527454804
0.8911743519478889	0.8293489981048976	1.0745468481715963
0.846008230742375	0.7969909840431323	1.0615028873357868
0.8897631148194031	0.8229529387545012	1.0811834710330044
0.8330129154870036	0.8090431251029179	1.0296273333773605
0.8919242671888585	0.8308459095283336	1.0735134601495466
0.8569023725861125	0.8002531458496321	1.070789133451435
0.8611606191715887	0.7986489955213343	1.0782717113535574
0.8729450333659171	0.812631912347181	1.0742194837568335
0.8894892575279717	0.8118861936107569	1.0955836723520145
0.8677190537836087	0.7925575675415765	1.0948341033133715
0.7661993034550733	0.7646197305068246	1.0020658281302806
0.8461697426202103	0.8154118679329239	1.0377206610510317
0.8295924026123714	0.782577655911176	1.0600767813214076
0.8897276409948475	0.8219165885383877	1.0825035695861158
0.7030102929963435	0.7175857679811921	0.9796881771696027
0.7108038560213255	0.7417865534041229	0.9582323280994847
0.7159441391003453	0.7124589464682032	1.004891780290526
0.8433830171267945	0.780853769395642	1.0800780506951364
0.8362864845585367	0.7864974147225422	1.0633048105486258
0.7756214222915458	0.7553048421962167	1.0268985169435088
0.8373704702653842	0.7837349803095922	1.0684357484396128
0.6961734569912557	0.725454930999132	0.959637087354898
0.8173954677505193	0.772037617201401	1.0587508296727022
0.8947780942331925	0.8124159572702908	1.1013792703427905
0.8663716451583906	0.826746165068277	1.0479294392455285
0.760600961970309	0.7689137652817852	0.9891889003854291
0.7939629883588969	0.7785532521075428	1.0197927838714178
0.8136843390564944	0.8006200897813871	1.0163176635733366
0.9258927276699717	0.8248569643882019	1.122488828540968
0.9029946554517123	0.8356368810361121	1.0806065121636121
0.6574846612159015	0.7207554217260103	0.9122160463828455
0.8632766806541549	0.8196231409443718	1.0532605017221517
0.7906779374378734	0.7785589368184888	1.01556593861591
0.668440511566591	0.5841583495935543	1.144279649570495
0.8029371591200656	0.785290154426489	1.0224719545942411
0.8433095280627743	0.7972098725396132	1.057826247655846
0.924290703626782	0.830778564595659	1.1125596434672522
0.8251208244988125	0.8007904243668307	1.030382980854472
0.8768344934554992	0.8268429220733571	1.0604607840831308
0.947532308171442	0.8538177736656462	1.109759409321566
0.7608445129908634	0.7368617540444001	1.0325471620895366
0.8593754713978601	0.8089432376464293	1.0623433529133148
0.9322086007175506	0.8324492207987031	1.1198383966569543
0.8702881637636418	0.8048400999089443	1.0813180951869843
0.8751663770760846	0.8075716203589405	1.083701253254913
0.7087717796785297	0.7516303119733079	0.942979239112565
0.8667660771824877	0.8238472387506937	1.0520956269719097
0.7752879230125558	0.7610732151060171	1.0186771885074928
0.7169033854817306	0.7586585446501715	0.9449618547594494
0.8213557130861667	0.7727428319180923	1.0629095206841428
0.8557977769963944	0.8079311803775386	1.0592458835373677
0.8480815086494106	0.8011512259622617	1.0585785569144963
0.8432221400266594	0.7746896178723683	1.0884644902593517
0.8258870844370007	0.7952311650304862	1.0385496956791667
0.8883655359522684	0.8300281961004199	1.070283564011349
0.9077588887162906	0.8439320234986647	1.075630339222134
0.774815630775227	0.7857996642355741	0.9860218399672741
0.9074717210624954	0.8429483522620059	1.0765448661562058
0.8481360294606501	0.8068659467247549	1.0511486237626206
0.8625825498237841	0.8185365175067154	1.053810711403853
0.9243278847304636	0.8338605969590931	1.1084921005996504
0.789488177187172	0.7876227110208404	1.0023684768611025
0.8456084895272784	0.7977856156199973	1.0599445176385083
0.8678685046143962	0.8141004684842713	1.0660459466756391
0.8464319292140312	0.7920411146206212	1.0686717060382183
0.9303343652478614	0.8390314595516676	1.1088194067776447
0.845628861180511	0.8062371801766082	1.048858675799687
0.7951624955834172	0.741165411401969	1.0728542958842464
0.7654947908419901	0.7408580231397442	1.0332543711922504
0.8858002559294349	0.8054109287445933	1.0998115673823121
0.8126072701477833	0.8043965042915677	1.0102073614348273
0.8911140065988702	0.8300165479905072	1.073609928327672
0.8459464459644519	0.79745520556289	1.0608074786687662
0.8900534907252354	0.8235635333481792	1.0807344602871654
0.8328000246534837	0.8096156329210469	1.0286362945448433
0.8919823191831237	0.831496710763288	1.0727430519410133
0.8605288176359119	0.8027842802323671	1.071930329012958
0.8612915673690666	0.7991029681425915	1.0778230111834326
0.8730563712485647	0.8131743231458247	1.0736398658913404
0.8894592020508802	0.8124580970465058	1.0947754786176582
0.8677603920446701	0.7935108185920677	1.0935709655280366
0.7666071947610631	0.7653339541113708	1.0016636406144694
0.8466879306919675	0.8162649718092778	1.0372709352151375
0.82956787968007	0.783598868859122	1.0586639576035586
0.8895440960895252	0.8225082089057114	1.081501784976712
0.7025741035237055	0.718161539948295	0.9782953617570335
0.711598735336173	0.7427527090096253	0.9580560618688385
0.7163651987642451	0.7135948539225616	1.0038822376961594
0.8497597807653616	0.7851661401495865	1.0822674811263118
0.8361518248814457	0.7873701322692733	1.0619552236145648
0.777653835620633	0.756629846848358	1.0277863592876326
0.8376112514581763	0.7846348170316788	1.0675173128652518
0.7013677538882452	0.7299460155151533	0.9608488011175195
0.816634888860662	0.7725637651718934	1.057045289561261
0.894798876044263	0.8132450543659031	1.1002819768045788
0.8664988955239442	0.8273744315504361	1.0472874946113477
0.7607747637481898	0.769511212312012	0.9886467559873839
0.7939629883588969	0.7785532521075428	1.0197927838714178
0.8136843390564944	0.8006200897813871	1.0163176635733366
0.9258927276699717	0.8248569643882019	1.122488828540968
0.9029946554517123	0.8356368810361121	1.0806065121636121
0.6574846612159015	0.7207554217260103	0.9122160463828455
0.8632766806541549	0.8196231409443718	1.0532605017221517
0.7906779374378734	0.7785589368184888	1.01556593861591
0.668440511566591	0.5841583495935543	1.144279649570495
0.8029371591200656	0.785290154426489	1.0224719545942411
0.8433095280627743	0.7972098725396132	1.057826247655846
0.924290703626782	0.830778564595659	1.1125596434672522
0.8251208244988125	0.8007904243668307	1.030382980854472
0.8768344934554992	0.8268429220733571	1.0604607840831308
0.947532308171442	0.8538177736656462	1.109759409321566
0.7608445129908634	0.7368617540444001	1.0325471620895366
0.8593754713978601	0.8089432376464293	1.0623433529133148
0.9322086007175506	0.8324492207987031	1.1198383966569543
0.8702881637636418	0.8048400999089443	1.0813180951869843
0.8751663770760846	0.8075716203589405	1.083701253254913
0.7087717796785297	0.7516303119733079	0.942979239112565
0.8667660771824877	0.8238472387506937	1.0520956269719097
0.7752879230125558	0.7610732151060171	1.0186771885074928
0.7169033854817306	0.7586585446501715	0.9449618547594494
0.8213557130861667	0.7727428319180923	1.0629095206841428
0.8557977769963944	0.8079311803775386	1.0592458835373677
0.8480815086494106	0.8011512259622617	1.0585785569144963
0.8432221400266594	0.7746896178723683	1.0884644902593517
0.8258870844370007	0.7952311650304862	1.0385496956791667
0.8883655359522684	0.8300281961004199	1.070283564011349
0.9077588887162906	0.8439320234986647	1.075630339222134
0.774815630775227	0.7857996642355741	0.9860218399672741
0.9074717210624954	0.8429483522620059	1.0765448661562058
0.8481360294606501	0.8068659467247549	1.0511486237626206
0.8625825498237841	0.8185365175067154	1.053810711403853
0.9243278847304636	0.8338605969590931	1.1084921005996504
0.789488177187172	0.7876227110208404	1.0023684768611025
0.8456084895272784	0.7977856156199973	1.0599445176385083
0.8678685046143962	0.8141004684842713	1.0660459466756391
0.8464319292140312	0.7920411146206212	1.0686717060382183
0.9303343652478614	0.8390314595516676	1.1088194067776447
0.845628861180511	0.8062371801766082	1.048858675799687
0.7951624955834172	0.741165411401969	1.0728542958842464
0.7654947908419901	0.7408580231397442	1.0332543711922504
0.8858002559294349	0.8054109287445933	1.0998115673823121
0.8126072701477833	0.8043965042915677	1.0102073614348273
0.8911140065988702	0.8300165479905072	1.073609928327672
0.8459464459644519	0.79745520556289	1.0608074786687662
0.8900534907252354	0.8235635333481792	1.0807344602871654
0.8328000246534837	0.8096156329210469	1.0286362945448433
0.8919823191831237	0.831496710763288	1.0727430519410133
0.8605288176359119	0.8027842802323671	1.071930329012958
0.8612915673690666	0.7991029681425915	1.0778230111834326
0.8730563712485647	0.8131743231458247	1.0736398658913404
0.8894592020508802	0.8124580970465058	1.0947754786176582
0.8677603920446701	0.7935108185920677	1.0935709655280366
0.7666071947610631	0.7653339541113708	1.0016636406144694
0.8466879306919675	0.8162649718092778	1.0372709352151375
0.82956787968007	0.783598868859122	1.0586639576035586
0.8895440960895252	0.8225082089057114	1.081501784976712
0.7025741035237055	0.718161539948295	0.9782953617570335
0.711598735336173	0.7427527090096253	0.9580560618688385
0.7163651987642451	0.7135948539225616	1.0038822376961594
0.8497597807653616	0.7851661401495865	1.0822674811263118
0.8361518248814457	0.7873701322692733	1.0619552236145648
0.777653835620633	0.756629846848358	1.0277863592876326
0.8376112514581763	0.7846348170316788	1.0675173128652518
0.7013677538882452	0.7299460155151533	0.9608488011175195
0.816634888860662	0.7725637651718934	1.057045289561261
0.894798876044263	0.8132450543659031	1.1002819768045788
0.8664988955239442	0.8273744315504361	1.0472874946113477
0.7607747637481898	0.769511212312012	0.9886467559873839
0.8316650729873446	0.8309756049301293	1.0008297091432343
0.8573063038024361	0.8529758885384209	1.005076831974038
0.9266322272965384	0.8737650548322329	1.0605050203964226
0.912763842903618	0.873919135274456	1.0444488580936757
0.805949074402749	0.8192900111986037	0.9837164659479527
0.8920019601961507	0.8679764871794187	1.027679866184861
0.8771453650197677	0.8564348010744944	1.0241823007650899
0.8561903287849214	0.8125862861755982	1.0536608152895905
0.8467190308371925	0.842430927058826	1.0050901547422262
0.8725088184710169	0.8470057648501143	1.030109657666162
0.9283891033364551	0.8709555245682838	1.065943182112129
0.8557229766299735	0.8482519507187025	1.0088075552374987
0.9087623937773344	0.8716373955317285	1.0425922504425804
0.9216408707944246	0.8699536994156765	1.059413703756263
0.8683284048390656	0.8509465058947391	1.0204265471729626
0.8823679982388873	0.861021037341192	1.0247926124588247
0.9227475184813605	0.8705882603861755	1.05991265959875
0.8982094342801842	0.8593399712451204	1.0452317643024853
0.8953769132784417	0.8590187710762449	1.042325201062422
0.8335881684718901	0.8402509367928304	0.9920705017641854
0.8827873657536167	0.8620352543025804	1.0240733906733612
0.8649109086217229	0.8492139959351331	1.018484048498641
0.8281336477458473	0.8397435889815265	0.9861744211113774
0.8759227255926342	0.8490686349348484	1.0316277030535304
0.8799685990353857	0.8505275461345574	1.0346150492534085
0.9067147140915673	0.8727547404717884	1.0389112451012539
0.8844141728572686	0.8560743697506713	1.0331043704939458
0.8972896456853636	0.8619175948865355	1.0410387849240792
0.9042322560727849	0.861491558050645	1.049612439753736
0.9282489543354071	0.882213667998165	1.0521815610063048
0.882480607958538	0.8630542752762819	1.022508819246666
0.9237623086404055	0.8823227664287923	1.0469664206663738
0.8858363836780097	0.8646128312523621	1.0245468857950049
0.8827680685318706	0.8595071686406758	1.0270630667664846
0.9122100956983218	0.8722079350262104	1.0458631010630617
0.8625457610594542	0.8442724637642173	1.0216438390205986
0.8777819093544627	0.8541910298389803	1.0276178029169065
0.9044721821477797	0.8707731494730979	1.038700128380248
0.9034667036081058	0.8596025260566039	1.0510284418924722
0.9428864206939404	0.8861381360082513	1.0640399982572928
0.8766736592514422	0.8577189007953342	1.0220990331896989
0.858031923646403	0.8447263211436321	1.0157513767118764
0.8532980365690382	0.8268038841105627	1.0320440590176674
0.8832319886911855	0.8500184052752114	1.0390739579400288
0.8629869761165655	0.8606712915841932	1.0026905562611597
0.8860734744653891	0.8642667056313148	1.0252315271339132
0.8680580760658823	0.8432022611018324	1.0294778798761406
0.9100681736129889	0.8666492177224643	1.0500998039375478
0.8679953823804938	0.856218457405466	1.0137545796556577
0.9055943958708214	0.8719948554592971	1.0385318103669623
0.9224008342879579	0.8629339799496523	1.0689124031733868
0.8751108547623413	0.8495799268599069	1.0300512372000101
0.8745864711325774	0.850319510393868	1.0285386380555575
0.9024029450546184	0.8595651364039577	1.0498366055536816
0.9044113929012312	0.8525421535306983	1.0608406741598908
0.8568418661796826	0.8493981099314167	1.0087635658252958
0.8816017945112952	0.8570197403925004	1.0286831830822667
0.8855494976593158	0.8596967389744836	1.030071951553139
0.9043502270520518	0.8676401008797545	1.0423103152275635
0.8445468895418731	0.8304506045963748	1.0169742605610474
0.7816771878361167	0.8020783554490428	0.9745646201841408
0.8429536594248715	0.8190552279365035	1.0291780464530784
0.900056773073132	0.8614839953020695	1.0447748048500163
0.8610530043269538	0.8462090573571567	1.0175417018297548
0.8459810113801629	0.8382961934058855	1.0091671870094687
0.8960466194620206	0.8623927310880973	1.0390238544003745
0.872963814816448	0.8529767657575686	1.023432114286405
0.8356262712261004	0.8098569168042097	1.0318196386141636
0.9148050472398142	0.8600931909894572	1.0636115444506844
0.8970704437085132	0.8713334726976913	1.029537452441875
0.8573407535903519	0.8538098174497442	1.004135506606324
0.8317163638054156	0.83104653977515	1.0008060006247625
0.8572993886612423	0.8529787935682513	1.0050653018874205
0.9266290209426431	0.8737705881932284	1.0604946349346853
0.912760002729748	0.873927154881134	1.0444348795339764
0.8059532093432815	0.819295186185641	0.9837152993605697
0.8919962195886743	0.8679816497654423	1.0276671400020052
0.8773233398941029	0.8565342840797379	1.0242711309993866
0.8561829131614171	0.8125858117493158	1.0536523045095343
0.8467352535338499	0.8424473972006443	1.0050897615061234
0.87250089724097	0.8470111021100445	1.0300938146707006
0.9283860854612145	0.8709632109505404	1.0659303100161999
0.8557135270718564	0.8482571159925182	1.0087902723581796
0.9087582873712637	0.8716469603711684	1.0425760986813886
0.9216952730582656	0.8700059381270507	1.059412623139667
0.8683714808083667	0.8509690108696376	1.0204501805781914
0.8823634194643222	0.8610262174901724	1.0247811292394164
0.9227442790507303	0.8705894729970622	1.0599074623244888
0.8982010904667793	0.8593468655687382	1.0452136691885487
0.8953722228802538	0.8590260352198026	1.0423109267592234
0.8335792639270697	0.8402523754527254	0.9920582057003288
0.8828378634776208	0.8620650905661547	1.0240965248898128
0.8649045376731106	0.8492146823295291	1.01847572312403
0.8281250430033242	0.8397479550571011	0.9861590469095141
0.8759167102258056	0.8490792682610638	1.0316076990310994
0.8800354200993393	0.8505614972235738	1.034652312586421
0.9067091324807944	0.872761777331747	1.038896473276858
0.8844424079154114	0.8560928159157987	1.0331150915795106
0.8972865010419606	0.8619222901569721	1.0410294655200854
0.904228488347747	0.8614928230806956	1.049606525001832
0.9282461411647756	0.8822223320413013	1.0521680391120722
0.882473884472681	0.8630621915273065	1.022491650237885
0.9237590249827687	0.8823320941858397	1.0469516308767564
0.8858302618097329	0.8646195490380019	1.0245318450124459
0.8827626931786037	0.8595110159227898	1.0270522155330963
0.9122069044134119	0.8722183073136218	1.0458470050037731
0.8625579346529675	0.8442880064161623	1.0216394501615125
0.8778217361577401	0.8542131002806153	1.027637876156862
0.9044680983599739	0.8707778338111255	1.038689850890435
0.9034623204133246	0.859608853555037	1.0510156063155065
0.9428839070470518	0.8861456110240302	1.0640281860195129
0.876686262312108	0.857743000707314	1.0220850086671334
0.8580256260645717	0.8447316402123579	1.0157375256464547
0.8534117037159528	0.8268516578822284	1.0321218994731791
0.8832260804492511	0.8500156717387178	1.0390703487179254
0.8629804403648524	0.8606740509715483	1.002679747798485
0.8860675651772331	0.8642729959536617	1.0252172280351333
0.8681124479000074	0.8432369404186524	1.0295000210367975
0.9100642556661853	0.8666552775100212	1.0500879407102695
0.8680125349944939	0.8562341813230682	1.013755995647389
0.9055906963458334	0.8720042986996384	1.0385163211881872
0.9223962733687935	0.8629339022208214	1.06890721409246
0.8751052590789012	0.8495823884569599	1.0300416663159613
0.874627197231201	0.8503419889439051	1.0285593427151083
0.9023987004585294	0.8595722646682817	1.049822961431608
0.9044275101406579	0.8525549866523229	1.0608436104420897
0.8568774063021578	0.8494206830581049	1.0087785986293705
0.8815956901579451	0.8570258460485788	1.0286687317805507
0.8855453307903107	0.8597054319099342	1.0300566890952059
0.9043457722220898	0.8676460409195358	1.0422980450226678
0.8445809003493224	0.8304952203337881	1.016960579267239
0.7816663860346366	0.802072992456149	0.9745576691729485
0.8429827979202291	0.8190804402836129	1.0291819416763752
0.9001316052296822	0.8615626057650391	1.0447663341080073
0.8610900785435602	0.8462324834830982	1.0175573442883072
0.846001616071486	0.8383120087936307	1.009172727095871
0.8960958741826637	0.8624192935535095	1.0390489647911207
0.8729717938008973	0.852992727754515	1.023422316974468
0.8356197959039583	0.8098618534797888	1.0318053533618032
0.914801286208979	0.8601028780001932	1.0635951926308675
0.8970657302568534	0.8713404790241969	1.0295237646499174
0.8573331073666913	0.853816229934711	1.0041190098157882
0.8317163638054156	0.83104653977515	1.0008060006247625
0.8572993886612423	0.8529787935682513	1.0050653018874205
0.9266290209426431	0.8737705881932284	1.0604946349346853
0.912760002729748	0.873927154881134	1.0444348795339764
0.8059532093432815	0.819295186185641	0.9837152993605697
0.8919962195886743	0.8679816497654423	1.0276671400020052
0.8773233398941029	0.8565342840797379	1.0242711309993866
0.8561829131614171	0.8125858117493158	1.0536523045095343
0.8467352535338499	0.8424473972006443	1.0050897615061234
0.87250089724097	0.8470111021100445	1.0300938146707006
0.9283860854612145	0.8709632109505404	1.0659303100161999
0.8557135270718564	0.8482571159925182	1.0087902723581796
0.9087582873712637	0.8716469603711684	1.0425760986813886
0.9216952730582656	0.8700059381270507	1.059412623139667
0.8683714808083667	0.8509690108696376	1.0204501805781914
0.8823634194643222	0.8610262174901724	1.0247811292394164
0.9227442790507303	0.8705894729970622	1.0599074623244888
0.8982010904667793	0.8593468655687382	1.0452136691885487
0.8953722228802538	0.8590260352198026	1.0423109267592234
0.8335792639270697	0.8402523754527254	0.9920582057003288
0.8828378634776208	0.8620650905661547	1.0240965248898128
0.8649045376731106	0.8492146823295291	1.01847572312403
0.8281250430033242	0.8397479550571011	0.9861590469095141
0.8759167102258056	0.8490792682610638	1.0316076990310994
0.8800354200993393	0.8505614972235738	1.034652312586421
0.9067091324807944	0.872761777331747	1.038896473276858
0.8844424079154114	0.8560928159157987	1.0331150915795106
0.8972865010419606	0.8619222901569721	1.0410294655200854
0.904228488347747	0.8614928230806956	1.049606525001832
0.9282461411647756	0.8822223320413013	1.0521680391120722
0.882473884472681	0.8630621915273065	1.022491650237885
0.9237590249827687	0.8823320941858397	1.0469516308767564
0.8858302618097329	0.8646195490380019	1.0245318450124459
0.8827626931786037	0.8595110159227898	1.0270522155330963
0.9122069044134119	0.8722183073136218	1.0458470050037731
0.8625579346529675	0.8442880064161623	1.0216394501615125
0.8778217361577401	0.8542131002806153	1.027637876156862
0.9044680983599739	0.8707778338111255	1.038689850890435
0.9034623204133246	0.859608853555037	1.0510156063155065
0.9428839070470518	0.8861456110240302	1.0640281860195129
0.876686262312108	0.857743000707314	1.0220850086671334
0.8580256260645717	0.8447316402123579	1.0157375256464547
0.8534117037159528	0.8268516578822284	1.0321218994731791
0.8832260804492511	0.8500156717387178	1.0390703487179254
0.8629804403648524	0.8606740509715483	1.002679747798485
0.8860675651772331	0.8642729959536617	1.0252172280351333
0.8681124479000074	0.8432369404186524	1.0295000210367975
0.9100642556661853	0.8666552775100212	1.0500879407102695
0.8680125349944939	0.8562341813230682	1.013755995647389
0.9055906963458334	0.8720042986996384	1.0385163211881872
0.9223962733687935	0.8629339022208214	1.06890721409246
0.8751052590789012	0.8495823884569599	1.0300416663159613
0.874627197231201	0.8503419889439051	1.0285593427151083
0.9023987004585294	0.8595722646682817	1.049822961431608
0.9044275101406579	0.8525549866523229	1.0608436104420897
0.8568774063021578	0.8494206830581049	1.0087785986293705
0.8815956901579451	0.8570258460485788	1.0286687317805507
0.8855453307903107	0.8597054319099342	1.0300566890952059
0.9043457722220898	0.8676460409195358	1.0422980450226678
0.8445809003493224	0.8304952203337881	1.016960579267239
0.7816663860346366	0.802072992456149	0.9745576691729485
0.8429827979202291	0.8190804402836129	1.0291819416763752
0.9001316052296822	0.8615626057650391	1.0447663341080073
0.8610900785435602	0.8462324834830982	1.0175573442883072
0.846001616071486	0.8383120087936307	1.009172727095871
0.8960958741826637	0.8624192935535095	1.0390489647911207
0.8729717938008973	0.852992727754515	1.023422316974468
0.8356197959039583	0.8098618534797888	1.0318053533618032
0.914801286208979	0.8601028780001932	1.0635951926308675
0.8970657302568534	0.8713404790241969	1.0295237646499174
0.8573331073666913	0.853816229934711	1.0041190098157882
0.7654307663210244	0.7697925267471025	0.9943338493496299
0.8105636325475223	0.794383713316275	1.0203678889181926
0.8875334454684872	0.8183826325916969	1.084496921272388
0.8536455544909735	0.8142427019797939	1.0483920241659808
0.7360251487787056	0.7501992193659823	0.9811062578827319
0.8387584611181901	0.8096083408023499	1.0360052124548906
0.846583585460378	0.8050258094877607	1.0516229113189062
0.8217238940482859	0.760546154309026	1.080439220411076
0.7975962527379021	0.781676152650767	1.0203666186222364
0.8600317373848864	0.8032727679026186	1.0706596460757258
0.8904564401464494	0.8197964888857378	1.0861920637849427
0.807774087005128	0.7897269409602544	1.0228523874631015
0.8580126918523638	0.8164514687516554	1.0509047073725706
0.8648459811441899	0.8073092736301877	1.0712697220177836
0.8044657824839563	0.7841515125078491	1.0259060521494612
0.8292290609757944	0.799288703189286	1.0374587525972052
0.8583160130181966	0.8019008500647323	1.0703517934279658
0.848853015389128	0.798116725532642	1.063570012046328
0.8606630156511255	0.798310485498824	1.0781056133984517
0.7852844460639694	0.7839778950907811	1.0016665660873474
0.837890297752164	0.8040344890024856	1.0421074085909934
0.8211215036257472	0.7980727292232169	1.0288805437882387
0.7721842482774107	0.7710579970969914	1.0014606568956674
0.8413633228358164	0.8003910636312535	1.0511903006746202
0.8094639196533364	0.7769416573169342	1.0418593365796778
0.8656421069783771	0.819777489216234	1.0559476423364502
0.8181235960214325	0.789003354743832	1.0369076266945088
0.8311698795753386	0.7997475592776991	1.0392902984612031
0.8591759057906418	0.8000415450339242	1.0739141124905085
0.8829767899619733	0.8212506554992463	1.075161138745397
0.8367721761523924	0.809904007262575	1.0331745103726924
0.8726921248781158	0.8263308128893099	1.0561050262989724
0.8423493366173942	0.8102680320260814	1.0395934472585489
0.8247274103135137	0.7940848889757774	1.0385884705314812
0.8578953611601168	0.8101914954233829	1.0588797414021303
0.7931359116099612	0.7721375489450163	1.027195106226391
0.7933728919651466	0.7737451837177405	1.0253671475576722
0.8492450615980458	0.8118859492905307	1.0460152221382344
0.8563562490491966	0.8013073322142443	1.0686988807188824
0.9162470863274663	0.8367754746117702	1.0949736388396991
0.8113869843602659	0.7940418984227416	1.0218440437110157
0.7905696047544377	0.7816119600893476	1.0114604754308854
0.8254496426162176	0.772846799616737	1.068063739185524
0.8471840826486325	0.7956054250647623	1.064829444293535
0.818607715569372	0.8048381811380391	1.0171084508091586
0.8687376633826557	0.8165214431519029	1.0639496006733025
0.8236985958272334	0.7818870398416116	1.0534751874057047
0.8692861478294475	0.804100713039086	1.081066256668265
0.8038756357873312	0.7906798521222744	1.0166891613965348
0.8665588619937606	0.81960365403648	1.0572901398450705
0.90369480112937	0.8175179571983642	1.105412784113433
0.8362513051445063	0.7922009159895802	1.0556050722308248
0.833728486954262	0.7985020793482492	1.0441156116146437
0.8646193142877738	0.8083314734004768	1.0696346025603904
0.8545464363216322	0.8013516799504403	1.066381287644498
0.7996344006022114	0.7887072402677239	1.0138545201268576
0.8418498917758801	0.8041710814285006	1.0468542219653663
0.8229517937369517	0.7913330775047399	1.0399562676337417
0.8491807598739696	0.8034641421797686	1.0568993876567703
0.7633171514165815	0.759810185255812	1.0046155819293061
0.6997762675252253	0.7240788964827225	0.9664364904493842
0.8146507147593242	0.7756769816993887	1.0502447977437077
0.8624636762089346	0.8006639522531697	1.0771855955071448
0.7974893681288683	0.7668437892007968	1.0399632615659706
0.7714917076327136	0.7675049280329704	1.0051944677540519
0.8513229884564195	0.7983549388302419	1.0663464920800603
0.8364204353181602	0.7956986531577086	1.0511773923442604
0.8135785862328359	0.7568748017936292	1.074918314501726
0.8766157041318129	0.8011147583285358	1.094244856955081
0.8470665094059626	0.813169462489457	1.0416850957643347
0.8218348549507092	0.79868831399973	1.0289806931505787
0.7426923052831699	0.7448652026884539	0.9970828313667475
0.7838835852834539	0.7678673685643583	1.0208580509796117
0.8699248027375736	0.7949931730632566	1.0942544316268672
0.8399087286298466	0.7948862597306129	1.0566401398289258
0.7153008549623564	0.727024331112241	0.983874712787192
0.8208065393416081	0.7877840139705914	1.041918247622945
0.8187479807751736	0.7771769497954137	1.053489788896471
0.8001127497058896	0.7325192208148856	1.0922754338320435
0.7833249578641869	0.7624710213071253	1.0273504644429778
0.8327287993168506	0.7741220068654964	1.0757074362071937
0.875633146991095	0.7972840158486701	1.098270038762819
0.7832098896331019	0.7641596305334025	1.0249296852889256
0.8393058346169376	0.7939600836257134	1.0571133888546984
0.8519477695893259	0.787363130273091	1.082026496838675
0.7783677604501831	0.7590340479450529	1.0254714693727807
0.8113937769357166	0.7777978415683455	1.043193659807063
0.8432990103695648	0.7806917323197725	1.0801946215873952
0.8301523535526194	0.7730879423929731	1.0738136090740367
0.8405380874589128	0.7738685251677174	1.0861510193566102
0.7552511018777848	0.7562983016083418	0.9986153615202757
0.8180054466328177	0.7811980767323815	1.0471165649234508
0.7960991658087712	0.7730263425354554	1.0298473958825762
0.7568596056912626	0.7508875417898141	1.0079533399731384
0.8155992881579307	0.7726290753298818	1.055615578289883
0.7917790534593725	0.7536785766716474	1.0505526864727697
0.8438229401404554	0.7950183373700684	1.0613880214786406
0.8039595168595474	0.7682628719041756	1.0464641026669634
0.8127912743305681	0.7771298285990702	1.0458886590362702
0.8438396261728359	0.7772516776973315	1.0856710257258966
0.8692415904421689	0.8005117162949089	1.085857424380207
0.8149054099683173	0.7861628518562932	1.0365605650841387
0.8527545132846018	0.8034514127509715	1.0613641344718274
0.8184739200185239	0.7853146444598367	1.0422241910202696
0.8045789759194399	0.7703219076497844	1.044471107376619
0.8396042849364042	0.7871902282884603	1.0665837236850673
0.7691712704365732	0.7463921622293732	1.0305189541904645
0.7741678315914851	0.7502887039347323	1.0318265855950164
0.8361569720819603	0.79318117228435	1.0541815682208397
0.8380564336802316	0.7769000298520539	1.0787184984917866
0.9057858964021267	0.8172146292639949	1.1083818913250505
0.7859175539684522	0.7685390046405971	1.0226124493655102
0.7681696376424006	0.7575849815685558	1.0139715759041708
0.804083308668236	0.7453285836606488	1.0788306342942275
0.8240448752990978	0.7692647979034432	1.0712109504359908
0.7936264147530592	0.7803030304833429	1.0170746283805452
0.8483163934632674	0.7918241750974596	1.0713443970801404
0.8072533634479275	0.7602354884091719	1.0618464617287766
0.8546387800966263	0.7819137721897876	1.0930089870436337
0.7802825390954173	0.7664671451637959	1.0180247699053937
0.8472945129954393	0.7968068875572172	1.0633624360263787
0.8888277330535254	0.7939846142531541	1.1194520864734685
0.8215333862583235	0.7714475113813081	1.064924540086123
0.8084302148800229	0.7716489047723631	1.0476658618708339
0.8485754119315005	0.786046723777942	1.0795483096132372
0.8332988790519009	0.776407674714089	1.073274912382547
0.7753638177077116	0.7639239158812242	1.0149751848170518
0.825420533968235	0.7815362847074461	1.0561512627365934
0.8069201433075716	0.7700912279814573	1.0478240940656462
0.8313070320284767	0.780829495016323	1.0646460428740572
0.7421915681834365	0.7356671317639527	1.0088687344286262
0.6771278733116255	0.6983696080593027	0.9695838213711707
0.7920542858769526	0.7490374090653592	1.0574295439599863
0.8442410259557727	0.7773949044806531	1.085987341941451
0.7807759519020588	0.7475358783977208	1.0444661914764348
0.7481142169049616	0.742597307114242	1.007429207913719
0.8315164845588433	0.7742377259498756	1.0739808416577674
0.8183053488191435	0.7720899884531546	1.0598574791243949
0.7920054508672547	0.728238754595805	1.0875628986634227
0.8571141964343513	0.777040241801911	1.1030499455816516
0.8306799322160434	0.7921130933094822	1.0486885512085493
0.8013422860921194	0.7748138276036078	1.0342384938722124
0.3340078089829701	0.3000108798001845	1.1133189876494762
0.3086981493160857	0.29011801609838905	1.0640433623101693
0.4881286066516512	0.34370176330132984	1.4202097829323606
0.45763623335624	0.3572479523130015	1.2810044967179648
0.40817511717873584	0.32527656341615585	1.254855600083675
0.49111164078180336	0.38468208016391064	1.276668880891316
0.5046693948007016	0.36499160024940663	1.382687695979442
0.5441618414659186	0.33886176658283407	1.605851987827902
0.4315962021339437	0.35149277904166276	1.2278949323245876
0.47045342131888884	0.31062591354657565	1.514533723048024
0.5977636561002815	0.40478548035982537	1.4767418425406769
0.2727722904174489	0.27853434871708643	0.9793129345584224
0.433576673511802	0.34183772638562293	1.2683698727351396
0.533223097334416	0.3688167240074297	1.445767132088279
0.402299218759971	0.32345234111373483	1.2437666005901977
0.4300846282127408	0.3416086966071574	1.2589978899375878
0.5786656465626755	0.4077993969376396	1.418995836943733
0.3935825035535517	0.2733492847351616	1.4398519605964206
0.4181408412961148	0.29998342642110615	1.3938798095770246
0.3761447422047766	0.33262670202905503	1.130831469362674
0.4025105344730706	0.3344259601042225	1.2035863912826321
0.37392987300218705	0.33521446326436727	1.1154944490187073
0.4518113996401844	0.33526442145974006	1.3476270391978942
0.47561627162790554	0.3413995055477935	1.3931369668059541
0.4069910003905954	0.3182862211753401	1.2786950025285224
0.506386266917222	0.3770559859705423	1.3430002062260953
0.44486689313621813	0.3124869226974351	1.4236336333567459
0.4833727658255097	0.38258095865749475	1.2634522311870955
0.45204715510525234	0.3130329086750592	1.4440882813841647
0.5745348109891133	0.35225234142467693	1.6310319149772567
0.3666341150495978	0.3237366770747863	1.1325071918400575
0.47392126855894495	0.3800211288754364	1.247091891867642
0.449385496432874	0.36384240239813775	1.2351102935526739
0.38131375465035255	0.3216623355404343	1.1854473232301077
0.4634156481621988	0.33800945584711906	1.3710138581797566
0.29474924061773417	0.2652780211827335	1.1110955943639964
0.3804883502863701	0.3091616551921505	1.230710031132058
0.5212570882260993	0.39634150793700546	1.31517158255589
0.5992198817263922	0.3739381048091596	1.602457396076834
0.5782487547237611	0.37311729651558456	1.549777402773416
0.495630134767714	0.38809765545464875	1.2770758282141466
0.38895895617194715	0.337767725579601	1.151557495626627
0.5129676399917102	0.3211343642170513	1.5973614074045368
0.47848583233659747	0.3509574471556278	1.363372785545761
0.3520468808755012	0.32684060481271215	1.0771210054431053
0.532537555563553	0.3593293882217404	1.4820317319409642
0.447431453159412	0.3296954940031527	1.3571051509582763
0.43471291917624577	0.2998671352903347	1.4496851038889336
0.3880039687374418	0.3347905601921686	1.158945367261039
0.4989066425438455	0.3566759125361803	1.3987674104380055
0.5481284136594284	0.31216621213087536	1.7558864231905602
0.5051275382422985	0.3771288945832435	1.3394029083889298
0.4386853388553472	0.3247481214128115	1.3508479647144798
0.5342957126765404	0.3611727471469167	1.4793356278877854
0.4172754197661343	0.29299710929810835	1.4241622409372634
0.34144733807958433	0.31564972948026215	1.0817285940393475
0.46582515920204354	0.3565512965227281	1.3064744505068708
0.45287664066512084	0.3265966778154735	1.3866541561117631
0.47031393247784575	0.34032950154722336	1.3819370061651446
0.4230627008526443	0.3263249904107207	1.296445915221409
0.324203688732584	0.2739464797228814	1.1834563052627716
0.5039850163393846	0.35152504221009345	1.433710136753704
0.593261079061648	0.4096629393120389	1.4481687800657093
0.5508912055489539	0.368900763806961	1.4933317021735013
0.3606121131791066	0.3195290144881035	1.1285739223300884
0.4099816478723973	0.27541712458543743	1.4885844461905144
0.5457533868006764	0.3901508388987622	1.3988266393098556
0.439381919927012	0.25031738503909406	1.7552992568150638
0.4564949690128876	0.3164595549309243	1.4425065127596788
0.43451339209754997	0.3483354417160647	1.247399317040299
0.3797977103001011	0.3299943852487973	1.1509217346645304
0.31987898880040805	0.2894256527698817	1.1052198923595047
0.2963915979740313	0.27784334221602375	1.0667579637146254
0.47317032076881316	0.33204692009467324	1.4250104191115605
0.44694312855955315	0.34684791128345943	1.2885853252098483
0.38661266408806677	0.30994415608849785	1.24736232799846
0.4767892020460353	0.37251233862344807	1.2799286160773184
0.4928411362365085	0.352992843429228	1.3961788331137055
0.539064328231612	0.32958113271892286	1.6356043314267719
0.4134783030751631	0.33744069403914145	1.2253362157535204
0.45544993614783746	0.2984912508464084	1.5258401539621467
0.5928471624436112	0.3959344365884629	1.497336699358184
0.26714057272850844	0.2696170802838596	0.9908147230407516
0.4249594143477449	0.33380473033347685	1.2730778677797734
0.5203517776949274	0.3576751086371641	1.4548168578954346
0.3925050938646646	0.31234768865907897	1.2566287765717254
0.4184546259043621	0.3309902399461734	1.2642506497243315
0.5704889297486885	0.396530170946203	1.4387024533023145
0.3893381773528421	0.2643317906290551	1.4729146896266152
0.41350035181511824	0.2927496179452634	1.4124710212002125
0.36220346283011495	0.32027389358458963	1.1309178490205323
0.39255103322178314	0.32504046876009524	1.2076989512081828
0.3662200373023892	0.325282516190116	1.1258522025461297
0.44263623707619565	0.32463040999445025	1.3635082341292757
0.4634991692632154	0.33035202256791313	1.4030462585345005
0.3918439922693251	0.3033243271175845	1.291831736652714
0.49380146184156304	0.36500209855694515	1.3528729390703036
0.43700693460935197	0.3028458911716628	1.4430010356707874
0.4752954614498707	0.3725281736125824	1.2758644717813024
0.444631735119837	0.30298592498658505	1.4674996376136067
0.5711465964717618	0.3453408367762022	1.6538634752943882
0.36145776463154194	0.31640471923390795	1.142390560756231
0.4643443170210031	0.37007810358451904	1.254719780833927
0.4372431211404599	0.3529300591117127	1.2388945340642112
0.37727342242047335	0.31466529849679464	1.1989673606297468
0.45592998746458446	0.32855422933573225	1.3876856444258205
0.29100756780618603	0.2575202413876398	1.1300376476742209
0.37193066735851565	0.2974170290283391	1.2505358841543555
0.5139092283960475	0.3875286336985645	1.3261193721127378
0.5939648561915886	0.3641629808801192	1.6310412847458513
0.5698850669657889	0.36421412348862153	1.5646978802116462
0.4783551551268611	0.37513262187444	1.2751627750651089
0.3800725164668885	0.3276937870765047	1.1598404713671158
0.48544457335288427	0.30616542338854846	1.5855630200828268
0.46502475008454885	0.3388745647483546	1.3722621832944952
0.3457344850623699	0.31760119980228385	1.0885805383531293
0.5214112940526299	0.3475727821634815	1.50014995652733
0.4306170519980869	0.31533228503307215	1.3655977279742342
0.4246861788316804	0.28830038364469257	1.4730683791079258
0.36994287909586326	0.32187212488564493	1.1493473665273033
0.4927512203241267	0.349314277098221	1.4106243363925655
0.5373750084401441	0.30477336821285655	1.763195424820834
0.4965410950580313	0.36673132892897986	1.3539642127334859
0.42357672916268485	0.3129108398801676	1.3536658855439392
0.5191727569114636	0.3486296515656897	1.4891812976316494
0.40687453883980984	0.2810978538764041	1.4474480442625808
0.33327915360915766	0.30593638789318156	1.089374022829618
0.46172845190900347	0.34803948028302856	1.3266553884447883
0.4439838097199015	0.3184505254609335	1.3942002735818
0.45667109557888963	0.3287302288828706	1.3891971454246923
0.40855678263917417	0.31494045171379464	1.2972508943070111
0.30407533462396197	0.25982456895371947	1.1703101667730451
0.49687333936214567	0.34387088038387087	1.4449415978679983
0.5836090664102892	0.3978131989515337	1.46704299391884
0.535355857165884	0.35584635981759594	1.504457871763261
0.35198160396405237	0.30982263919100383	1.1360745130928207
0.4025141717927563	0.2688190947174017	1.4973421892366041
0.5403719866772577	0.380302010318182	1.4209022619290184
0.4189645571451014	0.23686858659420704	1.768763697918514
0.4501019043164915	0.31066051248337373	1.4488545734971081
0.42678401188396603	0.33984357620798716	1.2558248610907112
0.3716696289168658	0.3198972695637824	1.161840579082407
0.4547665661401986	0.35107741759975436	1.2953455373158038
0.3392122382093972	0.32050922846595853	1.0583540443841701
0.5097183523220312	0.344954667353839	1.4776386596885354
0.5018287913095879	0.3732717528704794	1.34440601907457
0.4758298166955791	0.3674255528005985	1.2950373567344444
0.49519735585534264	0.3931085844893404	1.2596961129674096
0.5256524181714507	0.36282906353625477	1.4487605073536955
0.647417955206471	0.37308133963317236	1.735326553300781
0.4833364830726268	0.38038072194704053	1.2706650342283132
0.4160170556226385	0.3057259432904894	1.360751564440688
0.6287001136883436	0.42850863432579184	1.4671819032947366
0.2842876145269186	0.27891921525124613	1.0192471474969433
0.40690046461418145	0.33480299549540105	1.2153429631419495
0.5452638998169417	0.37873003917446585	1.4397165353069876
0.4876684988919772	0.37880800737303694	1.2873764265804928
0.4741432078696796	0.3632049739510561	1.3054424963177214
0.6368040657344581	0.4175006218712446	1.5252769274457412
0.379205668856781	0.2673464947075704	1.4184052395060003
0.4333345037943092	0.29119354867918007	1.4881322260052254
0.4165966008408432	0.35390973470694587	1.1771267077064298
0.41388949442255546	0.3221411922051718	1.2848077316326225
0.4187485864501153	0.3452716342133086	1.2128091188383368
0.48391898119505333	0.38042809462528276	1.272037969939386
0.4405254639265098	0.3399245657919445	1.2959506556997102
0.4517005028217324	0.3410002121984898	1.3246340813383601
0.5192770366540861	0.3842621221351629	1.3513614971174082
0.48777102476152484	0.3411619333607484	1.4297346129931512
0.5338784676356365	0.413047309882935	1.2925358787276626
0.5182069164247122	0.3477565904188224	1.4901426190100584
0.5644572358459948	0.360378532448773	1.5662898453204372
0.38208607605327705	0.33656454475610353	1.1352534959680953
0.47112468870179697	0.38140367505282785	1.2352389856666743
0.46989967946371736	0.3762317549678996	1.2489633670177829
0.4366892330389982	0.3432739675992712	1.2721303514304863
0.48981219549552973	0.34149577296839384	1.43431408019467
0.3553141852663227	0.2910470912672683	1.2208133869994184
0.37392667551720393	0.32063787184353487	1.1661962243177344
0.5425494235465373	0.40277989722183666	1.34701217039072
0.5644999494433407	0.36563880057873094	1.5438732118961487
0.5842003472710176	0.3581480699253545	1.631169888456406
0.49189710828543776	0.4032997401470311	1.2196811932140266
0.3983450960795999	0.3505619633900777	1.1363043846156031
0.5663363408008373	0.3383081579936517	1.6740250786723991
0.48397706078487146	0.3635437374167665	1.3312760225877311
0.36537860118640636	0.31634013749239337	1.1550181525579952
0.6052132695407845	0.3736442594954181	1.619757976097599
0.46922603672669067	0.3667002847381836	1.2795900528457684
0.44775781470141446	0.2797326372269256	1.6006634733085612
0.44032077708301737	0.37115050607010636	1.1863671741830941
0.5236124001543538	0.3415470344873704	1.5330608884959176
0.5388915178619813	0.3006346064976131	1.7925132576720169
0.5948606981807838	0.41487837049778253	1.4338195010432901
0.47527116779041206	0.3241366782749819	1.4662677803689188
0.5460503598713977	0.37156981653831905	1.4695767405399167
0.46361167296447897	0.289536233786962	1.6012216049808812
0.41916628472091494	0.34573413133298425	1.2123948627947483
0.4847054543432873	0.3514812375060916	1.3790364964641584
0.4495239269341484	0.34785315681928736	1.2922807170833865
0.4684423771134585	0.35112128903069884	1.334132653723831
0.4396888830891192	0.34068787675877693	1.2905915152373904
0.43427366741197015	0.3292542827479173	1.3189613322188962
0.5354711061383074	0.376084155127512	1.42380661040281
0.6918933384198581	0.429069982961831	1.612541929975575
0.5778679467717083	0.40276944679789045	1.4347363022838278
0.3792919528709115	0.3251913408877074	1.1663654752784014
0.36709863582498153	0.28615659048401976	1.282859273672685
0.6264766083942633	0.43260290310147476	1.4481562742710306
0.48943480781772003	0.2702170877985749	1.8112652008985985
0.47629378430795927	0.30589707627280416	1.5570393483695557
0.41131162224590256	0.33617175218133044	1.2235163114598688
0.38360413633441637	0.33692600817336504	1.1385411842027735
0.439253455818122	0.33372326420548354	1.3162206622420554
0.33584364961060786	0.3076452677910537	1.0916587536743971
0.5012831651195886	0.3328106367405015	1.5062113700123358
0.4876315128682901	0.3600039144502631	1.354517251882992
0.4415475928912781	0.34532807212749517	1.2786322008836244
0.4681615765499739	0.3727493442326902	1.2559688804112887
0.5011344923265683	0.34213196513054933	1.4647403440814055
0.616129839489161	0.34895079419435426	1.7656639553197195
0.45413336542102917	0.358472867950712	1.2668556145327852
0.39175884296300195	0.28272313758149126	1.3856624764221237
0.6198689277951575	0.41377069594101634	1.498097699706411
0.2861394148891741	0.2733732560432554	1.0466986384502028
0.4019476655099184	0.32429408125819004	1.2394542137508322
0.5283339859245524	0.3611376705024376	1.4629711300665496
0.47272014034804577	0.36220690443995224	1.3051107931776456
0.45812886018067267	0.34715655579503446	1.3196606906399821
0.6116817519013936	0.3940510638179211	1.5522905736502033
0.3670860302345286	0.2604348271853831	1.4095120618151002
0.430743016119233	0.2863316282455824	1.5043501088527709
0.38683164169393564	0.3315495085574958	1.1667386972671474
0.3881909107761405	0.30063587098733385	1.2912328442419814
0.41209628212434146	0.33391063864179765	1.2341513999091758
0.46081824924107645	0.35884117920830283	1.284184413443746
0.4238993571468539	0.3254897099159084	1.3023433436847205
0.42747005162472307	0.3224348117095319	1.3257565129469115
0.5046277379998841	0.36792439470060495	1.3715528115783686
0.48490656129404736	0.3303143796235525	1.4680152945405467
0.50960544287108	0.3923678280994597	1.2987951773199464
0.5110979445237933	0.3355373052796807	1.5232224151582114
0.5659951997324363	0.35088448076449574	1.6130528158420239
0.3706874838418383	0.32399502019727383	1.144114757122299
0.4655626056757008	0.37095079250723195	1.2550521931197232
0.4582774495386284	0.3605615350144756	1.271010368646866
0.4176735533620923	0.3248610287077044	1.2856991650355711
0.48484429054813416	0.33286136986672893	1.456595250876532
0.3433577318543486	0.27529883501347746	1.2472182522586384
0.359076258650626	0.30333971727190334	1.1837429726644149
0.5225311815335711	0.3849995757384523	1.3572253437716781
0.5448335962777069	0.34645004348820513	1.5726180628874873
0.5750770426019388	0.34088001916176097	1.6870365239243963
0.4645011405317001	0.3821534389209359	1.21548334575579
0.37834307005301293	0.33316650372836615	1.1355975640380693
0.5521019473255093	0.3181260800531805	1.735481565149313
0.451942684107964	0.34141607945402985	1.3237299333724442
0.3516939103426232	0.30026437022676045	1.1712808618519175
0.5803203494993546	0.35203614112711507	1.6484681022844456
0.44255308003205823	0.34298496717134325	1.290298766391631
0.4336971550803454	0.2652217517781944	1.635224683392663
0.41878936643175135	0.35134961344023724	1.1919448617893107
0.5210955389321249	0.3387963778662154	1.5380788372474754
0.5306025550684589	0.29316219726675713	1.8099282923086009
0.5754307652878308	0.39553395220714704	1.4548201540647239
0.46350703655621606	0.30868680680957417	1.501544692974679
0.5217767795463495	0.3535522316419277	1.4758124340586742
0.4514851242213133	0.2807290042143328	1.608259629192467
0.40404385207917787	0.3333211692272522	1.2121757913422782
0.4875704645101211	0.34350393758508435	1.4194028398563907
0.43082930752816345	0.3305460629267549	1.3033865952402226
0.4492418323951383	0.3344983598879405	1.3430314951189528
0.4236585328910183	0.3234443492371029	1.3098343931198277
0.39991291366462967	0.30167833965153323	1.3256268717421562
0.5224699872308096	0.36115542826820224	1.446662423810536
0.6675236072948723	0.40748675017681385	1.6381480060522826
0.5583837383502371	0.384537658749321	1.452091168824237
0.3533437531008341	0.30582955440405185	1.155361697431008
0.3553075894563206	0.2716088423388719	1.3081591394326635
0.6136240531916837	0.4162608727804343	1.4741333940251282
0.4812342279980654	0.24565943909010957	1.9589486558322124
0.47202367837345893	0.3012797044796926	1.5667290937789509
0.40568103874166467	0.32532492947213476	1.2470026179669478
0.3701406621117151	0.32077966746348313	1.1538781900939876
