0	1.0	0.9999908111549421	1.0000091889294935
0	1.0	0.9999908111549421	1.0000091889294935
0	1.0	0.9999908111549421	1.0000091889294935
0	1.0	0.9999908111549421	1.0000091889294935
0	1.0	0.9999908111549421	1.0000091889294935
0	0.9997357878090597	0.999861567307303	0.9998742030873513
0	1.0	0.9999908111549421	1.0000091889294935
0	1.0	0.9999908111549421	1.0000091889294935
0	1.0	0.9999908111549421	1.0000091889294935
0	1.0	0.9999908111549421	1.0000091889294935
0	1.0	0.9999908111549421	1.0000091889294935
0	1.0	0.9999908111549421	1.0000091889294935
0	1.0	0.9999908111549421	1.0000091889294935
0	1.0	0.9999908111549421	1.0000091889294935
0	1.0	0.9999908111549421	1.0000091889294935
0	1.0	0.9999908111549421	1.0000091889294935
0	1.0	0.9999908111549421	1.0000091889294935
0	1.0	0.9999908111549421	1.0000091889294935
0	1.0	0.9999908111549421	1.0000091889294935
0	1.0	0.9999908111549421	1.0000091889294935
0	1.0	0.9999908111549421	1.0000091889294935
0	0.9989410185026011	0.9994697018853685	0.9994710361086783
0	1.0	0.9999908111549421	1.0000091889294935
0	1.0	0.9999908111549421	1.0000091889294935
0	1.0	0.9999908111549421	1.0000091889294935
0	1.0	0.9999908111549421	1.0000091889294935
0	1.0	0.9999908111549421	1.0000091889294935
0	1.0	0.9999908111549421	1.0000091889294935
0	1.0	0.9999908111549421	1.0000091889294935
0	1.0	0.9999908111549421	1.0000091889294935
0	1.0	0.9999908111549421	1.0000091889294935
0	1.0	0.9999908111549421	1.0000091889294935
0	1.0	0.9999908111549421	1.0000091889294935
0	1.0	0.9999908111549421	1.0000091889294935
0	1.0	0.9999908111549421	1.0000091889294935
0	1.0	0.9999908111549421	1.0000091889294935
0	1.0	0.9999908111549421	1.0000091889294935
0	1.0	0.9999908111549421	1.0000091889294935
0	1.0	0.9999908111549421	1.0000091889294935
0	1.0	0.9999908111549421	1.0000091889294935
0	1.0	0.9999908111549421	1.0000091889294935
0	1.0	0.9999908111549421	1.0000091889294935
0	1.0	0.9999908111549421	1.0000091889294935
0	1.0	0.9999908111549421	1.0000091889294935
0	1.0	0.9999908111549421	1.0000091889294935
0	1.0	0.9999908111549421	1.0000091889294935
0	1.0	0.9999908111549421	1.0000091889294935
0	1.0	0.9999908111549421	1.0000091889294935
0	1.0	0.9999908111549421	1.0000091889294935
0	1.0	0.9999908111549421	1.0000091889294935
0	1.0	0.9999908111549421	1.0000091889294935
0	1.0	0.9999908111549421	1.0000091889294935
0	1.0	0.9999908111549421	1.0000091889294935
0	1.0	0.9999908111549421	1.0000091889294935
0	1.0	0.9999908111549421	1.0000091889294935
0	1.0	0.9999908111549421	1.0000091889294935
0	1.0	0.9999908111549421	1.0000091889294935
0	1.0	0.9999908111549421	1.0000091889294935
0	1.0	0.9999908111549421	1.0000091889294935
0	1.0	0.9999908111549421	1.0000091889294935
0	1.0	0.9999908111549421	1.0000091889294935
0	1.0	0.9999908111549421	1.0000091889294935
0	1.0	0.9999908111549421	1.0000091889294935
0	1.0	0.9999908111549421	1.0000091889294935
0	1.0	0.9999908111549421	1.0000091889294935
0	1.0	0.9999908111549421	1.0000091889294935
0	1.0	0.9999908111549421	1.0000091889294935
0	1.0	0.9999908111549421	1.0000091889294935
0	1.0	0.9999908111549421	1.0000091889294935
0	1.0	0.9999908111549421	1.0000091889294935
0	1.0	0.9999908111549421	1.0000091889294935
0	1.0	0.9999908111549421	1.0000091889294935
0	1.0	0.9999908111549421	1.0000091889294935
1	0.7801449588668007	0.8423982253067455	0.9260999553776644
1	0.8598702161686497	0.8688169652456758	0.9897023775606221
1	0.9634108339507157	0.8969995947545137	1.0740370894084708
1	0.9414446235869477	0.897343084854044	1.0491467973368034
1	0.8468851381722468	0.8647464282341525	0.9793450548291026
1	0.9068634328717919	0.8840722286485257	1.0257797988498145
1	0.9180114537126645	0.8755565736212084	1.0484890198652352
1	0.7528382018147627	0.7263202948339194	1.0365099353129144
1	0.8510863808574431	0.8605322099294851	0.9890232707584345
1	0.9475123277673697	0.8966479135437951	1.056727298926671
1	0.9407049737656701	0.8951898222358685	1.0508441342821802
1	0.8713173702166818	0.8683333877402999	1.0034364479340674
1	0.9249891316547698	0.8970201444505003	1.0311798875167992
1	0.964543520193087	0.9097877746416193	1.0601851850262958
1	0.8432772585218195	0.8384315257460992	1.0057795211975218
1	0.9101320148232145	0.8785116379679562	1.035993122331763
1	0.9202621340846605	0.8229990521644759	1.118181280603403
1	0.9642803798645738	0.8982910763093565	1.0734609363218162
1	0.8667587020294546	0.8779118368994765	0.9872958372341676
1	0.9103888630151918	0.8582475711126343	1.0607532064844196
1	0.8101625263285634	0.8607125940957288	0.9412695153830373
1	0.9376360696348643	0.8971150667169027	1.0451681221521036
1	0.8035023316900606	0.8330250565596192	0.9645596196211828
1	0.8337186694835613	0.8558219248555263	0.974173067164999
1	0.9169252178457262	0.886457347268571	1.0343703740185983
1	0.9121711916235009	0.89180610159673	1.0228357823413725
1	0.9159161164852075	0.8863004698018686	1.0334149057711315
1	0.8273963589226243	0.8520513005898647	0.9710640173306795
1	0.8825880277989089	0.8704736375093826	1.0139170099673418
1	0.9436376796120265	0.9018662292904299	1.0463166808612643
1	0.9404756212770609	0.9017528823444747	1.0429416303410204
1	0.9007779487674314	0.8949748225407345	1.0064841223244947
1	0.8677198702676834	0.8666428521285027	1.0012427473861183
1	0.9391930224377905	0.9034442013448913	1.0395694842467111
1	0.9118706396630852	0.8805417245898726	1.035579137476767
1	0.8782047165938549	0.8745418587968316	1.0041883161568306
1	0.9401222118967933	0.8933809806598517	1.0523194832314635
1	0.7688623827832104	0.8438268721191882	0.9111612917141263
1	0.8996126504896877	0.8873536150723415	1.0138152763555788
1	0.9109104521561473	0.8795531729077952	1.0356513741456759
1	0.8868107139928618	0.8661790961577697	1.0238191130755876
1	0.9636814253748769	0.9092224592459869	1.0598961954525987
1	0.9092970967386422	0.8820152735280112	1.0309312367137422
1	0.7951877243136913	0.8365464480224594	0.9505601586062109
1	0.9242437648290432	0.8691852934381331	1.0633449182890817
1	0.9328385840083883	0.8791343426685497	1.0610876389799802
1	0.8779809921674816	0.878769815499606	0.9991023549987593
1	0.9441991891527767	0.9035652775368794	1.0449706431024721
1	0.9399749027348444	0.8927014390353768	1.0529555141644553
1	0.9352986099752504	0.8947317800826455	1.0453396546268399
1	0.9192633029815832	0.8974265475175581	1.0243326381690283
1	0.9029122602117721	0.887496499979805	1.0173699391854705
1	0.9212975152209634	0.8789058971053202	1.0482322604220318
1	0.9047908804349102	0.8806805852401386	1.0273768896451798
1	0.9239149471943761	0.8868452428022227	1.041799518792052
1	0.9256745531381821	0.8843979853297669	1.046671937852758
1	0.9217328284925586	0.8526356261534809	1.0810395439970035
1	0.8300421002530121	0.83382840553741	0.9954591313281567
1	0.8436493030289369	0.8802497682335535	0.9584203637132848
1	0.8803093473657284	0.8555989348147636	1.0288808360383415
1	0.9254881924608312	0.8862039285368876	1.0443286953024475
1	0.8499223619121956	0.851495748763117	0.9981522082133624
1	0.8293536361097626	0.8486913580606025	0.9772146590545829
1	0.7899066669142311	0.8235063510044458	0.9591992410875367
1	0.9312843094643604	0.8727479278537945	1.06707134986217
1	0.9366508338211971	0.8939955124590215	1.04771312693153
1	0.8269704353118119	0.8296890720093633	0.9967233066105508
1	0.8921480515505239	0.8637348584355113	1.0328957351176928
1	0.7320347168778131	0.8361735580658016	0.8754578637611099
1	0.8911561821558912	0.8760372364431113	1.0172583368421255
1	0.9518538106529761	0.8724274014495245	1.091040709028036
1	0.9192407651417761	0.8973038124355259	1.024447631228388
1	0.8358739531974638	0.860714942001289	0.9711391221510967
2	0.8374707001291908	0.8359488563408434	1.0018204986786021
2	0.8774856324683727	0.8632035018851081	1.0165454965741851
2	0.9026782850846018	0.8757815408015863	1.0307117049514396
2	0.9113964662360217	0.8764453215702126	1.0398782945217753
2	0.7860138569341347	0.8210245650165141	0.9573572952939902
2	0.8127369937667775	0.8469383862001584	0.9596176144680045
2	0.8519758419832578	0.8442222031184886	1.009184357904978
2	0.8848660974321214	0.8339448642638126	1.0610606712150699
2	0.8872828562354265	0.8533637695113354	1.0397475120645376
2	0.8715805031075721	0.848230262018373	1.0275281867846082
2	0.7303386364320388	0.7951965493877692	0.9184378843121676
2	0.8580477946988861	0.8561175537450614	1.0022546447568805
2	0.894009441648361	0.8740592066355173	1.0228248096483503
2	0.9256307604896656	0.8793518861282812	1.0526283903991458
2	0.8247697936357835	0.8491059159919845	0.9713391204820782
2	0.841036920475768	0.8545273680987369	0.9842129718408151
2	0.9165130587917435	0.8769685644073344	1.0450922598475736
2	0.8293803056837125	0.8289627601580447	1.0005036963609657
2	0.8312873447868776	0.8473609162014346	0.9810310210121421
2	0.9072001749325332	0.848249129683058	1.069497324767668
2	0.8079101964706216	0.8421431704006932	0.9593501733039247
2	0.8703579934567743	0.8716774142300053	0.9984863428239718
2	0.8694092637397308	0.8638901843690655	1.0063886353503324
2	0.8835282410751766	0.8628691516272022	1.023942320117732
2	0.8506578540793257	0.8544752453060336	0.9955324730029591
2	0.833472931427481	0.838682226032753	0.9937887146721665
2	0.8491862640181467	0.8520168733393133	0.9966777543852241
2	0.8746240369920569	0.8721846593788546	1.0027968591134584
2	0.9013803058977736	0.8688260764644516	1.0374692131315812
2	0.8549690900384792	0.812383932307542	1.052419990151671
2	0.9170318312609195	0.8744396519274448	1.0487079688570764
2	0.8966263664194866	0.8737696055614083	1.026158795994503
2	0.8748996878212557	0.8653757485850468	1.0110055536589524
2	0.8030039946671564	0.8194406158707203	0.9799416566799064
2	0.8760706241396438	0.8527307739362475	1.0273707140832484
2	0.9035197212492899	0.8775044262170327	1.0296469103231882
2	0.8779421840652468	0.8580856965983291	1.0231404480294146
2	0.8540503274662687	0.844452805793749	1.0113653736557824
2	0.8124291202289154	0.8491171869796011	0.9567926932662981
2	0.7705533706698853	0.8081142524882619	0.9535203324248731
2	0.9104037462432402	0.8667397946664894	1.05037723183525
2	0.9352243265208946	0.8799396489101292	1.0628278060651541
2	0.8405547119833879	0.8446460680867954	0.9951561295813821
2	0.8545778531649063	0.8535570279382493	1.001195966049419
2	0.8108510984284797	0.8266974330781384	0.9808317601874531
2	0.8969321386974456	0.8581082828331614	1.0452435393539168
2	0.8856740519066034	0.8694772005557577	1.018628264594509
2	0.8646942969160735	0.8489566444321816	1.0185376398042305
2	0.7723620158487491	0.8301251568392133	0.9304163468429227
2	0.9244628534161202	0.8679989941569488	1.065050604481417
2	0.8738005141002381	0.868224640760587	1.0064221551403638
2	0.8527976411174543	0.8382187179421127	1.0173927435206098
2	0.9052320503178218	0.8614087558714691	1.050873983051191
2	0.8842792927625928	0.8553437589294953	1.0338291283837877
2	0.7971807474304452	0.8032714318094738	0.992417650948561
2	0.8984175327929329	0.8711869708535563	1.0312568516867247
2	0.9046063142801566	0.8707882143726107	1.0388361938636381
2	0.8488273728100425	0.8584391380631525	0.9888032070918895
2	0.8145093174977092	0.8483239420571584	0.9601394904905667
2	0.8883603478433498	0.8706318092781756	1.0203628426807339
2	0.8386389027588776	0.8503213038766758	0.9862611920170208
2	0.8381943550064771	0.8348943582735878	1.0039525919659023
2	0.8198836273907482	0.822552244511028	0.996755686780885
2	0.7503595623013979	0.8204476877034456	0.914573315943842
2	0.8894008959818559	0.8462496390274653	1.050991167339204
2	0.8513472310754413	0.8414753868490781	1.0117315899913941
2	0.8550567858331785	0.8612092971501097	0.9928559627290474
2	0.9020273914348935	0.8807656701019869	1.024140043208592
2	0.8086995262639843	0.8229655272820783	0.9826651292852949
2	0.6906709490859799	0.7821980544428659	0.8829873011866824
2	0.9288976485584274	0.8758099700404702	1.0606155220127307
2	0.9117099586151016	0.8828186720490885	1.0327261843011932
2	0.8638044806024925	0.8633328876977404	1.0005462468897828
3	0.8374253109780008	0.8359163388464228	1.0018051712371843
3	0.8774878246427487	0.8632026093776323	1.0165490872130427
3	0.9026441459031775	0.8757445606196289	1.0307162459159507
3	0.9113435553295175	0.8764099533189783	1.0398598873486604
3	0.7860904539092084	0.820986909946861	0.9574945037309898
3	0.812728671578089	0.8469211570406597	0.9596273098406854
3	0.8519688158885707	0.8442048991515282	1.0091967207781496
3	0.8849157754154011	0.8339427630211521	1.0611229147304875
3	0.8872916347995217	0.8533272237534669	1.0398023291658949
3	0.8715716256321872	0.8482364828653327	1.02751018523517
3	0.7301948952314716	0.7950871606000427	0.9183834570796016
3	0.8580558371170268	0.8561047608500486	1.0022790157889567
3	0.8939785273542532	0.8740225596794585	1.0228323256119538
3	0.9255867491098617	0.87932691930099	1.0526082265804455
3	0.8247846145277026	0.8491029039389129	0.9713600209133665
3	0.8410669120112624	0.8545173519607292	0.9842596058247335
3	0.9165102620056659	0.8770372028606741	1.0450072802114216
3	0.8291572403023056	0.8288776613688393	1.0003372981882568
3	0.8314268835564733	0.8473266934033467	0.9812353252049565
3	0.9071914319187054	0.8482367868455903	1.069502579925064
3	0.8079980304701393	0.8421349402868529	0.9594638481511221
3	0.8703258379839036	0.8716673003590563	0.9984610385469318
3	0.8694013566119981	0.8638610668073071	1.0064134037492476
3	0.8835482470447178	0.8628468815504612	1.023991934069528
3	0.8506403751860703	0.8544460256432997	0.9955460610231475
3	0.8334602014185581	0.8386624986425244	0.9937969120684581
3	0.84917697565948	0.8520136214904129	0.9966706567132451
3	0.8746206435062959	0.872194588063303	1.002781552965583
3	0.90137383037826	0.8688059820079469	1.0374857552143504
3	0.8548959282240288	0.8122988983007933	1.0524400931877935
3	0.9170237410543816	0.8744070751962782	1.0487377870867949
3	0.8966078842034677	0.873735159849753	1.026178097671665
3	0.8748823048213861	0.8653548979996529	1.0110098259612983
3	0.802988107514252	0.8194234944340918	0.9799427438540917
3	0.8760598550636146	0.8527219860132471	1.0273686728302616
3	0.9035158125791198	0.877488981215835	1.0296605791302615
3	0.8778294969820454	0.858027947596944	1.023077977169111
3	0.8540607429942219	0.8444452157915994	1.0113867981282938
3	0.8121320303745359	0.8490079194556299	0.956565906823651
3	0.7704061021476285	0.8080110692379917	0.9534598367249756
3	0.9103821250160997	0.8667031328299638	1.0503967166283512
3	0.9352137915040281	0.8799143411649952	1.06284640191887
3	0.840363977321092	0.8445986616653121	0.9949861578801577
3	0.8545912343107189	0.8535164175138982	1.0012592807528546
3	0.8108383827050377	0.8266794952316031	0.9808376612484777
3	0.8969295895494456	0.8580768788067159	1.0452788225651297
3	0.8856639737060672	0.8694616676179711	1.018634871083489
3	0.8646868784130806	0.8489399330615061	1.0185489511546322
3	0.772297669438904	0.8300754150615539	0.9303945827399726
3	0.9244438549654049	0.8679618378086933	1.065074309372068
3	0.8737257642570003	0.868172304074808	1.006396725806763
3	0.8527859545679826	0.838200933511152	1.017400387512974
3	0.9052311409964098	0.8614177120557397	1.0508620014744194
3	0.8843061405509305	0.8552961761964818	1.0339180334974214
3	0.7971246214762	0.8032173325634457	0.9924146170155455
3	0.8983958520267649	0.8711600079489025	1.03126388244335
3	0.904601529410829	0.870790583328324	1.0388278728891087
3	0.8487840083768607	0.8584155838347463	0.9887798222221701
3	0.81459347656004	0.8483109812765367	0.960253367620258
3	0.888347862842337	0.8706148785353557	1.020368345113529
3	0.8385122091828988	0.8502553452880824	0.9861886947606253
3	0.8382039934133866	0.8348985202919388	1.0039591316083445
3	0.8197944092343933	0.8225062623470641	0.9967029392518758
3	0.7503618123083876	0.820418783155541	0.9146082802033173
3	0.8894002320540275	0.8462303886005927	1.0510142911847264
3	0.8510919397153951	0.8414130447319377	1.011503143484709
3	0.8550403974267013	0.861210913188912	0.9928350701695566
3	0.9020275511189894	0.8807496024743933	1.024158908031088
3	0.8086959564822079	0.8229617088525334	0.9826653509915834
3	0.6906120124062098	0.7821391381486463	0.8829784608924126
3	0.9288917937933999	0.8758138967363044	1.0606040818202231
3	0.9116120340819301	0.8827987262527823	1.0326385924359585
3	0.8637785540066387	0.8633011898685057	1.000552952021537
4	0.8374253109780008	0.8359163388464228	1.0018051712371843
4	0.8774878246427487	0.8632026093776323	1.0165490872130427
4	0.9026441459031775	0.8757445606196289	1.0307162459159507
4	0.9113435553295175	0.8764099533189783	1.0398598873486604
4	0.7860904539092084	0.820986909946861	0.9574945037309898
4	0.812728671578089	0.8469211570406597	0.9596273098406854
4	0.8519688158885707	0.8442048991515282	1.0091967207781496
4	0.8849157754154011	0.8339427630211521	1.0611229147304875
4	0.8872916347995217	0.8533272237534669	1.0398023291658949
4	0.8715716256321872	0.8482364828653327	1.02751018523517
4	0.7301948952314716	0.7950871606000427	0.9183834570796016
4	0.8580558371170268	0.8561047608500486	1.0022790157889567
4	0.8939785273542532	0.8740225596794585	1.0228323256119538
4	0.9255867491098617	0.87932691930099	1.0526082265804455
4	0.8247846145277026	0.8491029039389129	0.9713600209133665
4	0.8410669120112624	0.8545173519607292	0.9842596058247335
4	0.9165102620056659	0.8770372028606741	1.0450072802114216
4	0.8291572403023056	0.8288776613688393	1.0003372981882568
4	0.8314268835564733	0.8473266934033467	0.9812353252049565
4	0.9071914319187054	0.8482367868455903	1.069502579925064
4	0.8079980304701393	0.8421349402868529	0.9594638481511221
4	0.8703258379839036	0.8716673003590563	0.9984610385469318
4	0.8694013566119981	0.8638610668073071	1.0064134037492476
4	0.8835482470447178	0.8628468815504612	1.023991934069528
4	0.8506403751860703	0.8544460256432997	0.9955460610231475
4	0.8334602014185581	0.8386624986425244	0.9937969120684581
4	0.84917697565948	0.8520136214904129	0.9966706567132451
4	0.8746206435062959	0.872194588063303	1.002781552965583
4	0.90137383037826	0.8688059820079469	1.0374857552143504
4	0.8548959282240288	0.8122988983007933	1.0524400931877935
4	0.9170237410543816	0.8744070751962782	1.0487377870867949
4	0.8966078842034677	0.873735159849753	1.026178097671665
4	0.8748823048213861	0.8653548979996529	1.0110098259612983
4	0.802988107514252	0.8194234944340918	0.9799427438540917
4	0.8760598550636146	0.8527219860132471	1.0273686728302616
4	0.9035158125791198	0.877488981215835	1.0296605791302615
4	0.8778294969820454	0.858027947596944	1.023077977169111
4	0.8540607429942219	0.8444452157915994	1.0113867981282938
4	0.8121320303745359	0.8490079194556299	0.956565906823651
4	0.7704061021476285	0.8080110692379917	0.9534598367249756
4	0.9103821250160997	0.8667031328299638	1.0503967166283512
4	0.9352137915040281	0.8799143411649952	1.06284640191887
4	0.840363977321092	0.8445986616653121	0.9949861578801577
4	0.8545912343107189	0.8535164175138982	1.0012592807528546
4	0.8108383827050377	0.8266794952316031	0.9808376612484777
4	0.8969295895494456	0.8580768788067159	1.0452788225651297
4	0.8856639737060672	0.8694616676179711	1.018634871083489
4	0.8646868784130806	0.8489399330615061	1.0185489511546322
4	0.772297669438904	0.8300754150615539	0.9303945827399726
4	0.9244438549654049	0.8679618378086933	1.065074309372068
4	0.8737257642570003	0.868172304074808	1.006396725806763
4	0.8527859545679826	0.838200933511152	1.017400387512974
4	0.9052311409964098	0.8614177120557397	1.0508620014744194
4	0.8843061405509305	0.8552961761964818	1.0339180334974214
4	0.7971246214762	0.8032173325634457	0.9924146170155455
4	0.8983958520267649	0.8711600079489025	1.03126388244335
4	0.904601529410829	0.870790583328324	1.0388278728891087
4	0.8487840083768607	0.8584155838347463	0.9887798222221701
4	0.81459347656004	0.8483109812765367	0.960253367620258
4	0.888347862842337	0.8706148785353557	1.020368345113529
4	0.8385122091828988	0.8502553452880824	0.9861886947606253
4	0.8382039934133866	0.8348985202919388	1.0039591316083445
4	0.8197944092343933	0.8225062623470641	0.9967029392518758
4	0.7503618123083876	0.820418783155541	0.9146082802033173
4	0.8894002320540275	0.8462303886005927	1.0510142911847264
4	0.8510919397153951	0.8414130447319377	1.011503143484709
4	0.8550403974267013	0.861210913188912	0.9928350701695566
4	0.9020275511189894	0.8807496024743933	1.024158908031088
4	0.8086959564822079	0.8229617088525334	0.9826653509915834
4	0.6906120124062098	0.7821391381486463	0.8829784608924126
4	0.9288917937933999	0.8758138967363044	1.0606040818202231
4	0.9116120340819301	0.8827987262527823	1.0326385924359585
4	0.8637785540066387	0.8633011898685057	1.000552952021537
5	0.6564741208542606	0.6865849046165879	0.9561441220745419
5	0.7219388688681775	0.7099557184661304	1.0168787293212271
5	0.7979153362362936	0.7525769868733114	1.060244134691584
5	0.798598558280029	0.7507060466907963	1.063796624258388
5	0.6817246953914327	0.7004101564227204	0.9733221158203615
5	0.6162759832356733	0.6950701795461743	0.8866385026589008
5	0.7089634688867321	0.6898146302867976	1.0277593976108816
5	0.7688782964909319	0.7018339505987833	1.0955273620419024
5	0.7186591652148784	0.7042242548356163	1.020497604676555
5	0.7226345387775949	0.6910721032350229	1.0456716967662607
5	0.6014013090972525	0.664320006027898	0.9052885712311317
5	0.7351176144470338	0.7279738710907824	1.0098131864891626
5	0.7512491827525839	0.7408271479878304	1.0140681058909098
5	0.8137724062408256	0.7417868286776281	1.0970434830873514
5	0.6350067177894111	0.7046791592710949	0.9011288462770043
5	0.7299184892300303	0.7296184340272417	1.00041124948164
5	0.8535969507954759	0.7628385214868659	1.1189746279877302
5	0.6981619999771153	0.6963125318685313	1.00265608907486
5	0.6371481402988216	0.683767939032723	0.9318192678061931
5	0.7800261720706563	0.703315854403635	1.1090695129175874
5	0.6903113333735894	0.7137611337641918	0.9671461511683408
5	0.752587953363753	0.7425331911161023	1.013541162022047
5	0.7597421375642754	0.7440694493629697	1.0210634749413832
5	0.7594580231934493	0.7342481646048872	1.0343342480156257
5	0.7228359635280742	0.7236911173804603	0.9988183441362642
5	0.6552685395350575	0.690564119648772	0.9488887720785926
5	0.7199790281645676	0.7202273560410251	0.999655209047012
5	0.7570636900761647	0.7452531954243965	1.0158476269867485
5	0.8004068155118154	0.7398541326399576	1.0818440827731717
5	0.7463658389293749	0.6908285217870759	1.0803923338292865
5	0.8362377780158959	0.7569782442084079	1.1047051674389556
5	0.794872008208781	0.75311937361473	1.0554395970371229
5	0.7181303223770255	0.7251294358092173	0.9903477736710811
5	0.750825198479921	0.7051928382371718	1.0647090522881941
5	0.7454698799247984	0.717561280009912	1.038893681546614
5	0.7645048582677014	0.7386117575002895	1.0350564427176774
5	0.773452982341898	0.7285036971015901	1.0617008333919815
5	0.7332383203592754	0.7211351072565981	1.0167835582831646
5	0.7075565760788031	0.7276875883293428	0.9723356388463937
5	0.6368305061195667	0.6894664470060456	0.9236569943105333
5	0.8116876268335208	0.7402121096946835	1.0965608589790823
5	0.8615718359689203	0.7685245749886616	1.1210725902703
5	0.7129433224811127	0.7074595375279273	1.0077513761032149
5	0.7447762665790036	0.7287296449467201	1.0220199929336713
5	0.676888964038691	0.6898698324571244	0.981183597531437
5	0.7763868873024831	0.7346767240718731	1.056773492155074
5	0.7606929944790072	0.7422320386422107	1.0248722163362387
5	0.7912890667748806	0.7303313667075114	1.0834658113373652
5	0.5582257701374641	0.6599932776508576	0.8458052362660133
5	0.8504047437294229	0.7488350825790361	1.135636889234108
5	0.7026155662819478	0.7279578375817849	0.9651871715757302
5	0.7382093687066356	0.7087626253465477	1.0415466932186075
5	0.835495213310224	0.7422028334622253	1.1256966096623597
5	0.7096482994323162	0.7120388285452985	0.9966426983794322
5	0.6594677096927795	0.6655024629822303	0.9909320346277788
5	0.7840201823412478	0.7406252131469114	1.0585923466066616
5	0.8296782216458767	0.7528577345998068	1.102038517392539
5	0.7005000061367057	0.7181144376568438	0.9754712750552507
5	0.6812665653807205	0.7136055896718247	0.9546822155555474
5	0.7860609815552373	0.7544315908719904	1.041924796185548
5	0.6793629531504556	0.7047578768260598	0.9639664564091535
5	0.7349983531560409	0.6977885729762071	1.0533252931057995
5	0.6905624971284351	0.6557292384217343	1.0531214053997966
5	0.6417033781740998	0.6966390795213788	0.9211418036079426
5	0.787485654578877	0.7016091624911573	1.1223993309648403
5	0.739805456183822	0.6959311056021192	1.0630441005273685
5	0.7188623814678199	0.731442205572181	0.9828013423227057
5	0.7876690126750399	0.7626915107110691	1.0327491542952718
5	0.7216890088707454	0.6740705450597207	1.0706431458250498
5	0.49129094637237647	0.6295606385200606	0.7803711291850749
5	0.8425258881025601	0.7474049123990062	1.127268330894744
5	0.8020184360147443	0.7606523762253488	1.0543823447902312
5	0.694944811198639	0.717900106021188	0.9680243885883039
6	0.5636669958960993	0.6105647788708131	0.9231895048688409
6	0.6122960233933762	0.615627021305137	0.9945892597360345
6	0.7306151132890829	0.6673551419752479	1.0947920639775055
6	0.7085679462106838	0.6655037840507034	1.0647091169006777
6	0.5543788414536032	0.5955977758367715	0.9307940088841689
6	0.5850785431870037	0.6263447371651724	0.934115844630644
6	0.6354279258230294	0.6077008150284713	1.045626252440124
6	0.6765602178882771	0.6218063867191101	1.0880560771626506
6	0.680295565928412	0.6461617571825577	1.0528254858267796
6	0.6287138734138714	0.6127263481312071	1.0260924396860454
6	0.5408969256592753	0.5878408752324544	0.9201417397954579
6	0.6098708585581482	0.6298883174766639	0.968220622032322
6	0.6777805362081838	0.6454295703972759	1.0501231540894465
6	0.7017181617506261	0.6601921815164256	1.0628998364367441
6	0.5955362939253471	0.6292059784377243	0.9464886131629316
6	0.6662695616261018	0.6479101101711682	1.0283364176090466
6	0.7472518427425849	0.6650870582003687	1.123539893806598
6	0.663974389491599	0.6382024423579773	1.0403820879130479
6	0.5822186279090904	0.6090889531398456	0.9558843989991298
6	0.6499511408628946	0.623954991048208	1.0416635016750402
6	0.6076718691550453	0.622575219834514	0.976061766988686
6	0.6305594825499257	0.6416607556591032	0.9826991552603611
6	0.6386264695038553	0.6459881939805067	0.9886039334073751
6	0.6533729996243903	0.6356057765263736	1.0279532121232688
6	0.6528937942599099	0.6452988478988446	1.0117696574010555
6	0.6191390413591317	0.6196715712507137	0.9991406255889597
6	0.6604866496626906	0.6479372147475849	1.019368288515415
6	0.6847430581881864	0.6624142360491386	1.0337082461757228
6	0.6685374895988333	0.64828289585909	1.0312434492242808
6	0.6477641987515209	0.6065319867665037	1.067980276200817
6	0.7113325789079284	0.6615560279901709	1.0752416255188246
6	0.7007376571866133	0.6618770726658463	1.058712691715167
6	0.6015996888916467	0.6280485184182839	0.957887282986914
6	0.6236131101198393	0.6251084699108259	0.9976078394983195
6	0.6526698404696831	0.6355338387315078	1.026963161823732
6	0.6932212705328756	0.6603056459180044	1.0498490734076784
6	0.6886273749336504	0.6489590235197463	1.0611261265753817
6	0.6461718390001286	0.6383886142435922	1.0121919855443515
6	0.6031239565896549	0.636796821927092	0.9471214927933602
6	0.5886097042727549	0.6121706104902738	0.961512516586431
6	0.6803203765150443	0.6408047487347097	1.0616656288180752
6	0.7487156362663124	0.6775784930811762	1.1049873098268685
6	0.645733017185262	0.6339795233637895	1.0185392325592952
6	0.6684560301111985	0.6544301068184186	1.0214322708363286
6	0.5818885696269251	0.599054648835256	0.9713447191475653
6	0.6658306203039567	0.6465348756085607	1.029844862857914
6	0.6340987809364179	0.6430237871922725	0.9861202549056154
6	0.6948226758078377	0.6438789549584439	1.079120027851635
6	0.5308704854267536	0.5943352159968587	0.8932172806491742
6	0.7341874287275771	0.6655978657949994	1.1030495535779001
6	0.6270403086028583	0.6387045069102112	0.9817377234994326
6	0.6370022723154334	0.6142746092905186	1.0369991900709765
6	0.72137599935169	0.6548992130183607	1.1015068960412164
6	0.6687632288076882	0.6432162133013514	1.0397176174636753
6	0.5352940836581314	0.5598534453976222	0.9561325165694959
6	0.7246940642610873	0.6683937701196955	1.0842322245632385
6	0.7130743890678666	0.6616278706565345	1.077757483765431
6	0.587324939743175	0.6221377141384088	0.9440432984464773
6	0.5685929753294843	0.6251634547161103	0.9095108983740661
6	0.715959573482574	0.6674613425311955	1.0726607338298575
6	0.6492159101586297	0.6449240350649353	1.0066548536887172
6	0.6063066105380072	0.6050999730697025	1.00199411257975
6	0.6122780447037162	0.579171683023233	1.0571615682377122
6	0.5721948748200598	0.6124926507940326	0.9342069232639266
6	0.6619804318003066	0.627920881256691	1.0542417867605398
6	0.60115627061746	0.6022884273161117	0.9981202416528295
6	0.6233244267150643	0.6396096761162524	0.9745387694881773
6	0.6879612700582372	0.6632511530030218	1.0372560483963498
6	0.6326786971796031	0.5816173435393739	1.087792006561394
6	0.44608207719128357	0.5647835825433387	0.7898283359839934
6	0.7257784407195389	0.6538037872344759	1.1100860149334841
6	0.7111360022080023	0.6670629288160088	1.0660703383265806
6	0.6242307984763262	0.6385701243563029	0.9775446339672857
7	0.19200157811646468	0.26019989872993987	0.7379002799526149
7	0.26286801917302144	0.2556937310117878	1.0280581308460117
7	0.32753251782517895	0.2674690720629516	1.2245622093760835
7	0.2528912734503853	0.2608459229624125	0.9695044130968709
7	0.21892256399380122	0.2386961341716277	0.9171600736373516
7	0.272377565317424	0.26233336034193144	1.0382879438680643
7	0.27029381081187426	0.2530006130072675	1.0683523948778337
7	0.30276976452816773	0.25354006182186756	1.19416932516522
7	0.30366610300256464	0.26933880959263456	1.1274502306661593
7	0.3140271400459597	0.2578991226773516	1.2176355498456963
7	0.22726599765615282	0.2611204623318889	0.8703492465760633
7	0.1985528093998493	0.2379311636749896	0.8344968617522901
7	0.21480646636073375	0.23326892551518294	0.9208533279189495
7	0.28978938054877346	0.2556242442306579	1.1336537401643614
7	0.163381589881588	0.2357290346248319	0.6930906502103718
7	0.23671410908371587	0.24444380066825944	0.9683784511474124
7	0.28796983620682665	0.2517450668700394	1.1438946541720632
7	0.30976488252233103	0.27737038695902055	1.1167914712110076
7	0.1966107615790361	0.24212548913701154	0.8120200904076644
7	0.27662459634831443	0.23411083215525205	1.181596741174578
7	0.22117892098667064	0.24278062817267065	0.9110237610447386
7	0.20681327341601968	0.2524057586079566	0.8193682844504654
7	0.2900743959300116	0.26716018342502545	1.085769564203854
7	0.3194832357222531	0.2537961972969177	1.258818056081777
7	0.21383751974876705	0.24814967118875775	0.8617279995753419
7	0.25367195814619686	0.24288329003398135	1.044419145140475
7	0.2700227598271236	0.2577679387631402	1.0475420687413115
7	0.2036600527171479	0.23891586629930428	0.8524341889542434
7	0.25356298590945264	0.25408570831287974	0.9979427319745846
7	0.3250115621854574	0.26816551648598225	1.211981191483457
7	0.34155662233851425	0.2523339030341962	1.3535898990641244
7	0.28565467507692377	0.22070338202826756	1.2942922417035607
7	0.20605162850031955	0.24158897973725882	0.85290160471894
7	0.2853409467966053	0.25882810119689914	1.1024341849942212
7	0.28548982603584405	0.26076161959651334	1.0948306981587
7	0.2525778697485013	0.24375016758433946	1.0362161891072645
7	0.28463040017842123	0.26369037890858854	1.079411396640648
7	0.28116348372854966	0.26369559821983285	1.0662426131745837
7	0.22115932330980706	0.25139071396861645	0.8797434074570333
7	0.2998899552331425	0.2688353291693113	1.1155154203868538
7	0.29372983550156834	0.2588354262414721	1.1348131118170146
7	0.28642186370018285	0.23518815361986106	1.217841372074938
7	0.28915682471120263	0.26895242483930965	1.075122579333369
7	0.2303368851365304	0.2664391433807213	0.8645009221013614
7	0.3151151677903154	0.2612281098162784	1.2062835351522305
7	0.29745196235225624	0.26254512771618344	1.1329555605915025
7	0.24736813982843533	0.24972549639122302	0.9905602087217613
7	0.2738377337585539	0.24790765933212472	1.1045956970280228
7	0.2058092608280308	0.2507771346933331	0.8206859093422053
7	0.2812416717900913	0.2528201318309997	1.1124180252310376
7	0.18775906675742615	0.254074220827204	0.7389929845937467
7	0.2746376983091369	0.26315881509168004	1.0436196036733858
7	0.28779333215744385	0.23876733074505038	1.2053296037586574
7	0.29707332323518	0.2718410825167885	1.0928198213632156
7	0.31885251860519054	0.2505689468410521	1.272514102904595
7	0.29218413086318784	0.2668040405043158	1.0951263343347364
7	0.28246505444648634	0.2553370219964724	1.106244023048051
7	0.2727839746304288	0.26067337156135606	1.0464589190546538
7	0.19425303590349205	0.2316553783390375	0.8385431726052761
7	0.2876910285166005	0.257121874713508	1.1188897437728837
7	0.30175142427599705	0.2535847510750831	1.1899430979059638
7	0.2516116734969964	0.24843947023032312	1.0127685156619133
7	0.3318951153013457	0.24643690105958038	1.3467752348545574
7	0.2800194787769448	0.2539673140927757	1.1025807780707249
7	0.3036531992213194	0.25901384677628536	1.1723434982361765
7	0.3303471495947104	0.23934555350502343	1.3802100968956459
7	0.16323702952719324	0.23867503819402414	0.6839300446429354
7	0.19624862498200213	0.22931973393024477	0.8557860312261555
7	0.2817618954278146	0.26125591210886706	1.078490025942083
7	0.2074676701038348	0.24175832622705495	0.8581614265023699
7	0.3081039565797837	0.2510701362514276	1.2271629002950835
7	0.29226103360433714	0.24466720805684836	1.1945247420996048
7	0.28142423870366967	0.27571680343056276	1.020700353413695
8	0.43091021677832353	0.42714428636326374	1.0088165300000222
8	0.41343590682249165	0.4223796560047332	0.9788253315350459
8	0.4435192709389092	0.4291407602565116	1.0335053483938534
8	0.4141242235851291	0.419158880286583	0.9879886674522758
8	0.41851153590971857	0.4168408655514075	1.004007933233948
8	0.4059517407781694	0.41751283564372405	0.9723096061280855
8	0.4214537698521235	0.420984897962212	1.0011137499045242
8	0.4191111199351277	0.41987476056160955	0.9981812657053726
8	0.43040615672087573	0.42630243352901304	1.0096263189442558
8	0.4333635234341305	0.4156871497963858	1.0425232621369291
8	0.4104289897627864	0.4258437357072374	0.9638018722552057
8	0.4000336844445026	0.4149646447655828	0.964018716993312
8	0.4075293587592838	0.41615083691976296	0.9792828047053972
8	0.44078022189176935	0.4271443679222014	1.031923291031316
8	0.41895314210631157	0.4223593454313143	0.9919352954732792
8	0.4300809267122528	0.4238178460776598	1.0147777652417338
8	0.44212849347650424	0.42367399544977463	1.043558250506119
8	0.4369785612927052	0.4284857426003772	1.0198205397472202
8	0.4122247796998482	0.426542563591151	0.9664329304659344
8	0.451054211691843	0.4312470774627607	1.0459298978803926
8	0.4181750346754933	0.4203405053329316	0.9948482941092647
8	0.43527821902534847	0.430858438999436	1.0102580792804623
8	0.4395315416867973	0.430106222792858	1.021913932871598
8	0.4081353539918187	0.40961186030983765	0.9963953526225973
8	0.4220867879998355	0.4244619085675015	0.9944043964376411
8	0.3935362543884956	0.4123924801603665	0.9542760193771276
8	0.4329536249992504	0.4199209530508496	1.0310360125011973
8	0.41692791106894483	0.42016170929754976	0.9923034437526176
8	0.41469163841236173	0.42196063629131697	0.9827732796527096
8	0.4412610047920687	0.42709677912689886	1.0331639720957984
8	0.4511432987823081	0.4255155549015592	1.0602275136256247
8	0.4469171976158851	0.42079618152121573	1.062075221310801
8	0.43291730627432173	0.4270060724208574	1.0138434421317508
8	0.4443551618088372	0.4292923436839245	1.0350875536135884
8	0.4359982658825033	0.42607080279617704	1.02330003140599
8	0.41753905048038426	0.41745874056249166	1.000192378096538
8	0.4413729939694274	0.4287428995606162	1.0294584339979853
8	0.4124801596487334	0.4213418122267726	0.9789680199759769
8	0.4100019676029345	0.4189754183675821	0.9785823932114918
8	0.44244971980524395	0.4260264619641276	1.038549853841002
8	0.429851925948525	0.42275105364629834	1.016796817514659
8	0.4294977431381713	0.41301186582741617	1.0399162316504582
8	0.4334320903660506	0.42870497246885564	1.0110265058741263
8	0.42015248222874185	0.4269708633563451	0.9840308046455322
8	0.43597592183523404	0.42368874418519203	1.029000481647611
8	0.4336287595752703	0.4250429306289082	1.0201999100035806
8	0.42689593508862195	0.4212015440230604	1.0135193974152426
8	0.43792929131539	0.423685569860341	1.033618613585882
8	0.38432583078664706	0.41459157288522935	0.9269986558386687
8	0.41504810264835557	0.4151132799714129	0.999842989067799
8	0.42449777126568045	0.4263427752487693	0.9956724868106132
8	0.4403919365456293	0.42963651049319235	1.02503378039285
8	0.44168028318267977	0.4229940217802459	1.0441761832089007
8	0.42063537895407294	0.42319588751104475	0.9939495901719863
8	0.4478526903050987	0.42425610239991574	1.05561873540935
8	0.4286546246506372	0.4236194726437321	1.0118860258606188
8	0.44258773678026375	0.42502992665961264	1.0413095855594008
8	0.43779414233737635	0.42610322487286645	1.0274368199583517
8	0.4157580976306617	0.4239370937281188	0.980707052488541
8	0.43072125394236094	0.42202988936404306	1.0205941920166244
8	0.4377189218645615	0.4124495215936034	1.0612666494879748
8	0.39923456312344746	0.4115189136580757	0.9701487583512745
8	0.423327440515155	0.4128304783417376	1.0254268100930477
8	0.4156148744782445	0.42065388832849343	0.9880209978082649
8	0.4248056539814511	0.4212133793114061	1.0085283964054454
8	0.4117497120059984	0.4022888862486992	1.0235174922318149
8	0.40386333761550924	0.42184715798446265	0.9573688715721637
8	0.381675354003694	0.4050193676094343	0.9423632164962263
8	0.42805122645593097	0.42383223135653825	1.0099543989042297
8	0.39396768526651177	0.41499950463762353	0.9493208566851744
8	0.4524836561614874	0.4278657546612021	1.0575365081970127
8	0.42939252701194036	0.41794464541894244	1.0273909038397242
8	0.4204631428237927	0.4261145512341304	0.9867373493959082
9	0.88140992171817	0.8849326104625883	0.9960192576216884
9	0.8861430300566296	0.8852430779522683	1.0010166158050544
9	0.8921269625890504	0.8857304012074493	1.0072217927406366
9	0.8877298367271327	0.8852236728973769	1.0028311080086154
9	0.8850430883448185	0.8844757764528909	1.000641410321267
9	0.8852326157214138	0.8846756598611597	1.0006295593803738
9	0.8895768635178686	0.8856550593894094	1.0044281394735812
9	0.8949850166742288	0.8875577079010623	1.0083682544887487
9	0.8876802663842881	0.8852147291383153	1.0027852420037935
9	0.8946647290745737	0.8864217566751703	1.0092991539719438
9	0.8850876982647552	0.8843622375856275	1.000820320733174
9	0.8805137031170606	0.8840188422295201	0.9960349950193149
9	0.8841897902833789	0.8829781648963306	1.0013722031135284
9	0.8845153305731394	0.8830592891844183	1.0016488602821514
9	0.8827616130385705	0.88396940992834	0.9986336666447909
9	0.8845574185759816	0.8848582332288072	0.9996600419801396
9	0.8881621153602649	0.8791731124244216	1.010224383353871
9	0.8877089387409398	0.8842612832015743	1.0038989104293732
9	0.8794355932019957	0.8842516509871932	0.9945535212969965
9	0.8849812582995094	0.8824525442618513	1.0028655524357668
9	0.8864014560185669	0.8843678868792884	1.0022994606310893
9	0.8795796372189639	0.8835237521544069	0.9955359265375429
9	0.8875778790349187	0.8848579670956459	1.0030738401420516
9	0.8867001398296764	0.8821379527893954	1.0051717387579289
9	0.883992654613118	0.8860991519413988	0.9976227295515795
9	0.8767776280237329	0.881654074745824	0.9944689795445034
9	0.8913842815950825	0.8855481983541426	1.006590362051198
9	0.8742001821297067	0.8800063960538215	0.9934020775869911
9	0.8770640256452573	0.8824129387490885	0.9939383106605237
9	0.8874675836870713	0.8820889391141084	1.006097621605328
9	0.8851082261248315	0.8787808764511414	1.0072001449317405
9	0.89250371359647	0.8806866053223491	1.0134180629098992
9	0.8797890506659346	0.8816281203721263	0.9979140074327308
9	0.8877067578684992	0.8849445884479507	1.0031212908204714
9	0.891536630245694	0.8866270749532287	1.0055373396901106
9	0.8808585097324629	0.8817872987079124	0.9989466972626955
9	0.888419662942135	0.8845027590980313	1.0044283681467516
9	0.8850208194951018	0.884183794837856	1.0009466636485904
9	0.8832662218120388	0.883778465801875	0.9994203932210869
9	0.8863801150870393	0.8834655137437012	1.0032990550259142
9	0.8874778087632332	0.8844013451185789	1.0034785831813064
9	0.8918906725953303	0.882958683202837	1.0101159766163617
9	0.8844849410631689	0.8850088063352539	0.9994080677295695
9	0.881208210946999	0.8845950537974814	0.9961713070450224
9	0.8979080653673465	0.8882671762468847	1.0108535915524837
9	0.8937613864220373	0.8876540466864127	1.0068803153192656
9	0.8855065182321789	0.8841321158787192	1.0015545214666177
9	0.8893013970722718	0.884437400024103	1.0054995379526424
9	0.8773035275583827	0.8834775011841306	0.9930117364421019
9	0.8855991368494753	0.8825895884932468	1.0034099069323563
9	0.8812994341227052	0.8840636952101757	0.9968732331138048
9	0.8908022564479381	0.886256977527664	1.0051286241299378
9	0.8950549763794045	0.8839808330189312	1.0125275831181242
9	0.8820774195666763	0.8835746437165259	0.9983054921726229
9	0.8924264228482042	0.884176490286961	1.0093306400383544
9	0.8899117029584878	0.8860488736647897	1.0043596119903873
9	0.8843474836422673	0.8815904616415404	1.0031273273937122
9	0.8851892307339534	0.8837580351600169	1.0016194427852385
9	0.8817302537734047	0.8834349312807649	0.9980703983428765
9	0.88501146061266	0.8830610185577893	1.0022087285180543
9	0.8863618049808543	0.8807489024179141	1.0063728748880993
9	0.8804554055698453	0.8825768775909887	0.9975962750951124
9	0.8867239714166432	0.881797748876588	1.0055865673804805
9	0.8906795212463229	0.885194164160733	1.0061967840589987
9	0.8888717508248166	0.8851039524841163	1.0042568992377965
9	0.8855185862151277	0.8779865823421249	1.0085787232111343
9	0.8693169031761816	0.8797612140615466	0.9881282435296876
9	0.8740134046376552	0.881394708674176	0.9916254273325239
9	0.8894239798504502	0.8861691511917548	1.003672920293285
9	0.8846046808633968	0.8841766582514684	1.000484091734309
9	0.8964276882621484	0.8865709321994268	1.0111178425828473
9	0.8838190533472896	0.8820260653167326	1.0020328061732657
9	0.8891530327003389	0.8875880548114337	1.0017631804308562
