1.0	0.9999906023175544	1.000009397770763
1.0	0.9999906023175544	1.000009397770763
1.0	0.9999906023175544	1.000009397770763
1.0	0.9999904669042627	1.0000095331866181
1.0	0.9999906023175544	1.000009397770763
1.0	0.9999905350952194	1.0000094649943658
1.0	0.999991422337862	1.0000085777357148
1.0	0.9999906023175544	1.000009397770763
1.0	0.9999906023175544	1.000009397770763
1.0	0.9999918127839794	1.0000081872830517
0.9994715756181195	0.9997318694230428	0.9997396363836301
1.0	0.9999902563056824	1.000009743789258
1.0	0.9999905350952194	1.0000094649943658
1.0	0.9999905350952194	1.0000094649943658
1.0	0.9999906023175544	1.000009397770763
1.0	0.9999918127839794	1.0000081872830517
1.0	0.9999906023175544	1.000009397770763
1.0	0.999991422337862	1.0000085777357148
1.0	0.9999906023175544	1.000009397770763
1.0	0.9999904669042627	1.0000095331866181
1.0	0.9999904669042627	1.0000095331866181
1.0	0.9999905350952194	1.0000094649943658
1.0	0.9999906023175544	1.000009397770763
1.0	0.9999905350952194	1.0000094649943658
1.0	0.9999906023175544	1.000009397770763
1.0	0.9999905350952194	1.0000094649943658
1.0	0.9999906023175544	1.000009397770763
1.0	0.9999905350952194	1.0000094649943658
1.0	0.9999906023175544	1.000009397770763
1.0	0.9999918127839794	1.0000081872830517
1.0	0.9999906023175544	1.000009397770763
1.0	0.9999905350952194	1.0000094649943658
1.0	0.9999906023175544	1.000009397770763
1.0	0.9999905350952194	1.0000094649943658
1.0	0.9999906023175544	1.000009397770763
1.0	0.9999906023175544	1.000009397770763
1.0	0.9999906023175544	1.000009397770763
1.0	0.9999906023175544	1.000009397770763
1.0	0.9999906023175544	1.000009397770763
1.0	0.9999906023175544	1.000009397770763
1.0	0.9999906023175544	1.000009397770763
0.9983882828890931	0.9989397393442419	0.9994479582366893
1.0	0.9999903275315181	1.0000096725620395
1.0	0.9999905350952194	1.0000094649943658
1.0	0.9999906023175544	1.000009397770763
1.0	0.9999906023175544	1.000009397770763
1.0	0.9999906023175544	1.000009397770763
1.0	0.9999906023175544	1.000009397770763
1.0	0.9999906023175544	1.000009397770763
1.0	0.9999905350952194	1.0000094649943658
1.0	0.9999906023175544	1.000009397770763
1.0	0.9999905350952194	1.0000094649943658
1.0	0.9999905350952194	1.0000094649943658
1.0	0.9999906023175544	1.000009397770763
1.0	0.9999905350952194	1.0000094649943658
1.0	0.9999906023175544	1.000009397770763
1.0	0.9999906023175544	1.000009397770763
1.0	0.9999906023175544	1.000009397770763
1.0	0.9999906023175544	1.000009397770763
1.0	0.9999905350952194	1.0000094649943658
1.0	0.9999906023175544	1.000009397770763
1.0	0.9999906023175544	1.000009397770763
1.0	0.9999904669042627	1.0000095331866181
1.0	0.9999918127839794	1.0000081872830517
1.0	0.9999906023175544	1.000009397770763
1.0	0.9999906023175544	1.000009397770763
1.0	0.9999906023175544	1.000009397770763
1.0	0.9999906023175544	1.000009397770763
1.0	0.9999906023175544	1.000009397770763
1.0	0.9999906023175544	1.000009397770763
1.0	0.9999906023175544	1.000009397770763
1.0	0.9999906023175544	1.000009397770763
1.0	0.9999906023175544	1.000009397770763
1.0	0.9999906023175544	1.000009397770763
1.0	0.9999906023175544	1.000009397770763
1.0	0.9999906023175544	1.000009397770763
1.0	0.9999906023175544	1.000009397770763
1.0	0.9999904669042627	1.0000095331866181
1.0	0.9999906023175544	1.000009397770763
1.0	0.9999906023175544	1.000009397770763
1.0	0.9999906023175544	1.000009397770763
1.0	0.9999906023175544	1.000009397770763
1.0	0.9999906023175544	1.000009397770763
1.0	0.9999906023175544	1.000009397770763
1.0	0.9999906023175544	1.000009397770763
1.0	0.9999905350952194	1.0000094649943658
1.0	0.9999906023175544	1.000009397770763
1.0	0.9999906023175544	1.000009397770763
1.0	0.9999906023175544	1.000009397770763
1.0	0.9999906023175544	1.000009397770763
1.0	0.9999906023175544	1.000009397770763
1.0	0.9999905350952194	1.0000094649943658
1.0	0.9999906023175544	1.000009397770763
1.0	0.9999914845850473	1.0000085154874656
1.0	0.9999906023175544	1.000009397770763
1.0	0.9999906023175544	1.000009397770763
1.0	0.9999906023175544	1.000009397770763
1.0	0.9999906023175544	1.000009397770763
1.0	0.9999904669042627	1.0000095331866181
1.0	0.9999905350952194	1.0000094649943658
1.0	0.9999906023175544	1.000009397770763
1.0	0.9999906023175544	1.000009397770763
1.0	0.9999906023175544	1.000009397770763
1.0	0.9999906023175544	1.000009397770763
1.0	0.9999906023175544	1.000009397770763
1.0	0.9999906023175544	1.000009397770763
1.0	0.9999905350952194	1.0000094649943658
1.0	0.9999914845850473	1.0000085154874656
1.0	0.9999906023175544	1.000009397770763
1.0	0.9999906023175544	1.000009397770763
1.0	0.9999906023175544	1.000009397770763
1.0	0.9999906023175544	1.000009397770763
1.0	0.9999906023175544	1.000009397770763
1.0	0.9999906023175544	1.000009397770763
1.0	0.9999906023175544	1.000009397770763
1.0	0.9999906023175544	1.000009397770763
1.0	0.9999906023175544	1.000009397770763
1.0	0.9999906023175544	1.000009397770763
1.0	0.9999906023175544	1.000009397770763
1.0	0.9999906023175544	1.000009397770763
1.0	0.9999906023175544	1.000009397770763
1.0	0.9999906023175544	1.000009397770763
1.0	0.9999906023175544	1.000009397770763
1.0	0.9999918127839794	1.0000081872830517
1.0	0.9999906023175544	1.000009397770763
1.0	0.9999906023175544	1.000009397770763
1.0	0.9999906023175544	1.000009397770763
1.0	0.9999906023175544	1.000009397770763
1.0	0.9999905350952194	1.0000094649943658
1.0	0.9999906023175544	1.000009397770763
1.0	0.9999906023175544	1.000009397770763
1.0	0.9999905350952194	1.0000094649943658
1.0	0.9999906023175544	1.000009397770763
1.0	0.9999906023175544	1.000009397770763
1.0	0.9999906023175544	1.000009397770763
1.0	0.9999906023175544	1.000009397770763
1.0	0.9999906023175544	1.000009397770763
1.0	0.9999906023175544	1.000009397770763
1.0	0.9999906023175544	1.000009397770763
1.0	0.9999906023175544	1.000009397770763
1.0	0.9999905350952194	1.0000094649943658
1.0	0.9999906156476005	1.0000093844404665
0.940691964881179	0.8968892762081232	1.0488384573603613
0.9512540863421612	0.7855848441551248	1.2108865050282498
0.8785974885151109	0.8785794226515539	1.0000205625844303
0.8254757310831033	0.8597824819863314	0.9600983369375354
0.9761023825883995	0.9028476046752976	1.0811374782784604
0.9661853363564724	0.8945007753933528	1.0801391825866185
0.930187640841145	0.8922073738834381	1.0425688781212301
0.9542886525918532	0.90447410072593	1.0550757084431075
0.9238461109513765	0.8756810712571194	1.0550029471632998
0.8550210190769114	0.8554103971632225	0.9995448055253918
0.91820349646628	0.8784917504155478	1.045204460977519
0.9297301268808875	0.8918525637928675	1.0424706556058263
0.9272759287095983	0.8827238268188026	1.050471167240783
0.9256784047739746	0.871522462682003	1.0621394678977216
0.8465407475689627	0.7010407155326585	1.2075486185217525
0.7355975354055921	0.7497056085270225	0.981181849300622
0.895217471251426	0.8784223448892631	1.0191196483785714
0.8591057372501115	0.8433896500679247	1.0186344321167815
0.9557258820419655	0.9040115465592243	1.057205392651866
0.9455899127910303	0.8922398166582451	1.059793449178944
0.9674229200220725	0.896168562038925	1.07950999510743
0.9380476372883868	0.8959988163719594	1.046929549624507
0.9029273378711411	0.8890148056824219	1.015649381877324
0.8783591316669632	0.8466759801722811	1.037420633437877
0.9094980780740778	0.8873908610256215	1.0249126039261949
0.9571977065638217	0.9072822180672696	1.0550164959728674
0.9707259414786886	0.9041541339526108	1.0736288261328317
0.976727640587761	0.9174484409030719	1.0646131128920322
0.8534812253258582	0.8438226509292219	1.0114462137109026
0.8681652381081542	0.8331524345383856	1.0420244868985682
0.934328580004608	0.8655784222221025	1.0794268387675503
0.9066640136238515	0.8913673399568597	1.0171609088434093
0.9727675040848622	0.9001989828757737	1.0806138671444188
0.9630083652487856	0.8991566444210464	1.0710128999478756
0.9610250585628146	0.8595504214009733	1.1180554795103803
0.9603398844925051	0.8972680270416987	1.0702932184697975
0.870047580953045	0.8505681140486853	1.0229017130816696
0.9353595990673078	0.8654986260089307	1.080717601344472
0.8738125218590499	0.8402412071211285	1.0399543779255305
0.9308661716745084	0.8810199628009397	1.0565778427030161
0.9479767385977521	0.9017566541376454	1.0512556067626773
0.9205976380207825	0.894042555255104	1.0297022581415058
0.925819054712079	0.8967191259302927	1.0324515536028038
0.8393960723489637	0.7683405768202698	1.0924791657141846
0.8349531539030959	0.8487054949656226	0.9837960975342998
0.8572420405112323	0.8629058727047736	0.9934363267504623
0.9500196027922481	0.9006279687081484	1.0548413282733673
0.9644641166873047	0.8751944187349936	1.1019998483095237
0.9613575917016206	0.8971547457363491	1.0715627334864917
0.9054506968914995	0.8880276065459247	1.0196199872809626
0.8828717950727372	0.8729696008178716	1.0113431146349063
0.9535909014414979	0.9024804752523319	1.0566332763873652
0.9625065078926405	0.8801430821643943	1.093579586543705
0.8944338704879575	0.8213961743137042	1.0889189631730123
0.880206653722054	0.86974930850104	1.0120234015926228
0.9012086016981986	0.8726165099810596	1.0327659302684518
0.9658218347733755	0.905422487861753	1.0667084678383256
0.9394593367108979	0.8986954890732247	1.045358909812389
0.9457199379766174	0.905519462117842	1.0443949330086777
0.928870362739063	0.8988234397208609	1.0334291716152102
0.8528167054942172	0.8502451168648207	1.0030245261964912
0.8927557209423351	0.8822527897487462	1.0119046732587607
0.9361243577081997	0.9056236472849706	1.0336792336581198
0.955124423141573	0.9059432899277607	1.0542872095423699
0.9463286817221148	0.887788228652035	1.0659396590096313
0.8866922249540188	0.8764267230517881	1.0117129038084158
0.8578860334699787	0.8529733035767848	1.0057595353484021
0.9671001581181159	0.8975128488281671	1.077533496462814
0.9626925178991911	0.8944804612946234	1.076258855901493
0.9350543507041241	0.8948675196280104	1.0449081346620102
0.894307771886815	0.8026986605093082	1.1141264036984706
0.9020603823811667	0.8829041619459546	1.0216968287848944
0.8977159872476921	0.8712703637070076	1.030352947422848
0.9623602698410523	0.9055476002402332	1.0627384685087202
0.835712517167717	0.8537277850067693	0.9788981123076492
0.9716735341886359	0.9079158702781926	1.0702241980756515
0.9119192075968267	0.8754657152831843	1.0416389718949197
0.8716466465379042	0.8594793558612351	1.0141565828122503
0.9663711643365147	0.9106167522693466	1.0612270880457917
0.9620024719488607	0.9100463355496918	1.057091748375412
0.9231371288085116	0.8891545373616013	1.038218993458378
0.9049926667376333	0.8778711976178394	1.0308945881735154
0.8529494828903387	0.817357200042123	1.043545567160088
0.8458214450868706	0.8555012796710112	0.9886851898247738
0.9045113786853252	0.8608282147493865	1.0507455066963112
0.9552855967400802	0.8807161947186195	1.0846690482911863
0.9121927392198872	0.8739991169809769	1.0436998407628157
0.957326359054559	0.8877658674884726	1.0783545460729145
0.8944237239028805	0.8842923911804663	1.0114569941158145
0.856659866714749	0.8742538700625189	0.9798754069610105
0.9625644805162892	0.9055223306153168	1.0629936424231652
0.9432033096401403	0.902541908430267	1.0450520921300963
0.9511910419925169	0.9006942706773399	1.0560642750366365
0.9300260191032607	0.8866895117019182	1.04887450097178
0.9527988128583857	0.9050388786150897	1.0527711409662084
0.9315591720647936	0.8867411463351906	1.050542400016996
0.960442005893564	0.8982069810661433	1.069288066269035
0.9205431850056496	0.8978711095955669	1.0252509242894505
0.941153298645439	0.8935440301183407	1.053281390644838
0.9161150614344686	0.8818965539317806	1.0388010445784495
0.940460898434085	0.8828131125666945	1.0653001015127483
0.8988597202736542	0.8748578215408727	1.0274351993453146
0.9504218098177969	0.8971194549268574	1.0594150027604576
0.8693422232684103	0.8658084109066829	1.004081517709012
0.9224350722708504	0.8792498804163981	1.0491159485105652
0.934204162710167	0.8968577178252402	1.0416414378141128
0.8883810977928807	0.8763390937546549	1.0137412608019483
0.9805644760209405	0.8942326300363816	1.0965429386993477
0.9279244122314612	0.8587521890002762	1.0805496907224335
0.9366675525114914	0.84463594622058	1.108960087127143
0.7768315966258301	0.8168558419216542	0.9510020700817087
0.8516632049903027	0.8501588281615016	1.0017695244452784
0.9555813373365194	0.8993480799495976	1.0625266886543787
0.9555861046208853	0.8602393911556515	1.1108374185668763
0.867206009937415	0.8545541808911458	1.0148051806768714
0.8767914917931353	0.8553749514861527	1.025037605169257
0.9601160885906552	0.8802279035350318	1.090758523712767
0.9398429930728824	0.8955087204349951	1.0495073600359268
0.8516410109258183	0.8375311312456846	1.016846991298279
0.9015333917269983	0.8642419231160404	1.043149340032595
0.8349257808985749	0.8589052272223938	0.9720813827139395
0.8531211467075883	0.8386063498891208	1.0173082362426502
0.9235729528434362	0.8878234314791311	1.040266476527597
0.9145830524370812	0.7597859416365321	1.203737792867193
0.9359030045650268	0.873506167331591	1.0714326235658385
0.929927279420979	0.875365809296246	1.0623299077314865
0.9557091977981653	0.9076159612131939	1.0529885310971019
0.9453964502016514	0.8830687247261654	1.070580832193795
0.8986759900234521	0.8377055907691281	1.0727826099362008
0.7623518773969618	0.820888526568958	0.9286911105742213
0.9300928108441895	0.8902661142680861	1.0447357210813826
0.93832804122383	0.8357859437922209	1.1226894256756026
0.9430396048685804	0.8032871896425615	1.1739756553172527
0.9017439514348664	0.866605616821296	1.040547088469675
0.9198553654910896	0.8776635524756334	1.0480728781506823
0.9492657102106399	0.8771397874717773	1.0822285384485346
0.9578349908361995	0.881282061248046	1.0868654122832608
0.9546637072555761	0.8629550209770821	1.10627284626568
0.9028118868816195	0.885644300742254	1.019384290199776
0.9538990555934965	0.9101758209141448	1.0480382291802015
0.8296985938059255	0.8325443905513131	0.9965818077958544
0.9119549487981065	0.8932034702547905	1.0209935128643948
0.8842775078596677	0.7942934869340058	1.113288126373795
0.9093221373170511	0.8758981195511463	1.0381597094683033
0.8697830376701793	0.8472366320893641	1.0266116982279363
0.916265730109421	0.8781133855021936	1.0434480845379757
0.9075790060719378	0.8665572377277766	1.0473387868200437
0.9340041911121691	0.8845247129936102	1.055939056751845
0.9283979053241718	0.8821035044044139	1.0524818240587483
0.908567094899464	0.8703111799282471	1.0439565937488828
0.9270523251683205	0.8459445351378122	1.095878378146027
0.7810089527483693	0.7946494598044321	0.9828345607138275
0.8998932454113511	0.8525630208100601	1.0555152210992218
0.8917981152951203	0.8402488707629281	1.0613499718070274
0.8657606558844483	0.8414518490371247	1.0288891240480846
0.8684476796180208	0.8455149298313279	1.0271228206357843
0.9360170831722234	0.8526878906388541	1.097725314793596
0.8767091443465957	0.8148372811895954	1.075931556625235
0.9049562108116256	0.8564581186618231	1.0566263441177703
0.9063812091529251	0.8489471267641943	1.0676533091143658
0.8811596894664158	0.8599593327275658	1.0246527433705592
0.8832673558026134	0.8353264575558315	1.0573918110855212
0.864274465286201	0.729319623186301	1.1850421102208935
0.9156960181625973	0.8585346053642325	1.0665802082306444
0.8647781778232796	0.8362589026882952	1.0341034039139128
0.9027992083206033	0.8743738300574168	1.032509411061994
0.9209224574424908	0.8765673281953796	1.0506009382512882
0.9319440367857468	0.8700249593676634	1.0711693115828382
0.9129751106047399	0.8699161352442751	1.0494978465347968
0.9575366915445244	0.8875913161384629	1.078803582385601
0.903537573898434	0.8504760960374297	1.0623903224420186
0.8510753776295626	0.8467063915674695	1.0051599776564872
0.933275553380146	0.8722618919971269	1.069948787104894
0.8526559314767137	0.8350725487684691	1.0210561139079184
0.799723718247481	0.8070057168081067	0.9909765217160695
0.8679595303417325	0.8496391541609981	1.0215625375678754
0.9703105312754637	0.8428076706205176	1.1512834601529813
0.8692214113419151	0.8507795937633691	1.0216763750726199
0.9444817991947836	0.8718129872918098	1.0833536698377382
0.8905995832696026	0.8246825050196591	1.0799302493368308
0.8875986329714699	0.840631614350694	1.0558711066999942
0.869406537542884	0.8415261371434618	1.0331307599001756
0.9587114012182516	0.8796203708827921	1.0899149598548783
0.9144690137106337	0.8620563853621659	1.0607995361306306
0.8688289014646312	0.8535949898553229	1.0178467678352825
0.9207031966902319	0.8730380253444764	1.0545969018095727
0.8949832391605026	0.8586002561836847	1.0423747637096374
0.8901542227043281	0.8659726200932997	1.0279242115165526
0.9386633040250217	0.8776545866796042	1.0695133578418696
0.9233057150484794	0.8301578728964107	1.1122049735275978
0.9041497044627992	0.8394909838265885	1.077021340171495
0.912313495284345	0.836233139575843	1.0909798381670113
0.892699173382313	0.8546116098526092	1.0445671028694223
0.8791962578341529	0.8480611613385723	1.0367132677629491
0.9492482164082542	0.883576563432943	1.0743248018260674
0.919980023963016	0.8589603995902437	1.0710389261273057
0.8764786810556702	0.8587634019065553	1.0206288240856385
0.9239950712395247	0.8779960252787896	1.0523909501140727
0.8794902037935864	0.8066839936881263	1.0902536937327754
0.8271625421176371	0.8171393989394692	1.012266136220058
0.9173054925641487	0.8670507589056934	1.0579605439961577
0.9360549464043617	0.88100173805998	1.0624893300047424
0.8878895658633956	0.8652679951139535	1.0261440049524344
0.8793024171360301	0.8639347495863868	1.0177879956293003
0.8963976569290789	0.8561252297279827	1.0470403462048328
0.7601172016695067	0.7831052445903824	0.9706450147286396
0.8586881338929014	0.8551971001296163	1.0040821393837234
0.9177373283375067	0.8496464473680052	1.0801402526667772
0.9033269942143566	0.8655593638053427	1.043633784103464
0.9511522991240007	0.8884770368306871	1.0705423547207076
0.9270854343211832	0.8631833593084816	1.0740307077558762
0.8943245539616729	0.8521810780229021	1.0494536631070777
0.9099048004784155	0.878031887114208	1.036300405295032
0.8672130514634709	0.809472215404991	1.0713314613641078
0.8833906202806878	0.8232025547408673	1.0731145271515428
0.934102604379947	0.8733735520631577	1.069533880632554
0.9260621465564878	0.8765125244623585	1.0565304210849953
0.7968101069233878	0.7379743188197164	1.0797260644486528
0.9233744119394973	0.8696199816894005	1.0618137018260192
0.9214899247140501	0.8631308167657603	1.0676132827315417
0.9321445262420525	0.8709795363927908	1.0702255188481005
0.9448699994603661	0.8881123590589765	1.0639081753816924
0.8564036353093449	0.8278974858181616	1.034431979779492
0.8803455753320032	0.860014573776344	1.0236402988688729
0.9064357564959019	0.8518809020176448	1.06404047132533
0.9218032087448481	0.854015568693866	1.0793751806593606
0.8539254654882651	0.8196862882419994	1.0417710747848414
0.8381492908105832	0.8323447416579148	1.006973731991274
0.9027667029685549	0.8632303408865154	1.045800477820829
0.9036762509608438	0.852186756482371	1.060420434941995
0.9100864337733207	0.8766054263107196	1.0381939313375108
0.8760375793513298	0.8613458008548415	1.0170567714870236
0.9122720442383138	0.8643338400481696	1.055462602491038
0.8924543037582383	0.8318034346607536	1.0729149058181287
0.9151014673097849	0.8708031382553811	1.0508706584856293
0.9096050400437058	0.786238851682142	1.1569067568940714
0.9440165774480622	0.8739954945852159	1.0801160684427524
0.9258277630640454	0.8614371981800127	1.0747478342241
0.9222663329197889	0.8616814150850892	1.0703101131973667
0.9463642006615125	0.8735308560281667	1.0833781017931177
0.933349124183503	0.8555331473637678	1.0909561214074717
0.8256077549595748	0.8196880712427286	1.0072218736913805
0.9217628296124263	0.8708109403813387	1.058510851056574
0.8790156789685657	0.8507415312262099	1.0332347096086905
0.9173765754700153	0.8612192150445723	1.0652068131370438
0.8992429226541034	0.8481861629444902	1.0601952282885267
0.886022679734355	0.8553185526318159	1.035897885072249
0.7782005373494391	0.7504461590952418	1.0369838367720592
0.8931022199937761	0.8605435518409392	1.0378350033338637
0.9284873844747636	0.8803343986248449	1.054698516751291
0.9297263531083726	0.8802042886005128	1.0562620122955748
0.9445059048189535	0.8599930230946771	1.098271589948669
0.8804859604168863	0.8488564666393947	1.0372612980174518
0.8918982850647647	0.8664309809009045	1.029393344334686
0.8917633357883817	0.8537729670095584	1.0444970387290302
0.9373819368360436	0.84076554368288	1.1149147867429798
0.9416372347124817	0.8789358423249144	1.0713378489853287
0.885535090275933	0.8609262917883217	1.028584094506504
0.9402131340851193	0.8672335089268646	1.084152220142602
0.8666984479698208	0.8323428329933638	1.0412757984025687
0.7871326247593293	0.8028914807979488	0.9803723710918472
0.8965626436790185	0.8650499900897188	1.0364287081097259
0.8554287667034188	0.8165943480195227	1.0475565607061583
0.8422621951114593	0.8270563830231188	1.018385460048998
0.8752547766049428	0.8324144807654867	1.0514651016162768
0.8895098704983209	0.8054571925576319	1.10435399760202
0.9215382235804995	0.8364219109267356	1.1017624138509918
0.8763049952558741	0.855229594259062	1.024642974399256
0.9131535754182337	0.8545521647640237	1.06857558036892
0.8131488973614619	0.8269691281321372	0.9832880934722548
0.9153903933717267	0.8621456437271567	1.0617584163789155
0.9016653459242372	0.8584251268347072	1.0503715673479534
0.9188021946960323	0.8777194046172169	1.0468062912392053
0.9462268699214367	0.882691082294245	1.071979641464206
0.9357063321555279	0.8324306532907355	1.1240652040581718
0.8387989304740057	0.8115656383925	1.0335564873538112
0.805233554480629	0.751796969626358	1.0710784786494005
0.8703311080119155	0.8106898568245875	1.073568517831145
0.9197691628892872	0.862693582398816	1.0661597369621856
0.9507761037099194	0.888003615351906	1.0706894513409582
0.9209175955075315	0.8797188628338181	1.0468317031886765
0.92782313644483	0.8847870603533565	1.0486400378349636
0.9153932670994139	0.871877947690528	1.04990987502798
0.8671245450748746	0.8530646161074134	1.0164816693858638
0.8843150402370842	0.7942396493890225	1.1134108463577124
0.9093204004348483	0.8758849510933965	1.03817333463683
0.8697770654525101	0.8472335202764667	1.0266084197998766
0.9162896601381416	0.8781142549245559	1.0434743030300375
0.907560270536837	0.8665178433513042	1.0473647801951764
0.9339761947849112	0.8844879213965685	1.0559513275322097
0.9283946234222784	0.8820684686973498	1.0525199078857719
0.9084945267410045	0.8702723185583109	1.0439198252864257
0.9271013391599323	0.8459903469518606	1.0958769712920697
0.7809240718266107	0.7945245965530052	0.9828821854157825
0.8998852578009945	0.8525346893097563	1.055540928814961
0.891801613202416	0.8402427753531208	1.0613618341765891
0.8657531321461969	0.8414445226658128	1.0288891410254488
0.8684417442026596	0.8454873216995414	1.027149339693204
0.936019205872439	0.8526437272779243	1.0977846619017442
0.8767014127935182	0.814878803344256	1.075867244546726
0.9050403805008143	0.8564541241195655	1.0567295492110513
0.9063012891458999	0.8488750766679236	1.0676497803462326
0.8811519946214987	0.859966338701465	1.0246354478851158
0.8832682919066176	0.8353316197647709	1.0573863972195205
0.8640604972989344	0.729109692605781	1.1850898514472492
0.9156884776121519	0.8585209306084876	1.066588413823698
0.8647736333224879	0.8362601427518473	1.034096436160179
0.902788724500877	0.8743461864969783	1.0325300646850788
0.9208530292315491	0.8765156167368031	1.0505837108297176
0.9319422278919742	0.8700010156361706	1.0711967125814335
0.912784710943168	0.8698859560578737	1.0493153781671587
0.957544227262036	0.8875658318506214	1.0788430479184918
0.9035297541036507	0.8505002686796829	1.0623509331822913
0.8510410426716252	0.8466760382308254	1.005155459991428
0.9332699465268476	0.8722724142656495	1.0699294523862144
0.8526639591005344	0.8350401263683687	1.0211053722757164
0.7993319657773199	0.8068445137044524	0.9906889768728299
0.8679389555143185	0.8496207223166501	1.0215604830679275
0.970305603214657	0.8428206994480753	1.1512598158185552
0.8688220715710951	0.8506955648192696	1.02130786558841
0.9444760617049257	0.8718004795493983	1.0833626315428166
0.8905904972224399	0.8246699543984561	1.07993566695669
0.8875922484554046	0.8406487525173618	1.05584198608214
0.8693124673618712	0.8414917166959738	1.0330612293786237
0.958759634266037	0.879597960189063	1.089997564409948
0.9145426832227429	0.8620546242517472	1.060887161317132
0.8687996737890448	0.8535530812729242	1.01786250070515
0.920699891381134	0.8730213539301009	1.0546132545743554
0.8949638058960779	0.858546333721914	1.042417596749018
0.8902753986308273	0.8659792687546956	1.0280562488650222
0.9386335731013691	0.8776094922727378	1.0695344357210606
0.9233000660184143	0.8301419816722432	1.1122194593249133
0.9041358917805375	0.839452299877185	1.0770545174667054
0.9124091153318836	0.8362307043629618	1.0910973617345878
0.8926913340648899	0.8546144539328037	1.0445544537151956
0.8791904110010705	0.8480514251259166	1.0367182755108637
0.9492466884475741	0.8835486496537457	1.074357013413551
0.919977882039408	0.8590074433132168	1.0709777769689939
0.8764799841850376	0.8587448189898531	1.0206524275931546
0.9240001088926812	0.8779728341717223	1.0524244861908296
0.8793682014721618	0.8065669744102802	1.090260609932746
0.8271432840552053	0.8170841480580472	1.0123110159719357
0.9173011548000627	0.8670185390181803	1.0579948565330828
0.9360423866518488	0.8809674186038702	1.0625164641562566
0.8879204130938841	0.8652598961502529	1.0261892606423264
0.8792772996728127	0.8638991289721083	1.0178008869148898
0.8963861237611586	0.8561045965740419	1.04705210945989
0.7601013498687017	0.783092081581596	0.9706410877422481
0.8586802370246179	0.8551759347265734	1.0040977559771544
0.9177341081430317	0.8496498981526883	1.0801320757389277
0.9033194539529159	0.8655297127579	1.0436608248544164
0.9511317642551385	0.888472317901391	1.0705249281167832
0.9270024283462984	0.8631237621404244	1.0740086984136132
0.894248089768678	0.8521201536189221	1.0494389622999059
0.9099042151266282	0.8780534250966239	1.0362743189874801
0.8672161364784359	0.8094350420178852	1.0713844736898281
0.8831877404732552	0.8230285029300941	1.073094962481841
0.9340569664306304	0.8733225019532503	1.0695441424462817
0.9262253681553687	0.8765324745857418	1.0566925869952648
0.7964707536149902	0.7377416295348241	1.079606628837249
0.9233516060320142	0.8695775948863043	1.0618392325905555
0.9214876481820955	0.8630974439093894	1.067651925845393
0.9321303869650969	0.8709477795766397	1.0702483074452496
0.9448658506012848	0.8880928587593807	1.063926864496144
0.8562622688952501	0.8278428867828137	1.034329439276673
0.8802346502796485	0.8599661707707043	1.0235689265436798
0.9062942277678061	0.8518076613080927	1.063965809342499
0.9217983166569652	0.8540043866065453	1.0793835852761886
0.8539193681500304	0.8196740859387419	1.0417791446609768
0.8381327573920284	0.8323206520475177	1.0069830122924535
0.9027794845546351	0.8632014403713182	1.0458502990522025
0.903682680411056	0.8521515260801273	1.0604718207429265
0.9100800845519771	0.8765830181370525	1.0382132276371425
0.8760778373642986	0.8613355454966763	1.0171156199749325
0.9122524326172966	0.8642977331358178	1.0554840046930252
0.8924475329041848	0.8318050851245522	1.072904636992634
0.9150971099535745	0.8707876342587492	1.0508843648572748
0.9095805965760991	0.786152632711596	1.1570025447078587
0.9439852829338072	0.8739427244796422	1.0801454792084566
0.9258257290734088	0.861412914740327	1.0747757704010032
0.9221386518655471	0.8615940307936164	1.0702704741537763
0.946377886103749	0.8735095417609522	1.0834202041982253
0.9333469072892353	0.8554969419199402	1.0909997003549552
0.8255916685157724	0.8196887194352555	1.0072014521373234
0.9217576297077551	0.8708188433465006	1.058495273443441
0.8790227531390709	0.8507512796253041	1.0332311854132248
0.9171319323760226	0.8611465923685229	1.0650125547771327
0.8992657765391838	0.8481571846646679	1.0602583964371208
0.8858941232367676	0.855261344671279	1.0358168631802978
0.7781838340119904	0.7503917461704028	1.0370367717707765
0.8930900899175874	0.8605156540570835	1.037854553495831
0.928475030026304	0.8803052538512206	1.0547194009854501
0.9297230766343688	0.8801937833840779	1.0562708964608518
0.9445035114939863	0.8600080556172522	1.0982496097854446
0.8805707734553563	0.8488308747136812	1.0373924885241494
0.8919003603787935	0.8664068411970091	1.029424420456518
0.8916804077601306	0.8537123804697587	1.0444740268021881
0.9373759899294949	0.8407990273220536	1.1148633139063435
0.9417286583328686	0.8789371667409053	1.0714402507573935
0.8855074484973093	0.8608886776645275	1.0285969271887385
0.9402015131492416	0.867192040044696	1.0841906633515486
0.8664935619813405	0.8322479173474514	1.0411483692780357
0.7871699917929614	0.8028871884206377	0.9804241531632936
0.8965591480498099	0.8650621094054936	1.0364101470887013
0.855452493709089	0.8165094935456941	1.047694485454523
0.8422952643919398	0.8270437655214596	1.018440981609799
0.8751825951258028	0.8323582515748668	1.0514494131221863
0.8895232175475503	0.8054533098172355	1.1043758920667803
0.921538222145214	0.836404808409258	1.1017849405933826
0.8763030068308799	0.8552081170096235	1.0246663816697836
0.9130127992316484	0.8544968940240925	1.0684799507368439
0.8128689595594214	0.8268879897920716	0.983046034764424
0.915406332835458	0.8621364381258939	1.0617882418070181
0.9019028467946086	0.8584355284440858	1.0506355071641866
0.9188085699689033	0.8776997593942917	1.0468369851245956
0.9462227562414913	0.8826783348112178	1.0719904623510035
0.9357044737204674	0.8324485753142936	1.1240387712444448
0.8387989277449046	0.8115400216543762	1.033589108809396
0.8050490390750792	0.7516474800891815	1.0710460161185689
0.8703192173464455	0.8107202570259101	1.0735135946142156
0.9197618399440444	0.8626900386662294	1.0661556280005868
0.9507728874284872	0.8880146329732903	1.070672545389333
0.9208586690391783	0.8796943433985487	1.0467938960271113
0.9277871181149754	0.884763570744805	1.0486271686502109
0.9154133819354108	0.8718690244984493	1.0499436913268145
0.8670325338224061	0.8530061097999793	1.016443521167411
0.8843150402370842	0.7942396493890225	1.1134108463577124
0.9093204004348483	0.8758849510933965	1.03817333463683
0.8697770654525101	0.8472335202764667	1.0266084197998766
0.9162896601381416	0.8781142549245559	1.0434743030300375
0.907560270536837	0.8665178433513042	1.0473647801951764
0.9339761947849112	0.8844879213965685	1.0559513275322097
0.9283946234222784	0.8820684686973498	1.0525199078857719
0.9084945267410045	0.8702723185583109	1.0439198252864257
0.9271013391599323	0.8459903469518606	1.0958769712920697
0.7809240718266107	0.7945245965530052	0.9828821854157825
0.8998852578009945	0.8525346893097563	1.055540928814961
0.891801613202416	0.8402427753531208	1.0613618341765891
0.8657531321461969	0.8414445226658128	1.0288891410254488
0.8684417442026596	0.8454873216995414	1.027149339693204
0.936019205872439	0.8526437272779243	1.0977846619017442
0.8767014127935182	0.814878803344256	1.075867244546726
0.9050403805008143	0.8564541241195655	1.0567295492110513
0.9063012891458999	0.8488750766679236	1.0676497803462326
0.8811519946214987	0.859966338701465	1.0246354478851158
0.8832682919066176	0.8353316197647709	1.0573863972195205
0.8640604972989344	0.729109692605781	1.1850898514472492
0.9156884776121519	0.8585209306084876	1.066588413823698
0.8647736333224879	0.8362601427518473	1.034096436160179
0.902788724500877	0.8743461864969783	1.0325300646850788
0.9208530292315491	0.8765156167368031	1.0505837108297176
0.9319422278919742	0.8700010156361706	1.0711967125814335
0.912784710943168	0.8698859560578737	1.0493153781671587
0.957544227262036	0.8875658318506214	1.0788430479184918
0.9035297541036507	0.8505002686796829	1.0623509331822913
0.8510410426716252	0.8466760382308254	1.005155459991428
0.9332699465268476	0.8722724142656495	1.0699294523862144
0.8526639591005344	0.8350401263683687	1.0211053722757164
0.7993319657773199	0.8068445137044524	0.9906889768728299
0.8679389555143185	0.8496207223166501	1.0215604830679275
0.970305603214657	0.8428206994480753	1.1512598158185552
0.8688220715710951	0.8506955648192696	1.02130786558841
0.9444760617049257	0.8718004795493983	1.0833626315428166
0.8905904972224399	0.8246699543984561	1.07993566695669
0.8875922484554046	0.8406487525173618	1.05584198608214
0.8693124673618712	0.8414917166959738	1.0330612293786237
0.958759634266037	0.879597960189063	1.089997564409948
0.9145426832227429	0.8620546242517472	1.060887161317132
0.8687996737890448	0.8535530812729242	1.01786250070515
0.920699891381134	0.8730213539301009	1.0546132545743554
0.8949638058960779	0.858546333721914	1.042417596749018
0.8902753986308273	0.8659792687546956	1.0280562488650222
0.9386335731013691	0.8776094922727378	1.0695344357210606
0.9233000660184143	0.8301419816722432	1.1122194593249133
0.9041358917805375	0.839452299877185	1.0770545174667054
0.9124091153318836	0.8362307043629618	1.0910973617345878
0.8926913340648899	0.8546144539328037	1.0445544537151956
0.8791904110010705	0.8480514251259166	1.0367182755108637
0.9492466884475741	0.8835486496537457	1.074357013413551
0.919977882039408	0.8590074433132168	1.0709777769689939
0.8764799841850376	0.8587448189898531	1.0206524275931546
0.9240001088926812	0.8779728341717223	1.0524244861908296
0.8793682014721618	0.8065669744102802	1.090260609932746
0.8271432840552053	0.8170841480580472	1.0123110159719357
0.9173011548000627	0.8670185390181803	1.0579948565330828
0.9360423866518488	0.8809674186038702	1.0625164641562566
0.8879204130938841	0.8652598961502529	1.0261892606423264
0.8792772996728127	0.8638991289721083	1.0178008869148898
0.8963861237611586	0.8561045965740419	1.04705210945989
0.7601013498687017	0.783092081581596	0.9706410877422481
0.8586802370246179	0.8551759347265734	1.0040977559771544
0.9177341081430317	0.8496498981526883	1.0801320757389277
0.9033194539529159	0.8655297127579	1.0436608248544164
0.9511317642551385	0.888472317901391	1.0705249281167832
0.9270024283462984	0.8631237621404244	1.0740086984136132
0.894248089768678	0.8521201536189221	1.0494389622999059
0.9099042151266282	0.8780534250966239	1.0362743189874801
0.8672161364784359	0.8094350420178852	1.0713844736898281
0.8831877404732552	0.8230285029300941	1.073094962481841
0.9340569664306304	0.8733225019532503	1.0695441424462817
0.9262253681553687	0.8765324745857418	1.0566925869952648
0.7964707536149902	0.7377416295348241	1.079606628837249
0.9233516060320142	0.8695775948863043	1.0618392325905555
0.9214876481820955	0.8630974439093894	1.067651925845393
0.9321303869650969	0.8709477795766397	1.0702483074452496
0.9448658506012848	0.8880928587593807	1.063926864496144
0.8562622688952501	0.8278428867828137	1.034329439276673
0.8802346502796485	0.8599661707707043	1.0235689265436798
0.9062942277678061	0.8518076613080927	1.063965809342499
0.9217983166569652	0.8540043866065453	1.0793835852761886
0.8539193681500304	0.8196740859387419	1.0417791446609768
0.8381327573920284	0.8323206520475177	1.0069830122924535
0.9027794845546351	0.8632014403713182	1.0458502990522025
0.903682680411056	0.8521515260801273	1.0604718207429265
0.9100800845519771	0.8765830181370525	1.0382132276371425
0.8760778373642986	0.8613355454966763	1.0171156199749325
0.9122524326172966	0.8642977331358178	1.0554840046930252
0.8924475329041848	0.8318050851245522	1.072904636992634
0.9150971099535745	0.8707876342587492	1.0508843648572748
0.9095805965760991	0.786152632711596	1.1570025447078587
0.9439852829338072	0.8739427244796422	1.0801454792084566
0.9258257290734088	0.861412914740327	1.0747757704010032
0.9221386518655471	0.8615940307936164	1.0702704741537763
0.946377886103749	0.8735095417609522	1.0834202041982253
0.9333469072892353	0.8554969419199402	1.0909997003549552
0.8255916685157724	0.8196887194352555	1.0072014521373234
0.9217576297077551	0.8708188433465006	1.058495273443441
0.8790227531390709	0.8507512796253041	1.0332311854132248
0.9171319323760226	0.8611465923685229	1.0650125547771327
0.8992657765391838	0.8481571846646679	1.0602583964371208
0.8858941232367676	0.855261344671279	1.0358168631802978
0.7781838340119904	0.7503917461704028	1.0370367717707765
0.8930900899175874	0.8605156540570835	1.037854553495831
0.928475030026304	0.8803052538512206	1.0547194009854501
0.9297230766343688	0.8801937833840779	1.0562708964608518
0.9445035114939863	0.8600080556172522	1.0982496097854446
0.8805707734553563	0.8488308747136812	1.0373924885241494
0.8919003603787935	0.8664068411970091	1.029424420456518
0.8916804077601306	0.8537123804697587	1.0444740268021881
0.9373759899294949	0.8407990273220536	1.1148633139063435
0.9417286583328686	0.8789371667409053	1.0714402507573935
0.8855074484973093	0.8608886776645275	1.0285969271887385
0.9402015131492416	0.867192040044696	1.0841906633515486
0.8664935619813405	0.8322479173474514	1.0411483692780357
0.7871699917929614	0.8028871884206377	0.9804241531632936
0.8965591480498099	0.8650621094054936	1.0364101470887013
0.855452493709089	0.8165094935456941	1.047694485454523
0.8422952643919398	0.8270437655214596	1.018440981609799
0.8751825951258028	0.8323582515748668	1.0514494131221863
0.8895232175475503	0.8054533098172355	1.1043758920667803
0.921538222145214	0.836404808409258	1.1017849405933826
0.8763030068308799	0.8552081170096235	1.0246663816697836
0.9130127992316484	0.8544968940240925	1.0684799507368439
0.8128689595594214	0.8268879897920716	0.983046034764424
0.915406332835458	0.8621364381258939	1.0617882418070181
0.9019028467946086	0.8584355284440858	1.0506355071641866
0.9188085699689033	0.8776997593942917	1.0468369851245956
0.9462227562414913	0.8826783348112178	1.0719904623510035
0.9357044737204674	0.8324485753142936	1.1240387712444448
0.8387989277449046	0.8115400216543762	1.033589108809396
0.8050490390750792	0.7516474800891815	1.0710460161185689
0.8703192173464455	0.8107202570259101	1.0735135946142156
0.9197618399440444	0.8626900386662294	1.0661556280005868
0.9507728874284872	0.8880146329732903	1.070672545389333
0.9208586690391783	0.8796943433985487	1.0467938960271113
0.9277871181149754	0.884763570744805	1.0486271686502109
0.9154133819354108	0.8718690244984493	1.0499436913268145
0.8670325338224061	0.8530061097999793	1.016443521167411
0.744000420967118	0.6314843136578527	1.1781772007249387
0.7741536351025372	0.7382985956178257	1.04856441512625
0.7342824282659105	0.6903824892781617	1.0635878511832606
0.7900398285532022	0.7280813624946953	1.0850982723224951
0.8165976498073035	0.7427826193289656	1.0993763566318002
0.8500939838758746	0.7609532746587079	1.117143472780437
0.8417512245143766	0.7703905347724304	1.0926292400036117
0.7948006500776146	0.7306003239081785	1.0878733885936585
0.834463857023132	0.7408598081045116	1.1263451572006669
0.7263334130532868	0.6578093145236984	1.104170155418375
0.8212819840395212	0.699452381103357	1.1741785520037593
0.7642496965216619	0.6885312791026154	1.109970918848789
0.7045251900397668	0.693048988553924	1.0165590047390276
0.7302308868471201	0.6852154621157626	1.0656952845056384
0.8725609478078145	0.7167491442101377	1.217386801025598
0.7820111512056908	0.6865508771541423	1.1390432628201508
0.7562785607643349	0.6995981722377645	1.0810184914366914
0.785061674739817	0.7065594933436632	1.1111048427424797
0.7522479072865241	0.6994453991808122	1.0754919657310693
0.7408618541754921	0.6807219520169222	1.088347234844389
0.7915223004734532	0.6021075718940834	1.314586192602623
0.8070701977175425	0.7228635190566527	1.1164904251507681
0.7191132789129717	0.7002714363539315	1.0269064845156946
0.8002618883283329	0.75338758884617	1.0622180404563766
0.8062151494790101	0.7502253739106208	1.0746306077019725
0.8039520818911914	0.7288494196422856	1.1030427688146691
0.8211897051381669	0.7307298759196815	1.1237938015119944
0.8619512888220369	0.7504117797652408	1.1486377373922492
0.7749429219727851	0.696092863730473	1.1132751998343182
0.7617243030129218	0.7113369877310878	1.070834662264016
0.8265854806695898	0.7493198238298874	1.1031143903877865
0.7833852715938334	0.7073366047165699	1.1075141119096137
0.7011570321841173	0.6707524515086724	1.0453290638104389
0.7675600048946315	0.7194604524457139	1.0668550332202547
0.8996842452011785	0.6697409903576598	1.3433316134954243
0.7745436363272905	0.69651014552426	1.1120349664746016
0.8205958891662319	0.714815702817511	1.1479824602786128
0.8098046449040048	0.6918772080727791	1.170445615862549
0.8067822425374687	0.7062708965123027	1.1423127393773547
0.7525764346517114	0.7182561270477237	1.0477828260860869
0.8787114899865381	0.746895281450561	1.176485528573663
0.791434315801979	0.7351685279303307	1.0765345437597138
0.7874174907736137	0.7399386277514112	1.064165947338748
0.829297315600634	0.7460502164341044	1.111583774567382
0.7749805603575812	0.7223066054892063	1.072924647882321
0.7810417688826856	0.7441199304954333	1.0496181285759538
0.8385757273179866	0.757851869702952	1.1065166701332743
0.7785360616247992	0.6873899329817258	1.1325974156294438
0.7896665517820525	0.7219580833854157	1.0937844868764919
0.8225172419650795	0.6558641332768869	1.2540970000227722
0.8131341560284777	0.724638662364011	1.1221236158939756
0.7585154735822499	0.713391913126778	1.063252133399854
0.8702316599641595	0.7614020809862143	1.1429331252115604
0.8184190499355726	0.7258771188399274	1.1274898032927978
0.7933483676901357	0.7369193030458521	1.0765742794510196
0.8010434189679663	0.7414876738069582	1.0803192652620048
0.7818091468741961	0.6812688668047341	1.1475779754049424
0.7263087010231846	0.6987098461179048	1.039499736634057
0.8460910150140173	0.7485771488538114	1.1302656196619345
0.8617418038734119	0.7644685080947323	1.1272430384622536
0.7423616279739674	0.7206106050882332	1.030184155953507
0.7466648936689039	0.7266370036315232	1.027562441683106
0.840234784979001	0.7426167842734651	1.1314513794635546
0.6967726470095922	0.6681090397773164	1.0429025885382863
0.7291210272922701	0.7208715143939571	1.0114438048023695
0.8210639472186699	0.7128541187041708	1.1517979986020188
0.7794521208515934	0.7250019660708901	1.0751034580992838
0.8644618689231744	0.7508205038765952	1.151356235558076
0.8529066896310333	0.7452539660206304	1.1444510576511615
0.7863122746457867	0.7104897071669877	1.106718741614336
0.8568166703116876	0.7608064284050512	1.1261953610301527
0.7525569627620075	0.679129577042186	1.1081198466419617
0.758994133538485	0.6942034810212303	1.0933309242730134
0.8683915752776938	0.7585999809806814	1.1447292341809436
0.8506477920026562	0.7608411651968546	1.1180359724392221
0.7208190282026485	0.6151026485062352	1.1718678662059796
0.8600367094763575	0.7414513548843018	1.1599367966770524
0.8264333148129257	0.7385721135483408	1.118960897186425
0.8768422944592359	0.7633902239909485	1.1486160903072196
0.8632951615721313	0.772156863668931	1.11803080719914
0.7486152728564999	0.6797740091694524	1.101270808766516
0.7479886644496274	0.732721373797364	1.0208364204979308
0.7730692022967508	0.7290737791207313	1.0603442675295198
0.8548624939300694	0.7265599846880703	1.1765890111565702
0.7397996094180957	0.6792847641935105	1.0890861217775616
0.7397301253986907	0.6981724378947078	1.0595235292147842
0.8263775684220317	0.7480865687844976	1.1046549997077777
0.7946881870661514	0.7191466052991794	1.1050433683623455
0.7939306160819912	0.7466663644590785	1.063300362615307
0.7708586449450371	0.7359935243607688	1.0473715045448935
0.8288029363814919	0.750520714450893	1.1043038791912265
0.7906489322034409	0.7081538077820169	1.116493230022732
0.7940326685774991	0.7319107995979661	1.084876284123224
0.8230336841547643	0.5826652174094032	1.4125327195847848
0.8859696790619515	0.7515660446974509	1.1788314351250473
0.836246628481541	0.7442994236626731	1.1235352358146384
0.8172446373999784	0.7140139193152152	1.14457801912849
0.8501867550247582	0.7397933984488134	1.1492218730356552
0.8654670072511566	0.7426838938900525	1.165323517005313
0.7475766487058866	0.6729536349630931	1.1108887891613604
0.8336833123427876	0.7454259925696584	1.1183985005257002
0.8267971145398434	0.7366348297985368	1.122397531441685
0.8153133777526527	0.7119080799117629	1.1452509119628287
0.7816964972088847	0.7102850462253982	1.1005391446194477
0.7501286515790635	0.7098518058690677	1.0567397946683887
0.6683350543673896	0.620320673722872	1.0774025156317262
0.775961817098661	0.7291286501922833	1.0642316920258543
0.8027526517053349	0.7490559705209797	1.0716858062649288
0.843763735599832	0.7577552115327731	1.1135043649427134
0.8656514251902843	0.7453524458338835	1.1613987852710579
0.6947477394319076	0.6967910196437267	0.997067585324415
0.7674196458870426	0.7371358466879299	1.0410830640446842
0.8048337941217376	0.7220848013121445	1.1145973335254042
0.8388285218971901	0.7016053896241314	1.1955844899460832
0.8580265645532543	0.7562505747806721	1.1345797189008409
0.8288950308228766	0.7505473639517365	1.1043873719822674
0.8707063303276023	0.721043122847518	1.2075648497818543
0.7456655275297065	0.6869292327603925	1.0855055979104062
0.7141645151725877	0.6610740947177163	1.0803093342774859
0.8124333751601217	0.73141782432379	1.110765075914348
0.71723247186255	0.6324398266303162	1.1340722732216517
0.7440094923245424	0.6781155057048356	1.097172216333877
0.8070455900491688	0.7070280137603936	1.1414619708727274
0.7809361040157985	0.6828689172050226	1.14361055883487
0.8357697508305024	0.6987950887816508	1.1960154904460862
0.7641543626312316	0.7024778380402047	1.087798534346783
0.822960119847038	0.7293501938653781	1.128347022828019
0.6485690916379351	0.660305854469027	0.9822252631085183
0.7831128128926549	0.7256412631604902	1.0792010496782536
0.8099379880161056	0.7348814433477393	1.1021342222582837
0.8255813001849518	0.7557502673780908	1.0923996137627903
0.8970412829263055	0.7677546028164675	1.1683958385082376
0.8773363621981695	0.6693181578364793	1.3107912162940467
0.7365566591239201	0.6762594123496722	1.0891628947015233
0.7095585601736947	0.5983752022956402	1.185808765890539
0.8088317351271176	0.6580638119790726	1.229108363662519
0.8450121287028771	0.7223428170057755	1.1698214598514112
0.8885824294586232	0.7713549844428426	1.1519759998704815
0.7982774265084143	0.745345355830702	1.0710168383872445
0.8424260552786766	0.7740417673379181	1.0883470257373133
0.7840930912610418	0.7277638764109022	1.0774003996020483
0.7138992697994956	0.7041324189294808	1.0138707586917581
0.6651697408192735	0.5962564367024684	1.115576620854481
0.66627120272914	0.6221221124130462	1.0709653128143144
0.6364287922228161	0.5873902494524298	1.0834854559061893
0.6923992180471936	0.6432475242393144	1.0764117885506121
0.7162987562677696	0.6606960875522092	1.0841577084580005
0.7651449407878783	0.6729987642472595	1.136918790101618
0.7421016316216459	0.6741212369421195	1.1008429803931
0.7020599426010417	0.6557182095216126	1.0706732440955669
0.69644820864452	0.6329961540280927	1.1002408217058632
0.5822337109169666	0.5568532594061312	1.0455783477641902
0.7445901826372507	0.6340554345067909	1.1743297858750172
0.6463696817339712	0.6174926104457628	1.0467650475482815
0.6119662133070684	0.5994607265103967	1.020861227839677
0.6618241692238012	0.6147987822300448	1.0764890698436036
0.7246561078909618	0.6215887974523515	1.1658126897734367
0.7222634776035071	0.6219279387993147	1.1613298463450583
0.7109902070327841	0.6557086037115244	1.0843081866065931
0.7162071077368367	0.6349997271553924	1.1278856936604191
0.6244909808024349	0.5948494124632039	1.0498303733990233
0.6918662188900578	0.6296552560783087	1.0988016255104716
0.6910205909844546	0.5358760856904534	1.2895156351194588
0.7143649173149793	0.6374476851381383	1.1206643838704546
0.6374396969369105	0.617789121520382	1.0318079013242711
0.6726912660349779	0.6396539998460214	1.0516486509846092
0.7120658360755037	0.6592720627755182	1.0800788874288485
0.7163744233453692	0.6297789819549307	1.1375013201006374
0.7120790035042572	0.6502624373103434	1.0950640274557506
0.74785388103078	0.6677692486633696	1.1199286018751395
0.7083666989756487	0.6311136308459665	1.1224075417704567
0.6477471699910982	0.6263683160341386	1.0341314421717882
0.7438157641195786	0.6620811724177519	1.123451013420836
0.6747687272630098	0.6321894460262046	1.0673520912195682
0.6605520563865518	0.6282861919673126	1.0513553613492717
0.7032686220593902	0.6469290013180314	1.0870877957651834
0.784605827217024	0.5823221628241289	1.3473741466611295
0.6686219010137663	0.6350719061482915	1.0528286553706263
0.6717067579160808	0.6201067377995199	1.0832115133914948
0.7360306886112851	0.627041421770759	1.1738150990611456
0.6914097367247496	0.6211464033932415	1.1131187960642914
0.6390416775636515	0.6219828749941336	1.0274264827141402
0.7258900504080842	0.6145398381318032	1.1811928297680176
0.7412244605213857	0.6655351461176466	1.113726998258871
0.69027684020907	0.6446484718539038	1.0707802319362465
0.6815789829748568	0.6452175494240221	1.0563553077303836
0.6658462286695898	0.6202413299530803	1.0735276682061148
0.6847908641787379	0.6495216400527057	1.0543003064888958
0.7485856008906756	0.6780645357980454	1.1040034707162951
0.667655314584995	0.611101026803541	1.0925449071445192
0.6901024487563397	0.6409772919013831	1.076641025315004
0.6954491887240876	0.5970351986377284	1.164837835877873
0.7170167587479501	0.6512031837916816	1.1010645779909487
0.6804314926764651	0.6430965153703727	1.0580550141600291
0.7541658806928926	0.6678946434049141	1.1291689312676163
0.7320490873629149	0.6546240500675679	1.1182740494904755
0.6561663335436088	0.6337367274148642	1.0353926246633034
0.7150484776432326	0.6613398085872986	1.0812119100627895
0.6457240649299842	0.5814281847420089	1.1105826684623221
0.6653741692027696	0.6306678420057354	1.0550310716440787
0.7287188591624412	0.6551093154563091	1.1123622301949105
0.7474190372751	0.6669763091740909	1.1206080740718067
0.6475724712675124	0.6264524674133659	1.0337136573846557
0.6572721720490005	0.627329339956129	1.0477306419224157
0.7371507989868465	0.658396346452772	1.1196155673681638
0.6002871161130908	0.591794958259369	1.014349831365072
0.6534218397893378	0.6351675534418779	1.0287393243696763
0.7204988373306318	0.6350176190865953	1.13461235668861
0.7163321299182067	0.6578632414848283	1.0888769652206305
0.7487864396000861	0.6616557156838783	1.131685893208299
0.7289357297321637	0.651649225830999	1.11860138988519
0.7136221632757387	0.6454184801884568	1.105673582614751
0.709807266966126	0.6475834740790377	1.0960861346494055
0.6964088844340452	0.6274210795651803	1.109954553832771
0.6714050647356615	0.6069492142363667	1.106196447721561
0.7430869803034026	0.6642098494820687	1.11875332906135
0.7198303627868734	0.6637830835062699	1.0844361368544488
0.6575562567325128	0.5582268532631781	1.177937343731663
0.7074372178581185	0.6291140866677402	1.1244975002947977
0.7223646544098798	0.6518781985573447	1.1081282607832674
0.7611649532710393	0.6725251734921627	1.1318014302997828
0.7654916792834243	0.6812044835580201	1.1237325909617641
0.644183485700516	0.6070061976460799	1.0612469661736676
0.6935238683697096	0.6593368363500686	1.0518506325369175
0.6953860919731593	0.649326304663239	1.0709347318584426
0.7448990345549973	0.6581546015944569	1.131799478041165
0.6171441856559069	0.5739734454471502	1.0752138283594719
0.6572298852090949	0.6226639768846033	1.0555129405388703
0.713459091989374	0.6584833766924171	1.0834883874716803
0.6827953172523593	0.632933134287058	1.0787795428366482
0.7099476352227857	0.6471135678816053	1.0970989799315665
0.6512575674730448	0.6375255148652005	1.0215396125922078
0.7394658872844794	0.6545513015953808	1.1297294581526776
0.7156656357659739	0.6319936572354218	1.1323936997984518
0.6813388855409347	0.6489925850655623	1.049840785888339
0.6447706737607533	0.5366229761231232	1.2015338560770394
0.7838848617364842	0.677637196784193	1.1567913707460304
0.730887676030093	0.6518045368872684	1.1213295315808798
0.7323652550821095	0.6317392474510913	1.1592840844335994
0.7383158001612017	0.6441081202979582	1.1462606616722422
0.7253480016924018	0.630603100734577	1.1502449018209049
0.6265202601425941	0.5966747427431401	1.0500197431891332
0.705889267403401	0.6558134906989902	1.0763567346732044
0.733203628316194	0.6518268724207027	1.1248441255471422
0.731295430966225	0.6472836084576178	1.1297913641113129
0.7129578129062442	0.6378570018682002	1.1177392594548363
0.6028694100299983	0.6101264482149786	0.9881056816890794
0.5428598697456707	0.5084479555844602	1.0676803078530506
0.718935607119815	0.660499282251941	1.0884729574097918
0.7562010751384804	0.6737919784605696	1.1223064377616858
0.7380610622735905	0.6646823149441782	1.110396719875983
0.7509478795896563	0.6561807174656278	1.1444223513455996
0.6019027139659692	0.6118233314504096	0.983785159907318
0.6526190970563951	0.6304026492309858	1.0352416790324575
0.71109862139565	0.6485704020259124	1.0964093014026246
0.7395099839584269	0.5988464755985443	1.2348907676534124
0.7669491277813203	0.6659388065238874	1.1516810858113127
0.7412649588039063	0.6673572471963488	1.1107468479859222
0.7843924770791656	0.6689508045460996	1.1725712440265263
0.6566452753429134	0.6192508953230613	1.060386477116587
0.574558609201486	0.5592841128443711	1.0273107996567843
0.6839436771441594	0.6479790610619814	1.0555027442140414
0.6037877852201543	0.5644799898618593	1.0696354096943532
0.6603396052864999	0.5934813973956942	1.1126542604101695
0.6951625990376818	0.6417423575309442	1.0832425051577832
0.6664485009681694	0.5814287925251751	1.1462254871722974
0.712402370117778	0.6268524849328085	1.1364753067767441
0.6709437699021071	0.6276097253917162	1.0690461647695857
0.6845099416810833	0.6285018636084139	1.0891136229113316
0.5717383231717246	0.5741561418987978	0.9957889177688194
0.6780830259862259	0.6288676206037147	1.078260358412577
0.683664767529249	0.6476836856323442	1.0555534787969467
0.7134170626484984	0.6534051062985567	1.091844945457957
0.7969787805520301	0.6715346903236488	1.1868020997812088
0.7191375938056211	0.5624241895874004	1.2786391608319465
0.6493778570643235	0.599860896892714	1.0825474046201509
0.5955806909120918	0.5081246057015512	1.1721154304066672
0.6953537528744812	0.6188148172089774	1.123686333192077
0.7479999779993592	0.652062156436794	1.147129871923283
0.768224025308669	0.6539359514854862	1.1747695222499466
0.7028240158393668	0.6564878408848387	1.0705819240948538
0.7380209342362744	0.6761383153862242	1.0915236090631864
0.6649325665086302	0.6402149011418933	1.0386083880938264
0.6651121442728405	0.6339349072945021	1.049180502003583
0.42651016733189734	0.2637749350608751	1.6169472934699631
0.4235813626043202	0.25600214829058887	1.6546008126600236
0.388924423002394	0.24567769567566206	1.5830676933564327
0.39835029921559617	0.2679003876439126	1.4869343890053446
0.3613085981851404	0.27230607790542444	1.32684735120245
0.3705067171613477	0.26432702914440076	1.4016981856174133
0.38061327541230233	0.2694302166208255	1.412659946556577
0.3457302055388469	0.252806624028992	1.3675678272543934
0.4065360906031078	0.23492204960885243	1.7305148294082844
0.37390577265442	0.24390199962148895	1.5330164296917763
0.39693514170120936	0.24905319148080798	1.5937765717481165
0.33360146381511785	0.27815625407851857	1.1993311634148915
0.39316331658766207	0.2529197834850917	1.5544980751212647
0.34751765285970365	0.2532035435854595	1.3724833702511432
0.411531844576583	0.25375828054626104	1.62174745072628
0.36286856912792553	0.25600965807159654	1.4174018740591594
0.39398877198407656	0.277339057275063	1.420603271155282
0.3969791005182624	0.2624785451233835	1.5124249501293683
0.4532405736654225	0.2669746098064636	1.6976916793472894
0.31867434990754406	0.25038966053902206	1.2727136944134327
0.6178682344403882	0.24913311915858527	2.4800726476156916
0.4068705085009018	0.27188578335785474	1.4964758490714494
0.32842911991888857	0.2578264226300948	1.2738380983941584
0.32570692606438856	0.2167398387683663	1.5027552291043147
0.38002709650045147	0.2176195284124968	1.746291333653255
0.33368575255802	0.24757206191984837	1.347832828835311
0.37707401372471744	0.2615389334681619	1.4417509803396824
0.5272944969232745	0.250194656520725	2.107537004410787
0.4487345755355042	0.24122254583455705	1.860251387294742
0.45015364109232897	0.23119625948742045	1.947062820524664
0.2979657510040945	0.24014270676012556	1.240786176786653
0.41896505805895057	0.24953569167447542	1.6789784869953566
0.38243931889212207	0.28699158339730013	1.3325802602464747
0.4347965902866159	0.2692414603380948	1.61489463673473
0.4306575231363336	0.23337964709389733	1.845308828336106
0.37215845594385427	0.25172207815645126	1.478449799355895
0.3292189851350994	0.23270930458813416	1.4147220529826905
0.6034742064357456	0.2371559105179626	2.544630682481082
0.3712969342394102	0.2473447314228681	1.5011313647292919
0.27325970892056634	0.23845072778657936	1.1459797646964704
0.4295130416461463	0.25156449391258207	1.7073675023288495
0.4100170528940206	0.25370428608936996	1.616121900083264
0.3975486027839984	0.2726981546162501	1.4578338578911252
0.3314461099857381	0.26216193319379844	1.2642800804368595
0.39175904464313643	0.24063075628653352	1.6280505895790203
0.34856490911529453	0.26873959990293855	1.2970359010774248
0.3567913524115875	0.25623994184391613	1.3924111512206025
0.41180174481469445	0.23983562203043288	1.7170166021561246
0.3758070317501625	0.25345904424723875	1.482713046860456
0.4614595771560345	0.23306659399183513	1.9799473157109786
0.42992397497633617	0.259857806708908	1.6544585687892601
0.30483215883382264	0.25719041500087986	1.1852391887651792
0.39818916743072547	0.23215874978792272	1.7151589926913016
0.39801234512507405	0.24501031577642673	1.6244717854584643
0.28728437937144713	0.2510451104083574	1.1443536139944803
0.35517773432716054	0.2576159157301265	1.3787103693517055
0.4915716421345623	0.25614488748679265	1.9191155714943118
0.40322848434518316	0.2819088193012979	1.4303507259708022
0.46643739868471135	0.24254506666516246	1.9230957986403245
0.42782843720495906	0.2652557614011926	1.6128902721848117
0.3748528018684576	0.22203452933930742	1.6882635461424886
0.340763915654791	0.2598179824803603	1.3115486172345652
0.3362121318199378	0.24780551847485946	1.3567580491717235
0.41898016160876467	0.2715954390563707	1.5426627305100058
0.37768125318083373	0.2678328223758133	1.4101380474230492
0.3259539166203281	0.254857341548295	1.278966164522125
0.3835825846008274	0.24940889463742683	1.5379667399530914
0.3886327023307235	0.23883019858936191	1.6272343473570856
0.42962543345366094	0.2620396161447352	1.6395438207952542
0.33712543498705855	0.26697895491675433	1.262741608574265
0.35388291946726297	0.24958562656260935	1.4178818081036022
0.4034209334598094	0.2785650676777835	1.4482107782675997
0.35730793221621004	0.23199278560263076	1.5401682913891364
0.456966795964695	0.2717323301460367	1.6816798932946553
0.3613071565665581	0.25634199672069335	1.4094731303830534
0.39317301385833314	0.2820556841866122	1.3939552928782817
0.3818282284500277	0.2487359219990757	1.5350747305869497
0.4091796502246384	0.26935607551865803	1.5191031033428275
0.4308958101598252	0.20734510969291614	2.0781575740946763
0.40856081257709514	0.2620477574283804	1.5591082197631776
0.3781646238207708	0.2650226639439219	1.4269142804359913
0.3614279328924477	0.274496891682302	1.3166922608025673
0.3425964693411574	0.26566542762134115	1.2895786719733355
0.41257686689434314	0.2680159379040322	1.5393743749749444
0.35644168850539193	0.24551258561497388	1.451826543281097
0.46400073479652926	0.27958290299027017	1.6596177013466273
0.34578554704871023	0.25391412381251593	1.3618208465789399
0.3481911489323949	0.272346010905708	1.2784881547354336
0.29975185663144066	0.2515345065763291	1.1916927848644092
0.3919362924073491	0.24992248305110595	1.568231427691134
0.40138619785004587	0.2514153242970687	1.5965064936764704
0.3849155509871524	0.24461070524124187	1.5735842411620455
0.31132788700132946	0.2568023539802206	1.2123248956873212
0.45735037480690793	0.24487664523026362	1.867676578045448
0.3960607591678805	0.2500652316689865	1.583829773233528
0.4058846768010206	0.25727666118199444	1.5776194969892843
0.4448609396825168	0.2399679917512738	1.8538344903249178
0.4439179249263997	0.2691355067172475	1.6494216253404936
0.49556708272556776	0.2631827131109974	1.8829773311006266
0.3994034366607039	0.2636547933082668	1.5148726546902522
0.3420887195684023	0.23595638959662515	1.4497963803956049
0.3998253920857449	0.24059465848398495	1.661821565803212
0.4989533484405217	0.2712847444335138	1.839223762775222
0.36890839725483354	0.2737847633908214	1.3474394728395653
0.38500080186165186	0.24764573521154826	1.5546433760822482
0.3457081270526798	0.25649686831895924	1.3478064247661086
0.33956119667118523	0.25511934459600455	1.3309896088393414
0.410150577823129	0.2787645013252473	1.4713156656363056
0.36555996639122157	0.24361638147876716	1.5005557679341963
0.38589309196274757	0.2673712488497488	1.443285669730342
0.34834151312119077	0.25890413490805336	1.3454459243955297
0.3451411524179244	0.26320001764520295	1.3113264790247057
0.38058107914175965	0.24454672649648493	1.5562714111702904
0.4279901207023977	0.21850780209049686	1.9586949143589023
0.4111397116559255	0.25439234911251685	1.6161638236772595
0.4396286350344047	0.26202124629847556	1.677835829135824
0.4164674192912008	0.2527284240452328	1.6478851591962695
0.3900372333693716	0.2574260023610031	1.515143108280104
0.3810448167092824	0.24117164788648227	1.5799735169891838
0.3703356481856693	0.2551275949371244	1.4515703339614738
0.41067560901971234	0.24364461167033324	1.6855517805392009
0.4095381316421559	0.2519460439786745	1.6254993536505797
0.44079954379671094	0.265402663406061	1.6608708373144547
0.3585211883160649	0.2426748165695022	1.477372862104891
0.3826047214361018	0.25294776278862874	1.5125839312357097
0.3887178915201234	0.2673529510029155	1.453950255876863
0.45003267769073896	0.24116999441206752	1.8660392591037043
0.3003028885224528	0.23897105428508855	1.2566496365881885
0.3404546004747407	0.21064887029493412	1.6162184966767812
0.3933298833372227	0.26581162502872974	1.4797316832727327
0.40935096192352294	0.20829563018414962	1.9652402768201362
0.369733758524616	0.25085820641601136	1.4738754765370006
0.46285823329055464	0.24759489991936084	1.8694174776673627
0.3914174141237313	0.2758232396895205	1.419087871509047
0.43944787218312265	0.23515608183358888	1.8687497629514995
0.4494626916797019	0.25027879550982296	1.7958480692067311
0.38874268945486695	0.2421790525811959	1.6051870932335583
0.37284524860950097	0.2606207666217949	1.430604527192428
0.3590479544098842	0.23911985108712389	1.5015397206778296
0.3721831346001898	0.25212817239253293	1.4761663921505206
0.3507484135840115	0.26535892660737603	1.3217886357483553
0.46721660996451	0.28424172126611474	1.643729878511006
0.4638331114033963	0.42396342655523034	1.0940403873327316
0.48162758648060555	0.43019045129602285	1.1195682866265848
0.4654729053370115	0.42173665612018996	1.1037051168830752
0.4522605478899859	0.42314587095873724	1.068805296067955
0.44701210546208225	0.42792799967272266	1.044596534472984
0.46511871107764896	0.4308003939687693	1.0796617588779818
0.45583992472653706	0.425695574502047	1.0708119887310341
0.4365742623369169	0.41261256934977436	1.0580731048133196
0.446056032850767	0.41823152207999775	1.0665289661391115
0.44757420331017067	0.415588008469018	1.0769661159353139
0.43370138900774025	0.4190423146167955	1.034982324886092
0.41382870782649006	0.4159128925191992	0.9949888913515396
0.45423925272832977	0.4170489563798529	1.0891748936894678
0.4544090280362134	0.4247035532249357	1.069944022332078
0.4460061994184154	0.4166240782812523	1.070524299167673
0.4582397655179792	0.42324873568045346	1.0826724970159
0.46137431323428346	0.42924918999899964	1.0748402652439686
0.4687628811586982	0.4233674788888038	1.1072245851028566
0.45357330087376324	0.4188388312986578	1.0829303946518216
0.43572719802231774	0.41278622730247566	1.055575911216223
0.5215084674080464	0.43266195987815675	1.2053485533022361
0.4393560339842383	0.41838268395829253	1.050129584301908
0.4344677627199586	0.42079693084772396	1.032487955282121
0.437973122123843	0.40841474064962763	1.0723734442767652
0.4653547603445153	0.4204581967677056	1.1067800887744712
0.45101125261704994	0.4108725928606814	1.0976912562527108
0.4648232539196743	0.4258113192191033	1.0916178902245133
0.49635456797713856	0.428350745960393	1.1587573329988632
0.44802989711521535	0.4194829299305806	1.0680527505359012
0.49903682328371823	0.4253784069051823	1.1731597447891955
0.4428021404860797	0.42495911987745116	1.0419876166295103
0.47237033490870256	0.42302210091175324	1.1166563966530059
0.4537674674013733	0.42703491311828473	1.0626003951009126
0.4712114413631346	0.4299940054399012	1.095855838457716
0.47870719338862566	0.4288038778060315	1.1163779484409602
0.4543370257859136	0.4242150110517347	1.0710064800854147
0.4553588147625967	0.42843344188865845	1.062846104531998
0.5253762464392493	0.43413433706063426	1.2101697598867227
0.44085238961573553	0.4189809306739344	1.0522015617909406
0.4330274266412767	0.4214000210015351	1.0275923233513535
0.47501590829331963	0.42937548674604414	1.1062948932952703
0.4892054262830333	0.4323586243395983	1.131480670774788
0.4675092674974423	0.4329930268532057	1.0797154653854009
0.45644372845776215	0.4271621359790643	1.0685491292705143
0.443733211251072	0.39871531518994124	1.1129073660982522
0.4270263756063476	0.4204220798159889	1.0157087272705785
0.4700442865194233	0.42581236057436606	1.1038765663950996
0.4547002617059775	0.4230393841422474	1.0748414420750105
0.4574169589720585	0.4257532199104905	1.0743711088508618
0.47070726393192697	0.39864412004161826	1.1807706178703585
0.4710378295758363	0.41966518020386095	1.122413418590077
0.4253193116994676	0.42023839158479276	1.0120905662510125
0.48143336170213563	0.41865280748495765	1.1499585171644495
0.46915712335614845	0.4212670895616192	1.1136809282784583
0.43189081119076755	0.42210536134618803	1.0231824817703608
0.4517315619074182	0.42169151945030015	1.0712370087410745
0.4991672548052334	0.4185249580532789	1.192682169128104
0.4848847524823047	0.4361442433001383	1.1117531870038349
0.5009601075437493	0.4256192453198497	1.1770146981189291
0.4802186787474495	0.4261254571571858	1.1269420089359041
0.4877975034311204	0.4275135899862539	1.1410105195645472
0.44771689882444876	0.4259616383776022	1.0510732856829732
0.4654616326596172	0.43172235833973294	1.0781503984404115
0.45883110131286975	0.42741995273570454	1.073490131605036
0.45066843771950776	0.4252791732308115	1.059700230076672
0.44653079580341315	0.4270111584857613	1.0457122417757678
0.45280625242119427	0.4152433694435788	1.0904599224015288
0.47326079596295206	0.41960867061458745	1.12786228957038
0.46871070125221426	0.4261674596547035	1.099827522335893
0.46961857874621715	0.4314994411881116	1.0883411052703718
0.4951374501641169	0.42161790663021576	1.1743748127813325
0.4486015995563342	0.4208703614662038	1.0658902137787083
0.4619778165892311	0.41857253771824376	1.1036983436792143
0.48898127866668534	0.4194636798607223	1.1657297214124605
0.46884377003036437	0.42507609239142613	1.1029643360855856
0.4562043706714046	0.4269153693335959	1.0686061066003036
0.46501402485504384	0.4245274438803157	1.0953685834881908
0.4410317255925225	0.4207921647077421	1.0480987113884064
0.46493401629906445	0.39553240034216375	1.1754637948670281
0.47287909197728945	0.4298492045726187	1.1001046109820154
0.4607953689819766	0.42427861766907904	1.0860678568095534
0.4643625632903109	0.4332964978790802	1.0716970147769351
0.4579734928730189	0.4309170509513431	1.0627880513475687
0.4677411812989051	0.4232784238749068	1.1050437605984342
0.4686217879946454	0.42638708226745853	1.0990524982665737
0.4444716981745424	0.4211566395902595	1.0553595892658036
0.4327077708441321	0.4195148418256893	1.03144806262641
0.4609054868626588	0.4308184625580837	1.069836896325024
0.4286549376455385	0.4243150081076313	1.0102280839823756
0.45890298293411674	0.4184223491834463	1.0967458689280547
0.470915142919365	0.4228537822249679	1.113659526566153
0.4496073234651578	0.42459999522247255	1.0588962047198858
0.40680633360452967	0.4133261232351829	0.9842260402521341
0.4849659170752488	0.41559557479706954	1.1669179040514375
0.4472470282415011	0.4159894664773552	1.075140272249772
0.4444337911045565	0.4143605648826746	1.072577433208194
0.47582662464815834	0.4225879358607101	1.1259825098390797
0.46043283979766025	0.43021996493004905	1.0702265755438003
0.49790637567731066	0.43232544254848837	1.1516934389570814
0.4631540774446757	0.4270850028531241	1.0844540884147034
0.45051921135648954	0.4204506567970651	1.071515061454494
0.47468001819705724	0.42480325000992925	1.1174114562116984
0.48783277731857544	0.41644408833214175	1.171424426439442
0.4771392259712844	0.43020332057729166	1.109101680877333
0.46712314296203195	0.4243144229235945	1.1008891466462027
0.4493312649929921	0.42493128284348697	1.0574210069595942
0.43567002033270724	0.4192845516972059	1.039079590624494
0.46187161559605494	0.42767198477770285	1.079966965421241
0.4821343274584574	0.4222620250817626	1.1417894549364267
0.467520097208423	0.4274221373893954	1.0938134839340272
0.45450516856142487	0.4243715351283788	1.0710076688436
0.4624220902005251	0.4277510273717637	1.081054306384233
0.4523287558238076	0.424577475345684	1.0653621119573735
0.4692075499733336	0.42292681487191985	1.1094296541954416
0.48323892695337334	0.4247419847580696	1.1377234751789917
0.4787125437709589	0.4196187137165787	1.1408274419674564
0.5018603102542001	0.41199746035544804	1.2181150578482292
0.4528834209481342	0.4138867210066311	1.094220708136414
0.41913628764004385	0.4029160715999436	1.0402570589346094
0.4558234230434922	0.4191177254939934	1.0875784900441412
0.4612489970196448	0.41269652675860363	1.1176469078680682
0.47161714319512277	0.41359040417574827	1.1403000128472929
0.48887973942298935	0.4271704941080911	1.1444604582152702
0.44473540388751065	0.4138817777229222	1.0745469547713304
0.4589446524004458	0.4217722468763426	1.0881338347873837
0.44500292907095285	0.4208315690346431	1.057437135934828
0.4665561106143249	0.4035199429395334	1.1562157429335216
0.39300635148516855	0.40106675666219066	0.9799025846866406
0.45835195893609837	0.4106757637910478	1.1160920593534422
0.47851196152730785	0.4326946966140651	1.1058882054061983
0.44544985158523465	0.40131062333947565	1.1099876895320084
0.43528572253082787	0.4082871778041598	1.0661263595684562
0.4836338771877653	0.41855331365385184	1.1554893042556003
0.46166852560267985	0.42899322197801565	1.0761674123288099
0.4854936635435145	0.4255782650785874	1.1407858515844624
0.43555446220111527	0.4045200625123247	1.0767190618335403
0.464668614357907	0.43278990663768646	1.073658621033665
0.46047453806908256	0.42270747987385665	1.089345611311388
0.4418950016630549	0.4170800296687527	1.0594969076174912
0.4246381662285067	0.418920917367195	1.0136475612085523
0.43104541789700546	0.4203561944030286	1.0254289662821723
0.48807254960001567	0.4295956325481071	1.136120836948593
0.897635728876837	0.884374572123448	1.0149949548204986
0.899850959515822	0.8855956775079803	1.0160968288011016
0.9011497001349114	0.8845907498778012	1.0187193346294856
0.9014644735535431	0.8862796452127013	1.0171332247365306
0.8995278763538648	0.8891023864278048	1.0117258597943337
0.8939018893468427	0.8826754350532909	1.0127186662817618
0.8970174588159135	0.8858474560269265	1.012609397603381
0.8999299887484952	0.8849236303572471	1.0169578005112034
0.9011925499873035	0.8871348097728601	1.0158462277205003
0.8964005480917153	0.8821433845839365	1.0161619570660876
0.8997872983017785	0.8864218769829432	1.015077946140416
0.8866540773434947	0.8832944807303545	1.0038034842132855
0.9013742722441295	0.8853874607862328	1.0180562885357562
0.8999018660908888	0.886056318439102	1.0156260356860582
0.9047541617841175	0.8894264304620764	1.017233276184606
0.8981462183430358	0.8860193101565044	1.0136869569856095
0.8942831331962999	0.8841648958734675	1.011443835160224
0.9037595135122078	0.8865861583481262	1.0193702044661725
0.8995050980404795	0.8858086875479917	1.0154620412793658
0.900790298673187	0.8874238918683017	1.0150620317160324
0.9118305280675882	0.881158677630709	1.034808543813415
0.8997165023855839	0.8875504345203783	1.0137074665191055
0.8982707445383366	0.8860473473373568	1.0137954221495185
0.8967679473889305	0.8819587864647812	1.016791216496079
0.89793837108927	0.8795059239090183	1.0209577294241834
0.8985796149353918	0.8862460283009195	1.0139166622366906
0.8970369712300545	0.8836076737370783	1.0151982581094834
0.9036543074864873	0.882701155371379	1.0237375378831273
0.9008554879958744	0.8862262979439197	1.0165072849743853
0.9012901412023387	0.8818852954602389	1.0220038204990967
0.8944942864878935	0.8870805975878571	1.0083574017064467
0.8967312226914419	0.8829528481986915	1.015604881416782
0.9021853988696398	0.8883458814821948	1.0155789739964278
0.8953171273342819	0.8805028045369856	1.0168248445331034
0.908848118580486	0.8875488292051061	1.023997878961156
0.8974274516037681	0.8811825696307349	1.0184353192322457
0.8925420490200917	0.8828699489646673	1.0109552942273852
0.9108153670165461	0.8821884594114582	1.0324498776873436
0.9002694608227353	0.8853195608349109	1.0168864449055273
0.8888469756018715	0.8835128778322047	1.0060373741045572
0.8996335685281098	0.8840368468497966	1.0176426149361206
0.9019092311362122	0.883136980423346	1.0212563295717358
0.9048148347535122	0.8891288183109484	1.0176420065568925
0.8869945633215688	0.8807297641159292	1.0071131911976747
0.8933454944552395	0.8797466081164352	1.0154577309117678
0.891349592588352	0.8849339643658781	1.0072498383843491
0.8961870832175745	0.883410934046562	1.0144622945886461
0.906146619761665	0.8888987696529751	1.0194036156844086
0.9000624851893185	0.8850027312769643	1.0170166185709106
0.9024911960846023	0.878533573047889	1.0272700142279108
0.8950169707311122	0.8830044201585188	1.0136041794337076
0.8978416774202975	0.8884172007603831	1.0106081654563286
0.9039855877197052	0.8796871841770074	1.0276216409420926
0.894045271968154	0.8803888186262071	1.0155118432367836
0.8918031174869749	0.8838345567459487	1.009015896335129
0.8911429418142252	0.8810573975353955	1.0114470910828763
0.9065052660209982	0.8794384382117005	1.0307773991142994
0.8996766161668439	0.8851659617624283	1.0163931455018038
0.9018646115289382	0.8772010533077556	1.0281161976814563
0.8971494094162669	0.8808340320429215	1.0185226464689439
0.9017373901718976	0.8783293006966428	1.0266506986123414
0.8933529281097116	0.8847516017571648	1.0097217414870614
0.8953949262296461	0.8829790418451188	1.014061357966756
0.9031141241799083	0.8871582343294616	1.0179853933977252
0.8987455366291517	0.8877655769783125	1.0123680844758722
0.8961030614257866	0.8857970495104093	1.0116347327201796
0.890687274622812	0.8790452543775784	1.0132439373140998
0.90505581538123	0.8847632211870411	1.0229356213145517
0.9042461938397963	0.8848744839328103	1.0218920426102567
0.8955008701318908	0.8844982543474212	1.0124393866583572
0.9000721487026861	0.8828742971569139	1.0194793886300166
0.901715498396725	0.8859021367497423	1.017850009601512
0.8981871299372226	0.8839781807024756	1.0160738687276822
0.9079092510335961	0.8839378226597259	1.0271189078681364
0.8924060206682107	0.8795791604969406	1.0145829514242053
0.899336363142945	0.8874033426409441	1.013447121425628
0.902142153120376	0.8831122900241131	1.0215486335217274
0.8986172730229732	0.8857670750397382	1.0145074233908034
0.9068181870247976	0.8769564662277934	1.0340515429750505
0.9023340787231963	0.8889247606342239	1.015084874089237
0.8973072940747098	0.8864049440943563	1.0122995139557716
0.8908411039647408	0.8839127763371659	1.0078382480862933
0.8933072865629107	0.8825776189280145	1.0121571943416474
0.9011492254621836	0.8868634805728629	1.0161081668173921
0.9052168676478889	0.8886129465057672	1.0186852118320042
0.9026777519109274	0.8884287643439555	1.0160384131388338
0.8945649106471134	0.8863473975192566	1.0092712103074442
0.8996695320097856	0.889324053564361	1.0116329682121614
0.8891732250158787	0.8860843609143199	1.0034859706793284
0.8997715591753638	0.8825968486150002	1.0194592928666295
0.9055636512347351	0.8852406141213828	1.0229576420118538
0.8983338727236472	0.8837310098884283	1.0165241036829322
0.8869224165718034	0.8832232743493779	1.0041882300091678
0.9052683520604571	0.883848094813232	1.0242352247777955
0.9038114000104489	0.8841054956313501	1.0222890870789425
0.894907486040059	0.8814605243284755	1.0152553192575786
0.8990682354278586	0.8828482871229424	1.0183722940186863
0.8960117292357438	0.8856290110753414	1.0117235524475374
0.9137149501245023	0.8828708508222269	1.034936139610397
0.9033816439211483	0.8898834665926852	1.0151684774863239
0.8943129563937713	0.8805715403085818	1.0156051103813486
0.9077440583935704	0.8872436625614393	1.0231057112010777
0.9018230441394979	0.8816834818117335	1.0228421681286128
0.8973566663939753	0.8857865184351538	1.0130620050294528
0.8997929979988438	0.881689263318384	1.0205330102493517
0.8977443409788247	0.8872893483208673	1.0117830701763104
0.8986039560486635	0.885471182259293	1.0148313960436997
0.897186005400821	0.8868808290875211	1.0116195727490271
0.8926938153089978	0.8808367640169431	1.0134611221697676
0.8955596386142517	0.8822689376102528	1.0150642286466511
0.8935168031590466	0.885606895783135	1.0089316235155519
0.887607503778122	0.8819496193353735	1.0064152014114052
0.8959859704297735	0.8829839002914203	1.0147251497270358
0.9031246850285364	0.8838443308679506	1.0218141967846897
0.8999065057691474	0.8849930579688151	1.0168514856314927
0.8971581704626356	0.881560982159591	1.0176926935500656
0.904559244951097	0.8812619840600067	1.0264362485985825
0.8886121788864871	0.8808103609074144	1.0088575456481181
0.8979039012621115	0.8819572079827307	1.0180810283481385
0.893573972424743	0.8831883845208339	1.0117591989273542
0.8988751923214362	0.8827092445682292	1.0183140120630712
0.9034216722848839	0.8814045831497754	1.0249795491832236
0.9032491506405267	0.8852705079021285	1.0203086430395192
0.8988805941409025	0.8852283081498629	1.015422333273066
0.8927851530068388	0.8851522192548296	1.0086233007001157
0.894893983936667	0.885457982089946	1.010656634236273
0.9010789121726603	0.878273588958275	1.025966081072112
0.8814686398218283	0.878006997127228	1.0039426140178
0.8901527303584587	0.8765029507176323	1.0155729990750753
0.8929345550930187	0.8830477482814426	1.0111962312692802
0.8993417963436062	0.8789578397512063	1.0231910515732696
0.8999043774955329	0.8840198522779238	1.017968516404556
0.90693377672204	0.8852225038699837	1.0245263453619171
0.8967234191891043	0.8872798400438027	1.0106432928137254
0.9030103030569056	0.883115228433738	1.0225282884753926
0.9014001827525986	0.8856920416681588	1.0177354434108432
0.9029769575908742	0.8872251927784638	1.0177539647663538
0.8996100741912774	0.885989436542982	1.015373363480993
0.8878478218833269	0.8813685759537261	1.0073513466515296
0.8883019165236131	0.8828692534171888	1.0061534174912048
0.8980393171196047	0.8881904836459907	1.0110886500755838
0.9061601537354381	0.8868934523174992	1.0217238061320602
