0	1.0	0.999990397723597	1.0000096023686076
0	1.0	0.9999945461442663	1.0000054538854783
0	1.0	0.9999905350952194	1.0000094649943658
0	1.0	0.9999905350952194	1.0000094649943658
0	1.0	0.9999905350952194	1.0000094649943658
0	0.9997357878090597	0.9998611882448749	0.9998745821547136
0	1.0	0.9999899605941704	1.0000100395066203
0	1.0	0.9999902563056824	1.000009743789258
0	1.0	0.9999902563056824	1.000009743789258
0	1.0	0.9999910345448308	1.0000089655355493
0	1.0	0.9999901106600274	1.0000098894377727
0	1.0	0.999990397723597	1.0000096023686076
0	1.0	0.999990397723597	1.0000096023686076
0	1.0	0.999990397723597	1.0000096023686076
0	1.0	0.9999905350952194	1.0000094649943658
0	1.0	0.9999905350952194	1.0000094649943658
0	1.0	0.9999901106600274	1.0000098894377727
0	1.0	0.9999902563056824	1.000009743789258
0	1.0	0.9999905350952194	1.0000094649943658
0	1.0	0.9999898059037879	1.0000101942001327
0	0.9989410185026011	0.999468920132245	0.9994718178634568
0	1.0	0.9999901106600274	1.0000098894377727
0	1.0	0.9999905350952194	1.0000094649943658
0	1.0	0.9999902563056824	1.000009743789258
0	1.0	0.999990397723597	1.0000096023686076
0	1.0	0.9999902563056824	1.000009743789258
0	1.0	0.9999902563056824	1.000009743789258
0	1.0	0.9999902563056824	1.000009743789258
0	1.0	0.9999905350952194	1.0000094649943658
0	1.0	0.999990397723597	1.0000096023686076
0	1.0	0.9999905350952194	1.0000094649943658
0	1.0	0.999990397723597	1.0000096023686076
0	1.0	0.9999905350952194	1.0000094649943658
0	1.0	0.9999905350952194	1.0000094649943658
0	1.0	0.9999905350952194	1.0000094649943658
0	1.0	0.9999905350952194	1.0000094649943658
0	1.0	0.9999905350952194	1.0000094649943658
0	1.0	0.9999905350952194	1.0000094649943658
0	1.0	0.9999905350952194	1.0000094649943658
0	1.0	0.999990397723597	1.0000096023686076
0	1.0	0.999990397723597	1.0000096023686076
0	1.0	0.999990397723597	1.0000096023686076
0	1.0	0.9999944621095092	1.0000055379211592
0	1.0	0.9999944621095092	1.0000055379211592
0	1.0	0.9999902563056824	1.000009743789258
0	1.0	0.9999902563056824	1.000009743789258
0	1.0	0.9999902563056824	1.000009743789258
0	1.0	0.9999905350952194	1.0000094649943658
0	1.0	0.9999905350952194	1.0000094649943658
0	1.0	0.9999899605941704	1.0000100395066203
0	1.0	0.9999902563056824	1.000009743789258
0	1.0	0.9999901106600274	1.0000098894377727
0	1.0	0.9999902563056824	1.000009743789258
0	1.0	0.9999902563056824	1.000009743789258
0	1.0	0.9999905350952194	1.0000094649943658
0	1.0	0.999990397723597	1.0000096023686076
0	1.0	0.999990397723597	1.0000096023686076
0	1.0	0.9999898059037879	1.0000101942001327
0	1.0	0.9999898059037879	1.0000101942001327
0	1.0	0.9999905350952194	1.0000094649943658
0	1.0	0.9999909005320481	1.000009099550753
0	1.0	0.999990397723597	1.0000096023686076
0	1.0	0.9999909005320481	1.000009099550753
0	1.0	0.9999905350952194	1.0000094649943658
0	1.0	0.9999901106600274	1.0000098894377727
0	1.0	0.9999901106600274	1.0000098894377727
0	1.0	0.9999909005320481	1.000009099550753
0	1.0	0.9999902563056824	1.000009743789258
0	1.0	0.999990397723597	1.0000096023686076
0	1.0	0.9999905350952194	1.0000094649943658
0	1.0	0.9999905486165118	1.0000094514728177
1	0.2664542505238788	0.4279849119145781	0.6225786075773172
1	0.4979067175204547	0.49579804653299553	1.0042530845012492
1	0.7690786038093994	0.5444895263544869	1.4124763959347402
1	0.7128469952554372	0.5665387928083676	1.258249221949676
1	0.3425864077933468	0.43083150059755343	0.7951749287556442
1	0.5837877178797293	0.510439306737301	1.1436966357690344
1	0.4877822110704009	0.45780510646863604	1.065480057295557
1	0.47387818946824367	0.21069553803892457	2.249113549716928
1	0.39709819637608107	0.432879567937501	0.9173410476916156
1	0.6605754038020233	0.514513664621942	1.2838831098633805
1	0.6987074411548001	0.5309693681875619	1.3159091334021846
1	0.4296550906426684	0.46401674658571646	0.9259473797101404
1	0.6285234021096593	0.5388681348690151	1.1663770066167247
1	0.8029234430273877	0.5969297392223372	1.34508869347574
1	0.42663419744117753	0.3974058625963988	1.0735478199889132
1	0.5577001438232972	0.4861951224283681	1.1470706267841346
1	0.8043708057879974	0.5717509913576466	1.4068551134086977
1	0.46472805250598825	0.4813639607854479	0.9654400627493703
1	0.6182470931808064	0.4415610409525309	1.4001395862441355
1	0.28704615231818836	0.44829594857022864	0.6403050333907281
1	0.6528878194649351	0.5421425754558264	1.204273283491885
1	0.3605311932020347	0.4170330461944753	0.8645146865265635
1	0.35928170969050127	0.42029103599899476	0.8548402866516539
1	0.5148614724159911	0.4863449387631981	1.0586343793878314
1	0.5525698546053316	0.5215083406298124	1.0595609150526852
1	0.5942857442421497	0.5064642312550408	1.1734012148685868
1	0.5220213041927092	0.43329437391792724	1.2047728648597413
1	0.5029619362801242	0.4897633673757772	1.026948869155051
1	0.6834884101566846	0.5652174119564763	1.2092486814778374
1	0.6723465030606812	0.5562940981670079	1.2086169982318105
1	0.4470433153906604	0.4852788671953421	0.9212091142034204
1	0.6729942301093331	0.5653184716495265	1.1904692025109715
1	0.5554536901908778	0.5014933441861035	1.1075993263526738
1	0.5417244848322998	0.502143727007689	1.0788235632464742
1	0.7340701962637008	0.5459455177780225	1.3445850773742747
1	0.26240873901768746	0.4437238408665078	0.5913784990800887
1	0.5546003688552887	0.5147545869216916	1.0774073372942254
1	0.655876151662705	0.5256045490695298	1.2478509800263204
1	0.5215439306703183	0.47824222167990954	1.090543467363262
1	0.8111674637649738	0.5868170688296784	1.3823174322156813
1	0.5401872991132968	0.5029135565115895	1.074115605195161
1	0.5059497450501087	0.38043319989639185	1.3299305770051097
1	0.5933519780362375	0.45269997207659757	1.3106958573786733
1	0.6590840058949865	0.49344123719488814	1.33568894574305
1	0.5054290294953101	0.4999288908300107	1.0110018419943039
1	0.6948324751259709	0.5641492324240095	1.2316465842565236
1	0.6870734525686271	0.5303110244438148	1.2956046940363406
1	0.6838157907623982	0.5442508910594178	1.2564348575182094
1	0.5261149333427735	0.5234498555541972	1.0050913717145926
1	0.6143981104262771	0.5259511572706439	1.1681657164034345
1	0.6937943072624954	0.5152440082024612	1.3465354205339428
1	0.583889558092393	0.49331801407572806	1.183596668745937
1	0.586068334004485	0.5069680277686294	1.1560262223714737
1	0.6499715400497229	0.5089107968863498	1.277181667251746
1	0.5970778055706437	0.4587641898582434	1.3014917440594889
1	0.44052435893315595	0.4051463227853266	1.087321627170673
1	0.48209928202622643	0.5243268242145381	0.9194633189870265
1	0.5427170070928361	0.4513870523325695	1.2023317999227352
1	0.5417895335233593	0.4951131621463458	1.0942741477012419
1	0.38094286752441997	0.3883051851217557	0.9810398679197981
1	0.27904027406053794	0.37204879121446255	0.750009892922052
1	0.26232003927400405	0.39470814859731523	0.6645924088626437
1	0.6295500069037588	0.4725967426668554	1.332108222649227
1	0.6193710060350194	0.5139891500186156	1.2050273940852392
1	0.41093422628684906	0.36330436826183343	1.1311018038480858
1	0.5040832824154582	0.4570062275137372	1.1030118455011773
1	0.13036777442853853	0.3896592162417497	0.3345686923202572
1	0.47147144014739545	0.4318399851977563	1.0917734723696102
1	0.6594197243038917	0.4702081672456401	1.4023995545772947
1	0.5891885462808107	0.5397997601074491	1.0914946426866337
1	0.3574483719939551	0.43639113782701255	0.8191008959848523
2	0.2594258467613141	0.42379691620663595	0.6121466127771977
2	0.4897379520216491	0.4914775863924994	0.9964603993772749
2	0.7690786038093994	0.543596341477813	1.4147972403909004
2	0.7128469952554372	0.5655507473041339	1.2604474464111923
2	0.3278668720177752	0.4238941719302766	0.7734639769279577
2	0.5837877178797293	0.5089665269794619	1.1470061132395188
2	0.4708905489411711	0.4502306568621427	1.045887350770417
2	0.46629156867283894	0.2020712244607638	2.3075604649655537
2	0.38638071890182923	0.42707220944194807	0.9047198819298261
2	0.660569537909171	0.5135313878781325	1.286327483581067
2	0.6987074411548001	0.5294983359345569	1.3195649423932403
2	0.42878646242659363	0.46149741690154134	0.9291199619391879
2	0.6285234021096593	0.5377979927765563	1.1686979322193147
2	0.8029255383922762	0.5955113962975357	1.3482958401540146
2	0.42653898913002175	0.39590719376081346	1.0773711512494375
2	0.5577001438232972	0.4845563460315893	1.1509500358229536
2	0.8043708057879974	0.570674534389927	1.4095088484154994
2	0.46472805250598825	0.479854835909649	0.9684763343585248
2	0.6182470931808064	0.4390383500149398	1.4081847136127594
2	0.281132872520953	0.4440879785966462	0.6330567051361208
2	0.6490863919211739	0.5385765179148727	1.205188808517211
2	0.3605311932020347	0.41536165633871375	0.8679934406560469
2	0.3455760280510086	0.4139161897649439	0.834893721473556
2	0.5146906127833566	0.4854476514180911	1.0602391653968062
2	0.5525616887431417	0.5202661527535287	1.062075027980751
2	0.591771127285517	0.5032623736657573	1.1758699999268034
2	0.5190341406554524	0.42985410404837965	1.207465825653803
2	0.5025513799116144	0.48838394771936194	1.0290087998559556
2	0.6834884101566846	0.563728384536434	1.212442780788361
2	0.6723465030606812	0.5546209138660729	1.2122631625518472
2	0.4465644386468122	0.48356053746409333	0.9234923118182938
2	0.6729942301093331	0.5639586806778741	1.1933396065477688
2	0.5514490900830048	0.4983456839557279	1.106559378032046
2	0.5402665605157951	0.49934212833831915	1.081956698333589
2	0.7340701962637008	0.544799089521843	1.3474145063421024
2	0.26240873901768746	0.44203323427460656	0.5936402936949079
2	0.5531384263737548	0.5132079825907696	1.0778055781233349
2	0.6555113369784751	0.5241365388218555	1.250649951731893
2	0.5213531110317385	0.4764630497323331	1.0942151995304226
2	0.8111674637649738	0.5858437414833206	1.384614029862549
2	0.536451735295387	0.4989768893801579	1.0751033699412038
2	0.5059497450501087	0.3784833451798655	1.3367820578991865
2	0.5919979733302324	0.4445336281659062	1.331728210917916
2	0.6598284425554648	0.4896792909710367	1.3474705888562726
2	0.4985471360453225	0.49575432109970213	1.00563346566385
2	0.6948009432939789	0.5633556550472645	1.2333255858338485
2	0.6869444806029731	0.528412710875997	1.3000150572914189
2	0.6834446270560575	0.542452877972159	1.2599152015027832
2	0.5261149333427735	0.5223478726772227	1.007211785215556
2	0.6143981104262771	0.5238898325371658	1.172762043215814
2	0.6856223171076239	0.5091157577755909	1.3466923909470385
2	0.583889558092393	0.4919607194179158	1.186862151887343
2	0.586068334004485	0.5058671418869882	1.1585420073308772
2	0.6498970150927948	0.5082963936577976	1.27857884337131
2	0.5967224064118269	0.45651471902443047	1.3071263237404909
2	0.4351350225026214	0.4010543247362293	1.084977759032537
2	0.4817893291166686	0.5229054369495661	0.9213698980206565
2	0.5427170070928361	0.44968743522279414	1.2068760756545291
2	0.5417895335233593	0.4934004816447815	1.0980725671715397
2	0.36918878265567256	0.3811892422433986	0.9685183676299463
2	0.27572584533609973	0.3693730424815526	0.746469865488005
2	0.2558087426880855	0.39009787861422596	0.6557552776160028
2	0.6278600245379379	0.4642019479239699	1.3525579273113542
2	0.6144307041875452	0.5099384620111667	1.2049114745419818
2	0.40525255562532025	0.35825829861908765	1.131174231517798
2	0.5040832824154582	0.45531375433633053	1.1071119148381858
2	0.10103853954545826	0.3810443710035026	0.2651621365757677
2	0.471419409350623	0.4303056207841332	1.0955455531618883
2	0.6594197243038917	0.46831692424865307	1.4080629807727651
2	0.5889697451031926	0.538228438392041	1.094274666836151
2	0.3568313294344204	0.4349484812344853	0.8203990698430532
3	0.2594258467613141	0.42379691620663595	0.6121466127771977
3	0.4897379520216491	0.4914775863924994	0.9964603993772749
3	0.7690786038093994	0.543596341477813	1.4147972403909004
3	0.7128469952554372	0.5655507473041339	1.2604474464111923
3	0.3278668720177752	0.4238941719302766	0.7734639769279577
3	0.5837877178797293	0.5089665269794619	1.1470061132395188
3	0.4708905489411711	0.4502306568621427	1.045887350770417
3	0.46629156867283894	0.2020712244607638	2.3075604649655537
3	0.38638071890182923	0.42707220944194807	0.9047198819298261
3	0.660569537909171	0.5135313878781325	1.286327483581067
3	0.6987074411548001	0.5294983359345569	1.3195649423932403
3	0.42878646242659363	0.46149741690154134	0.9291199619391879
3	0.6285234021096593	0.5377979927765563	1.1686979322193147
3	0.8029255383922762	0.5955113962975357	1.3482958401540146
3	0.42653898913002175	0.39590719376081346	1.0773711512494375
3	0.5577001438232972	0.4845563460315893	1.1509500358229536
3	0.8043708057879974	0.570674534389927	1.4095088484154994
3	0.46472805250598825	0.479854835909649	0.9684763343585248
3	0.6182470931808064	0.4390383500149398	1.4081847136127594
3	0.281132872520953	0.4440879785966462	0.6330567051361208
3	0.6490863919211739	0.5385765179148727	1.205188808517211
3	0.3605311932020347	0.41536165633871375	0.8679934406560469
3	0.3455760280510086	0.4139161897649439	0.834893721473556
3	0.5146906127833566	0.4854476514180911	1.0602391653968062
3	0.5525616887431417	0.5202661527535287	1.062075027980751
3	0.591771127285517	0.5032623736657573	1.1758699999268034
3	0.5190341406554524	0.42985410404837965	1.207465825653803
3	0.5025513799116144	0.48838394771936194	1.0290087998559556
3	0.6834884101566846	0.563728384536434	1.212442780788361
3	0.6723465030606812	0.5546209138660729	1.2122631625518472
3	0.4465644386468122	0.48356053746409333	0.9234923118182938
3	0.6729942301093331	0.5639586806778741	1.1933396065477688
3	0.5514490900830048	0.4983456839557279	1.106559378032046
3	0.5402665605157951	0.49934212833831915	1.081956698333589
3	0.7340701962637008	0.544799089521843	1.3474145063421024
3	0.26240873901768746	0.44203323427460656	0.5936402936949079
3	0.5531384263737548	0.5132079825907696	1.0778055781233349
3	0.6555113369784751	0.5241365388218555	1.250649951731893
3	0.5213531110317385	0.4764630497323331	1.0942151995304226
3	0.8111674637649738	0.5858437414833206	1.384614029862549
3	0.536451735295387	0.4989768893801579	1.0751033699412038
3	0.5059497450501087	0.3784833451798655	1.3367820578991865
3	0.5919979733302324	0.4445336281659062	1.331728210917916
3	0.6598284425554648	0.4896792909710367	1.3474705888562726
3	0.4985471360453225	0.49575432109970213	1.00563346566385
3	0.6948009432939789	0.5633556550472645	1.2333255858338485
3	0.6869444806029731	0.528412710875997	1.3000150572914189
3	0.6834446270560575	0.542452877972159	1.2599152015027832
3	0.5261149333427735	0.5223478726772227	1.007211785215556
3	0.6143981104262771	0.5238898325371658	1.172762043215814
3	0.6856223171076239	0.5091157577755909	1.3466923909470385
3	0.583889558092393	0.4919607194179158	1.186862151887343
3	0.586068334004485	0.5058671418869882	1.1585420073308772
3	0.6498970150927948	0.5082963936577976	1.27857884337131
3	0.5967224064118269	0.45651471902443047	1.3071263237404909
3	0.4351350225026214	0.4010543247362293	1.084977759032537
3	0.4817893291166686	0.5229054369495661	0.9213698980206565
3	0.5427170070928361	0.44968743522279414	1.2068760756545291
3	0.5417895335233593	0.4934004816447815	1.0980725671715397
3	0.36918878265567256	0.3811892422433986	0.9685183676299463
3	0.27572584533609973	0.3693730424815526	0.746469865488005
3	0.2558087426880855	0.39009787861422596	0.6557552776160028
3	0.6278600245379379	0.4642019479239699	1.3525579273113542
3	0.6144307041875452	0.5099384620111667	1.2049114745419818
3	0.40525255562532025	0.35825829861908765	1.131174231517798
3	0.5040832824154582	0.45531375433633053	1.1071119148381858
3	0.10103853954545826	0.3810443710035026	0.2651621365757677
3	0.471419409350623	0.4303056207841332	1.0955455531618883
3	0.6594197243038917	0.46831692424865307	1.4080629807727651
3	0.5889697451031926	0.538228438392041	1.094274666836151
3	0.3568313294344204	0.4349484812344853	0.8203990698430532
4	0.1096379117843148	0.32098603400972764	0.3415659878242309
4	0.3299055377646073	0.3697822368758285	0.8921616693973008
4	0.6354232086097164	0.44053155384216824	1.4424011244319925
4	0.5410058217143618	0.4389365699540189	1.2325375891351118
4	0.18124623226240247	0.2843899640686688	0.6373158520412442
4	0.4448377969687896	0.4103321483301293	1.0840919942029477
4	0.4450758042505781	0.3964365658819928	1.122691100051209
4	0.4165111146995806	0.256560796073297	1.6234402179691836
4	0.36787820376259606	0.36791268412151296	0.9999062811357015
4	0.46068760011775983	0.37329132143373867	1.2341235214050763
4	0.5495399028526861	0.4378908400336258	1.254970080695195
4	0.2988765564588583	0.33876007711306877	0.8822661719937605
4	0.4828039312525202	0.42222750810610804	1.1434686797601756
4	0.6536606040604772	0.4696559138122833	1.391786166929304
4	0.24647636333974826	0.3286500662325238	0.7499659627798868
4	0.43903745570612057	0.39653484249903753	1.1071850658550546
4	0.6115565616563279	0.45293167206611085	1.3502181440892123
4	0.38898458368665983	0.36739596256026613	1.058761182283957
4	0.3724235653808839	0.34015334201554104	1.0948696348950424
4	0.2088675843237901	0.34088302345556526	0.6127250990867147
4	0.44167923038249024	0.41469715491694376	1.0650645299723613
4	0.33918517147247135	0.3605034937079686	0.940865143868019
4	0.3136077022351688	0.3449974198189572	0.9090146308912669
4	0.4422950309711773	0.40217095508983214	1.099768706251755
4	0.44239032054360444	0.3973449470757329	1.1133659149295436
4	0.45702543818678754	0.4135748858076575	1.105060906428776
4	0.40345451684470895	0.3608223301543129	1.1181528501081504
4	0.48170470739136356	0.40914674506646803	1.1773397031744883
4	0.5363017683220381	0.4143800889667243	1.2942266836694087
4	0.6015583645370174	0.4451796335770621	1.351271080627469
4	0.3643547057106493	0.36904386018660174	0.9872937745839169
4	0.5389953803593752	0.43569484242822826	1.2370937818667513
4	0.4953070504689239	0.4202236275212132	1.1786749198054562
4	0.4724714361119271	0.41362575611315683	1.1422679297143954
4	0.5692316600492229	0.444097845443856	1.2817708212033796
4	0.2581717387518565	0.3382515008673029	0.7632537862799849
4	0.4153811994587147	0.3926843308198571	1.0577992724880834
4	0.543028169712889	0.4360433677660105	1.2453535814453407
4	0.44775903023213603	0.36712084953143004	1.2196502345307478
4	0.7062170210552372	0.4823960626077942	1.4639775814866418
4	0.46931747210864744	0.4026886644290924	1.1654598541382268
4	0.3044960663954243	0.3182998577140128	0.95663274430053
4	0.523058192077408	0.3571352353093938	1.4645941939172473
4	0.5118826654629427	0.3772250779363758	1.3569688109370046
4	0.357902227818324	0.38772195934557885	0.9230899080939691
4	0.4907616359689475	0.42543364672786194	1.1535562354871147
4	0.5014282201252307	0.39706688066232876	1.2628306326854097
4	0.5146110912123991	0.423384813682555	1.2154689412130018
4	0.2755480842245241	0.38235223303697113	0.7206655549933202
4	0.44760498358395795	0.40101527143798527	1.1161793963080469
4	0.6117828050107598	0.40128411770290107	1.5245627175897993
4	0.4585564930118997	0.3881576637273379	1.1813665833840488
4	0.48392389912128325	0.3735605158167422	1.2954364249745336
4	0.5565639794528942	0.405205721101368	1.3735343566722784
4	0.41671663542852516	0.3182955140154852	1.3092130334210481
4	0.27725766850874367	0.33438279513958413	0.8291624824566879
4	0.31862706918703465	0.381544906548736	0.8350971634484009
4	0.37496886390994694	0.3507043074821753	1.0691880764224857
4	0.5061907784912677	0.41386267232153195	1.223088749830537
4	0.30032199099017304	0.2942745214951158	1.0205504352341888
4	0.2006175399330028	0.25756208509538053	0.778909441809768
4	0.299775326946577	0.3212225400409722	0.9332325399965407
4	0.5705858885739948	0.4213657034978303	1.3541346242408001
4	0.43315622318876457	0.38107665030054716	1.1366642979755999
4	0.32991908030052824	0.33687305169482634	0.9793572939143921
4	0.40036380433124563	0.35711248757617364	1.1211139858161534
4	0.3241402618413036	0.37445046390500475	0.8656425698100766
4	0.31882113950249147	0.29293237376230447	1.0883779604407742
4	0.4429733307436874	0.35723046674203157	1.2400211403681134
4	0.4735388629789577	0.42037801570228467	1.1264596275042176
4	0.3044250360800817	0.35680777044215095	0.8531906009301385
5	0.09482296182737972	0.31334220155307024	0.3026179089742551
5	0.32526201641204855	0.36563933687800987	0.8895706331525467
5	0.6348078303157981	0.4379033266894679	1.4496529065328656
5	0.5408388389042982	0.4373512988639034	1.2366233741827721
5	0.1613786095719118	0.274311662096114	0.5883038597001667
5	0.4425889269262352	0.40722195298299296	1.0868493795193779
5	0.4309129551431966	0.3907152694988634	1.1028823001872725
5	0.41286833853502436	0.25083374098959366	1.64598405663516
5	0.3570606661351467	0.36130941660262966	0.98824068714446
5	0.46069039579037174	0.37097842471164927	1.2418253060092457
5	0.5495248370129706	0.43502413698024733	1.2632053955156108
5	0.29591883242979394	0.3350275164654219	0.8832672478719689
5	0.4827213593046522	0.42022060172642145	1.1487332066097058
5	0.6503709199157989	0.4648243704695872	1.3991756053125268
5	0.2453142070550484	0.32582708888095996	0.7528969058329993
5	0.43815211562288775	0.39424900079038283	1.1113588487085289
5	0.6094376407829716	0.4489366536114776	1.357513662295875
5	0.39119606290518727	0.365419769626685	1.0705388581051198
5	0.37168262752404657	0.33810015597265225	1.099326992188997
5	0.19633211814006452	0.33376239551111064	0.5882391808682018
5	0.4354642221534689	0.4100220654626976	1.0620507012520426
5	0.3368751009322156	0.35697447120191905	0.9436952166298345
5	0.30296948802928525	0.33882315021748804	0.894181781365327
5	0.44185965741685224	0.4009994141762637	1.1018960172910077
5	0.44006720610213057	0.3932528660307335	1.119043862398039
5	0.45542354757262465	0.41054696365260707	1.1093092578757708
5	0.40217640520748504	0.3577610376064142	1.1241481406086868
5	0.48072411074483384	0.406586395285878	1.1823418498959573
5	0.5341577872396865	0.41030635297916024	1.3018511250465985
5	0.6014848412958095	0.44365014089199484	1.3557638910842564
5	0.361985445198491	0.3657768200807588	0.9896347316884906
5	0.5389656574792895	0.4342012014784278	1.2412808984501777
5	0.49239634691271406	0.4175400663500914	1.1792792754405
5	0.4715957872229707	0.41060905065036857	1.1485275019535115
5	0.568917358611098	0.4430754265922195	1.284019208618166
5	0.2534890936272274	0.3342837311319674	0.7583052060860114
5	0.4110260380217183	0.38896537465189385	1.0567162652705726
5	0.5419654230435386	0.4337403629392393	1.2495157687675473
5	0.4466623531332838	0.3651985648197434	1.2230671096797703
5	0.7062186789601184	0.48104463488075644	1.4680938685350458
5	0.4609840773312648	0.3957773652716306	1.164756041606577
5	0.30192777226601825	0.3149215182263418	0.9587397328912132
5	0.5178366582510909	0.3495845825464713	1.4812914645120352
5	0.5004650919653904	0.3700365196507126	1.3524748650154659
5	0.3544523354735486	0.3842954464385897	0.9223433136103786
5	0.4883665477910897	0.4224166775038038	1.156125157455915
5	0.4960891102869512	0.39077707129204375	1.2694939051738874
5	0.5129220549178806	0.4204370723009769	1.2199734245858718
5	0.2746082200292579	0.38031130846191014	0.7220616740003174
5	0.4474042239403437	0.3994461795211958	1.1200613421228205
5	0.6024994130386413	0.39395376670803167	1.52936578846108
5	0.45595208351354716	0.3840381579980723	1.1872572399845638
5	0.48292224238596554	0.3710719426211191	1.301424836851787
5	0.5558571669477803	0.40280660254514306	1.3799604163277952
5	0.4068829772856681	0.3120596608918941	1.3038627809911751
5	0.27301506663601266	0.33010541418851164	0.8270541920893891
5	0.3105974005569434	0.37612764757985123	0.8257765749352529
5	0.37449272160469266	0.3485281343334772	1.0744978230261668
5	0.5056181838507616	0.41157456505996853	1.2284971588977818
5	0.2792184820839835	0.2838338014243286	0.9837393597338138
5	0.1927511786907038	0.25050002036143304	0.7694657206518125
5	0.2852093723468878	0.3123206447885457	0.9131941071010103
5	0.560200131232335	0.41448265818303076	1.3515647040290817
5	0.4208336099687	0.3737847620514891	1.125871497968475
5	0.3253238900284341	0.33186916013106926	0.9802775584810286
5	0.39800880231139873	0.35424687993453935	1.1235350961593398
5	0.30471172711346267	0.36644409623269925	0.831536734378072
5	0.3155688128171532	0.2885163001157119	1.0937642437900101
5	0.4427585841065199	0.355971702026213	1.2438027561918845
5	0.4726547891507703	0.417894836143379	1.1310376397869708
5	0.30103931792819166	0.35346715459350564	0.851675506524483
6	0.09482296182737972	0.31334220155307024	0.3026179089742551
6	0.32526201641204855	0.36563933687800987	0.8895706331525467
6	0.6348078303157981	0.4379033266894679	1.4496529065328656
6	0.5408388389042982	0.4373512988639034	1.2366233741827721
6	0.1613786095719118	0.274311662096114	0.5883038597001667
6	0.4425889269262352	0.40722195298299296	1.0868493795193779
6	0.4309129551431966	0.3907152694988634	1.1028823001872725
6	0.41286833853502436	0.25083374098959366	1.64598405663516
6	0.3570606661351467	0.36130941660262966	0.98824068714446
6	0.46069039579037174	0.37097842471164927	1.2418253060092457
6	0.5495248370129706	0.43502413698024733	1.2632053955156108
6	0.29591883242979394	0.3350275164654219	0.8832672478719689
6	0.4827213593046522	0.42022060172642145	1.1487332066097058
6	0.6503709199157989	0.4648243704695872	1.3991756053125268
6	0.2453142070550484	0.32582708888095996	0.7528969058329993
6	0.43815211562288775	0.39424900079038283	1.1113588487085289
6	0.6094376407829716	0.4489366536114776	1.357513662295875
6	0.39119606290518727	0.365419769626685	1.0705388581051198
6	0.37168262752404657	0.33810015597265225	1.099326992188997
6	0.19633211814006452	0.33376239551111064	0.5882391808682018
6	0.4354642221534689	0.4100220654626976	1.0620507012520426
6	0.3368751009322156	0.35697447120191905	0.9436952166298345
6	0.30296948802928525	0.33882315021748804	0.894181781365327
6	0.44185965741685224	0.4009994141762637	1.1018960172910077
6	0.44006720610213057	0.3932528660307335	1.119043862398039
6	0.45542354757262465	0.41054696365260707	1.1093092578757708
6	0.40217640520748504	0.3577610376064142	1.1241481406086868
6	0.48072411074483384	0.406586395285878	1.1823418498959573
6	0.5341577872396865	0.41030635297916024	1.3018511250465985
6	0.6014848412958095	0.44365014089199484	1.3557638910842564
6	0.361985445198491	0.3657768200807588	0.9896347316884906
6	0.5389656574792895	0.4342012014784278	1.2412808984501777
6	0.49239634691271406	0.4175400663500914	1.1792792754405
6	0.4715957872229707	0.41060905065036857	1.1485275019535115
6	0.568917358611098	0.4430754265922195	1.284019208618166
6	0.2534890936272274	0.3342837311319674	0.7583052060860114
6	0.4110260380217183	0.38896537465189385	1.0567162652705726
6	0.5419654230435386	0.4337403629392393	1.2495157687675473
6	0.4466623531332838	0.3651985648197434	1.2230671096797703
6	0.7062186789601184	0.48104463488075644	1.4680938685350458
6	0.4609840773312648	0.3957773652716306	1.164756041606577
6	0.30192777226601825	0.3149215182263418	0.9587397328912132
6	0.5178366582510909	0.3495845825464713	1.4812914645120352
6	0.5004650919653904	0.3700365196507126	1.3524748650154659
6	0.3544523354735486	0.3842954464385897	0.9223433136103786
6	0.4883665477910897	0.4224166775038038	1.156125157455915
6	0.4960891102869512	0.39077707129204375	1.2694939051738874
6	0.5129220549178806	0.4204370723009769	1.2199734245858718
6	0.2746082200292579	0.38031130846191014	0.7220616740003174
6	0.4474042239403437	0.3994461795211958	1.1200613421228205
6	0.6024994130386413	0.39395376670803167	1.52936578846108
6	0.45595208351354716	0.3840381579980723	1.1872572399845638
6	0.48292224238596554	0.3710719426211191	1.301424836851787
6	0.5558571669477803	0.40280660254514306	1.3799604163277952
6	0.4068829772856681	0.3120596608918941	1.3038627809911751
6	0.27301506663601266	0.33010541418851164	0.8270541920893891
6	0.3105974005569434	0.37612764757985123	0.8257765749352529
6	0.37449272160469266	0.3485281343334772	1.0744978230261668
6	0.5056181838507616	0.41157456505996853	1.2284971588977818
6	0.2792184820839835	0.2838338014243286	0.9837393597338138
6	0.1927511786907038	0.25050002036143304	0.7694657206518125
6	0.2852093723468878	0.3123206447885457	0.9131941071010103
6	0.560200131232335	0.41448265818303076	1.3515647040290817
6	0.4208336099687	0.3737847620514891	1.125871497968475
6	0.3253238900284341	0.33186916013106926	0.9802775584810286
6	0.39800880231139873	0.35424687993453935	1.1235350961593398
6	0.30471172711346267	0.36644409623269925	0.831536734378072
6	0.3155688128171532	0.2885163001157119	1.0937642437900101
6	0.4427585841065199	0.355971702026213	1.2438027561918845
6	0.4726547891507703	0.417894836143379	1.1310376397869708
6	0.30103931792819166	0.35346715459350564	0.851675506524483
7	0.06682641148702528	0.2799224379045745	0.2387318858297683
7	0.27181375978646816	0.3172970204533724	0.8566539937818669
7	0.5079594151145485	0.3612308422572873	1.406190600836773
7	0.46679256804886976	0.3737060433979173	1.2490902309327525
7	0.1950130655554934	0.24175789116262222	0.8066461227704654
7	0.37778199293717973	0.35629719530910386	1.060300215412689
7	0.3708003761712982	0.34071819644569606	1.0882904994197944
7	0.47829910509250856	0.32128801442441907	1.4886926483995104
7	0.3784204644301454	0.3381565246915696	1.1190689423346194
7	0.46452833776454994	0.3429228086902567	1.3546148753964418
7	0.41971916997878755	0.3646232038882904	1.1511038395334185
7	0.23271836099581997	0.2827655860808359	0.8230080761287951
7	0.2882373315469324	0.2996595561591541	0.9618826619159939
7	0.44562630120458235	0.3664415462263654	1.2160910950018244
7	0.23657725884503442	0.29137632531897917	0.8119302712258643
7	0.43374363262635013	0.3587911964892671	1.2089026622461323
7	0.49732138945069837	0.3882497169017188	1.2809317503677404
7	0.29928917597728066	0.3039234916153848	0.9847517030899051
7	0.3156876850976677	0.2723608047916932	1.15907898472804
7	0.23371440308627212	0.30353754913512576	0.7699686702755497
7	0.2752954770955624	0.31924865284366677	0.8623230658717052
7	0.3571489942583018	0.34962729553732463	1.021513476827996
7	0.4180040563027144	0.33445057347109086	1.2498231112731093
7	0.3335734019965836	0.33682840163835787	0.9903363266697769
7	0.39208916783128456	0.3412932386356312	1.1488336815540716
7	0.44723482620004357	0.38195221386144446	1.1709182718922027
7	0.32306036105358976	0.3222968940121506	1.002368831520326
7	0.40045211607449555	0.3529248732248628	1.134666742004753
7	0.4264821410129783	0.31093546451187637	1.3716098344796195
7	0.4849604333814762	0.33940499755073184	1.4288547218842522
7	0.20861334069304566	0.2745318019432671	0.759887704143494
7	0.3686979429719754	0.3468182659791446	1.0630868646178702
7	0.4445228809330949	0.3520852227977805	1.2625434188937994
7	0.30961552144545096	0.3143434441754386	0.984959372248435
7	0.38301613772149745	0.3299105459620383	1.1609696701407353
7	0.21575954634794228	0.2797809901357087	0.771173003009559
7	0.31877679323448277	0.33341699745510445	0.956090408310413
7	0.4685997509889986	0.38037499963240273	1.2319415088842771
7	0.4193669776019022	0.31952487304201277	1.3124705241546617
7	0.5567387248028328	0.3806735893667693	1.4625094578505924
7	0.4276782492354911	0.3622751695919588	1.1805342599582458
7	0.27752196989517136	0.3179205217258368	0.8729287697083497
7	0.5416643308250401	0.35680377614181735	1.5181014525186722
7	0.39150118056728206	0.3277907866452029	1.194362979430043
7	0.3123825349136196	0.33431245397635717	0.9344029251620747
7	0.4701119309754433	0.3664607759399602	1.2828437907702979
7	0.4103272268215028	0.34404919380388	1.1926411519377185
7	0.4568323076744788	0.3550866572048002	1.2865375209268866
7	0.280011248032055	0.35171893822301253	0.7961221805307219
7	0.36305835102440354	0.327729843310012	1.1077976523516444
7	0.4687334435543811	0.2916698697196638	1.6070684435279536
7	0.40512903863735356	0.35520456144196144	1.140551340311404
7	0.4912245790845499	0.34011658726353766	1.444282923796148
7	0.492927561726688	0.3689629812287516	1.3359810788743605
7	0.3701718793232837	0.30281991495612115	1.222415901467121
7	0.25325613859021595	0.2972982666542056	0.8518587795359868
7	0.25896501842281117	0.30998609373204444	0.8354085027009744
7	0.36464323103066953	0.3277025504649445	1.1127262528573965
7	0.4842694468431973	0.3706802149835812	1.3064345688497223
7	0.24770187470010988	0.26360435648588626	0.9396729174063259
7	0.2298771837218181	0.2621932062656858	0.8767472925628698
7	0.3534290983380364	0.2955247906936236	1.1959372258026344
7	0.5619636446746203	0.3999338450878819	1.4051415042183635
7	0.4590311720884525	0.32651813425018256	1.4058366869655599
7	0.22410421858400217	0.3036190730524911	0.7381098174463433
7	0.269710221716283	0.2867766973537899	0.9404886247906943
7	0.3495145347008949	0.3348399460949683	1.0438256808277127
7	0.3017020561843154	0.2931228205099338	1.0292683990262397
7	0.3636588437148602	0.27387588489760695	1.3278235279853867
7	0.38195081404569203	0.35275887052088206	1.0827532514822527
7	0.3021638781903053	0.33152900622536724	0.911425161950686
8	0.058294411339638544	0.2699652881421042	0.21593298805494418
8	0.2665578969472755	0.30851835691921287	0.8639936359348467
8	0.48890347218266117	0.34657724911869003	1.4106623369707387
8	0.457731437316718	0.3644965368986944	1.2557909087732613
8	0.16853999382033946	0.22563951679306213	0.7469436037434453
8	0.36420905376711454	0.34516553751660733	1.0551721251997557
8	0.355639589795706	0.3289784732581891	1.0810421310350988
8	0.4667135197775596	0.31173393769376456	1.49715338416583
8	0.3580676772729913	0.3241948302145676	1.1044829957220634
8	0.4513502267791297	0.3291536909133377	1.3712446168436403
8	0.4161416312380462	0.35657464732117566	1.167053334734752
8	0.2300687195476277	0.27671181661468375	0.831438000596824
8	0.2839221229539925	0.29487122611891664	0.962868187211632
8	0.4337956161603196	0.35576049562896284	1.2193473460098356
8	0.22651808991424516	0.28310293686782206	0.8001262453169258
8	0.42481499869463357	0.34973647296068394	1.2146717072382374
8	0.4824258172735284	0.3753167902114404	1.285382988066552
8	0.2988420241257248	0.29810438745529594	1.0024744240657628
8	0.31382145944472856	0.26861003637960434	1.16831620915769
8	0.22088027657345527	0.2928641194566643	0.7542073675096937
8	0.2594587047844417	0.30672514387557004	0.8458996921677115
8	0.3504441833750538	0.34107351484686976	1.0274740433375225
8	0.3989550741833638	0.32142405960211984	1.2412109867482135
8	0.31933879892365696	0.3266247112890076	0.9776933216822538
8	0.37207286075400786	0.32741177001677196	1.136406491235633
8	0.4374488857073825	0.371386919571277	1.1778790868896685
8	0.32145648987621583	0.31328247688271077	1.0260915103673842
8	0.3902589277642252	0.3433693388891864	1.1365572972436284
8	0.42041060416325804	0.30134339812265976	1.39512133593228
8	0.4843924834772232	0.33593720851832626	1.441913760055544
8	0.20604698435749338	0.26851363727500777	0.767361339440883
8	0.36194868052095375	0.338715921676242	1.068590690185856
8	0.4408943682241726	0.34426283025758087	1.2806911739332738
8	0.31075088357957525	0.30994650017462544	1.0025952330627919
8	0.3770510355822724	0.32416459309976803	1.1631468815788513
8	0.21666949242759234	0.2744684463991371	0.7894149410257074
8	0.3069959954938849	0.32120211593565906	0.9557720209893641
8	0.4583853432821687	0.3715654996684932	1.2336595935067578
8	0.40936427908804185	0.30835372479713496	1.3275801333593795
8	0.5524852191306866	0.3738461621192438	1.4778410884273387
8	0.4095313209808883	0.3486399732793142	1.1746539478213842
8	0.2614218054117208	0.3063364151169706	0.8533814215717719
8	0.5219798483539262	0.34069299673193115	1.532112057955326
8	0.37723340369843916	0.31515781173617946	1.1969666930363876
8	0.3064236950693948	0.32700690683259986	0.9370557277747594
8	0.4579432634187095	0.35485603851537184	1.2905043558921208
8	0.39582264012650276	0.3299969499846316	1.1994736319379218
8	0.44852161165087556	0.34582038714474295	1.2969785134823386
8	0.26185702856990134	0.33963835024488814	0.7709878121275043
8	0.35847598598758895	0.3232404890479853	1.1090070648122703
8	0.45996126189660896	0.2844497982311665	1.6170208759396199
8	0.39263548983950664	0.34198532853046554	1.1481062404831468
8	0.476464384828925	0.3266608946573891	1.4585902157913755
8	0.4799759172104133	0.35653660767423406	1.3462177708522016
8	0.3598132429029596	0.2924646379429179	1.230279480739092
8	0.24613684922118734	0.2883717289206391	0.8535401516038524
8	0.2552170165538749	0.3023157703503825	0.8442067585759078
8	0.3591971612211948	0.3197106960226177	1.1235068632041754
8	0.4726705783128077	0.35892528678387486	1.3169052048356347
8	0.2364061639689458	0.2510910842943356	0.9415155644946129
8	0.2099237054608072	0.24777141817664777	0.8472474630271633
8	0.35349758949962656	0.2891951064297805	1.2223498311008223
8	0.5450118658750719	0.3869205504021061	1.4085885727927085
8	0.42991292757758076	0.308626768218702	1.392986519150315
8	0.2164148133807733	0.29462924430351556	0.7345326968216068
8	0.2697083571583077	0.28113999792366035	0.9593382626101579
8	0.341816687274825	0.324075508890191	1.054743965211655
8	0.28668019747175677	0.2808886639152616	1.0206186090807934
8	0.3636484913707026	0.27115191166601565	1.3411245715966673
8	0.37550545560250753	0.3452710335978779	1.0875672126027298
8	0.28602944939290703	0.32035124100743284	0.8928619988903697
9	0.01075931877604984	0.20351634508478192	0.05286709906060698
9	0.21455717266416488	0.25564432571107293	0.8392800116622013
9	0.4062833631341578	0.2785803625953525	1.4584063260923321
9	0.3815464505614803	0.29924462992779555	1.2750319050121075
9	0.1347701414007057	0.19360902138484798	0.6960943267866387
9	0.3367379567678861	0.28849755128848964	1.1672125301027507
9	0.33442086670501375	0.25317128446747916	1.3209273216290507
9	0.5589672867770987	0.3004459440446806	1.8604587542508888
9	0.4105668146844635	0.2921756049488921	1.4052056630678684
9	0.37477301812835223	0.2736755226926233	1.3694064213016077
9	0.28674541263837555	0.28887626123918914	0.9926236631848082
9	0.13975892716636745	0.20920157518122381	0.6680586752049994
9	0.08669790529418667	0.15864287091045715	0.5464973294836653
9	0.35844375074625334	0.24256064115707504	1.4777490240641962
9	0.25839726462905405	0.23105593269928493	1.1183320921923843
9	0.35088242177691664	0.27397492360127707	1.2807099904061479
9	0.4467170798640677	0.30597973269843676	1.4599564354294567
9	0.17341917807614277	0.2329646324607568	0.744401312097687
9	0.315455703092716	0.23695277249784702	1.3313020133393132
9	0.20606414839617657	0.2445984294804067	0.8424590003865218
9	0.08427973310504461	0.21130515792420917	0.3988531748726835
9	0.3406013775222827	0.2893277273872983	1.1772165101423162
9	0.3686306505145329	0.2630070762410487	1.4015997431821154
9	0.2086015522608035	0.23537735868760698	0.8862430669793506
9	0.21364780709611067	0.24207099243077923	0.8825832659698116
9	0.4109087908234048	0.30881124589528974	1.330614724318472
9	0.24203293230716397	0.23966771983194662	1.009868715223209
9	0.30424382958205104	0.2695017629498592	1.128912205441326
9	0.3716797655475728	0.24566017874033919	1.5129833718000967
9	0.4216222164021636	0.23668567196740795	1.7813592723949159
9	0.124469948839855	0.1868045309423755	0.6663111874853338
9	0.23825527468148014	0.2595319347976169	0.9180191056922213
9	0.3424477409338105	0.2719915251626554	1.2590382760235677
9	0.23670065392597203	0.2478100550093742	0.9551696920329488
9	0.3098033647526311	0.23703443211037517	1.306997308341984
9	0.18859524058066085	0.2247186451194128	0.8392505236067243
9	0.23283948704046437	0.2530216271243715	0.9202355138045701
9	0.3106016174564029	0.271782377618058	1.142832070933232
9	0.39287901190921126	0.24892994842059152	1.5782713747459736
9	0.3934192985279496	0.22168625982282897	1.7746670399977391
9	0.341999770538963	0.29860326582922164	1.1453316479618172
9	0.29605640769777053	0.2804493738618597	1.0556500933519586
9	0.5089768061635478	0.28527793549679303	1.784143611657865
9	0.3534083475532874	0.26893610556328873	1.3140978107534909
9	0.20509646554026859	0.24322453332900631	0.8432392190587022
9	0.3879648246718069	0.26488685623413377	1.4646435470127077
9	0.31269468344070966	0.2733903373321352	1.143766405543531
9	0.3169278420050736	0.26043000807942895	1.2169405681868017
9	0.22380585440659534	0.2737860276604347	0.8174480499208394
9	0.2932737635616319	0.25329405972670344	1.1578390897838873
9	0.3554314628896726	0.19179771260936473	1.8531579863706793
9	0.3561063520797278	0.30238209746426253	1.177670090478206
9	0.46398449441328216	0.2725862727745232	1.7021564941279306
9	0.43184757909274624	0.28248832591090256	1.5287271702298662
9	0.34281655527789195	0.2473064682589365	1.3862013302416085
9	0.2864700427851089	0.2535705622007867	1.1297448737691844
9	0.2270874347211912	0.2530847610597871	0.897278183681496
9	0.21546661595211997	0.22751803917357122	0.9470309111962004
9	0.3743901470469022	0.28204851730596137	1.3273962601291402
9	0.1636248450545573	0.20025027482226535	0.8171017253273913
9	0.2949831879624931	0.2441371548533493	1.208268311882665
9	0.3930041949789842	0.27007019484062983	1.4551927702014602
9	0.4895559605741044	0.3129172477861371	1.5644901776353688
9	0.466250723908878	0.25644613330076116	1.8181234316450274
9	0.12595807568120929	0.2125812878218174	0.5925172293940827
9	0.12782908597918996	0.1675177290489557	0.763077954225567
9	0.26847743201021496	0.26677473648490485	1.0063825216275921
9	0.322631133809643	0.2340489627493708	1.378477093082141
9	0.23533263166065732	0.18259247334547196	1.2888408122683073
9	0.2900688582063243	0.2364415695071578	1.226809899845226
9	0.3111487525391625	0.2895314880204055	1.074662913752695
10	-0.0004863925101321537	0.19546172745384927	-0.002488428381699412
10	0.20998512823864776	0.24786841689525912	0.8471637123796228
10	0.3999302261937445	0.2713540242149186	1.4738319335813153
10	0.37598113788614174	0.2932977413185985	1.2819094214494047
10	0.10672850059421644	0.17951744309286471	0.5945299729954687
10	0.32533274789872785	0.27829396852928523	1.1690255078758298
10	0.32945314795592695	0.2470980437759427	1.3332891791513337
10	0.5478177025583434	0.28851795894235965	1.898729994370253
10	0.38858335100963787	0.27919731965198	1.3917875411340186
10	0.35856177446737286	0.2622078113671032	1.3674717492125725
10	0.2836791401186644	0.2833189820757819	1.0012712104224142
10	0.13269817515252694	0.20156996067852176	0.6583231683225037
10	0.08512718092624233	0.15676802894905958	0.5430136584411843
10	0.35148504664400726	0.2364350557164119	1.4866029302591666
10	0.25255714358300585	0.22623142426549453	1.1163663244528608
10	0.3437450710203817	0.26707032444220746	1.2870957180971494
10	0.4421994185995705	0.29882177600090626	1.4798098870753964
10	0.1657786810670818	0.22816961989388768	0.7265589570784168
10	0.3138262818951704	0.23375022833664946	1.3425710174845031
10	0.1847791027843472	0.23323123638534377	0.792257099212285
10	0.07854907554229369	0.20253351162596653	0.3878324871360352
10	0.33420980592077887	0.2823115406515207	1.183833311062973
10	0.35208574763440104	0.2518471353031238	1.3980137086357158
10	0.2060519120754067	0.23136825287062956	0.890579885178203
10	0.20251879740389436	0.23378320305464573	0.8662675280249135
10	0.40707757460452443	0.3025976811666226	1.3452765832014784
10	0.23086899453078355	0.230805476134726	1.0002752031586135
10	0.30104399637490886	0.264786305774994	1.136931894924828
10	0.36625438613232775	0.23933817647942676	1.5302798388447258
10	0.4217105252035481	0.2341870572724169	1.8007422362073389
10	0.1209821623496274	0.18315503586537518	0.6605451047414997
10	0.23676358473670028	0.25539326510600296	0.9270549269904581
10	0.3411196704968997	0.26726636331633047	1.276328477194708
10	0.23273610790576135	0.2417367735498148	0.9627666675951614
10	0.3092440557384332	0.2346195895489796	1.3180657946461665
10	0.18556165307650457	0.21905578491725183	0.8470977068539887
10	0.219962025907804	0.24340984850697253	0.9036693759805003
10	0.3060074483848836	0.2676808768946592	1.1431800879272638
10	0.3781633475893582	0.23901165913171527	1.5821962366319495
10	0.3930672695481322	0.21989223606645908	1.7875450110450175
10	0.3326485169097748	0.2904706355367825	1.1452053192745237
10	0.285162997902559	0.2714000741703697	1.050710832612189
10	0.49969433463166696	0.27406865270655734	1.8232451237927048
10	0.3452367166982316	0.2618931028108781	1.3182352379380482
10	0.19935997948600492	0.23704228634889668	0.8410312883692486
10	0.3769230490145865	0.25635065659510825	1.4703416563114786
10	0.29900764274389985	0.26195782424815456	1.1414342885236661
10	0.3045585650719195	0.2515603912244855	1.2106777366240455
10	0.2117270960049983	0.26451887205811403	0.8004234040378128
10	0.2930881786545891	0.2511964084061548	1.166768985728093
10	0.3489410191549825	0.188327117984252	1.8528453198341892
10	0.3477210870108344	0.2936727162843866	1.1840428740207123
10	0.45161953646684067	0.2624830534339387	1.7205664539425345
10	0.4250139968045283	0.2739386174956131	1.551493545123606
10	0.3360641385608544	0.239473678828017	1.4033447859720976
10	0.2779938456169394	0.2458439635937028	1.1307735262370302
10	0.2292541881957658	0.2487817084269974	0.9215074116393016
10	0.2118355953510508	0.22097978304964835	0.9586197996377654
10	0.36816847814169174	0.275560305308546	1.3360722536921708
10	0.15096922985641884	0.1893793806328844	0.7971788129832129
10	0.2708741467020851	0.2296313006825197	1.179604635330557
10	0.3762888386669552	0.2584063143134838	1.4561905720711725
10	0.48234665303957974	0.3047028374378304	1.5830067651995352
10	0.4543480238064506	0.24498521779702104	1.8545936276975459
10	0.12299186103893579	0.20554340638596652	0.5983741497792607
10	0.12691902170017655	0.16502925627321763	0.769069827776798
10	0.2678704954959489	0.26035095823661536	1.0288823106711962
10	0.2971829249679151	0.22223453196513343	1.337249086989507
10	0.23583438455044642	0.1818137266226799	1.297120899127029
10	0.2897959570449282	0.2332853965773563	1.2422378824249862
10	0.29334316111707925	0.2797000080045566	1.0487778073724632
11	0.0035345285943340797	0.2115019128687545	0.01671156797776764
11	0.22749420327808909	0.2669931426812997	0.8520600978491829
11	0.4755217357848791	0.29092060065754693	1.6345412965258956
11	0.41882273124408725	0.2971162484599825	1.4096258061110276
11	0.1355211034398753	0.2003072455896365	0.6765661573596462
11	0.3156594754983357	0.2784930380650855	1.1334555351597841
11	0.35552534706179756	0.2322311699031586	1.5309114069831935
11	0.6049494957884035	0.2845325239674662	2.126117209214277
11	0.38948446962341676	0.29507602256595516	1.3199461828056853
11	0.34706460118794086	0.26396674533802345	1.3148042596937966
11	0.2434779033178657	0.2701726051888754	0.9011938984252393
11	0.06521871011251358	0.1667490627553422	0.39111890066934807
11	0.09085382765132008	0.13917704589580668	0.6527931891824803
11	0.4191366997389483	0.2510203645235604	1.6697318583473284
11	0.2609474061975909	0.21505098411237683	1.2134211209246568
11	0.36687704462487836	0.2658938638914781	1.3797875560400878
11	0.4829885584512244	0.30211289378485884	1.598702234785024
11	0.11099551952125732	0.22132501480478717	0.5015046293757507
11	0.3303426751711167	0.1867670491698176	1.7687417381143782
11	0.22368757706552705	0.2479556733249155	0.9021272797110471
11	0.10199474504287817	0.21269311579210368	0.47953947481108256
11	0.3366017685413281	0.28304687639314596	1.1892085608950356
11	0.40577968909381384	0.2799626659478668	1.4494064332469818
11	0.16044786694906532	0.2289219344754162	0.7008846370127793
11	0.1904208522462225	0.2206449773627738	0.8630192018064464
11	0.4414962155734714	0.2922276305273973	1.5107955903303254
11	0.19754619633595563	0.22865257151014676	0.8639579036056861
11	0.2321351653508343	0.25738943952445886	0.9018830212292966
11	0.38699446497170087	0.25200798100045196	1.5356436865029557
11	0.40532032646062616	0.23231048147348118	1.7447354242899042
11	0.09160495046986679	0.17212428400135782	0.532202361807031
11	0.2540486062428162	0.2589087981704409	0.9812281700661822
11	0.33884907383470875	0.2555003956599468	1.3262174133213211
11	0.27207218686245777	0.25325200693861966	1.0743140405927742
11	0.3523397749879876	0.23646817885250918	1.4900092549355246
11	0.22197870790789767	0.24363773026772917	0.9111015262864631
11	0.18928458033644585	0.2487186232143487	0.7610390323418529
11	0.35186288153157547	0.2654320647864756	1.325623118723913
11	0.43793978348338586	0.2561655841855405	1.7095964896134779
11	0.47001552900611576	0.20600177203370423	2.2816091549407442
11	0.3273324134225294	0.2878439692720007	1.1371869775503747
11	0.2846865685408334	0.2768455302063379	1.028322791878386
11	0.534311248310422	0.29744733918805594	1.7963221650223367
11	0.3554830350286176	0.26891952910636524	1.3218937137436906
11	0.2091527182562269	0.23542385725498333	0.8884091896841931
11	0.4266729761707452	0.27303143001846736	1.56272476081558
11	0.32608470041781146	0.271722010484963	1.200067303476164
11	0.3946397464327655	0.24802227870762972	1.5911463618877941
11	0.2673769182163745	0.273594515370179	0.9772744086430536
11	0.2608311940615639	0.21073982449949893	1.2376929452277496
11	0.33434890854236043	0.15264435598171855	2.190378454493291
11	0.38223336840968863	0.3019870748993505	1.2657275763775104
11	0.4656631542196967	0.270141092047277	1.7237775663474466
11	0.4632329878701099	0.2973970280847151	1.5576248049733556
11	0.3318661401220739	0.1918559034516957	1.7297676753826294
11	0.2409014121943233	0.22537308642499632	1.068900532959133
11	0.15261506711116218	0.22006195435373777	0.6935095507960529
11	0.16353949961893022	0.2141459959670958	0.7636822667656068
11	0.4006739262390311	0.2867448086209418	1.3973188500465452
11	0.048961974150493075	0.1786694119926352	0.274036689349553
11	0.3349850912901353	0.24812002615766562	1.3500929226779625
11	0.30966354726666756	0.23538872708984615	1.3155411097850547
11	0.5538701190394424	0.30143602240859263	1.8374383878005085
11	0.471542377591187	0.2559899837348032	1.8420344839729692
11	0.11054967816291285	0.2202466803151616	0.5019357295407222
11	0.07070831266075768	0.15956463742215224	0.44313272541514453
11	0.3634722500386341	0.2754709293963988	1.3194577403686858
11	0.28233169277396397	0.22450682602862873	1.2575639581576086
11	0.23724592610611736	0.15104719661924287	1.5706741430240692
11	0.3298471711944749	0.2144024799464064	1.5384484884546386
11	0.2744849407577107	0.2840396404648841	0.9663613864193907
12	-0.01972031070387317	0.19169184549865254	-0.10287506311274879
12	0.19031011708633003	0.24180179032338858	0.7870500744920335
12	0.4478663079189532	0.2656789071920684	1.6857428113221473
12	0.4008863298251658	0.2772411252302205	1.4459843556480685
12	0.1072633123190348	0.1723576783055798	0.6223297585203219
12	0.2778998468235672	0.2504542997458183	1.1095830540965075
12	0.3302246304662774	0.2125736446950447	1.5534598888776323
12	0.5803276216912109	0.25670650323177824	2.2606658358290117
12	0.35392146529802004	0.2680015115377596	1.3205950342117938
12	0.31445068014810845	0.23707426327756495	1.3263805012016496
12	0.22006744849602777	0.2509478440357532	0.8769449657621852
12	0.058941866268184435	0.15496859677399263	0.3803471638460126
12	0.08974523724981014	0.13617395902771315	0.6590484545693925
12	0.39871118262448163	0.23236551269230366	1.7158793402894148
12	0.25097050182238684	0.19793998665060406	1.2679120882502137
12	0.343686155147251	0.2456233757760398	1.3992404186343614
12	0.4639950742048734	0.27609942999698983	1.680536153986019
12	0.08783968700116353	0.201582160758544	0.43575129203212726
12	0.31922341418599237	0.16705711200828557	1.9108639575318396
12	0.20169358743913324	0.22718629566757795	0.887789410212727
12	0.08044552856285048	0.19000314967437135	0.4233905001086485
12	0.31985391660554163	0.26319815054538714	1.2152589824159288
12	0.37424897435537674	0.25251693977825895	1.4820747260916973
12	0.1324388985738979	0.2107299854545219	0.628476760382446
12	0.16844300631560855	0.2036952922169635	0.8269361774752927
12	0.4323917838201361	0.2716127161039529	1.591942343578086
12	0.1850012399060081	0.20794096931324377	0.8896815308546577
12	0.21452560523857883	0.23947465496050852	0.8958175773296594
12	0.35261647154422404	0.22585200080428813	1.5612722946376887
12	0.3968107312863863	0.2170626224092239	1.8280933257052743
12	0.08780412725290912	0.16114359053160482	0.5448812885653571
12	0.23490611194319563	0.23862485188368748	0.9844159570508421
12	0.32579728823254256	0.23820826095324643	1.367699369151968
12	0.25810835633912294	0.23556105144456158	1.0957174573482824
12	0.3380537429391976	0.22422401778699272	1.5076607148318086
12	0.18940925400972466	0.22037591088451486	0.8594825688955728
12	0.17523028804157093	0.22914407508799817	0.764716643772165
12	0.3359113138032504	0.25100717471695105	1.3382538335091088
12	0.4273702491382298	0.23475092276017018	1.820526386491977
12	0.46483737386025953	0.19916021019538824	2.333987162416759
12	0.3023544493941799	0.2655109671128953	1.1387644460863975
12	0.2574679036641876	0.25474176982746655	1.0107015580466738
12	0.4969336562726367	0.2659134998832228	1.8687793455047128
12	0.32891201141631454	0.24523047056352487	1.3412363099108138
12	0.17301200470834374	0.20805652409471664	0.8315625066848705
12	0.3813583925339209	0.25100137777409426	1.5193478056409326
12	0.30906454172775066	0.2533532819999614	1.2198955517292165
12	0.3725121689251088	0.2271672406898403	1.6398146484233316
12	0.22187192428512034	0.24970132062330264	0.8885492625000351
12	0.25122626360040284	0.19960811857873748	1.25859742273611
12	0.32414625322527924	0.15461789490136274	2.0964342674052427
12	0.34081700227797057	0.2762479851919021	1.2337357032349543
12	0.42240033626578777	0.237212191807593	1.7806856091461105
12	0.4331836532178531	0.2707914191472321	1.5996949038563393
12	0.30231921640066256	0.17121666077117476	1.7657114385889228
12	0.2374997948010083	0.2115983810880092	1.122408373730544
12	0.16579334258848802	0.20950479812590642	0.791358212659411
12	0.13917980265234495	0.18855351308097945	0.7381448395107355
12	0.3771904732588849	0.26177184575119145	1.440913067547365
12	0.043193964423121844	0.15971995451602478	0.2704356168520457
12	0.28701812675522836	0.21801685264377632	1.3164951391358497
12	0.27995120031915904	0.21140171073513098	1.3242617542954274
12	0.5259257040317532	0.2763188284921401	1.9033292334862122
12	0.45496681662666744	0.23809292933467466	1.9108791592342695
12	0.09463807304508251	0.2007567086091038	0.4714067773912035
12	0.07159722326519975	0.1449223770704893	0.4940384274153558
12	0.3400699441674254	0.2541138223411267	1.3382583483038941
12	0.23797900385501236	0.1899784842897073	1.2526629251979229
12	0.240096002633234	0.14664908378416905	1.6372144744292816
12	0.32914842579657566	0.20330793973418615	1.6189649367699017
12	0.25235472452596175	0.2649444364597731	0.9524816897382826
