0	1.0	0.9999908111549421	1.0000091889294935
0	1.0	0.9999908111549421	1.0000091889294935
0	1.0	0.9999908111549421	1.0000091889294935
0	1.0	0.9999908111549421	1.0000091889294935
0	1.0	0.9999908111549421	1.0000091889294935
0	0.9997357878090597	0.999861567307303	0.9998742030873513
0	1.0	0.9999908111549421	1.0000091889294935
0	1.0	0.9999908111549421	1.0000091889294935
0	1.0	0.9999908111549421	1.0000091889294935
0	1.0	0.9999908111549421	1.0000091889294935
0	1.0	0.9999908111549421	1.0000091889294935
0	1.0	0.9999908111549421	1.0000091889294935
0	1.0	0.9999908111549421	1.0000091889294935
0	1.0	0.9999908111549421	1.0000091889294935
0	1.0	0.9999908111549421	1.0000091889294935
0	1.0	0.9999908111549421	1.0000091889294935
0	1.0	0.9999908111549421	1.0000091889294935
0	1.0	0.9999908111549421	1.0000091889294935
0	1.0	0.9999908111549421	1.0000091889294935
0	1.0	0.9999908111549421	1.0000091889294935
0	1.0	0.9999908111549421	1.0000091889294935
0	0.9989410185026011	0.9994697018853685	0.9994710361086783
0	1.0	0.9999908111549421	1.0000091889294935
0	1.0	0.9999908111549421	1.0000091889294935
0	1.0	0.9999908111549421	1.0000091889294935
0	1.0	0.9999908111549421	1.0000091889294935
0	1.0	0.9999908111549421	1.0000091889294935
0	1.0	0.9999908111549421	1.0000091889294935
0	1.0	0.9999908111549421	1.0000091889294935
0	1.0	0.9999908111549421	1.0000091889294935
0	1.0	0.9999908111549421	1.0000091889294935
0	1.0	0.9999908111549421	1.0000091889294935
0	1.0	0.9999908111549421	1.0000091889294935
0	1.0	0.9999908111549421	1.0000091889294935
0	1.0	0.9999908111549421	1.0000091889294935
0	1.0	0.9999908111549421	1.0000091889294935
0	1.0	0.9999908111549421	1.0000091889294935
0	1.0	0.9999908111549421	1.0000091889294935
0	1.0	0.9999908111549421	1.0000091889294935
0	1.0	0.9999908111549421	1.0000091889294935
0	1.0	0.9999908111549421	1.0000091889294935
0	1.0	0.9999908111549421	1.0000091889294935
0	1.0	0.9999908111549421	1.0000091889294935
0	1.0	0.9999908111549421	1.0000091889294935
0	1.0	0.9999908111549421	1.0000091889294935
0	1.0	0.9999908111549421	1.0000091889294935
0	1.0	0.9999908111549421	1.0000091889294935
0	1.0	0.9999908111549421	1.0000091889294935
0	1.0	0.9999908111549421	1.0000091889294935
0	1.0	0.9999908111549421	1.0000091889294935
0	1.0	0.9999908111549421	1.0000091889294935
0	1.0	0.9999908111549421	1.0000091889294935
0	1.0	0.9999908111549421	1.0000091889294935
0	1.0	0.9999908111549421	1.0000091889294935
0	1.0	0.9999908111549421	1.0000091889294935
0	1.0	0.9999908111549421	1.0000091889294935
0	1.0	0.9999908111549421	1.0000091889294935
0	1.0	0.9999908111549421	1.0000091889294935
0	1.0	0.9999908111549421	1.0000091889294935
0	1.0	0.9999908111549421	1.0000091889294935
0	1.0	0.9999908111549421	1.0000091889294935
0	1.0	0.9999908111549421	1.0000091889294935
0	1.0	0.9999908111549421	1.0000091889294935
0	1.0	0.9999908111549421	1.0000091889294935
0	1.0	0.9999908111549421	1.0000091889294935
0	1.0	0.9999908111549421	1.0000091889294935
0	1.0	0.9999908111549421	1.0000091889294935
0	1.0	0.9999908111549421	1.0000091889294935
0	1.0	0.9999908111549421	1.0000091889294935
0	1.0	0.9999908111549421	1.0000091889294935
0	1.0	0.9999908111549421	1.0000091889294935
0	1.0	0.9999908111549421	1.0000091889294935
0	1.0	0.9999908111549421	1.0000091889294935
1	0.6319039659980267	0.7208899334236303	0.8765609515408351
1	0.7686530681074448	0.7764452761034081	0.9899642534563821
1	0.9511416968112288	0.8246336257206541	1.153411244878619
1	0.8951408428570085	0.8170900508280035	1.0955228765176026
1	0.7304186936263359	0.7596342726939276	0.9615399408402374
1	0.8400391372276225	0.7967973866249755	1.0542694433095567
1	0.8527239288538802	0.7822793790781666	1.09005037287155
1	0.6203660172327005	0.5312872734665776	1.1676658715818584
1	0.7441222807953857	0.7495294192350502	0.9927859556931296
1	0.9102017698329499	0.8181899827814361	1.1124577286301158
1	0.8859949589646867	0.8049298974300536	1.10071071007979
1	0.7615094553998637	0.766459633223184	0.9935415022412812
1	0.8395866433688599	0.8083157101230247	1.0386865340537248
1	0.9350823482455536	0.8375865769956805	1.1164008281980573
1	0.7068680069387276	0.7123445971778036	0.9923118807094581
1	0.8466013275060383	0.7838097029984143	1.0801108027464046
1	0.8114430386273846	0.6870918954290166	1.1809818221196218
1	0.9333377024746936	0.8200315863346608	1.1381728680068084
1	0.78724602950005	0.7931396140281307	0.9925692974807437
1	0.7878991945238961	0.7275382710073149	1.0829659770791278
1	0.7033019501801016	0.7659927226484223	0.9181574829437449
1	0.8868965600552676	0.8186387913350844	1.0833795923704816
1	0.63884358592625	0.7046420302151004	0.9066214595959247
1	0.7226827286049335	0.750748644394916	0.962616095280994
1	0.8864827089328144	0.8147362610522926	1.088060948444661
1	0.8561223309778027	0.8137730569139707	1.052040644137852
1	0.8648242460641568	0.8084222423296639	1.0697680009050183
1	0.7068340866274583	0.730907951249754	0.9670630691852062
1	0.8091806598008329	0.78884233711001	1.0257824938318272
1	0.8920029278767662	0.8184466243901358	1.0898730611069973
1	0.8940635821415603	0.8242539130402502	1.0846943739021124
1	0.8445702102613858	0.8200226783517941	1.029935186620608
1	0.7452894242336141	0.7620217573289503	0.9780421845775289
1	0.8842397192011845	0.8270632723266778	1.069131889648127
1	0.8331927905407008	0.788156357550218	1.0571414955408938
1	0.7851049702756252	0.7823544947455886	1.0035156384331005
1	0.8993492528296098	0.8092648332291226	1.1113163650532458
1	0.5853230985526658	0.7193603956298608	0.8136715645016377
1	0.8563860161897885	0.8127437992158361	1.0536973853458618
1	0.8486198553084275	0.7907463598503662	1.0731884437242465
1	0.8024912449093199	0.7732848673616535	1.037769234573689
1	0.931231143595501	0.8362353570513854	1.1135993422701909
1	0.8358913399141727	0.7931163930368669	1.0539327483996634
1	0.6708106588803407	0.7162498756166435	0.9365595467682523
1	0.8820627326737128	0.7892173518512795	1.1176423460592249
1	0.8860244863079868	0.8000655832340037	1.107439821028824
1	0.7908108492410562	0.7887140899316025	1.002658452963146
1	0.8929698387556547	0.8264662218895382	1.0804674348505983
1	0.8963778667412352	0.8192324935376163	1.0941678629841562
1	0.8969921404924787	0.8203626311899148	1.0934093124054356
1	0.8459398992365352	0.816454152676599	1.036114393518941
1	0.8347959606438635	0.7959106857723236	1.04885632969459
1	0.8599146685017144	0.783098744128531	1.098092258414573
1	0.8397200708266104	0.7978587087299609	1.0524671368985679
1	0.8438660264245256	0.7945811906665358	1.0620261797496706
1	0.8581330481532177	0.7984144614742058	1.0747964742130878
1	0.8364744802847727	0.7469169096847339	1.1199029897955317
1	0.6999201028178176	0.7017629246771218	0.9973740108026481
1	0.7544674023625063	0.7952144268560886	0.9487597016383654
1	0.7723623684498877	0.7412719755961342	1.0419419509671204
1	0.8441610480266131	0.7921576933731542	1.0656477303553273
1	0.7231929956750075	0.7267041109447672	0.9951684389603975
1	0.7168047268238251	0.7377709426759846	0.9715816730649319
1	0.6470938424694873	0.7130557453860354	0.9074940446895389
1	0.8654359227315335	0.7735569637843723	1.1187746517046058
1	0.8737043211359657	0.8104313322261497	1.078073226433649
1	0.6941375082526995	0.692203990636939	1.0027932771869479
1	0.7747121647264545	0.750018149970581	1.032924556234862
1	0.5918851473413252	0.7240943552097265	0.8174143923134047
1	0.8381292149957436	0.7927346520752999	1.0572632504478077
1	0.8822235611026479	0.7687823165966607	1.147559643421798
1	0.8498966930438095	0.8162750835478173	1.0411890674769355
1	0.7134864463454009	0.7524235615847041	0.9482510686437086
2	0.6977775709474406	0.7484501429607635	0.9322966633250022
2	0.7857011269224097	0.790408066894574	0.9940449241735888
2	0.9428989232107657	0.816514271963049	1.1547855996979268
2	0.8856769355018359	0.814785974104452	1.0870056231334881
2	0.7347910500012023	0.7634480614081262	0.962463705318646
2	0.8398768423864448	0.8012424499048192	1.0482181048772627
2	0.8658072502922357	0.8064536905158168	1.073598224516098
2	0.7118919142331513	0.5886616992223583	1.2093396175996913
2	0.7885506892509081	0.7746498749897589	1.0179446414566748
2	0.9018860592364902	0.8144803080643919	1.1073147506534782
2	0.8833415149773244	0.8096267719191104	1.09104780821845
2	0.7827807715819337	0.7834681788998874	0.9991226097798651
2	0.8560576046740868	0.8191570851832489	1.0450469392968542
2	0.9277768805370868	0.8387630135727723	1.1061251694744545
2	0.7322571018872397	0.7335619627282128	0.9982211988798871
2	0.849273462038602	0.7916045366317151	1.072850675732947
2	0.8034060367849009	0.7094102466667065	1.1324984951371238
2	0.9243584134178181	0.8157907577510225	1.1330827232783265
2	0.7950932532227923	0.8056456246206658	0.9869019689608046
2	0.7817780002833554	0.7324879434417573	1.0672912875671343
2	0.7188819767844059	0.7747566582323098	0.9278809922390497
2	0.8776865257029197	0.8196796889986914	1.0707676882601405
2	0.6655506527053207	0.7240062057580304	0.9192609778924379
2	0.7337495582118602	0.7626855715111259	0.9620603635624911
2	0.874562173286228	0.8109167022258736	1.078485830771095
2	0.8445405133838463	0.8126335789765936	1.0392636179856551
2	0.8615061835447093	0.8101789702917019	1.0633529320497261
2	0.7564587293177952	0.7425120997982919	1.0187830333314325
2	0.7979328512321505	0.7910819349575403	1.0086601854648316
2	0.8945544211772203	0.8243718253452113	1.0851346366703152
2	0.897708633020732	0.8316869280631606	1.0793828816226838
2	0.8402852053252846	0.8240414140574267	1.0197123481790515
2	0.7429586761023499	0.7744321554801266	0.9593592813068771
2	0.8789274959468959	0.8291915842754654	1.0599812065324916
2	0.8346687194226865	0.7998104860734707	1.0435831161958706
2	0.8191635502273439	0.8034751636637075	1.0195256646043669
2	0.8889630314132847	0.8112748221164517	1.095760656166008
2	0.6124264939970375	0.7384933350942898	0.8292918363560366
2	0.8628242025722332	0.8203284593084067	1.051803326803575
2	0.8470086258581075	0.7930688581684683	1.0680139777701132
2	0.8222135202742629	0.79673009338939	1.0319850186359387
2	0.9240735138045784	0.8342549637495347	1.1076631892621374
2	0.825544233836813	0.8001099531294203	1.0317884818304197
2	0.7536253643550032	0.7332927899503807	1.0277277707939803
2	0.8764449903229449	0.7798099587623599	1.1239212586024867
2	0.8724231185176247	0.8020040445961929	1.0878038887657824
2	0.8143593398983947	0.8048689929180167	1.0117911698225213
2	0.8831779522752865	0.8233075773909682	1.072719329359321
2	0.8908894280231431	0.8185317175143544	1.0883993973117112
2	0.892990958734558	0.8217661395372637	1.0866728571189377
2	0.8430479252643309	0.819822963764042	1.028329240002813
2	0.8653737089477553	0.8138612839150123	1.0632938635254239
2	0.8666549302544463	0.7925468328949601	1.0935062690097306
2	0.8454791474307	0.8042378272781806	1.051280005433336
2	0.8167947160007981	0.7915661211648448	1.0318717466063703
2	0.8370666683269998	0.7867516980194689	1.0639527953154617
2	0.8334628022434576	0.7659796663166035	1.0881004273277421
2	0.7291301145727199	0.7185519412906716	1.0147215151392504
2	0.767065514956513	0.8054349793784632	0.9523618101965734
2	0.7883038144164027	0.7564571452039827	1.0420997665424028
2	0.8454342401747413	0.8089164777542536	1.0451440456768415
2	0.7376239940402968	0.7364649625584734	1.0015737768132198
2	0.7553336642825735	0.7619673001171213	0.9912940675623112
2	0.6298823516074914	0.7255715419486645	0.8681188762114608
2	0.8657436888843436	0.7802249116831147	1.1096078527110167
2	0.8685957237191169	0.8100676216612687	1.0722508843617524
2	0.7701064476821358	0.7314036455761485	1.0529157905351976
2	0.7735451380987074	0.7712756391109284	1.0029425264752236
2	0.652506042261312	0.7494746840407657	0.8706178556203517
2	0.8391756339342122	0.802387388592109	1.045848483993066
2	0.8730698839942727	0.7841114021877795	1.1134513304592775
2	0.8498469667762518	0.8227986735021727	1.0328735256207333
2	0.6980281432975637	0.750757108600438	0.929765613007419
3	0.6960658833304368	0.7493820122422039	0.9288532043193278
3	0.7812758770392912	0.7886499026004273	0.9906498111052552
3	0.9429055049918672	0.8173081695018731	1.1536719442882142
3	0.8856714932627133	0.8155966639536928	1.0859184844740846
3	0.724223390346927	0.7602273850487414	0.9526404922923078
3	0.8401329307304621	0.8012639823103225	1.0485095415222172
3	0.868096310803562	0.8084619252745106	1.0737627631737918
3	0.7060459871221704	0.5817717852896831	1.2136133187872065
3	0.7884291498726408	0.7752139500309274	1.0170471646455617
3	0.9030849480763672	0.8147106522712056	1.10847322980103
3	0.8833262071678217	0.8099751909349865	1.090559583865974
3	0.7832351172062052	0.78322897003304	1.0000078485007582
3	0.8560503884955578	0.8194740641105871	1.044633901165217
3	0.9283061280383356	0.838637617344528	1.1069216415282384
3	0.7323250867945917	0.7329998820043544	0.9990794061140672
3	0.8494660096435418	0.7913608136988269	1.0734244038103564
3	0.8036267925024895	0.7087009134124317	1.1339434975933427
3	0.9246313795068559	0.8164502817335905	1.1325017581518395
3	0.7948991403745744	0.8057557948522676	0.9865261229927814
3	0.781777963717208	0.7312643153566104	1.0690771411920517
3	0.7215694857281274	0.7741229969048568	0.932112194849072
3	0.8803357452870038	0.8206472153147273	1.0727334826200383
3	0.6651879395981409	0.7231469217282345	0.9198517197700593
3	0.7282548479488866	0.7618261133160468	0.9559331653505122
3	0.8756136811490204	0.8114932114509974	1.0790154110881247
3	0.8472337713664974	0.8132753547984946	1.0417551280358381
3	0.8619717348722715	0.8094224291102232	1.0649219787741913
3	0.7540702867941085	0.7401270553783985	1.0188389700314109
3	0.798335987837506	0.7911664523930017	1.0090619811075394
3	0.894742730439269	0.8243291012167064	1.0854193175015079
3	0.8977086162291462	0.8317836615092465	1.0792573330910118
3	0.8405707941843957	0.8242381566198486	1.0198154349363373
3	0.7429331190741746	0.7743373143691815	0.9594437789420098
3	0.8793255707722879	0.8293269279470423	1.0602882182410436
3	0.8332072246609019	0.7997909265184286	1.0417812918782885
3	0.8245749905608488	0.8044975003389473	1.0249565601054604
3	0.88896301861881	0.8118710000204075	1.0949559949751435
3	0.6124264333654559	0.7381428924561071	0.8296854709630266
3	0.8622413440054393	0.8203086308161335	1.0511182152839067
3	0.8454762386260914	0.7919871286237418	1.067537852660938
3	0.821488590751001	0.7962946008857538	1.0316390313801234
3	0.9243507774075086	0.8350139527673556	1.1069884213839518
3	0.8296026941161228	0.8010768266665034	1.03560940286879
3	0.7534923238068424	0.7324438972389339	1.0287372543443314
3	0.8820228565123588	0.7787276762991766	1.1326460884298886
3	0.8764168141480824	0.8014547892800403	1.0935324435897147
3	0.8157898070015074	0.8056490970365542	1.0125870059337918
3	0.8845532906357205	0.8243832137396867	1.072987993803369
3	0.8931806365550752	0.8190670076207185	1.090485428230893
3	0.8952095784834426	0.8218099834539873	1.0893145575099539
3	0.8432693758328333	0.8203674647765399	1.0279166495986427
3	0.8653736912841699	0.8139990266600199	1.0631139140730292
3	0.8620351968304253	0.7925271168866789	1.0877043554254626
3	0.844844175741159	0.8036723527066627	1.0512296122864435
3	0.8167876399197308	0.7919515140667681	1.0313606646515847
3	0.8373536561195979	0.7878704587335339	1.0628062606454443
3	0.8323408523333782	0.7653881881483834	1.0874754343243338
3	0.7260380082102155	0.7167285460081232	1.0129888257610808
3	0.7688418849188576	0.8063499417768161	0.9534841451401257
3	0.7882873909718197	0.7559871429345356	1.0427259224434735
3	0.8450361147708091	0.8088529226073558	1.0447339573761025
3	0.7277351467547841	0.7320633394385198	0.994087680053675
3	0.7537332511266185	0.7618723237897443	0.9893170123011688
3	0.6232320361000218	0.7221515782599219	0.8630210815321429
3	0.8708131117633782	0.7780699373394164	1.119196450053184
3	0.8678595763263364	0.8088999447754245	1.0728886581482966
3	0.7707153140103814	0.7304154257365505	1.0551739282247394
3	0.7735450899545223	0.7707983805341614	1.0035634602896513
3	0.6405790182750615	0.7486897357458712	0.8556001073487324
3	0.8419125772805931	0.8016734175325623	1.050193955378839
3	0.8730698594272073	0.7835662920142328	1.1142259031879702
3	0.8507299265848605	0.8229464700808389	1.0337609522783326
3	0.6965547182520525	0.7499953941335558	0.9287453279053247
4	0.6960658833304368	0.7493820122422039	0.9288532043193278
4	0.7812758770392912	0.7886499026004273	0.9906498111052552
4	0.9429055049918672	0.8173081695018731	1.1536719442882142
4	0.8856714932627133	0.8155966639536928	1.0859184844740846
4	0.724223390346927	0.7602273850487414	0.9526404922923078
4	0.8401329307304621	0.8012639823103225	1.0485095415222172
4	0.868096310803562	0.8084619252745106	1.0737627631737918
4	0.7060459871221704	0.5817717852896831	1.2136133187872065
4	0.7884291498726408	0.7752139500309274	1.0170471646455617
4	0.9030849480763672	0.8147106522712056	1.10847322980103
4	0.8833262071678217	0.8099751909349865	1.090559583865974
4	0.7832351172062052	0.78322897003304	1.0000078485007582
4	0.8560503884955578	0.8194740641105871	1.044633901165217
4	0.9283061280383356	0.838637617344528	1.1069216415282384
4	0.7323250867945917	0.7329998820043544	0.9990794061140672
4	0.8494660096435418	0.7913608136988269	1.0734244038103564
4	0.8036267925024895	0.7087009134124317	1.1339434975933427
4	0.9246313795068559	0.8164502817335905	1.1325017581518395
4	0.7948991403745744	0.8057557948522676	0.9865261229927814
4	0.781777963717208	0.7312643153566104	1.0690771411920517
4	0.7215694857281274	0.7741229969048568	0.932112194849072
4	0.8803357452870038	0.8206472153147273	1.0727334826200383
4	0.6651879395981409	0.7231469217282345	0.9198517197700593
4	0.7282548479488866	0.7618261133160468	0.9559331653505122
4	0.8756136811490204	0.8114932114509974	1.0790154110881247
4	0.8472337713664974	0.8132753547984946	1.0417551280358381
4	0.8619717348722715	0.8094224291102232	1.0649219787741913
4	0.7540702867941085	0.7401270553783985	1.0188389700314109
4	0.798335987837506	0.7911664523930017	1.0090619811075394
4	0.894742730439269	0.8243291012167064	1.0854193175015079
4	0.8977086162291462	0.8317836615092465	1.0792573330910118
4	0.8405707941843957	0.8242381566198486	1.0198154349363373
4	0.7429331190741746	0.7743373143691815	0.9594437789420098
4	0.8793255707722879	0.8293269279470423	1.0602882182410436
4	0.8332072246609019	0.7997909265184286	1.0417812918782885
4	0.8245749905608488	0.8044975003389473	1.0249565601054604
4	0.88896301861881	0.8118710000204075	1.0949559949751435
4	0.6124264333654559	0.7381428924561071	0.8296854709630266
4	0.8622413440054393	0.8203086308161335	1.0511182152839067
4	0.8454762386260914	0.7919871286237418	1.067537852660938
4	0.821488590751001	0.7962946008857538	1.0316390313801234
4	0.9243507774075086	0.8350139527673556	1.1069884213839518
4	0.8296026941161228	0.8010768266665034	1.03560940286879
4	0.7534923238068424	0.7324438972389339	1.0287372543443314
4	0.8820228565123588	0.7787276762991766	1.1326460884298886
4	0.8764168141480824	0.8014547892800403	1.0935324435897147
4	0.8157898070015074	0.8056490970365542	1.0125870059337918
4	0.8845532906357205	0.8243832137396867	1.072987993803369
4	0.8931806365550752	0.8190670076207185	1.090485428230893
4	0.8952095784834426	0.8218099834539873	1.0893145575099539
4	0.8432693758328333	0.8203674647765399	1.0279166495986427
4	0.8653736912841699	0.8139990266600199	1.0631139140730292
4	0.8620351968304253	0.7925271168866789	1.0877043554254626
4	0.844844175741159	0.8036723527066627	1.0512296122864435
4	0.8167876399197308	0.7919515140667681	1.0313606646515847
4	0.8373536561195979	0.7878704587335339	1.0628062606454443
4	0.8323408523333782	0.7653881881483834	1.0874754343243338
4	0.7260380082102155	0.7167285460081232	1.0129888257610808
4	0.7688418849188576	0.8063499417768161	0.9534841451401257
4	0.7882873909718197	0.7559871429345356	1.0427259224434735
4	0.8450361147708091	0.8088529226073558	1.0447339573761025
4	0.7277351467547841	0.7320633394385198	0.994087680053675
4	0.7537332511266185	0.7618723237897443	0.9893170123011688
4	0.6232320361000218	0.7221515782599219	0.8630210815321429
4	0.8708131117633782	0.7780699373394164	1.119196450053184
4	0.8678595763263364	0.8088999447754245	1.0728886581482966
4	0.7707153140103814	0.7304154257365505	1.0551739282247394
4	0.7735450899545223	0.7707983805341614	1.0035634602896513
4	0.6405790182750615	0.7486897357458712	0.8556001073487324
4	0.8419125772805931	0.8016734175325623	1.050193955378839
4	0.8730698594272073	0.7835662920142328	1.1142259031879702
4	0.8507299265848605	0.8229464700808389	1.0337609522783326
4	0.6965547182520525	0.7499953941335558	0.9287453279053247
5	0.7179093965575134	0.7836222054471644	0.9161422322735829
5	0.7889595424673369	0.8075595582081316	0.9769676235619504
5	0.9380483439832248	0.8311202830167561	1.1286553380436666
5	0.8866266089526611	0.8340139426911849	1.0630836771046133
5	0.8078646880215942	0.8135342145782058	0.9930309918685458
5	0.8959318623848881	0.8407947944535847	1.065577318383775
5	0.8910592829668267	0.8226774407735924	1.083121085864385
5	0.790477733207691	0.6721260782982736	1.176085497543953
5	0.8281837360662088	0.8139410905381599	1.0174983738916927
5	0.9038743986825933	0.8312695659823756	1.0873421037788327
5	0.8848015500030725	0.8365906325819186	1.0576278475320282
5	0.856133019724009	0.8313754930401953	1.0297789950402312
5	0.8893070239330286	0.8507879220258383	1.0452746223941112
5	0.9206978960664052	0.8565365711924138	1.0749078638693386
5	0.7822213234623326	0.7839756110175989	0.997762318711689
5	0.8834265320081471	0.8264113486573245	1.068991287986855
5	0.9110099666905707	0.7769704409206745	1.1725156051124228
5	0.9315194437667624	0.8291574684481131	1.123452998029716
5	0.8174547734584391	0.842965416126322	0.9697370233940178
5	0.8636238736056999	0.8026161757295633	1.076011049516516
5	0.7515828794781291	0.8131130094845644	0.9243277019446048
5	0.8784888374075117	0.8393836115971648	1.046588026344639
5	0.7546845612081912	0.789362417320479	0.9560685239740662
5	0.7609968600131984	0.7971832937824752	0.9546071348314646
5	0.9047254856621046	0.8375571254660155	1.0801955570000277
5	0.8548687114970613	0.8433900353390386	1.0136101633610224
5	0.8649106811092514	0.8303799100593452	1.0415843045232613
5	0.8411832347352963	0.792352213292716	1.0616279233191728
5	0.8234499338980773	0.8202057600394949	1.003955317088271
5	0.9172926486000308	0.8502266785261186	1.0788801054680761
5	0.8988640018108432	0.8506307911547687	1.0567028740995794
5	0.8658372122567348	0.8554950829413501	1.0120890575780126
5	0.8264533553428515	0.8180232721223318	1.0103054320186369
5	0.8962096045203514	0.8519920381902175	1.0518990370192423
5	0.8667852738468541	0.8240344046411274	1.0518799566680046
5	0.8326035497674819	0.8241445165262771	1.0102640168945844
5	0.9155540357687716	0.8408849986234097	1.0887981558329625
5	0.6888891998795971	0.78757907186557	0.874692109641509
5	0.8622600692208161	0.8351268345314942	1.032489956695672
5	0.8515162255138183	0.8127597643458478	1.0476850145247578
5	0.876413750389152	0.831439621309971	1.054091876218651
5	0.933555830970476	0.8598336084475368	1.0857401034323928
5	0.8692980223102822	0.8278834650215867	1.050024621868267
5	0.8201332298713515	0.7933760996366893	1.0337256570331714
5	0.8656129058947443	0.7866301657372619	1.1004064471433745
5	0.8921534748302443	0.8149938392469208	1.094675115157461
5	0.8334103487372273	0.8313116055860524	1.0025246166865376
5	0.918551061118783	0.8559139351060822	1.0731815705336514
5	0.9002317252838169	0.8423909945133123	1.0686625701690007
5	0.9056514275451406	0.8496872690995892	1.0658644191584232
5	0.8592971074603026	0.8431277749375298	1.0191777960629644
5	0.8521212647274841	0.8342536718017105	1.0214174579384057
5	0.8954971945978795	0.8245650677061533	1.0860236865103337
5	0.8544529281214456	0.8373610778747892	1.0204115652115515
5	0.8532727510821454	0.8201653914527028	1.0403666869810269
5	0.8607060798318443	0.8062870885014602	1.0674933185790256
5	0.9237306031357067	0.8107270353429685	1.1393854686798908
5	0.821022595632104	0.7872306622886364	1.0429250726149661
5	0.7717455494805003	0.8296984054330218	0.9301519014945248
5	0.8839248710260751	0.8015756960437428	1.1027341215418267
5	0.8830082061624346	0.8299725975080057	1.063900433356075
5	0.8139045418968798	0.7934024307653355	1.0258407465575414
5	0.8067669319944598	0.8047023697799447	1.0025656221381325
5	0.6967365309024897	0.7702637650415284	0.9045427845939572
5	0.8751391231455239	0.7969211391943903	1.0981502185149767
5	0.8851292845984621	0.8361026007443153	1.0586371622459998
5	0.8099985481782419	0.7833307466063578	1.0340441144272934
5	0.8539001155290943	0.813865115719827	1.0491911977009336
5	0.7139315812535767	0.798916577525866	0.8936246929116478
5	0.8301111435854807	0.8070497108463205	1.028574984203856
5	0.9200921435107585	0.8222176008075599	1.1190372750559814
5	0.8851976997908513	0.8560301291882567	1.0340730654308314
5	0.788474124615411	0.8082343698356554	0.975551342583634
6	0.6265881331845007	0.6914817367103724	0.9061528308258814
6	0.702291724807552	0.7093281537002049	0.990080149989892
6	0.8416295492047375	0.7510621378185551	1.1205857768962149
6	0.798574787188791	0.7407512230204432	1.0780607069841477
6	0.5702083762490912	0.6580385215628846	0.866527349941169
6	0.7149377979094464	0.7021643173984462	1.0181915830732138
6	0.7949136881476316	0.7223491863819658	1.1004562656588845
6	0.696539708111493	0.658998623237211	1.0569668638909566
6	0.723889215743204	0.6990152848571833	1.0355842446150554
6	0.7519719456785892	0.7246002114451888	1.037774946516795
6	0.7762475143461706	0.7387684464278391	1.050731820098102
6	0.6425186702312274	0.6845227175049672	0.9386374678303719
6	0.7707266410833323	0.7329299827543896	1.051569262028142
6	0.8038111533982736	0.7430924290155091	1.081710863967768
6	0.676013066036727	0.6856480656189939	0.9859476018887785
6	0.749849182375047	0.7206734681406161	1.0404839577481688
6	0.7623903204406459	0.6932115058050752	1.099794671692918
6	0.8021227904061036	0.73555304502683	1.0905029838831615
6	0.6832402411155991	0.7026027577481818	0.9724417298123923
6	0.7386552839880326	0.6708774177596759	1.101028689346399
6	0.6654647699312575	0.6850776081803598	0.9713713628720166
6	0.7365194908559252	0.7123874477695801	1.0338748853056021
6	0.7266667741728421	0.7082277472291487	1.0260354483650687
6	0.664940229032956	0.6847717516005348	0.9710392221623831
6	0.765127971481231	0.732291813187892	1.0448402640887013
6	0.7564979454138736	0.7283266417178318	1.0386794908800767
6	0.7563639317861016	0.7282372216768184	1.038623005350536
6	0.6940047404037597	0.7116698079995573	0.9751780005316615
6	0.753502103840333	0.7132436195834287	1.05644422628052
6	0.8050097187247797	0.71316694431292	1.1287815919459683
6	0.8042813412337894	0.7476996636709112	1.0756743386576963
6	0.8092127976322605	0.7502750484891682	1.078554856997811
6	0.6696190076398321	0.6926813653385111	0.9667056761554303
6	0.7527092373807922	0.7388233202478788	1.0187946383829014
6	0.7627461844933172	0.7277607835321427	1.048072665844091
6	0.7427092298551643	0.7204803121513652	1.0308529148248662
6	0.8077074162179566	0.7440957488238072	1.0854885510294883
6	0.5579637275559299	0.6829883525584165	0.8169447186995871
6	0.6833415466190073	0.7080275396040379	0.9651341344733058
6	0.7778310368248669	0.7345165657359717	1.0589700397641746
6	0.7450576793751411	0.716107784425121	1.0404267284613595
6	0.8294565154250142	0.7601912198224433	1.0911156216968003
6	0.7466028370025376	0.7201610283464791	1.0367165225765826
6	0.7000935526253508	0.7013050417359924	0.9982725218862782
6	0.7720877863890773	0.6962005197876519	1.1090020251989638
6	0.8032907087716674	0.7149300594955892	1.1235934174294198
6	0.7002194282884172	0.7194476200007252	0.9732736738884639
6	0.8068992707276085	0.7321229475073756	1.1021362921006919
6	0.7620665121236762	0.7245552202701012	1.0517714741460167
6	0.7796513028035139	0.7303478021021735	1.0675068789957733
6	0.713211214915442	0.7151368048627448	0.9973073823998301
6	0.7748200981997445	0.7370416108729124	1.0512569260263194
6	0.7939654108887051	0.7171919862040469	1.1070472428045446
6	0.7669364866144547	0.7378489321599229	1.03942210008949
6	0.7604228211116728	0.7118636713685326	1.0682141141572614
6	0.7781139753864689	0.7212863626222995	1.0787864788647432
6	0.7581365999118067	0.7055850864551657	1.0744793426979273
6	0.6619473679405696	0.6715833978068309	0.9856517747494513
6	0.6562800178269448	0.7117163025008175	0.9221090138316608
6	0.7268783446237075	0.7104381821914019	1.023140876777758
6	0.7640639623864112	0.7322602639862374	1.0434322329973806
6	0.6178447659159854	0.6371688943737935	0.96967188977924
6	0.6042330396899852	0.6559601230961108	0.9211429451504225
6	0.6364700970715775	0.6687716698580315	0.9517001478347445
6	0.7581852315749122	0.7075988789580899	1.0714901537030537
6	0.7456810124455008	0.7048936121015216	1.0578632004088935
6	0.6350553871676485	0.6836977668248547	0.928853973177205
6	0.751610161020787	0.7017333723170353	1.071076552250985
6	0.6747181161646025	0.706748588417086	0.9546791139346702
6	0.6655543030728672	0.6751592646123766	0.9857737839900281
6	0.7541617790774474	0.7100128201173185	1.0621805095756356
6	0.7529037536921774	0.7315043700153839	1.029253938259239
6	0.6565340356597029	0.6881778354111974	0.9540179905204492
7	0.31198719666150504	0.4682917303437062	0.6662240147450815
7	0.5122169181753563	0.5193063830319009	0.9863482038962169
7	0.627234147120756	0.5305767980282458	1.1821740970425259
7	0.6359870241427625	0.5564357563105613	1.1429657726521112
7	0.37529313261610214	0.4167923904239849	0.9004318246653511
7	0.5258453296622723	0.5035672470424895	1.0442405314297636
7	0.6003591918654423	0.5192654120739064	1.1561701933268644
7	0.6181955523772856	0.505089448463002	1.2239328187481802
7	0.5650059103753307	0.50770116075664	1.1128710234447523
7	0.5176838042275745	0.5079630842611395	1.0191366661626098
7	0.49928630698495297	0.5170397686172412	0.9656632570454539
7	0.45813962508496753	0.4784994865996616	0.9574506094888912
7	0.5559764376928589	0.509534500643174	1.0911458144464454
7	0.5945872076997043	0.5128006633934913	1.1594899346755625
7	0.5220602037103061	0.481779025730883	1.083609239564372
7	0.563586858967841	0.5149763924664016	1.0943935823322442
7	0.5642669470071859	0.47700052149873734	1.1829482811344885
7	0.6516204317962135	0.5412384918067639	1.2039432554417413
7	0.434721806776533	0.4798889082670337	0.9058800886780082
7	0.5518904172059782	0.47359949396446294	1.1653104030710597
7	0.4637122851228008	0.49314606489444973	0.9403142763028054
7	0.42842733713123776	0.4981035632387319	0.8601169892171608
7	0.5560106955712969	0.5308102888538986	1.0474753546541269
7	0.519114390316808	0.4989528753844229	1.0404076535621753
7	0.516887423811529	0.5224883013611501	0.9892803771203487
7	0.47831627464029813	0.5035929554999393	0.9498073184233725
7	0.5985826961552273	0.5448944883403444	1.0985295483138544
7	0.4701162289366554	0.4985463546697563	0.9429739572523134
7	0.5582778309222669	0.521313938331211	1.0709052451376646
7	0.5932487499007663	0.5013585451715136	1.183282414579804
7	0.5898736974735342	0.5300817339034459	1.1127976305272564
7	0.6096959858616493	0.48375990074294234	1.2603276644577166
7	0.4618907641779406	0.47859462548988846	0.9650981009348991
7	0.5246384671442993	0.5289533881803153	0.9918425306795745
7	0.5953796736695687	0.5388086277448929	1.1049928360676886
7	0.531984513503193	0.5096353049598383	1.0438533365444842
7	0.6522950986668037	0.5485115119172371	1.1892094960537967
7	0.4186608045967935	0.49086722098430513	0.852900309287875
7	0.49557970644215	0.5171855486692682	0.9582241957790378
7	0.5812267230361966	0.5366846650755042	1.0829948400974452
7	0.6172743999913706	0.5069316132571807	1.2176679927795504
7	0.613636107612495	0.5268176065031897	1.1647980250424292
7	0.5697517318661794	0.5297998799902066	1.07540932602082
7	0.5606913380824106	0.524147465584033	1.0697205937219565
7	0.6316781026176023	0.494647211711397	1.2770275211541195
7	0.601806864506012	0.5198620321266914	1.15762803843184
7	0.4878659368813063	0.5145833756537417	0.9480794754815141
7	0.6035127605838244	0.5293094032846336	1.1401890025733934
7	0.5659230208017282	0.5115414747929358	1.106309162968272
7	0.5637799362809771	0.5067850656347223	1.112463595538025
7	0.5641544317829091	0.5278896992465248	1.0686975566830461
7	0.5839111878068288	0.5332787006971824	1.094945639200388
7	0.607560960276617	0.47388954672727346	1.2820729312821755
7	0.579910085494559	0.5367286050327907	1.080453100611491
7	0.6562954372499713	0.5165804489201691	1.270461239138753
7	0.5978076408147718	0.5128545043544291	1.1656476363940294
7	0.5691487055430354	0.499184410796898	1.1401572109081821
7	0.4804390859149008	0.4775815857255654	1.005983271287552
7	0.45936209324648986	0.49689920934149673	0.9244572835107707
7	0.5419934163992594	0.5105402177680126	1.0616076805246693
7	0.5596777569993775	0.5228946723917374	1.0703451126005799
7	0.3779650814579767	0.426908878166656	0.8853530596063811
7	0.45898306711509945	0.4517520736424507	1.0160065529181652
7	0.4832260968960228	0.48589233536187776	0.9945126970075188
7	0.638232697332494	0.5343257874813367	1.1944635881059484
7	0.5729469172776828	0.5119006049409633	1.1192542297225059
7	0.45055464856743094	0.49298281028301894	0.9139358191998009
7	0.5244733335549282	0.49838727216843415	1.0523409461742395
7	0.538580727365839	0.516416905862364	1.0429184661692352
7	0.5517566616809154	0.48856658014307225	1.1293377077067746
7	0.5304038674435665	0.5032170458597223	1.0540260347051575
7	0.5225469444651945	0.509111566419082	1.02638985034383
7	0.48100597030762826	0.5073803247621417	0.9480185707499051
8	0.14418486703259148	0.2930919596543139	0.4919441229389224
8	0.2855263049035425	0.31593023579305896	0.9037637824907913
8	0.4325325045877766	0.33094187906636996	1.306974220996167
8	0.39096786634493746	0.3378211596626885	1.157322018358221
8	0.1853812480105239	0.2704374375602203	0.6854866311519598
8	0.36828848968159206	0.32071438031516447	1.1483379364519817
8	0.45659803557124234	0.32801206074358735	1.3920159964123175
8	0.4618971654022698	0.3349611171724875	1.3789575617053393
8	0.39083148538285706	0.3327845601099233	1.1744279399674074
8	0.38559170642063223	0.31174627891050943	1.2368766927008648
8	0.2824309387976621	0.3212214346822008	0.8792406368431922
8	0.18687172564414298	0.26500604945514844	0.7051602256942837
8	0.21886476419014006	0.25837543132180174	0.8470804018418768
8	0.39670910188976394	0.2899555509818496	1.3681721234390054
8	0.289859332111498	0.2711085281861117	1.0691634602970297
8	0.38678516975168187	0.3204942757296442	1.2068395570283383
8	0.37534345773984046	0.2594367819135481	1.4467626948322072
8	0.4137438966285055	0.33660537969014426	1.229166025241099
8	0.24679334883834086	0.3066615065351401	0.8047744616752576
8	0.34582356854094465	0.2740091267013384	1.2620877731488185
8	0.2809961285427184	0.30333656599302466	0.9263509910940971
8	0.28060277194638067	0.30780634317953315	0.9116211480499428
8	0.365146564720058	0.32207856803775803	1.1337189150606601
8	0.45547636430135297	0.329384742976055	1.3828095381286811
8	0.30948218899465835	0.3149253674627844	0.9827159732733526
8	0.2811226611753723	0.3116053413143432	0.9021753606327936
8	0.40916983044964483	0.33286892134668644	1.2292220877643611
8	0.29417478978497347	0.30381050212299227	0.9682838076014965
8	0.3405247176336948	0.3364139786574546	1.0122192870600835
8	0.40981548637263066	0.3185553289030794	1.2864813399411603
8	0.34234072366084184	0.2927485851093686	1.169401804394532
8	0.40168373192633033	0.2487619898618685	1.6147311418009462
8	0.19580543125253644	0.26692266487954497	0.7335661486104905
8	0.3542845291559681	0.3241264956324109	1.0930440242619324
8	0.3976227769974979	0.3306115488920052	1.202688709242223
8	0.28342930817622425	0.300367386519602	0.9436087967484035
8	0.4167948526405918	0.32822460040445084	1.2698464774639113
8	0.2674680094786148	0.3042224159216683	0.8791857387244039
8	0.29529282212307834	0.3088413908980046	0.9561309812278345
8	0.38264962651533585	0.3204166858631799	1.1942250307111966
8	0.5192023831413192	0.32583013799347055	1.5934756260997676
8	0.4174547017978869	0.306391254875219	1.362488958661368
8	0.3903466583936015	0.3442876116590678	1.1337807262729622
8	0.36713773966034113	0.33721481974700285	1.0887354830247025
8	0.47148167946156955	0.30824278824103574	1.5295789470113617
8	0.40298523809343095	0.3166813630250572	1.2725259050421132
8	0.240898213347059	0.2914731102680511	0.8264852051893182
8	0.3942398952866844	0.3243964118795109	1.2153028851413903
8	0.3494628520273344	0.33287873736326007	1.049820288299089
8	0.42580863693431825	0.2968124576388946	1.4346050038518325
8	0.27685444783658936	0.2874850305451006	0.9630221347930548
8	0.4009088392268593	0.3188896290368149	1.2572025011844319
8	0.42440095432125413	0.26773261595079495	1.5851671743992983
8	0.3918813381275453	0.3413391946111099	1.1480701434654124
8	0.4671745957264989	0.31070942663993145	1.503573936518793
8	0.3985967830954626	0.33135040956265877	1.2029464023344973
8	0.3532672766234753	0.269150128796739	1.31252872960823
8	0.2681978574431248	0.2842108366067501	0.9436580977882213
8	0.24282720941121683	0.2887518200128209	0.84095473199246
8	0.3508516333859431	0.29272716265370563	1.1985619312034885
8	0.43521184842394695	0.32687074205856714	1.331449384802901
8	0.18321954122148504	0.255583666201282	0.7168671767827002
8	0.3735982384455499	0.2844310625266744	1.3134931013750064
8	0.2709853078691157	0.29350808520726535	0.9232635199052699
8	0.4872599883834824	0.34530614661676473	1.4110956122778318
8	0.44691979550798555	0.295206566362787	1.5139222714943075
8	0.2903973509198238	0.3055308181753844	0.9504682789581197
8	0.24609811944360993	0.28030712572223043	0.877958841786563
8	0.36277951576201056	0.3360639293536243	1.0794955485397384
8	0.2766892674692547	0.2742048054103244	1.009060607290279
8	0.3244680853497563	0.28240862680168377	1.1489312101560127
8	0.3257141055118715	0.2884056182086018	1.1293611668697965
8	0.32019577665456195	0.33137552975678325	0.9662625870098893
9	0.24194316888890877	0.2625269544103664	0.9215936300038651
9	0.3796819898869114	0.2964355295662574	1.2808248405393903
9	0.36203188778801076	0.2664526646207947	1.35870995436747
9	0.32787645590119785	0.2894858600639426	1.1326164802273084
9	0.24670754457759123	0.27550379304200223	0.8954778511524129
9	0.23437739330871118	0.25599314985813315	0.9155611915342226
9	0.3161656632344831	0.2612099659459097	1.2103889761233437
9	0.3288991565114334	0.2888675731030313	1.1385810909074379
9	0.3154269438561998	0.28600827830891107	1.1028594896666393
9	0.37952793936833645	0.27158641845123205	1.3974481549285835
9	0.29867181774496787	0.28726185386776826	1.0397197320965972
9	0.20244632714742894	0.2510736669703327	0.8063224215837432
9	0.25110898816172517	0.23775650635190665	1.056160321392237
9	0.29768001903581626	0.24617117881970824	1.2092399299669123
9	0.3622651113015565	0.2582726712107072	1.4026459307651986
9	0.3903382299458266	0.2573477939069241	1.5167731730663356
9	0.3486391420406038	0.2628559394883306	1.326350634188662
9	0.32031140531350283	0.2532141069412653	1.2649824655614517
9	0.31352215015228113	0.28759362729878446	1.0901568059662157
9	0.32214923792406325	0.25648614321347407	1.2560103009383148
9	0.2802025000391821	0.2562491247523018	1.093476905765178
9	0.24174234455103025	0.24435983534059622	0.989288375538813
9	0.2546042794257241	0.2638407080749169	0.9649924050136717
9	0.47356962166618566	0.2569957014468653	1.842714173817019
9	0.32723335823246713	0.2540350826808745	1.2881423887563839
9	0.22099349161727244	0.2518583163791085	0.8774516354847027
9	0.4019346313248915	0.2756541410034199	1.4581120742891538
9	0.2589206337831004	0.26306649156035433	0.9842402665855952
9	0.21589515009187896	0.26291808563501806	0.8211498633516746
9	0.4470765414673753	0.26874045535194574	1.663599702106177
9	0.381335325732437	0.2836005359993342	1.3446213152902229
9	0.2872558328333187	0.23526587877272764	1.2209838261791228
9	0.22598029017830396	0.252494861265309	0.8949896605652308
9	0.31195657690494094	0.2776709817625883	1.1234756146454914
9	0.3457294273137197	0.27539945193391646	1.2553744202681976
9	0.2893518118160119	0.26989486819304753	1.0720908246726921
9	0.22689798182511478	0.2590557833744972	0.8758653401576666
9	0.3379719955189843	0.2730692525342801	1.2376786927944463
9	0.27052456437864697	0.27047061473497386	1.0001994658226587
9	0.289354273106408	0.2702050443182925	1.0708692498188832
9	0.4028789539122688	0.27266977467427556	1.4775343339522609
9	0.3311555895764532	0.25548560684114496	1.2961810008434569
9	0.3184168626452719	0.2683275111269635	1.1866724411072698
9	0.23887580232837022	0.27001732825506586	0.8846684169199746
9	0.47741429972710797	0.25309563591090173	1.886300006749915
9	0.34897504984633676	0.254911497700902	1.3690047447597022
9	0.2367479389197119	0.2686470093136343	0.8812602810080736
9	0.3741566430948751	0.2720399264323094	1.3753740048447447
9	0.22408473830872505	0.25489357028000675	0.8791306036576856
9	0.30310441126372856	0.2740610213392877	1.1059741724033243
9	0.5047068970752288	0.29014302058167285	1.739510728410432
9	0.5248362125169481	0.29848876054376405	1.7583114739759096
9	0.3520567031751557	0.2565524311715155	1.3722602493670848
9	0.36280083968113636	0.2590870978204793	1.4003045413420008
9	0.4080318222291646	0.28789499364417787	1.4172939135352565
9	0.42041834687557594	0.2733759614247294	1.5378760615400078
9	0.2946761290174399	0.23402933197660114	1.259141862811036
9	0.2552724958926706	0.24504072391647708	1.0417553940123072
9	0.26181708367824913	0.2679634397196969	0.9770627065846104
9	0.4798107566196565	0.267282783760152	1.7951427692784652
9	0.3032350959564547	0.25319421050971475	1.1976383478358403
9	0.15099454339121243	0.23555308688795865	0.641021289027018
9	0.42041973023256235	0.2463987844991239	1.706257322198995
9	0.48308637997752435	0.2806524675918435	1.7212974613146217
9	0.45634832625226424	0.2796895081056618	1.6316247589804616
9	0.44983341013371925	0.2548680959186403	1.76496555409319
9	0.18672701273368783	0.24027447467185878	0.7771404473517199
9	0.20946545412061482	0.23664012801040696	0.8851645571768916
9	0.2406484544718905	0.2666424445712164	0.9025136821666693
9	0.39393804171418956	0.28095101040420045	1.4021591919083551
9	0.3133627666920297	0.22299427107575087	1.405250301634793
9	0.3194205608924881	0.24382087951865294	1.310062376622883
9	0.30404096308621775	0.2868629560532132	1.0598822771310283
10	0.40107257299993976	0.3888691519258441	1.0313818183151304
10	0.4878446887831192	0.38852425093185655	1.2556351054356256
10	0.47776018213060645	0.37154822647151775	1.285863174930888
10	0.35167733891368846	0.3537269606733102	0.9942056388472048
10	0.29701517301503044	0.3275231433015266	0.9068524746710503
10	0.3461381566562592	0.3232608209806441	1.0707705177701843
10	0.37889971892003876	0.34345989062665894	1.1031847655594316
10	0.4250945852177444	0.3869882832750099	1.098468877714457
10	0.386701613901649	0.37160214138600306	1.0406334378465307
10	0.4213514841446036	0.3490678796700617	1.2070760693961995
10	0.3730119657264727	0.37163139123580513	1.0037149027860017
10	0.3369075733739507	0.35795120562606836	0.9412108915367065
10	0.3624750991366171	0.33491259327792394	1.08229760962085
10	0.45409733483049197	0.38818543641329994	1.1697948769696136
10	0.4824300323616212	0.37699264541647737	1.2796802224846147
10	0.49247180334305085	0.36737385279912554	1.340519472441407
10	0.42070071189904185	0.34322766659375425	1.225719115461007
10	0.4597282175028946	0.38407687662223006	1.196969267053985
10	0.34137457610614463	0.3418988666182869	0.9984665333426578
10	0.4272152620334536	0.35790581532535903	1.193652753714236
10	0.43384041094112225	0.3864957735424767	1.1224971672127282
10	0.3585262644730273	0.3498407759289984	1.0248269759891901
10	0.4035569494372478	0.3878152146769961	1.0405908127492178
10	0.5651964156129625	0.3604132963721683	1.5681896902863763
10	0.4244297579369324	0.34910310694338686	1.215771929539891
10	0.3699282563791664	0.3694748764876953	1.0012270926125777
10	0.47150621424586703	0.36673742936250847	1.2856779169376733
10	0.41774606740594855	0.3827310885546088	1.0914871561220032
10	0.32001881822103123	0.35655682385363446	0.8975254344098544
10	0.4599663963172364	0.32926724066206814	1.3969394446661845
10	0.3716623464380364	0.33993335288163046	1.0933388656553935
10	0.37910545603755175	0.33341664379462005	1.1370321880843939
10	0.328515226885884	0.34627969057151087	0.9486990887155183
10	0.31361472006066543	0.32772126453683	0.9569556632338112
10	0.3984418042097907	0.35044497937780794	1.1369596588805408
10	0.38990641721143676	0.3659371244762244	1.0655011233679017
10	0.38055578684004937	0.37258058594766635	1.0214053044983489
10	0.42308159431381837	0.3514880718069698	1.2036869192709514
10	0.357034729225717	0.35421909573110644	1.0079488472771325
10	0.4317475076530467	0.38108415500274695	1.1329453140079637
10	0.4119952395211901	0.32901097774881727	1.2522233827581493
10	0.4615425336697037	0.37445769175487886	1.2325625666993398
10	0.40181475695954605	0.3542965379420273	1.1341199078419841
10	0.35591291473331027	0.3589318635126881	0.9915890755704081
10	0.5256768099275905	0.3366169990388726	1.56164665310585
10	0.4395765195160677	0.34646219012926927	1.268757550000063
10	0.34895623798486997	0.36477524318040955	0.9566335558915223
10	0.42806069086862036	0.3448961594632206	1.2411291895358676
10	0.36049448064801654	0.3638715021300206	0.9907191921812074
10	0.402351473868199	0.36976102062777744	1.0881392343224545
10	0.4738034479093124	0.3270678583098177	1.4486395892209567
10	0.5455711786258342	0.3656307802543879	1.4921368989948072
10	0.4273200566554113	0.3433874624926369	1.2444253309468867
10	0.4820647255764314	0.38021302042279004	1.2678806344937479
10	0.40046988929314536	0.3435690672690075	1.1656168364528163
10	0.5072622149845525	0.37121172840043515	1.3665037394436965
10	0.4483272699062782	0.3683038758539684	1.2172754600172573
10	0.3981122866629525	0.36606732369455114	1.0875384414128695
10	0.4234897873813612	0.3874002649410033	1.09315822859815
10	0.486746798772752	0.32164235083842424	1.5133168797701873
10	0.4098168107304826	0.3589189413349054	1.1418088140076303
10	0.30322321387476336	0.3590313840826165	0.8445590756628364
10	0.5580016149285727	0.391871255685755	1.4239411715771242
10	0.4842094424650468	0.314968498539017	1.537326573009856
10	0.42646266164852703	0.32549020598637096	1.3102165712057832
10	0.5353383229391698	0.35661455266630293	1.5011679106660158
10	0.3396817018999049	0.3626819573269561	0.9365828518281747
10	0.40274360082186816	0.3903542672199668	1.0317386913434712
10	0.40474967941051604	0.38213083788151164	1.0591913535541926
10	0.3521311119087099	0.32147446628200477	1.095362614584178
10	0.43930343353291973	0.35219376829731847	1.2473344876507415
10	0.4775006430005979	0.3920870414363971	1.2178434697849005
10	0.40696251647839105	0.3769652927816739	1.0795755584694917
11	0.2946254311783599	0.2797609323715042	1.0531328612642619
11	0.3995360243606232	0.2638334378984049	1.5143494605656227
11	0.4011338400007301	0.25804843168651176	1.5544905170671395
11	0.24708029228796274	0.23987147740227088	1.0300528223020133
11	0.16960064493950064	0.21428322356710203	0.7914788760231191
11	0.2684306743128277	0.22069193862933578	1.2163139078843823
11	0.2822214928522135	0.23436805655539986	1.2041807104608646
11	0.29514914919638907	0.26413378607388904	1.117422930188203
11	0.27833222286013787	0.26272565827585276	1.0594025139634393
11	0.31199057198909325	0.23084868533639627	1.35149382174066
11	0.24823026788849575	0.2536223347702055	0.978739779023818
11	0.2330433588816204	0.2529738866838458	0.9212150785067647
11	0.28576146685338355	0.23777315767473106	1.2018239133800777
11	0.3780709114500736	0.28347631441173693	1.3336948881765909
11	0.41607453744012834	0.26726952142295685	1.5567601394462258
11	0.41229116580814085	0.2656411326332813	1.5520607133433304
11	0.35080258043105284	0.23958025347126213	1.4642382890421808
11	0.37517161343831473	0.27884630664845833	1.3454422902265433
11	0.20685548068575738	0.2171002047435551	0.9528110806256536
11	0.32692177335724537	0.24342337852959386	1.3430171552626786
11	0.3338046784180431	0.2808783719982172	1.1884314055343566
11	0.2657345209668366	0.2431982022788342	1.0926664690644539
11	0.29402871758317245	0.28034730564499827	1.0488016530306834
11	0.512683786905444	0.25222228911866196	2.032666457420993
11	0.33904934735229425	0.24266852456153817	1.3971706794892345
11	0.2488204683057268	0.2586652978367329	0.9619398906102198
11	0.3707070627637543	0.2456573313868102	1.5090413164996965
11	0.3203612674616893	0.2738047603632886	1.1700354188021742
11	0.19654462595269048	0.24073083179907107	0.8164497438231711
11	0.3747372941741583	0.2209539847994652	1.6959969946424125
11	0.26212528438386173	0.22461256070206856	1.1670108010190532
11	0.28265151472770234	0.22269281586447454	1.2692439746225006
11	0.2135590757401071	0.23159439081671937	0.9221254236209668
11	0.18728907351185733	0.20690532841774578	0.9051921231033603
11	0.3204661039116414	0.23913342880892047	1.3401142011295701
11	0.28645046554858394	0.2578425266366274	1.1109512045399446
11	0.2592331413609975	0.26153636983374706	0.9911934677604738
11	0.3631442596749367	0.24231327088615193	1.4986560923671233
11	0.24560230336275496	0.23796035077717792	1.0321143945225264
11	0.32471026820318744	0.2630322607624114	1.2344883751597597
11	0.3291461690381965	0.21544242744688638	1.5277685687947506
11	0.35516324582490016	0.2564007911717073	1.3851877921353735
11	0.31064042682679477	0.2512511515034424	1.2363741418416492
11	0.21225055347818977	0.23546863759726036	0.9013962778398446
11	0.48012181329194176	0.22786102935888242	2.107081735928381
11	0.3353958266221621	0.22938455838101973	1.4621552077845281
11	0.22482415154815472	0.24950756697302442	0.9010714756096421
11	0.3269136779205067	0.23702133018617252	1.3792584729134996
11	0.2650000765475656	0.25341379646111	1.045720794401317
11	0.285143389256234	0.2570287248884164	1.1093833554207726
11	0.41390624377768326	0.2145612791364634	1.9290817310724282
11	0.44562230557539967	0.24228516272141595	1.8392471935550778
11	0.36700939320251913	0.24188364701190068	1.5172972531891016
11	0.4103385736953536	0.27184604013782143	1.5094520909236668
11	0.2808347408388096	0.2234805143124499	1.2566408382530045
11	0.4431692966022139	0.2632073326564645	1.6837270152372004
11	0.3517794592903452	0.2575081985232543	1.3660903276389382
11	0.32478606654218517	0.2650399492023494	1.2254230636537797
11	0.29732081666410415	0.27402878320973734	1.0849984924267588
11	0.4544799646750663	0.21151838673779635	2.148654647401653
11	0.3090205388329659	0.25050422987730914	1.2335940953345044
11	0.19211073394273545	0.25619759713380547	0.7498537694809093
11	0.4882685697749187	0.282893915245962	1.7259776314043156
11	0.4416339559506898	0.20506140989019495	2.1536668268650514
11	0.356594251126618	0.21525586810781072	1.6566064110643344
11	0.492534506782769	0.25097695091467126	1.9624690832674272
11	0.24754302618717794	0.2642001870065443	0.9369525017824694
11	0.3034327422497545	0.28364462509006616	1.0697637656747592
11	0.28516230570691514	0.26700290868529813	1.068011982008108
11	0.21499118616998922	0.19683299975489424	1.0922517384671595
11	0.3619242997012748	0.24947011561142038	1.4507721648913465
11	0.3985963484511447	0.28577845793322315	1.394773949491614
11	0.2736312345296057	0.2589748296654176	1.0565939357238825
