0	0.9389369626530075	0.9429385697826358	0.9957562377254854
0	0.9235729386875594	0.9218079050573409	1.00191475210891
0	0.8288628734566914	0.8739778434906995	0.9483797325412539
0	0.9233981168220533	0.9474657060902292	0.9745979309715682
0	0.9659875342793611	0.9469891704537584	1.0200618596477713
0	0.8917652762006234	0.9166145591648607	0.9728901502646022
0	0.9391882106502325	0.9536928311825642	0.9847910982885902
0	0.9330169805483621	0.9047647588841885	1.0312260412297845
0	0.9707501575120254	0.9500820385720925	1.021754036073554
0	0.9375668153132524	0.946650059963246	0.9904048549362091
0	0.9302175417560143	0.9382360254395479	0.9914536604158032
0	0.9349711567356207	0.947386166573122	0.9868955128589129
0	0.9059095905918799	0.9049538148112655	1.0010561597343106
0	0.9224304304512252	0.9213721538006517	1.0011485876214168
0	0.9546904173521261	0.945804492470273	1.009395096928166
0	0.9409015929232094	0.934907103115337	1.0064118560955386
0	0.9286584002317265	0.9227161868714268	1.0064399145098424
0	0.9643137434905997	0.9419633880476688	1.023727414171855
0	0.9683058698081052	0.9553392349959521	1.01357280674462
0	0.9760387374257226	0.9547926513147168	1.022252041929471
0	0.9584195278274128	0.9578392099601558	1.0006058614652882
0	0.9147969611343465	0.9229635766772329	0.9911517466677428
0	0.9345731745306531	0.9550770188184151	0.9785317373533617
0	0.9127956107646797	0.947064550183688	0.9638156243812931
0	0.9386389357993064	0.9272019973458285	1.012334894107451
0	0.9165188754319948	0.9310617242590316	0.9843803601328254
0	0.9494122037733745	0.9500245878264112	0.9993554018907682
0	0.9425364974899664	0.9457588575846098	0.9965928311759373
0	0.9147602534285577	0.9377815216218254	0.9754513523006361
0	0.9654524511252439	0.9459929012821912	1.0205705030309187
0	0.9586923322376399	0.9415884459257101	1.0181649279851925
0	0.9525315310198867	0.9381866370981347	1.0152900215740885
0	0.9425471049619611	0.9421755430065185	1.0003943659525028
0	0.9713818013365578	0.9579362083579456	1.0140360003738247
0	0.8883894669742328	0.9158911117941514	0.9699728008430553
0	0.955993036437967	0.9399371622023335	1.0170818591723871
0	0.9376757576366	0.9327094778998427	1.0053245730363325
0	0.9313133751622076	0.9470308273963104	0.9834034418105321
0	0.9403333196194636	0.9277437129551934	1.0135701341744132
0	0.9691419615695163	0.9499500298405962	1.0202030960851072
0	0.9437111502007088	0.93074354295685	1.0139325245305086
0	0.9201161928540911	0.9374876310463406	0.9814702214546969
0	0.8771936921548109	0.8853119078260435	0.9908301067686217
0	0.9230823635203886	0.9148146646734355	1.0090375670244687
0	0.9438513108257205	0.9444111331036719	0.9994072260921877
0	0.9340368547841067	0.9321869828590672	1.0019844429916474
0	0.9568015840063557	0.9486739095810908	1.008567405873799
0	0.9184300582588024	0.935669027427931	0.981575783034609
0	0.9410872180994309	0.9439931809432025	0.9969216272930402
0	0.9574646849936796	0.9556903657770878	1.0018565837640825
1	0.938998551626537	0.9430967415113667	0.9956545392381888
1	0.9249814008349944	0.9227590663503595	1.0024083583306578
1	0.8396376609602465	0.8832103210921378	0.9506655899604849
1	0.9277654433021096	0.9486322202194464	0.9780033015192025
1	0.9659875342793611	0.9470826041561977	1.0199612262332773
1	0.8920024368251696	0.9169651398793838	0.972776824364885
1	0.9391882106502325	0.9537805582356095	0.984700518940781
1	0.9364319857163638	0.9083630846896347	1.0309005303053673
1	0.9707501575120254	0.9501699189662823	1.0216595349262718
1	0.9375668153132524	0.9467528314622256	0.9902973449418834
1	0.9302175417560143	0.9383041563093072	0.9913816703262827
1	0.9349711567356207	0.9474936068598404	0.9867836046242874
1	0.905959103666111	0.9050748951822508	1.0009769450998662
1	0.9226899949053402	0.9214747670654125	1.0013187858022394
1	0.9548750322902677	0.9460776670144516	1.0092987770270256
1	0.9411725968633381	0.9351058493848912	1.0064877655106506
1	0.9302592061929225	0.924480754900507	1.0062504830541739
1	0.9643137434905997	0.9420697742624004	1.0236118065093591
1	0.9683058698081052	0.9554218042116385	1.013485212018055
1	0.9760387374257226	0.9548868071038319	1.0221512436495426
1	0.9584195278274128	0.9579256482615377	1.0005155719201917
1	0.9155479800479447	0.9240000996397578	0.9908526854108475
1	0.9345731745306531	0.9551618386523794	0.9784448422366052
1	0.9127956107646797	0.9471531889094066	0.9637254263122023
1	0.9398844906187866	0.9285622284082065	1.012193326267416
1	0.9166604842215231	0.9312895216034269	0.9842916332219473
1	0.9494662839519499	0.9501271131618978	0.9993044833677582
1	0.9425364974899664	0.9458500539652888	0.996496742309808
1	0.9147602534285577	0.937857067605495	0.975372778033323
1	0.9654524511252439	0.9461006627996403	1.02045425934735
1	0.9586923322376399	0.9417021402826811	1.018042002060077
1	0.9526285336861853	0.9383786298262471	1.0151856653668432
1	0.9434325293831396	0.9430278719289751	1.0004291044477156
1	0.9713818013365578	0.9579544332839813	1.0140167085051697
1	0.8902495979591818	0.918867324516488	0.9688554312535109
1	0.955993036437967	0.9400377214727706	1.0169730582089822
1	0.9381232129705686	0.9333022174899349	1.00516552451102
1	0.9313133751622076	0.9471363874473091	0.9832938397312058
1	0.9403333196194636	0.9278250063618091	1.013481328021867
1	0.9691419615695163	0.950053443568922	1.0200920465367584
1	0.9448354872466007	0.9320047880179476	1.0137667739410863
1	0.9211237724873488	0.9379030105600145	0.9821098366422271
1	0.8804780729142483	0.8886441627055841	0.9908106189923387
1	0.925159091866173	0.916389213970782	1.0095700361393283
1	0.94387840616389	0.9445481895881968	0.9992908954443088
1	0.9340368547841067	0.9322600243152733	1.0019059387107565
1	0.9568015840063557	0.9487322814958355	1.0085053525297965
1	0.9185427331829612	0.935736208232693	0.9816257243243748
1	0.9413379860873101	0.944303178790622	0.9968599145169569
1	0.9574646849936796	0.9557847000456243	1.00175770228167
2	0.7979592210161411	0.8081001608635893	0.9874508874783408
2	0.8335815394511388	0.7923562980402813	1.0520286662866427
2	0.46599441002858544	0.5409167133914317	0.8614901305358094
2	0.7673153207956772	0.7923837359729092	0.9683632890995013
2	0.8176197784516916	0.7876899569002238	1.0379969571647834
2	0.6552269769330371	0.6926518571782045	0.9459687000658127
2	0.7108056243223715	0.808131429173458	0.8795668608624347
2	0.6425534537854374	0.6028439544343943	1.0658702787992618
2	0.8931015644643018	0.8325978304521299	1.0726686183884435
2	0.8299065197849647	0.8249834209929231	1.0059675123969356
2	0.8382584403506773	0.8110801942293094	1.033508703966311
2	0.8262820507718598	0.8073201832181289	1.0234874191775378
2	0.6118979129521183	0.6359232851604751	0.9622197004434362
2	0.7800359207989459	0.7630655698119305	1.0222397021414529
2	0.8694917434067477	0.8073347952019452	1.076990300150825
2	0.7979672680472326	0.7724631131332288	1.033016663812664
2	0.6189215629257974	0.6345489576511357	0.9753724365363625
2	0.8043217322821101	0.757443188389621	1.0618905082401708
2	0.8358896851161612	0.8036099431361554	1.0401684203334163
2	0.8899623100185793	0.8169423741196872	1.089381990960594
2	0.8298251195726657	0.8400742827856594	0.9877996941187059
2	0.6804601616839594	0.7199456298344247	0.9451549304361411
2	0.8080055516038676	0.82996169351634	0.9735455960389573
2	0.7078870187319264	0.8208546370091396	0.8623780469964557
2	0.7543397044320659	0.718407637612078	1.0500162650545068
2	0.7925827321754862	0.7948144975238893	0.9971920928023384
2	0.8238524410043888	0.8317952942959921	0.9904509518795416
2	0.78063600378108	0.8078823385254157	0.9662743775361311
2	0.7545329043597441	0.785049154577426	0.961128229946177
2	0.8342090146583605	0.7803142454703083	1.0690680318870367
2	0.8502755375054066	0.7942142863424017	1.0705870595972078
2	0.8158860677831059	0.7703956231265036	1.0590481608293516
2	0.8280062637247878	0.8273441407308816	1.0008002993691614
2	0.8950865161962026	0.8527042947002043	1.049703304837815
2	0.6645868528100038	0.6813433838369628	0.9754066283984515
2	0.8603946224872672	0.808701024353588	1.0639217666071326
2	0.7578054753718912	0.7436145546422206	1.0190837049128205
2	0.763379067551167	0.8062400503716226	0.9468384350285011
2	0.6995563108333055	0.6955089602105744	1.0058192645304034
2	0.8957441710416081	0.8529317628409454	1.0501944118695534
2	0.6985153464941396	0.7058899838438359	0.9895527100277883
2	0.7904330361418112	0.800037845748677	0.9879945559351913
2	0.5948329211827328	0.5785207563785594	1.0281963345728247
2	0.735113383393153	0.7136821786279259	1.0300290597229556
2	0.7246378551333614	0.7811591043244643	0.9276443827151171
2	0.7897999843236807	0.778852481077795	1.0140559393618882
2	0.8185963302221131	0.784480108391747	1.0434889571646466
2	0.6972554080616633	0.7291711198646736	0.9562301482689913
2	0.8610135284038585	0.8413858176709471	1.023327836434471
2	0.8287781091205475	0.8293571354704579	0.9993018371396999
3	0.7979592210161411	0.8081001608635893	0.9874508874783408
3	0.8336059657284427	0.7923784142921709	1.052030129408687
3	0.46613331544994435	0.5408318234118995	0.8618821882730364
3	0.7673153207956772	0.7923837359729092	0.9683632890995013
3	0.8176197784516916	0.7876899569002238	1.0379969571647834
3	0.6552269769330371	0.6926518571782045	0.9459687000658127
3	0.7108056243223715	0.808131429173458	0.8795668608624347
3	0.6425534537854374	0.6028439544343943	1.0658702787992618
3	0.8931015644643018	0.8325978304521299	1.0726686183884435
3	0.8299065197849647	0.8249834209929231	1.0059675123969356
3	0.8382584403506773	0.8110801942293094	1.033508703966311
3	0.8262820507718598	0.8073201832181289	1.0234874191775378
3	0.6118979129521183	0.6359232851604751	0.9622197004434362
3	0.7800359207989459	0.7630655698119305	1.0222397021414529
3	0.8694917434067477	0.8073347952019452	1.076990300150825
3	0.7979672680472326	0.7724631131332288	1.033016663812664
3	0.6189215629257974	0.6345489576511357	0.9753724365363625
3	0.8043217322821101	0.757443188389621	1.0618905082401708
3	0.8358896851161612	0.8036099431361554	1.0401684203334163
3	0.8899623100185793	0.8169423741196872	1.089381990960594
3	0.8298251195726657	0.8400742827856594	0.9877996941187059
3	0.6804601616839594	0.7199456298344247	0.9451549304361411
3	0.8080055516038676	0.82996169351634	0.9735455960389573
3	0.7078870187319264	0.8208546370091396	0.8623780469964557
3	0.7543391404830126	0.7184071289793919	1.05001622346742
3	0.7925827321754862	0.7948144975238893	0.9971920928023384
3	0.8238524410043888	0.8317952942959921	0.9904509518795416
3	0.78063600378108	0.8078823385254157	0.9662743775361311
3	0.7545329043597441	0.785049154577426	0.961128229946177
3	0.8342090146583605	0.7803142454703083	1.0690680318870367
3	0.8502755375054066	0.7942142863424017	1.0705870595972078
3	0.8158860677831059	0.7703956231265036	1.0590481608293516
3	0.8280062637247878	0.8273441407308816	1.0008002993691614
3	0.8950865161962026	0.8527042947002043	1.049703304837815
3	0.6645868528100038	0.6813433838369628	0.9754066283984515
3	0.8603946224872672	0.808701024353588	1.0639217666071326
3	0.7578054753718912	0.7436145546422206	1.0190837049128205
3	0.763379067551167	0.8062400503716226	0.9468384350285011
3	0.6995563108333055	0.6955089602105744	1.0058192645304034
3	0.8957441710416081	0.8529317628409454	1.0501944118695534
3	0.6985153464941396	0.7058899838438359	0.9895527100277883
3	0.7904330361418112	0.800037845748677	0.9879945559351913
3	0.59493413796266	0.5783804426091551	1.0286207729964536
3	0.735113383393153	0.7136821786279259	1.0300290597229556
3	0.7246378551333614	0.7811591043244643	0.9276443827151171
3	0.7897999843236807	0.778852481077795	1.0140559393618882
3	0.8185963302221131	0.784480108391747	1.0434889571646466
3	0.6972554080616633	0.7291711198646736	0.9562301482689913
3	0.8610135284038585	0.8413858176709471	1.023327836434471
3	0.8287781091205475	0.8293571354704579	0.9993018371396999
4	0.7979592210161411	0.8081001608635893	0.9874508874783408
4	0.8336059657284427	0.7923784142921709	1.052030129408687
4	0.46613331544994435	0.5408318234118995	0.8618821882730364
4	0.7673153207956772	0.7923837359729092	0.9683632890995013
4	0.8176197784516916	0.7876899569002238	1.0379969571647834
4	0.6552269769330371	0.6926518571782045	0.9459687000658127
4	0.7108056243223715	0.808131429173458	0.8795668608624347
4	0.6425534537854374	0.6028439544343943	1.0658702787992618
4	0.8931015644643018	0.8325978304521299	1.0726686183884435
4	0.8299065197849647	0.8249834209929231	1.0059675123969356
4	0.8382584403506773	0.8110801942293094	1.033508703966311
4	0.8262820507718598	0.8073201832181289	1.0234874191775378
4	0.6118979129521183	0.6359232851604751	0.9622197004434362
4	0.7800359207989459	0.7630655698119305	1.0222397021414529
4	0.8694917434067477	0.8073347952019452	1.076990300150825
4	0.7979672680472326	0.7724631131332288	1.033016663812664
4	0.6189215629257974	0.6345489576511357	0.9753724365363625
4	0.8043217322821101	0.757443188389621	1.0618905082401708
4	0.8358896851161612	0.8036099431361554	1.0401684203334163
4	0.8899623100185793	0.8169423741196872	1.089381990960594
4	0.8298251195726657	0.8400742827856594	0.9877996941187059
4	0.6804601616839594	0.7199456298344247	0.9451549304361411
4	0.8080055516038676	0.82996169351634	0.9735455960389573
4	0.7078870187319264	0.8208546370091396	0.8623780469964557
4	0.7543391404830126	0.7184071289793919	1.05001622346742
4	0.7925827321754862	0.7948144975238893	0.9971920928023384
4	0.8238524410043888	0.8317952942959921	0.9904509518795416
4	0.78063600378108	0.8078823385254157	0.9662743775361311
4	0.7545329043597441	0.785049154577426	0.961128229946177
4	0.8342090146583605	0.7803142454703083	1.0690680318870367
4	0.8502755375054066	0.7942142863424017	1.0705870595972078
4	0.8158860677831059	0.7703956231265036	1.0590481608293516
4	0.8280062637247878	0.8273441407308816	1.0008002993691614
4	0.8950865161962026	0.8527042947002043	1.049703304837815
4	0.6645868528100038	0.6813433838369628	0.9754066283984515
4	0.8603946224872672	0.808701024353588	1.0639217666071326
4	0.7578054753718912	0.7436145546422206	1.0190837049128205
4	0.763379067551167	0.8062400503716226	0.9468384350285011
4	0.6995563108333055	0.6955089602105744	1.0058192645304034
4	0.8957441710416081	0.8529317628409454	1.0501944118695534
4	0.6985153464941396	0.7058899838438359	0.9895527100277883
4	0.7904330361418112	0.800037845748677	0.9879945559351913
4	0.59493413796266	0.5783804426091551	1.0286207729964536
4	0.735113383393153	0.7136821786279259	1.0300290597229556
4	0.7246378551333614	0.7811591043244643	0.9276443827151171
4	0.7897999843236807	0.778852481077795	1.0140559393618882
4	0.8185963302221131	0.784480108391747	1.0434889571646466
4	0.6972554080616633	0.7291711198646736	0.9562301482689913
4	0.8610135284038585	0.8413858176709471	1.023327836434471
4	0.8287781091205475	0.8293571354704579	0.9993018371396999
5	0.6334968749558118	0.6574685628157675	0.9635394158508641
5	0.6862665471560149	0.6102978690165679	1.1244780327708872
5	0.4404650899678305	0.4622136939433662	0.9529468636249439
5	0.6266992668480552	0.6814322654319979	0.919679473132602
5	0.7006092435533655	0.6504072943069169	1.0771854031863903
5	0.588888373714104	0.6256751118374791	0.9412047284167335
5	0.6532738334376651	0.6960361975119113	0.9385630169420688
5	0.6117528099323549	0.5799655185597743	1.0548089332129915
5	0.7556994361821371	0.6448606117377983	1.1718802830051063
5	0.6677861913764553	0.6555649748701629	1.018642265793277
5	0.7736794087063621	0.6238207509113414	1.240227112637872
5	0.6747123539548995	0.639893813451657	1.0544129975494332
5	0.5852065681867091	0.5687955591670506	1.0288522101749369
5	0.5994648156822979	0.5882477178815618	1.019068663523476
5	0.7235352764857952	0.6620754406901037	1.092829052428874
5	0.6102098585743062	0.587517894391197	1.0386234434725148
5	0.5819899843070478	0.6030684536495865	0.96504796559167
5	0.7056244380439594	0.6139815426732663	1.1492600167941227
5	0.6977581320836699	0.6937439976453053	1.0057861897933378
5	0.7587133082599921	0.6514957070858343	1.1645714622644965
5	0.6185800607825231	0.6955401974613017	0.8893519929406231
5	0.5258738035045243	0.6269442324034781	0.8387888050082442
5	0.6659288145814559	0.7004802879230391	0.9506745957919386
5	0.5464645613990693	0.6849598843400371	0.7978052056663014
5	0.6479925485730215	0.5836069742854261	1.110323517580354
5	0.6170676598181382	0.6540902541009062	0.9433983398305511
5	0.6968304364142326	0.6798155309844645	1.0250287094870107
5	0.6406907953886589	0.6547925143177716	0.9784638360690404
5	0.589204689069428	0.6702290341995005	0.8791094670692008
5	0.6979858441537504	0.6323913111987817	1.1037245955049977
5	0.7048329940112579	0.6103089712757757	1.154878966530496
5	0.6880017459211971	0.6242543806206592	1.1021176098710876
5	0.6349841800441436	0.6255572392264581	1.0150696694507804
5	0.7355522516450874	0.7046719865637936	1.0438221834698949
5	0.581324599904558	0.5638852526122143	1.0309271207423059
5	0.6918420874344866	0.6512334541188279	1.062356491452985
5	0.6523036745265649	0.6450395922110862	1.0112614518599992
5	0.6367003390175687	0.6459304617843461	0.9857103460622066
5	0.6280083457820086	0.6034610943427494	1.040677438312729
5	0.7482430924465964	0.6943934928151273	1.0775491132746051
5	0.5540169998277249	0.542774778972313	1.0207124967683612
5	0.598195595735376	0.6649572216278654	0.8996001190436702
5	0.47764161285127993	0.4722073269995876	1.0115082624537444
5	0.6398394841020718	0.5374411651052536	1.190529355853797
5	0.5593165325633204	0.6365149518786983	0.8787170370664131
5	0.7122111465807167	0.6511989329777691	1.0936921277250164
5	0.730855873014546	0.6640494880229638	1.100604527518696
5	0.585277245710735	0.6520665117515458	0.897572924177006
5	0.7098500854826468	0.6819764924567923	1.0408717797961644
5	0.5775183376349707	0.675703576048733	0.8546918472921017
6	0.6334968749558118	0.6574685628157675	0.9635394158508641
6	0.6862665471560149	0.6102978690165679	1.1244780327708872
6	0.440663075232627	0.4623256022529627	0.9531444356211902
6	0.6266992668480552	0.6814322654319979	0.919679473132602
6	0.7006092435533655	0.6504072943069169	1.0771854031863903
6	0.588888373714104	0.6256751118374791	0.9412047284167335
6	0.6532738334376651	0.6960361975119113	0.9385630169420688
6	0.6117528099323549	0.5799655185597743	1.0548089332129915
6	0.7556994361821371	0.6448606117377983	1.1718802830051063
6	0.6677861913764553	0.6555649748701629	1.018642265793277
6	0.7736794087063621	0.6238207509113414	1.240227112637872
6	0.6747123539548995	0.639893813451657	1.0544129975494332
6	0.5852065681867091	0.5687955591670506	1.0288522101749369
6	0.5994648156822979	0.5882477178815618	1.019068663523476
6	0.7235352764857952	0.6620754406901037	1.092829052428874
6	0.6102098585743062	0.587517894391197	1.0386234434725148
6	0.5819899843070478	0.6030684536495865	0.96504796559167
6	0.7056244380439594	0.6139815426732663	1.1492600167941227
6	0.6977581320836699	0.6937439976453053	1.0057861897933378
6	0.7587133082599921	0.6514957070858343	1.1645714622644965
6	0.6185800607825231	0.6955401974613017	0.8893519929406231
6	0.5258738035045243	0.6269442324034781	0.8387888050082442
6	0.6659288145814559	0.7004802879230391	0.9506745957919386
6	0.5464645613990693	0.6849598843400371	0.7978052056663014
6	0.6479925485730215	0.5836069742854261	1.110323517580354
6	0.6170676598181382	0.6540902541009062	0.9433983398305511
6	0.6968304364142326	0.6798155309844645	1.0250287094870107
6	0.6406907953886589	0.6547925143177716	0.9784638360690404
6	0.589204689069428	0.6702290341995005	0.8791094670692008
6	0.6979858441537504	0.6323913111987817	1.1037245955049977
6	0.7048329940112579	0.6103089712757757	1.154878966530496
6	0.6880017459211971	0.6242543806206592	1.1021176098710876
6	0.6349841800441436	0.6255572392264581	1.0150696694507804
6	0.7355522516450874	0.7046719865637936	1.0438221834698949
6	0.581324599904558	0.5638852526122143	1.0309271207423059
6	0.6918420874344866	0.6512334541188279	1.062356491452985
6	0.6523036745265649	0.6450395922110862	1.0112614518599992
6	0.6367003390175687	0.6459304617843461	0.9857103460622066
6	0.6280083457820086	0.6034610943427494	1.040677438312729
6	0.7482430924465964	0.6943934928151273	1.0775491132746051
6	0.5540169998277249	0.542774778972313	1.0207124967683612
6	0.598195595735376	0.6649572216278654	0.8996001190436702
6	0.47759009235247046	0.4721895832630975	1.0114371627007364
6	0.6398394841020718	0.5374411651052536	1.190529355853797
6	0.5593165325633204	0.6365149518786983	0.8787170370664131
6	0.7122111465807167	0.6511989329777691	1.0936921277250164
6	0.730855873014546	0.6640494880229638	1.100604527518696
6	0.585277245710735	0.6520665117515458	0.897572924177006
6	0.7098500854826468	0.6819764924567923	1.0408717797961644
6	0.5775183376349707	0.675703576048733	0.8546918472921017
7	0.47420786019434846	0.5098782839941771	0.930041296286633
7	0.5978074618863815	0.440708818172339	1.3564681196204456
7	0.31177120026822114	0.32661306868164885	0.9545582530627574
7	0.5059834410248385	0.5177226035166942	0.977325381561253
7	0.45951911460568573	0.4891752485685649	0.9393752360740663
7	0.42700180864562065	0.4552046645621739	0.9380435700418857
7	0.5377380454496916	0.5915799755742867	0.9089862193656453
7	0.5242361794031243	0.4540962341948174	1.1544605304482998
7	0.6500852359366877	0.4935580188832201	1.3171404598139114
7	0.5316928226450126	0.5177674458700264	1.0268950411735267
7	0.6252841897798351	0.45869416807949337	1.3631832128972503
7	0.5767636698898546	0.5185014289433485	1.1123665966846774
7	0.44173730594984373	0.4371578690865279	1.010475476223006
7	0.44420239345130774	0.4151131850228182	1.0700753661363238
7	0.6687578693544266	0.5322563094720828	1.2564583217768381
7	0.5011297870616711	0.4295409947118668	1.1666634692174738
7	0.4276607010189374	0.48041330847690505	0.8901932845590524
7	0.5731420534458397	0.4787364000034259	1.197197567266116
7	0.6307981903352411	0.6032456304390662	1.045673865679095
7	0.695618401801936	0.5671022975301037	1.2266189095539863
7	0.4845003123928484	0.5888874525801918	0.8227383862061003
7	0.3637403453368261	0.5034978230758942	0.7224268480739748
7	0.5618906049485708	0.598512336193898	0.9388120694751011
7	0.3533616440174299	0.5324211598467732	0.6636882052530083
7	0.5298755541853772	0.45067687581450816	1.175732731411465
7	0.33837101841455053	0.5248310158274497	0.6447237457585734
7	0.5927004126840905	0.5701905686163808	1.0394777558708692
7	0.584065725857784	0.5361363087857932	1.0893978197084586
7	0.3639992587705182	0.5851671321841375	0.6220432398721545
7	0.5245058369101532	0.4832636080927462	1.08534106050355
7	0.5836989479586682	0.4645118458702336	1.2565857106725558
7	0.5828853858175409	0.5064499254857056	1.1509240232556668
7	0.48677117289607247	0.4988828603975282	0.9757223820200904
7	0.6373245880729426	0.5858489608374468	1.0878650141529884
7	0.3987355309996149	0.41182676766473625	0.9682117878365333
7	0.5641419085871697	0.5064676942652309	1.1138754060229072
7	0.5230266703349737	0.5048688878169739	1.0359653425991708
7	0.5223138822298679	0.48747347922456086	1.0714713815010586
7	0.5365494270502364	0.5490597280618136	0.977215045336254
7	0.5700940431159061	0.5463416260621198	1.043475393271765
7	0.3486401399201703	0.3065789307126614	1.1371953679587017
7	0.4915581415672876	0.5255631194561929	0.9352980134449108
7	0.32693428648085887	0.304372139788017	1.0741268458688613
7	0.5447812552659668	0.3855622572178638	1.4129527594246225
7	0.36638875844409263	0.4762897854412076	0.7692559648422673
7	0.5784705035590529	0.49514330455477423	1.1682890553861076
7	0.6725956621543874	0.5698332120669184	1.1803377688617438
7	0.5273344163453153	0.5351317328427441	0.9854291644115224
7	0.572557261477046	0.5221027149874158	1.0966372038322887
7	0.4859702668242013	0.5654664234588541	0.8594148947900576
8	0.47420786019434846	0.5098782839941771	0.930041296286633
8	0.5978074618863815	0.440708818172339	1.3564681196204456
8	0.31177120026822114	0.32661306868164885	0.9545582530627574
8	0.5059834410248385	0.5177226035166942	0.977325381561253
8	0.45951911460568573	0.4891752485685649	0.9393752360740663
8	0.42700180864562065	0.4552046645621739	0.9380435700418857
8	0.5377380454496916	0.5915799755742867	0.9089862193656453
8	0.5242361794031243	0.4540962341948174	1.1544605304482998
8	0.6500852359366877	0.4935580188832201	1.3171404598139114
8	0.5316928226450126	0.5177674458700264	1.0268950411735267
8	0.6252841897798351	0.45869416807949337	1.3631832128972503
8	0.5767636698898546	0.5185014289433485	1.1123665966846774
8	0.44173730594984373	0.4371578690865279	1.010475476223006
8	0.44420239345130774	0.4151131850228182	1.0700753661363238
8	0.6687578693544266	0.5322563094720828	1.2564583217768381
8	0.5011297870616711	0.4295409947118668	1.1666634692174738
8	0.4276607010189374	0.48041330847690505	0.8901932845590524
8	0.5731420534458397	0.4787364000034259	1.197197567266116
8	0.6307981903352411	0.6032456304390662	1.045673865679095
8	0.695618401801936	0.5671022975301037	1.2266189095539863
8	0.4845003123928484	0.5888874525801918	0.8227383862061003
8	0.3637403453368261	0.5034978230758942	0.7224268480739748
8	0.5618906049485708	0.598512336193898	0.9388120694751011
8	0.3533616440174299	0.5324211598467732	0.6636882052530083
8	0.5298755541853772	0.45067687581450816	1.175732731411465
8	0.33837101841455053	0.5248310158274497	0.6447237457585734
8	0.5927004126840905	0.5701905686163808	1.0394777558708692
8	0.584065725857784	0.5361363087857932	1.0893978197084586
8	0.3639992587705182	0.5851671321841375	0.6220432398721545
8	0.5245058369101532	0.4832636080927462	1.08534106050355
8	0.5836989479586682	0.4645118458702336	1.2565857106725558
8	0.5828853858175409	0.5064499254857056	1.1509240232556668
8	0.48677117289607247	0.4988828603975282	0.9757223820200904
8	0.6373245880729426	0.5858489608374468	1.0878650141529884
8	0.3987355309996149	0.41182676766473625	0.9682117878365333
8	0.5641419085871697	0.5064676942652309	1.1138754060229072
8	0.5230266703349737	0.5048688878169739	1.0359653425991708
8	0.5223138822298679	0.48747347922456086	1.0714713815010586
8	0.5365494270502364	0.5490597280618136	0.977215045336254
8	0.5700940431159061	0.5463416260621198	1.043475393271765
8	0.3486401399201703	0.3065789307126614	1.1371953679587017
8	0.4915581415672876	0.5255631194561929	0.9352980134449108
8	0.32693428648085887	0.304372139788017	1.0741268458688613
8	0.5447812552659668	0.3855622572178638	1.4129527594246225
8	0.36638875844409263	0.4762897854412076	0.7692559648422673
8	0.5784705035590529	0.49514330455477423	1.1682890553861076
8	0.6725956621543874	0.5698332120669184	1.1803377688617438
8	0.5273344163453153	0.5351317328427441	0.9854291644115224
8	0.572557261477046	0.5221027149874158	1.0966372038322887
8	0.4859702668242013	0.5654664234588541	0.8594148947900576
9	0.47420786019434846	0.5098782839941771	0.930041296286633
9	0.5978074618863815	0.440708818172339	1.3564681196204456
9	0.31177120026822114	0.32661306868164885	0.9545582530627574
9	0.5059834410248385	0.5177226035166942	0.977325381561253
9	0.45951911460568573	0.4891752485685649	0.9393752360740663
9	0.42700180864562065	0.4552046645621739	0.9380435700418857
9	0.5377380454496916	0.5915799755742867	0.9089862193656453
9	0.5242361794031243	0.4540962341948174	1.1544605304482998
9	0.6500852359366877	0.4935580188832201	1.3171404598139114
9	0.5316928226450126	0.5177674458700264	1.0268950411735267
9	0.6252841897798351	0.45869416807949337	1.3631832128972503
9	0.5767636698898546	0.5185014289433485	1.1123665966846774
9	0.44173730594984373	0.4371578690865279	1.010475476223006
9	0.44420239345130774	0.4151131850228182	1.0700753661363238
9	0.6687578693544266	0.5322563094720828	1.2564583217768381
9	0.5011297870616711	0.4295409947118668	1.1666634692174738
9	0.4276607010189374	0.48041330847690505	0.8901932845590524
9	0.5731420534458397	0.4787364000034259	1.197197567266116
9	0.6307981903352411	0.6032456304390662	1.045673865679095
9	0.695618401801936	0.5671022975301037	1.2266189095539863
9	0.4845003123928484	0.5888874525801918	0.8227383862061003
9	0.3637403453368261	0.5034978230758942	0.7224268480739748
9	0.5618906049485708	0.598512336193898	0.9388120694751011
9	0.3533616440174299	0.5324211598467732	0.6636882052530083
9	0.5298755541853772	0.45067687581450816	1.175732731411465
9	0.33837101841455053	0.5248310158274497	0.6447237457585734
9	0.5927004126840905	0.5701905686163808	1.0394777558708692
9	0.584065725857784	0.5361363087857932	1.0893978197084586
9	0.3639992587705182	0.5851671321841375	0.6220432398721545
9	0.5245058369101532	0.4832636080927462	1.08534106050355
9	0.5836989479586682	0.4645118458702336	1.2565857106725558
9	0.5828853858175409	0.5064499254857056	1.1509240232556668
9	0.48677117289607247	0.4988828603975282	0.9757223820200904
9	0.6373245880729426	0.5858489608374468	1.0878650141529884
9	0.3987355309996149	0.41182676766473625	0.9682117878365333
9	0.5641419085871697	0.5064676942652309	1.1138754060229072
9	0.5230266703349737	0.5048688878169739	1.0359653425991708
9	0.5223138822298679	0.48747347922456086	1.0714713815010586
9	0.5365494270502364	0.5490597280618136	0.977215045336254
9	0.5700940431159061	0.5463416260621198	1.043475393271765
9	0.3486401399201703	0.3065789307126614	1.1371953679587017
9	0.4915581415672876	0.5255631194561929	0.9352980134449108
9	0.32693428648085887	0.304372139788017	1.0741268458688613
9	0.5447812552659668	0.3855622572178638	1.4129527594246225
9	0.36638875844409263	0.4762897854412076	0.7692559648422673
9	0.5784705035590529	0.49514330455477423	1.1682890553861076
9	0.6725956621543874	0.5698332120669184	1.1803377688617438
9	0.5273344163453153	0.5351317328427441	0.9854291644115224
9	0.572557261477046	0.5221027149874158	1.0966372038322887
9	0.4859702668242013	0.5654664234588541	0.8594148947900576
10	0.5023618853308407	0.5152059752773255	0.9750699903284874
10	0.5782397395561651	0.4963026080556913	1.1650951056281362
10	0.44572541745376604	0.4780890790585074	0.9323062102391576
10	0.48635269837262607	0.552806255163173	0.8797887032393804
10	0.5393022209919713	0.5418636078252635	0.9952730045046351
10	0.5345878583342558	0.5293330485125521	1.009927227926671
10	0.5702575313467548	0.572313454685489	0.9964076970025736
10	0.5713135015057186	0.5121119791785187	1.1156026899081044
10	0.6696893100825443	0.5129980362133927	1.3054422489133515
10	0.5622455761211962	0.5637823667547396	0.9972741420729607
10	0.6518277371142074	0.5494416887740446	1.186345613068812
10	0.5869442709197091	0.5407789058450723	1.0853682800413498
10	0.5764678380488546	0.5479070289219014	1.05212710846793
10	0.5347604468508198	0.4704938495749726	1.1365939158054954
10	0.6457731170496421	0.5630564127231636	1.14690660199824
10	0.5587730409141725	0.5115189671565802	1.0923799053244636
10	0.529582891238795	0.5564289679386563	0.9517529132257166
10	0.5670147651605582	0.5182370989259207	1.0941222971796736
10	0.6072097051093992	0.5906565175416085	1.0280250654588343
10	0.6303963594010551	0.5780175117878367	1.0906180981458642
10	0.5655834360616189	0.6028613020009836	0.938165103954037
10	0.4354115182397141	0.5178769253564107	0.8407625382035651
10	0.5380718148847818	0.6150022783203156	0.8749102789575918
10	0.48510731936014995	0.5854872181862015	0.8285532190830374
10	0.578539318966901	0.5099678350317435	1.1344623704177133
10	0.3895119059825927	0.5371042808957349	0.7252072266730015
10	0.618865407974962	0.591159273404934	1.0468674616410014
10	0.6077418528405951	0.562907686818943	1.079647457427727
10	0.4300037891539433	0.6333831718184142	0.6788999270685107
10	0.5386043887709276	0.5287253028341242	1.018684723208533
10	0.5469651297418961	0.5003834241385956	1.0930920237485693
10	0.5547684339761928	0.5429022375103877	1.0218569673247626
10	0.5416003342647691	0.5583054054838064	0.9700789728077926
10	0.6180282688500935	0.588379097075283	1.0503912731131864
10	0.507466656336223	0.42792000926035384	1.1858913940793818
10	0.6034330357656692	0.5660267589539782	1.0660857039353016
10	0.5214979785413705	0.48957626156770356	1.0652027467006842
10	0.5771695844483208	0.5417676618621108	1.0653452117546662
10	0.5762714774720368	0.553128989214532	1.0418392250429112
10	0.5880343499083553	0.5802416469830946	1.0134300992798055
10	0.4410802923742536	0.4289441847766623	1.0282929761687065
10	0.5252858812048455	0.540063855732017	0.9726366162624585
10	0.38195143697265815	0.37829179344803004	1.0096741287757565
10	0.5290809189125357	0.44853001690623395	1.1795886539810803
10	0.46461384483803003	0.501314101893743	0.9267918917160406
10	0.6308211934046934	0.5744129386991748	1.0982015739987714
10	0.6787191133830979	0.6283356870723723	1.080185523991927
10	0.5416374844997031	0.5559953376826174	0.974176306508688
10	0.5951931459598123	0.5845532445967406	1.0182017659835447
10	0.5574774497380338	0.5975060440340842	0.9330072144110947
11	0.5023618853308407	0.5152059752773255	0.9750699903284874
11	0.5782768226128648	0.4964416383504289	1.1648435142031135
11	0.44572541745376604	0.4780890790585074	0.9323062102391576
11	0.48635269837262607	0.552806255163173	0.8797887032393804
11	0.5393022209919713	0.5418636078252635	0.9952730045046351
11	0.5345878583342558	0.5293330485125521	1.009927227926671
11	0.5702575313467548	0.572313454685489	0.9964076970025736
11	0.5713135015057186	0.5121119791785187	1.1156026899081044
11	0.6698111451273139	0.5130432930214587	1.3055645678215662
11	0.562403561841809	0.5638830484538818	0.9973762527245154
11	0.6518277371142074	0.5494416887740446	1.186345613068812
11	0.5870264876483512	0.5408686861237314	1.0853401254478625
11	0.5764678380488546	0.5479070289219014	1.05212710846793
11	0.5347604468508198	0.4704938495749726	1.1365939158054954
11	0.6457731170496421	0.5630564127231636	1.14690660199824
11	0.5589257838348316	0.511755035542834	1.0921744682823926
11	0.529582891238795	0.5564289679386563	0.9517529132257166
11	0.5670147651605582	0.5182370989259207	1.0941222971796736
11	0.6072097051093992	0.5906565175416085	1.0280250654588343
11	0.6303963594010551	0.5780175117878367	1.0906180981458642
11	0.5656789463978861	0.6029537961464926	0.9381795918910671
11	0.4354115182397141	0.5178769253564107	0.8407625382035651
11	0.5380718148847818	0.6150022783203156	0.8749102789575918
11	0.4853592393696697	0.5855996776587061	0.8288242939446123
11	0.5788038254527896	0.5102182346853331	1.134424028983902
11	0.3895119059825927	0.5371042808957349	0.7252072266730015
11	0.618865407974962	0.591159273404934	1.0468674616410014
11	0.6078059374483047	0.5629798060069789	1.0796229828548594
11	0.4300037891539433	0.6333831718184142	0.6788999270685107
11	0.5387245950078288	0.52880844701062	1.018751871406868
11	0.547209754899742	0.5007123321827461	1.09286254747172
11	0.5547684339761928	0.5429022375103877	1.0218569673247626
11	0.5417762384349056	0.5584030375632925	0.9702243755676163
11	0.6180282688500935	0.588379097075283	1.0503912731131864
11	0.507466656336223	0.42792000926035384	1.1858913940793818
11	0.6034598992789378	0.5660581350464646	1.066074068928279
11	0.5214979785413705	0.48957626156770356	1.0652027467006842
11	0.577245007748068	0.5418362377234491	1.065349579004517
11	0.5762714774720368	0.553128989214532	1.0418392250429112
11	0.5880343499083553	0.5802416469830946	1.0134300992798055
11	0.4413259782212261	0.4291358904553579	1.0284061250456895
11	0.5252858812048455	0.540063855732017	0.9726366162624585
11	0.38195143697265815	0.37829179344803004	1.0096741287757565
11	0.5291734944673838	0.44881179117959996	1.179054349433582
11	0.46470228277109143	0.501361461955892	0.9268807398123756
11	0.6308211934046934	0.5744129386991748	1.0982015739987714
11	0.6787191133830979	0.6283356870723723	1.080185523991927
11	0.5416374844997031	0.5559953376826174	0.974176306508688
11	0.595204071489123	0.5845969558732039	1.0181443223563753
11	0.5574774497380338	0.5975060440340842	0.9330072144110947
12	0.41830410724039696	0.4265629342486368	0.9806386670168912
12	0.5308062200783941	0.41887449529905285	1.267220196110122
12	0.4535640165062198	0.46931626685594613	0.9664357460796018
12	0.3374647964055207	0.4848916120826629	0.6959592370675834
12	0.4503850623249674	0.4745838702206634	0.9490104712483286
12	0.5082517787244185	0.48473730586386327	1.0485097238774503
12	0.5464897192966129	0.5184082345320813	1.0541686703527735
12	0.5076967883816058	0.44467033029624264	1.141737493579512
12	0.5983368412370235	0.47440140326451186	1.2612459346023666
12	0.5126831362262374	0.49678349592720333	1.0320051701181392
12	0.6045660471992225	0.5131796855957894	1.1780786811491488
12	0.49504880126107464	0.4465456424156051	1.1086185917817715
12	0.5495724992278792	0.49074744918651925	1.1198682746876636
12	0.4424500815674808	0.3903890176397468	1.1333568865294674
12	0.558846071747316	0.4921165652893227	1.135596952357745
12	0.4736736039094711	0.4572313070846957	1.0359605665010372
12	0.4334282270663513	0.49692668331868356	0.8722176562782601
12	0.5315565960318734	0.47424207664384266	1.120854985693465
12	0.5454837279857858	0.5341650620002273	1.0211894539548783
12	0.5146959503560781	0.49248600540570703	1.045097616392317
12	0.48087894561997113	0.5272752807544985	0.9120073767385093
12	0.4391860736562494	0.4927042322753319	0.8913787316745118
12	0.40883182675469687	0.5530172491805742	0.7392749997590091
12	0.4561307631384659	0.5170942312903505	0.8821037550549402
12	0.5129552158493763	0.44279990414037984	1.1584356975984242
12	0.2747141127796052	0.48217334627377634	0.5697413905239456
12	0.5164050686618047	0.5151961866820877	1.0023464497815917
12	0.5730069781996735	0.4925994264468194	1.1632311111948377
12	0.3160964320572798	0.5693972439099015	0.555142188407391
12	0.4812715251675942	0.45108326794311515	1.0669239126561574
12	0.5042881852019379	0.44465538817531436	1.1341101414993133
12	0.5017825241002629	0.48795485538478944	1.0283380082458025
12	0.46573132086690067	0.46497464856264986	1.0016273409885676
12	0.5663869126624979	0.5509820011120653	1.0279590104927934
12	0.4026676312938347	0.39657266283085363	1.0153691089533843
12	0.5660608932293387	0.5047307246735745	1.1215106700616024
12	0.4687436290392859	0.44494310878102644	1.0534911537869724
12	0.5494404985153869	0.4889293990507036	1.1237624482842934
12	0.5110290515901172	0.5048877976549315	1.012163601425327
12	0.5394529848263749	0.5209282732366565	1.0355609640356431
12	0.38366173899266703	0.34892608892938926	1.0995501659674038
12	0.5079636029015347	0.4940092275861574	1.0282471956719546
12	0.3599410787170476	0.3435808021121678	1.0476169695870805
12	0.5050796124047776	0.41714735757033244	1.2107942271206154
12	0.36652020247480716	0.4121042631176981	0.8893870684616723
12	0.5795626897498749	0.4914301521725292	1.1793388891335355
12	0.6300993005414057	0.5704330636430215	1.10459813903025
12	0.5351247243722026	0.4893183223086197	1.093612685189197
12	0.47164706670105994	0.5062104032776652	0.9317214021031356
12	0.542990067489522	0.5456877689366899	0.9950563278110035
13	0.41830410724039696	0.4265629342486368	0.9806386670168912
13	0.5308062200783941	0.41887449529905285	1.267220196110122
13	0.4535640165062198	0.46931626685594613	0.9664357460796018
13	0.3374647964055207	0.4848916120826629	0.6959592370675834
13	0.4503850623249674	0.4745838702206634	0.9490104712483286
13	0.5082517787244185	0.48473730586386327	1.0485097238774503
13	0.5464897192966129	0.5184082345320813	1.0541686703527735
13	0.5076967883816058	0.44467033029624264	1.141737493579512
13	0.5983368412370235	0.47440140326451186	1.2612459346023666
13	0.5126831362262374	0.49678349592720333	1.0320051701181392
13	0.6045660471992225	0.5131796855957894	1.1780786811491488
13	0.49564255407933333	0.4469782605894619	1.1088739605046884
13	0.5495724992278792	0.49074744918651925	1.1198682746876636
13	0.4424500815674808	0.3903890176397468	1.1333568865294674
13	0.5588840084723318	0.4921963278074157	1.1354900004272468
13	0.4736736039094711	0.4572313070846957	1.0359605665010372
13	0.4334282270663513	0.49692668331868356	0.8722176562782601
13	0.5315565960318734	0.47424207664384266	1.120854985693465
13	0.5454837279857858	0.5341650620002273	1.0211894539548783
13	0.5146959503560781	0.49248600540570703	1.045097616392317
13	0.48087894561997113	0.5272752807544985	0.9120073767385093
13	0.4391860736562494	0.4927042322753319	0.8913787316745118
13	0.40883182675469687	0.5530172491805742	0.7392749997590091
13	0.4561307631384659	0.5170942312903505	0.8821037550549402
13	0.5129552158493763	0.44279990414037984	1.1584356975984242
13	0.2747141127796052	0.48217334627377634	0.5697413905239456
13	0.5164050686618047	0.5151961866820877	1.0023464497815917
13	0.5730069781996735	0.4925994264468194	1.1632311111948377
13	0.3160964320572798	0.5693972439099015	0.555142188407391
13	0.4812715251675942	0.45108326794311515	1.0669239126561574
13	0.5042881852019379	0.44465538817531436	1.1341101414993133
13	0.5017825241002629	0.48795485538478944	1.0283380082458025
13	0.46596607369305365	0.4651571135915263	1.0017391115343401
13	0.5663869126624979	0.5509820011120653	1.0279590104927934
13	0.4026676312938347	0.39657266283085363	1.0153691089533843
13	0.5660608932293387	0.5047307246735745	1.1215106700616024
13	0.4687436290392859	0.44494310878102644	1.0534911537869724
13	0.5494404985153869	0.4889293990507036	1.1237624482842934
13	0.5110290515901172	0.5048877976549315	1.012163601425327
13	0.5394529848263749	0.5209282732366565	1.0355609640356431
13	0.3836736373217425	0.34892525093242865	1.099586906641053
13	0.5079636029015347	0.4940092275861574	1.0282471956719546
13	0.3599410787170476	0.3435808021121678	1.0476169695870805
13	0.5050796124047776	0.41714735757033244	1.2107942271206154
13	0.36652020247480716	0.4121042631176981	0.8893870684616723
13	0.5795626897498749	0.4914301521725292	1.1793388891335355
13	0.6300993005414057	0.5704330636430215	1.10459813903025
13	0.5351247243722026	0.4893183223086197	1.093612685189197
13	0.47164706670105994	0.5062104032776652	0.9317214021031356
13	0.542990067489522	0.5456877689366899	0.9950563278110035
14	0.25985808166056484	0.27695429899923174	0.9382706193749522
14	0.43103350956764286	0.2839033076012088	1.518240534813014
14	0.34648618316299507	0.3670753992740409	0.9439101172354104
14	0.30054170161883775	0.3840490652493684	0.7825606903214095
14	0.3067728669005295	0.3730470157060699	0.8223437100009965
14	0.40025017270759367	0.3792201644015458	1.0554559337297784
14	0.4532916749143566	0.4007566849848973	1.131089491199477
14	0.36001538833394287	0.3169216060627809	1.1359761576578191
14	0.5519390920920695	0.3547583655859619	1.555816988784521
14	0.43854917461496656	0.39095636397564126	1.12173432900632
14	0.5035935521418673	0.37890806264939086	1.3290652846515165
14	0.4801981331553572	0.3716607479287382	1.2920334897658599
14	0.43064533495597435	0.3880471233244268	1.1097758727512412
14	0.33958185582969314	0.27263382630250205	1.2455602462656583
14	0.4636680226572908	0.3775462362611246	1.228109243649303
14	0.32443874161144737	0.3145507119663295	1.0314354069755731
14	0.2515389748707536	0.3704078426891192	0.6790865253948432
14	0.4124599088106625	0.3294265341166606	1.252054300715792
14	0.395178111660802	0.40520164540321346	0.9752628503459381
14	0.39211597334818504	0.35085537110554116	1.117600030213681
14	0.35561908688929306	0.43417518702533453	0.8190681953193755
14	0.31451283804079655	0.37944206149410087	0.8288823774632751
14	0.2862198573379079	0.42794241567792113	0.6688279704279728
14	0.2824333665445404	0.4025453287410472	0.7016187901815811
14	0.3745160246272934	0.3027041905634077	1.237234357179615
14	0.15871152965699417	0.3934494765904222	0.4033847777162292
14	0.4249082069139237	0.4127919895257648	1.029351871391881
14	0.49790946428240956	0.3908021564415897	1.2740704115250407
14	0.13809240737401898	0.4557491541261722	0.30300090767867605
14	0.3573239521218711	0.36959442232470885	0.9668001748358165
14	0.3862966149905237	0.34501602751836	1.1196483182798427
14	0.2947082754954345	0.299153409023029	0.9851409564674146
14	0.37285524723172314	0.3610207850862707	1.032780556229261
14	0.4161122717963046	0.41448628823844735	1.0039228886551776
14	0.3037854188071346	0.2626770342705505	1.1564978249839821
14	0.511177241936088	0.4122284840276289	1.2400337719065218
14	0.35060679969428477	0.3361841296547271	1.0429011031971385
14	0.4440284473984944	0.34929157599185995	1.2712257549802526
14	0.426087135818251	0.41871649363257835	1.0176029420807586
14	0.47818267431204	0.43920022430984484	1.0887578098655386
14	0.24819984297350337	0.2561364652440463	0.9690140868346061
14	0.4340726870311191	0.3921639479891585	1.106865353780861
14	0.27513448544966335	0.2725601707528017	1.0094449408721438
14	0.4698538506106161	0.3025600708605074	1.5529274873393257
14	0.1828798155188993	0.27366886211134084	0.6682521866316511
14	0.450268803656534	0.38515774240127604	1.1690503762155249
14	0.5119796425348422	0.454874408738366	1.125540660673487
14	0.446570231581633	0.36654926258741183	1.218308907319486
14	0.38722276672516265	0.4221298483373119	0.9173072414811663
14	0.33144213329701433	0.3867752636078955	0.8569372565486072
15	0.25985808166056484	0.27695429899923174	0.9382706193749522
15	0.4310376264496064	0.2839046976221314	1.5182476023109153
15	0.34648618316299507	0.3670753992740409	0.9439101172354104
15	0.30054170161883775	0.3840490652493684	0.7825606903214095
15	0.3067728669005295	0.3730470157060699	0.8223437100009965
15	0.40006628763126195	0.3792439104585701	1.0549049743409566
15	0.45321646263240756	0.40071072587772266	1.1310315231509602
15	0.36001538833394287	0.3169216060627809	1.1359761576578191
15	0.5519390920920695	0.3547583655859619	1.555816988784521
15	0.43854917461496656	0.39095636397564126	1.12173432900632
15	0.5035935521418673	0.37890806264939086	1.3290652846515165
15	0.48035426873172843	0.371840063918938	1.2918303199206818
15	0.43064533495597435	0.3880471233244268	1.1097758727512412
15	0.33958185582969314	0.27263382630250205	1.2455602462656583
15	0.46421043712050114	0.3782218832911813	1.2273494941145962
15	0.32443874161144737	0.3145507119663295	1.0314354069755731
15	0.2515389748707536	0.3704078426891192	0.6790865253948432
15	0.4124599088106625	0.3294265341166606	1.252054300715792
15	0.395178111660802	0.40520164540321346	0.9752628503459381
15	0.39211597334818504	0.35085537110554116	1.117600030213681
15	0.35561908688929306	0.43417518702533453	0.8190681953193755
15	0.31457318926476396	0.37947230890083783	0.8289753478348455
15	0.2862198573379079	0.42794241567792113	0.6688279704279728
15	0.2824333665445404	0.4025453287410472	0.7016187901815811
15	0.3745307790462481	0.30273329618941014	1.2371641433584388
15	0.15871152965699417	0.3934494765904222	0.4033847777162292
15	0.4249082069139237	0.4127919895257648	1.029351871391881
15	0.49790946428240956	0.3908021564415897	1.2740704115250407
15	0.13813802923405794	0.455774265975796	0.30308431069119157
15	0.3573239521218711	0.36959442232470885	0.9668001748358165
15	0.3862966149905237	0.34501602751836	1.1196483182798427
15	0.2947082754954345	0.299153409023029	0.9851409564674146
15	0.3725427504761615	0.3609181266892056	1.032208478675182
15	0.4161122717963046	0.41448628823844735	1.0039228886551776
15	0.3037854188071346	0.2626770342705505	1.1564978249839821
15	0.511177241936088	0.4122284840276289	1.2400337719065218
15	0.35060679969428477	0.3361841296547271	1.0429011031971385
15	0.4440947347574133	0.3493846514359315	1.2710768287394252
15	0.4263777715025991	0.41881866256157163	1.0180486439997554
15	0.47818267431204	0.43920022430984484	1.0887578098655386
15	0.24864793248129322	0.25634145646336676	0.9699872034425575
15	0.4340726870311191	0.3921639479891585	1.106865353780861
15	0.27513448544966335	0.2725601707528017	1.0094449408721438
15	0.46985398575322984	0.3025613239020258	1.5529215026352017
15	0.1828798155188993	0.27366886211134084	0.6682521866316511
15	0.450268803656534	0.38515774240127604	1.1690503762155249
15	0.5119796425348422	0.454874408738366	1.125540660673487
15	0.4466186009968881	0.3666131121826933	1.2182286616478841
15	0.38722276672516265	0.4221298483373119	0.9173072414811663
15	0.33144213329701433	0.3867752636078955	0.8569372565486072
16	0.25985808166056484	0.27695429899923174	0.9382706193749522
16	0.4310376264496064	0.2839046976221314	1.5182476023109153
16	0.34648618316299507	0.3670753992740409	0.9439101172354104
16	0.30054170161883775	0.3840490652493684	0.7825606903214095
16	0.3067728669005295	0.3730470157060699	0.8223437100009965
16	0.40006628763126195	0.3792439104585701	1.0549049743409566
16	0.45321646263240756	0.40071072587772266	1.1310315231509602
16	0.36001538833394287	0.3169216060627809	1.1359761576578191
16	0.5519390920920695	0.3547583655859619	1.555816988784521
16	0.43854917461496656	0.39095636397564126	1.12173432900632
16	0.5035935521418673	0.37890806264939086	1.3290652846515165
16	0.48035426873172843	0.371840063918938	1.2918303199206818
16	0.43064533495597435	0.3880471233244268	1.1097758727512412
16	0.33958185582969314	0.27263382630250205	1.2455602462656583
16	0.46421043712050114	0.3782218832911813	1.2273494941145962
16	0.32443874161144737	0.3145507119663295	1.0314354069755731
16	0.2515389748707536	0.3704078426891192	0.6790865253948432
16	0.4124599088106625	0.3294265341166606	1.252054300715792
16	0.395178111660802	0.40520164540321346	0.9752628503459381
16	0.39211597334818504	0.35085537110554116	1.117600030213681
16	0.35561908688929306	0.43417518702533453	0.8190681953193755
16	0.31457318926476396	0.37947230890083783	0.8289753478348455
16	0.2862198573379079	0.42794241567792113	0.6688279704279728
16	0.2824333665445404	0.4025453287410472	0.7016187901815811
16	0.3745307790462481	0.30273329618941014	1.2371641433584388
16	0.15871152965699417	0.3934494765904222	0.4033847777162292
16	0.4249082069139237	0.4127919895257648	1.029351871391881
16	0.49790946428240956	0.3908021564415897	1.2740704115250407
16	0.13813802923405794	0.455774265975796	0.30308431069119157
16	0.3573239521218711	0.36959442232470885	0.9668001748358165
16	0.3862966149905237	0.34501602751836	1.1196483182798427
16	0.2947082754954345	0.299153409023029	0.9851409564674146
16	0.3725427504761615	0.3609181266892056	1.032208478675182
16	0.4161122717963046	0.41448628823844735	1.0039228886551776
16	0.3037854188071346	0.2626770342705505	1.1564978249839821
16	0.511177241936088	0.4122284840276289	1.2400337719065218
16	0.35060679969428477	0.3361841296547271	1.0429011031971385
16	0.4440947347574133	0.3493846514359315	1.2710768287394252
16	0.4263777715025991	0.41881866256157163	1.0180486439997554
16	0.47818267431204	0.43920022430984484	1.0887578098655386
16	0.24864793248129322	0.25634145646336676	0.9699872034425575
16	0.4340726870311191	0.3921639479891585	1.106865353780861
16	0.27513448544966335	0.2725601707528017	1.0094449408721438
16	0.46985398575322984	0.3025613239020258	1.5529215026352017
16	0.1828798155188993	0.27366886211134084	0.6682521866316511
16	0.450268803656534	0.38515774240127604	1.1690503762155249
16	0.5119796425348422	0.454874408738366	1.125540660673487
16	0.4466186009968881	0.3666131121826933	1.2182286616478841
16	0.38722276672516265	0.4221298483373119	0.9173072414811663
16	0.33144213329701433	0.3867752636078955	0.8569372565486072
17	0.19039837326818268	0.19066083778565182	0.9986233957611986
17	0.3439017341302092	0.24692407233691038	1.3927428414552456
17	0.3066183645629217	0.3240862521087225	0.9461011152674851
17	0.28164739017742135	0.37277717857384907	0.755538177672069
17	0.29692292525115666	0.3254181540572013	0.9124350364268988
17	0.3533184320936686	0.33955554864834875	1.040532052855873
17	0.42860927798436793	0.3939683649566974	1.087928158981694
17	0.34711335344858424	0.3050209535744722	1.1379983879167666
17	0.49575134100303875	0.3204853951347648	1.5468765457925913
17	0.4588470730475567	0.3868790900851114	1.186021898848585
17	0.4398784943861441	0.320200344360434	1.3737602164818232
17	0.4308121310720221	0.34037080243345036	1.2657141211642409
17	0.39508863334367395	0.34937011232347454	1.130859851508619
17	0.3193320811155437	0.28593058833341845	1.1168167875175927
17	0.4306370026031939	0.36712426255519787	1.1730006608823538
17	0.31688971579930586	0.29619626759815804	1.0698639735367026
17	0.23982440545609196	0.33015592389408405	0.726397402255999
17	0.38525630615081147	0.3168590543323182	1.2158601778403308
17	0.31281409259846976	0.3660027733976752	0.8546768367205404
17	0.41535261489974357	0.3271064330606629	1.2697781911941644
17	0.3780759148421355	0.4309363340247764	0.877335896258862
17	0.32801273934563324	0.34884166887618423	0.940291165336834
17	0.2496104800609815	0.4363955543075925	0.5719821790050685
17	0.3180834929183761	0.3814199825548693	0.8339455389509335
17	0.33420837004921655	0.2792584145879294	1.1967709927107146
17	0.16883688059977608	0.35590153031477834	0.474392117534442
17	0.3522828968635506	0.39895849857073756	0.8830063731581065
17	0.48299286995590185	0.37171135985561066	1.2993761345994859
17	0.12378798665498997	0.44650965221981076	0.27723473846440116
17	0.3704813984074342	0.3669106901835467	1.0097318184490651
17	0.3534087955657779	0.3324365539096973	1.0630864488559748
17	0.36408983330228983	0.34584615547398856	1.0527508475648601
17	0.3938972188664409	0.39153602492717104	1.0060305917947374
17	0.3734614524958852	0.3788000068755803	0.9859066676800547
17	0.30654107258614016	0.253142470873929	1.2109428794301567
17	0.49483648768810806	0.4012296792230507	1.2332998113357903
17	0.34015026582815727	0.3183109969754133	1.0686098471628702
17	0.36245965446221295	0.30757792395826583	1.178431955706268
17	0.37011866119118714	0.367202889383554	1.0079404925503936
17	0.40557564253173733	0.38153477728861046	1.0630109407430015
17	0.21467757811821378	0.2121870086736422	1.0117376151355346
17	0.3745843962759402	0.3387865676240855	1.105664840559959
17	0.23350617275460145	0.21921255310901083	1.0652043847073056
17	0.4185450221392266	0.2789042807446265	1.5006762213250489
17	0.23878117159363776	0.2506299016706485	0.9527241961233296
17	0.4100174277649997	0.33115213823131506	1.2381542512601746
17	0.48224294686473335	0.4060660934079225	1.187597178620589
17	0.39539670405788313	0.30794647869994196	1.2839786502093802
17	0.2800994100309353	0.3307965183939924	0.8467423157619974
17	0.35776809944775306	0.38522253030556325	0.9287309835277989
18	0.1903930465252825	0.1905794569292232	0.9990218756683207
18	0.34368025147676917	0.24691549512089475	1.391894224007677
18	0.3063423973762407	0.3239195794185977	0.9457359691751074
18	0.28103165114719864	0.37238812959513506	0.7546740317763074
18	0.29692602110556154	0.32541784946089775	0.9124454039551393
18	0.35295861739664164	0.3392733607909795	1.040336961834423
18	0.428266131067091	0.39370561917732144	1.0877826228693064
18	0.3468155747014491	0.30483988342729046	1.1376975046776336
18	0.49548518911870165	0.32032330733017206	1.5468284004946982
18	0.4587988067225836	0.3867245946218311	1.1863709034881327
18	0.4398970400773706	0.3201749146155472	1.373927250376816
18	0.4306967458958519	0.34002399473582146	1.2666657428999322
18	0.39509926185639427	0.34936766584967593	1.1308981925831554
18	0.31925869321220957	0.2858548036426943	1.1168561421527436
18	0.4302077685321424	0.3669387350731379	1.1724239700297483
18	0.3170327792987797	0.2960866239792937	1.0707433353049776
18	0.2400961374068753	0.32997304724447163	0.7276234814081406
18	0.38475933780884597	0.31678060081660986	1.214592487093584
18	0.31270110570938603	0.3659576713251411	0.8544734274242378
18	0.41493163315088033	0.3269618037385503	1.2690523125529172
18	0.3778651268290944	0.4309437785535761	0.8768316092121451
18	0.32796569416977694	0.3488204094093488	0.94021360368539
18	0.24960535964608832	0.4363562657246544	0.5720219445722181
18	0.3179901624571345	0.3812731812917816	0.8340218459104846
18	0.33430312188939604	0.27912097107853573	1.1976997665121114
18	0.16854035092590247	0.35576615330708755	0.4737391383615492
18	0.3522863928762576	0.39884458272765955	0.8832673380367988
18	0.48268788972723664	0.37159684750886895	1.298955825279751
18	0.12374644615855607	0.44644363755409566	0.2771826850003248
18	0.37039956072552205	0.3667801470154293	1.009868074211608
18	0.35300306736456666	0.3323044708876454	1.062288046927661
18	0.36376378712311774	0.3455791446525205	1.0526207751595713
18	0.3930032184825458	0.3907953768213969	1.005649610492086
18	0.373692421327665	0.378937381207181	0.986158768863586
18	0.3063270933853246	0.2530921809794466	1.2103380365203822
18	0.494670072893991	0.40098888958053197	1.2336253840136504
18	0.3396436528443996	0.31796122732490817	1.0681920424760951
18	0.3621493482379783	0.3074136708272843	1.1780521902731071
18	0.3697924376961782	0.36681692566703133	1.008111708650674
18	0.4057617075359052	0.38141989385365305	1.0638189409480352
18	0.21373075262394486	0.21136946096897408	1.0111713946004592
18	0.37406327864847133	0.3384695653242844	1.1051607499483298
18	0.23345620845408255	0.21914856301033558	1.06528742533015
18	0.41800694519560877	0.2786867525026609	1.4999168114086
18	0.23862274225427546	0.2502443859981624	0.9535588233177296
18	0.4099230940259103	0.33115673289054764	1.2378522110900163
18	0.4822455094375924	0.4060495752615875	1.1876518012041202
18	0.39523386022178464	0.30784504308813937	1.283872744082564
18	0.27960918055226414	0.3304287563293959	0.8462011105157233
18	0.3574921589428862	0.3851036314102338	0.9283011890429714
19	0.07305908589460106	0.08931102252809082	0.8180298895539116
19	0.27675079658902907	0.17139782920564614	1.6146692048064306
19	0.23402186769604771	0.2517727418511257	0.9294964418126958
19	0.21122313191418002	0.3120926197694643	0.6767963051167495
19	0.1733324497165273	0.21809967231855573	0.7947396154880896
19	0.266210376004976	0.23324011757553578	1.1413575793570874
19	0.36958002257596084	0.31908350310552314	1.1582548736583795
19	0.21201802537463066	0.19671337691744678	1.077801767714082
19	0.46362135473910615	0.22833624573090167	2.0304325896883326
19	0.3309275521103528	0.2785550824924866	1.1880147694640568
19	0.34641587753768477	0.23434105584032167	1.4782551708469305
19	0.38023849667658643	0.2646116532706335	1.4369680699122298
19	0.2935042510373933	0.25133605859364616	1.1677761347882185
19	0.23163857697021914	0.17070311653095746	1.356967474745611
19	0.3318285894558131	0.2721730990758487	1.2191821696652678
19	0.2730309968111004	0.21474091206690546	1.2714437793112934
19	0.180206093850098	0.2614644971791317	0.6892182143055435
19	0.30527393683253085	0.2302169811930337	1.3260270169929949
19	0.15791188719039534	0.28497412512673564	0.5541271058211608
19	0.3038979729983897	0.1803285988678368	1.6852455733941412
19	0.2583722960438531	0.3300841000180337	0.7827468697514884
19	0.2944509051121743	0.26534797153871764	1.1096783721567292
19	0.09658969768708492	0.32532642132946255	0.29690087049298464
19	0.2809707489727323	0.31463114756705707	0.8930163181407499
19	0.23064135629817456	0.2146859083084003	1.074319959402524
19	0.10807990016796776	0.2927485288281008	0.3691902418796825
19	0.23415936268291343	0.27093757375763394	0.8642557746249684
19	0.4137574750637546	0.27649274955786723	1.4964496382830437
19	-0.007548503968820328	0.3524886138327692	-0.02141488738243771
19	0.3335371102962413	0.31780530153173814	1.0495014044406432
19	0.308856822741262	0.26852717725172437	1.150188319492636
19	0.2881504331696262	0.2432024828936007	1.184816987644365
19	0.3009611198980855	0.3220542586742087	0.9345043941882442
19	0.28189121262793004	0.27688862210103965	1.018067158155256
19	0.13954332110769258	0.14408587804827167	0.9684732674561123
19	0.4435571031738357	0.3235201281419832	1.371034024130863
19	0.24449603760274286	0.2084572592851109	1.1728832972342835
19	0.2535810331378886	0.19922044011110734	1.272866544198295
19	0.2794229094832382	0.2811283753192093	0.9939334980539243
19	0.3153314452599406	0.2862876953689265	1.1014495221444522
19	0.1958291635129627	0.18912302511039938	1.035459132480821
19	0.3546631315001368	0.2649530821137351	1.3385884348682244
19	0.17325248235012952	0.13370353721843317	1.295795802822215
19	0.3306407876634044	0.20135984978161228	1.6420393043697916
19	0.19189895946668928	0.1974783833402976	0.9717466601699195
19	0.307690350152529	0.21804060488948865	1.411160780389865
19	0.40639929312349254	0.3124185005554707	1.3008169887536327
19	0.3131168958213448	0.1909362788807101	1.639902577220375
19	0.20594383473962818	0.25150534608882485	0.8188447599316414
19	0.2522929893800353	0.2858748957712259	0.8825293620113296
20	0.07257596363583732	0.0887665996682477	0.8176044132261399
20	0.27643978135940983	0.17120329768199388	1.6146872466959734
20	0.23347092244536505	0.2512767690154269	0.9291385087454357
20	0.2087243648949832	0.3098645081718021	0.6735988129988011
20	0.1729823180366617	0.21761442469432668	0.7949028116111433
20	0.2655835268836059	0.23262384834647376	1.1416865844642097
20	0.36780156194962943	0.31757981777582156	1.1581389665298543
20	0.21057239641290768	0.1962265148449683	1.0731087823644707
20	0.46327840363764816	0.22795252285387077	2.0323460246791534
20	0.33042641035388143	0.2774902258038464	1.1907677446896987
20	0.3460621375128844	0.23392066521765928	1.4793995955461197
20	0.3797301621091139	0.2640470143847234	1.4381157196340693
20	0.2929273270464086	0.25074236990441534	1.1682402425967118
20	0.23146370996920382	0.17048467902912548	1.3576804161367528
20	0.3303180324572075	0.27080577871251194	1.219759910691839
20	0.2741353735202216	0.2151103224009144	1.2743943222273573
20	0.1796745920025628	0.26078676511781174	0.6889712824245275
20	0.3051351440726397	0.23017260678019946	1.3256796642357394
20	0.15757793659434816	0.2842896448381935	0.5542865857250457
20	0.3039225359744975	0.18029571017381615	1.6856892251152147
20	0.25692840272205103	0.32985686179769114	0.7789087706765099
20	0.29371203859549655	0.2643658373980226	1.1110060266723913
20	0.09646173714705603	0.32507152404090983	0.29674004030853357
20	0.27778910483086233	0.3133251250013711	0.8865841985370523
20	0.2303386692929144	0.2141282151210652	1.0757044285951949
20	0.10770455103147851	0.29188422285434773	0.3689975085951248
20	0.23417302970384438	0.2708661266777968	0.8645341984101248
20	0.41329366855864436	0.27609178518680794	1.496943012190687
20	-0.007727537959661733	0.3520244335297971	-0.021951709096373378
20	0.3334019941441043	0.3171141001480671	1.0513628816518472
20	0.30829316404708157	0.26797375996279277	1.1504602692811676
20	0.2878256465422709	0.24303441201464313	1.1842999687012596
20	0.30075090423750117	0.32029612095429305	0.9389776664838816
20	0.2819038471334403	0.27670074764333535	1.0188040673341863
20	0.13952626773397764	0.14395650693769485	0.969225154889076
20	0.44234469697638695	0.32220205748260927	1.3728798022969246
20	0.2436732264337185	0.20811464747671246	1.170860529944126
20	0.2532406506680813	0.19875945423985797	1.2741061884909224
20	0.2768297511882128	0.27905629257087655	0.9920211747882437
20	0.3148147785429196	0.28533547399774883	1.1033145445679964
20	0.19149791091682078	0.18550070530695217	1.0323298264550795
20	0.35186828011077725	0.26352686401654335	1.3352273644810957
20	0.17207206567279618	0.1331705605148772	1.2921179050948959
20	0.3313877309086091	0.20205864091943007	1.6400572101281647
20	0.19169958797506945	0.19697984881295685	0.9731939034895833
20	0.3065836306167967	0.21737916924264608	1.4103634294166318
20	0.4062067818891325	0.31220059386845816	1.301108293407932
20	0.3131881020564121	0.19104032243233277	1.6393821894189096
20	0.20329865322952528	0.24790632683675512	0.8200623833348
20	0.2514159129341076	0.2856239910677177	0.8802338766931528
21	0.008690020950927276	-0.01379155635805349	-0.6300971931897152
21	0.16704431335873476	0.04888970622045141	3.4167583786555302
21	0.09296951662993053	0.1547278850805434	0.6008581877890684
21	0.1451046750782523	0.22844447211425706	0.635185757551086
21	0.10722900653874659	0.11395284585843982	0.9409945467439571
21	0.14938867844705994	0.12600450621981324	1.1855820313795231
21	0.25569703093858676	0.22951955495802115	1.114053358047655
21	0.1339319152556141	0.11246096280028686	1.1909191591526413
21	0.34603916824046493	0.11221128780775665	3.083817813706126
21	0.2382675837801461	0.20066197897985313	1.1874077241312797
21	0.21763740905720433	0.12646701498827917	1.720902553739999
21	0.293686444038626	0.19684105302801658	1.4919979319396615
21	0.20701249372470115	0.15542115772722823	1.3319453847333853
21	0.08401743428450033	0.059641387150691255	1.408710264773353
21	0.23764559043941802	0.17143424338427674	1.3862200791864312
21	0.21280646712998916	0.11871193935167387	1.792629016863825
21	0.10872293853115483	0.17515211717253837	0.6207343667108194
21	0.2185092572310478	0.1387445239301427	1.5749036505474359
21	0.040881127103522756	0.1788047802792499	0.22863553781770435
21	0.2601745690361577	0.029624166946714197	8.782510897408216
21	0.1596897505795559	0.2119454737370878	0.7534473266348042
21	0.21888003960352204	0.18461086462154705	1.1856292426354587
21	-0.005489034719189057	0.21762961843690584	-0.025221910319988966
21	0.23355688833779778	0.23443046524504388	0.9962736203831999
21	0.1491283198026161	0.14931049739372257	0.9987798741931313
21	0.037445407946605135	0.17569247219459463	0.21313040609463962
21	0.13991977383199478	0.16162359858191092	0.8657137637056347
21	0.3383299238221351	0.1911029835007609	1.7704062889253007
21	-0.08018781269656902	0.2319578509111032	-0.3456999294552899
21	0.25641173085439506	0.22876403269485163	1.1208568402727133
21	0.21437212244923848	0.16325937942056096	1.3130769160711409
21	0.17906484713979898	0.1284527629142282	1.3940132004740606
21	0.21170170718101838	0.23940668844068966	0.8842764943614561
21	0.16513456514418295	0.16671275878764955	0.9905334561377104
21	0.09164855596676827	0.06140362354348063	1.492559407375541
21	0.33997719853762076	0.22154989101523304	1.534540129898981
21	0.134538725740022	0.08849096334403792	1.5203668335822966
21	0.15035790943343377	0.10584107818715496	1.4206006969010776
21	0.23157807466346675	0.2129866178999717	1.087289318675535
21	0.18815462607798336	0.19012959587367317	0.9896125072658228
21	0.15491878290440797	0.1559480482468157	0.9933999472646253
21	0.27482236227895485	0.1737992899809246	1.5812628596418208
21	0.08905868915730389	0.04648136900477523	1.9160083075039056
21	0.27561106758222087	0.1153552967913339	2.389236344134015
21	0.14958797701168788	0.14073375438482658	1.0629147049019247
21	0.19232096772595936	0.09405893667931453	2.04468575252621
21	0.2935645101786164	0.2341183985635372	1.2539147370724313
21	0.19306009349273123	0.07901272225892107	2.443405162779763
21	0.15528176199999671	0.17273283563878625	0.8989707221892501
21	0.14655060360123	0.20487617036248507	0.7153130759030673
22	0.007737502391923867	-0.015549792123216678	-0.49759523025207253
22	0.16673529253439467	0.04854679706272613	3.4345271495246137
22	0.0885235102141313	0.15240047170661009	0.5808611300400047
22	0.13876624264446444	0.22459575894706094	0.6178489001529757
22	0.10505221794792843	0.11231330062033591	0.9353497525911659
22	0.14520768390337743	0.12279663437172779	1.182505405350177
22	0.24960164567442952	0.22511480344400228	1.1087749088723007
22	0.13050668022206624	0.11055767866322593	1.1804397650172065
22	0.34001212383441404	0.10817314345422097	3.143221256007113
22	0.23686005346249794	0.19837215588454263	1.1940186484657465
22	0.216712158677951	0.12479302140168248	1.7365727365507093
22	0.2883694475441695	0.19228399638112248	1.49970591922064
22	0.2060370320087332	0.15340471250321794	1.3430945415344473
22	0.08276868088200362	0.05905201079508887	1.4016234124391098
22	0.23533131084983516	0.16884844870756865	1.3937428069440498
22	0.20967637335267697	0.11546168749609506	1.815982235317393
22	0.10548042107418473	0.17236750746041052	0.6119507245204642
22	0.21543492167121991	0.13669156564581825	1.576065945644618
22	0.03892805216831575	0.17609895226414443	0.22105782952032874
22	0.26027208130668733	0.029627835477787533	8.784714681631653
22	0.1569347950481434	0.21060415990693704	0.7451647446920832
22	0.2149217931040775	0.1820872190451668	1.1803233320333486
22	-0.0055182403705363306	0.2170829200425078	-0.02541996564932784
22	0.22869292731296081	0.23180272391988513	0.9865842965331196
22	0.14767965840781244	0.14713167369931324	1.0037244509949577
22	0.035514225340376335	0.17397450979080545	0.2041346481336846
22	0.13963567950749475	0.16104858890111515	0.8670406891502287
22	0.33526917520258803	0.1887676340094103	1.7760945988541366
22	-0.08127536278166275	0.23063126518264704	-0.35240392371475404
22	0.2544007704616579	0.22527555845415875	1.1292870483036703
22	0.21314406934764052	0.16168714723568936	1.3182499227161393
22	0.17771955587877483	0.12734710201775273	1.3955524159002846
22	0.20885647492248316	0.23530897768924533	0.8875839628962394
22	0.16365990491953086	0.16593575097532587	0.9862847756290118
22	0.09174194664563147	0.05947860039571747	1.5424362045384814
22	0.3369021908812574	0.21772368036440373	1.547384236374219
22	0.1327604611893386	0.08788591219990445	1.510600025261875
22	0.14916422336345644	0.10442888017099772	1.4283809528475893
22	0.22704493379422006	0.2097384632462157	1.0825145291909952
22	0.18809916583590047	0.1883107890072222	0.9988762026199486
22	0.15148251832547355	0.15012640999549984	1.00903310969745
22	0.2650763653624514	0.16939553684809275	1.564836773711231
22	0.08166998337973948	0.044123201396916924	1.8509532580164527
22	0.27320519782438435	0.11334417376973516	2.41040354115965
22	0.14641746047108775	0.13767653186056655	1.063488878550294
22	0.1918735541837076	0.0936868571633394	2.0480306415785035
22	0.29301304366926684	0.23268377183611202	1.2592758031945905
22	0.19072916779910715	0.07788249114497281	2.4489351200140494
22	0.14655382441451442	0.16358117212539428	0.8959088782061824
22	0.14618565937072062	0.2038029397890509	0.7172892575643518
23	0.007737502391923867	-0.015549792123216678	-0.49759523025207253
23	0.16673529253439467	0.04854679706272613	3.4345271495246137
23	0.0885235102141313	0.15240047170661009	0.5808611300400047
23	0.13876624264446444	0.22459575894706094	0.6178489001529757
23	0.10505221794792843	0.11231330062033591	0.9353497525911659
23	0.14520768390337743	0.12279663437172779	1.182505405350177
23	0.24960164567442952	0.22511480344400228	1.1087749088723007
23	0.13050668022206624	0.11055767866322593	1.1804397650172065
23	0.34001212383441404	0.10817314345422097	3.143221256007113
23	0.23686005346249794	0.19837215588454263	1.1940186484657465
23	0.216712158677951	0.12479302140168248	1.7365727365507093
23	0.2883694475441695	0.19228399638112248	1.49970591922064
23	0.2060370320087332	0.15340471250321794	1.3430945415344473
23	0.08276868088200362	0.05905201079508887	1.4016234124391098
23	0.23533131084983516	0.16884844870756865	1.3937428069440498
23	0.20967637335267697	0.11546168749609506	1.815982235317393
23	0.10548042107418473	0.17236750746041052	0.6119507245204642
23	0.21543492167121991	0.13669156564581825	1.576065945644618
23	0.03892805216831575	0.17609895226414443	0.22105782952032874
23	0.26027208130668733	0.029627835477787533	8.784714681631653
23	0.1569347950481434	0.21060415990693704	0.7451647446920832
23	0.2149217931040775	0.1820872190451668	1.1803233320333486
23	-0.0055182403705363306	0.2170829200425078	-0.02541996564932784
23	0.22869292731296081	0.23180272391988513	0.9865842965331196
23	0.14767965840781244	0.14713167369931324	1.0037244509949577
23	0.035514225340376335	0.17397450979080545	0.2041346481336846
23	0.13963567950749475	0.16104858890111515	0.8670406891502287
23	0.33526917520258803	0.1887676340094103	1.7760945988541366
23	-0.08127536278166275	0.23063126518264704	-0.35240392371475404
23	0.2544007704616579	0.22527555845415875	1.1292870483036703
23	0.21314406934764052	0.16168714723568936	1.3182499227161393
23	0.17771955587877483	0.12734710201775273	1.3955524159002846
23	0.20885647492248316	0.23530897768924533	0.8875839628962394
23	0.16365990491953086	0.16593575097532587	0.9862847756290118
23	0.09174194664563147	0.05947860039571747	1.5424362045384814
23	0.3369021908812574	0.21772368036440373	1.547384236374219
23	0.1327604611893386	0.08788591219990445	1.510600025261875
23	0.14916422336345644	0.10442888017099772	1.4283809528475893
23	0.22704493379422006	0.2097384632462157	1.0825145291909952
23	0.18809916583590047	0.1883107890072222	0.9988762026199486
23	0.15148251832547355	0.15012640999549984	1.00903310969745
23	0.2650763653624514	0.16939553684809275	1.564836773711231
23	0.08166998337973948	0.044123201396916924	1.8509532580164527
23	0.27320519782438435	0.11334417376973516	2.41040354115965
23	0.14641746047108775	0.13767653186056655	1.063488878550294
23	0.1918735541837076	0.0936868571633394	2.0480306415785035
23	0.29301304366926684	0.23268377183611202	1.2592758031945905
23	0.19072916779910715	0.07788249114497281	2.4489351200140494
23	0.14655382441451442	0.16358117212539428	0.8959088782061824
23	0.14618565937072062	0.2038029397890509	0.7172892575643518
24	0.06797676574353137	0.032245979094996984	2.108069522195965
24	0.13157088343936013	0.064225359046651	2.048581516590538
24	0.11523420212100507	0.19287516547253228	0.5974548451517249
24	0.20217215455885737	0.26865429021524195	0.7525364824692728
24	0.09979044313297686	0.13799030196547735	0.7231699743503902
24	0.14159673514180623	0.1219984604429112	1.1606436231059325
24	0.2984773137540614	0.24574313279971338	1.2145906595783804
24	0.10858445825026737	0.11129827810115156	0.9756166950901273
24	0.3412489715650592	0.1153046342659537	2.959542552105563
24	0.259615645050242	0.24092631070443274	1.077572824201576
24	0.20764448956806664	0.14484275375636751	1.4335856242924976
24	0.36509151250679445	0.2522803320868039	1.4471659740053568
24	0.22400893686951912	0.1818391886236946	1.2319068214338125
24	0.20284647332162414	0.09675482378907484	2.0964998475303798
24	0.25354699547952525	0.1788497449575425	1.4176536597226643
24	0.19499252311615228	0.13187959860563098	1.4785647300857536
24	0.13450391972129547	0.20097632454596426	0.6692525600971162
24	0.26715374557412797	0.15843858177884387	1.6861659740620116
24	0.03209041213527005	0.19512422764791268	0.1644614434716679
24	0.3249037579625769	0.017998138394924815	18.05207576658009
24	0.2030776512455455	0.25571521297643407	0.7941555329532174
24	0.2551460975181097	0.2214510683673957	1.1521556405174467
24	0.031159537258538712	0.25860269955942455	0.12049192568996571
24	0.279772045509759	0.28583134768005136	0.9788011279397005
24	0.17813363867464138	0.1818204421533043	0.9797228329499147
24	0.046668971597226924	0.21678612226693755	0.2152765643354307
24	0.13400913348114168	0.1823336101426284	0.7349667095184182
24	0.35038849748466216	0.2122422320790881	1.6508896182080126
24	-0.059488571330113676	0.2818628792081834	-0.2110550048208921
24	0.3324599215515237	0.2981844975557317	1.1149470353983975
24	0.25767956152805516	0.21547305405007944	1.195878355481824
24	0.22369710081939537	0.1693328836481982	1.321049379186992
24	0.2041062415612587	0.23835588751947287	0.8563087897066688
24	0.207939539021742	0.2206758995499597	0.9422847689566832
24	0.1377831881165294	0.0639013829806633	2.156184759854461
24	0.3919604035337015	0.25984866912020615	1.5084179759734708
24	0.1719101983641761	0.12572800431926545	1.3673182780157602
24	0.15716655781806851	0.12390950699547161	1.2683978947944028
24	0.23088465401644648	0.22729489701802547	1.015793390197125
24	0.2758844745205002	0.22845517586399647	1.2076087726055253
24	0.19759108435347023	0.1798081860991611	1.0988992694943387
24	0.27198924152289794	0.18787996689501807	1.4476755878655105
24	0.04112776259316031	0.04089857430361266	1.0056038209998779
24	0.3216390445211226	0.1425262812906238	2.256699898492909
24	0.14850262348381923	0.12913492774636504	1.1499803041319265
24	0.19439954948577426	0.12400978627017607	1.5676145837574649
24	0.33128551569184356	0.2684996854509999	1.2338394927181464
24	0.21130184396697094	0.09603583269102313	2.200239619380342
24	0.21695323347803605	0.21254441000389304	1.0207430695263275
24	0.15271441775325195	0.22490290040682764	0.6790237808272206
25	0.06642447933924542	0.028055412370958863	2.3676172875649377
25	0.1292364088561441	0.06149654738394987	2.101523001759182
25	0.11207658020479369	0.18752098170214357	0.5976748798319272
25	0.19910705731022757	0.2648852695401013	0.7516728191640137
25	0.09636750830449123	0.13395680777939864	0.7193923914877859
25	0.13849545375147992	0.11950785126234946	1.1588816323661275
25	0.29485455848950426	0.2429080192794019	1.2138527141434203
25	0.10572149782651505	0.1080520509474773	0.9784311995882882
25	0.33762465657344537	0.11147852178935422	3.0286072254475056
25	0.257414505413511	0.23772590968619084	1.082820571612535
25	0.2052089157938047	0.141221542354473	1.4530992394823181
25	0.35756708263022097	0.24513914736328246	1.4586290540544575
25	0.21818292195344824	0.17719717844742022	1.2313002039035839
25	0.19709810878515202	0.09338579919391858	2.110579022575708
25	0.25173332732285486	0.17653746544241544	1.4259484619425868
25	0.1902491448003173	0.12799161890672456	1.4864187704271767
25	0.13017676501763986	0.19709730222210184	0.6604695424544592
25	0.2628083864435503	0.15541193689905397	1.6910437620647794
25	0.03135138680857079	0.1912465860541319	0.16393174621008322
25	0.324744096065639	0.018952226500300096	17.134878377508674
25	0.19857682668982285	0.2513925549269703	0.7899073492749598
25	0.2515490142757471	0.21705028630713458	1.1589434805895418
25	0.03049794770873042	0.2564204202939009	0.11893728149175735
25	0.27214008036718246	0.2817347650582527	0.9659442643186531
25	0.1761669275142924	0.1781376750346041	0.9889369414980358
25	0.04479425039791513	0.21213257967427812	0.21116157860661988
25	0.1321453872242355	0.17903215761501026	0.7381097842120642
25	0.34439581936498453	0.2085648427970543	1.6512649723045683
25	-0.06123318505205604	0.27584613085314486	-0.2219831210344415
25	0.323290747634703	0.2911186706979919	1.1105118983250875
25	0.2526075032001144	0.21102054529082967	1.1970753978100537
25	0.21779388866003488	0.1642428304112396	1.326048072325053
25	0.20224846805129992	0.2355201154514014	0.8587311859272295
25	0.2033962426078863	0.21608077014425703	0.9412972865290028
25	0.137733726061594	0.06242951048530837	2.2062278718973314
25	0.3882594549414691	0.25464527056188824	1.5247071115232342
25	0.16948844302389143	0.12310943802588432	1.376729889614602
25	0.15330333504149085	0.12081866520770261	1.2688712855579307
25	0.22583355303162395	0.2230271156105377	1.0125833910975515
25	0.27332945053167645	0.2253732790923133	1.2127855246749115
25	0.1950289187764311	0.17700178705733702	1.1018471735161322
25	0.26137693856582345	0.18331436096289097	1.4258399461607647
25	0.0374910424760064	0.03855595488151969	0.9723800795808144
25	0.3181455636785634	0.13852133952247828	2.2967260118570896
25	0.14623671766391205	0.12605157909541154	1.160133960346676
25	0.19087509396735697	0.12261671792160445	1.556680827889993
25	0.32682371749413663	0.26511530692991353	1.2327606477302968
25	0.20647430348940682	0.09419494694166437	2.1919891691990427
25	0.2126803331701409	0.20677745792731303	1.0285469958959592
25	0.14783602838734589	0.22273784265502208	0.6637220987019945
26	-0.012488630134329	-0.013617255255666798	0.9171180167994484
26	0.09968644854013392	0.002000512963557178	49.8304436692468
26	0.04236372989641365	0.1156129113092957	0.3664273256044842
26	0.1406212776243676	0.17575337569618868	0.8001056996336091
26	0.0457835551887709	0.061700562950852945	0.7420281598603792
26	0.06484715149691508	0.04657630626988412	1.392277677005159
26	0.16815501517590553	0.1506670295409094	1.1160704215665693
26	0.04258707470211882	0.052603604655400496	0.8095847229691066
26	0.3467007865587079	0.07310631120234473	4.742419373330222
26	0.1609044888988409	0.1384326004776713	1.1623308985284448
26	0.17005019729680124	0.09715839392173622	1.7502368085024274
26	0.2665546278497335	0.1662567408810639	1.603271100089832
26	0.12839215581423843	0.08108394867205192	1.5834472533340345
26	0.08030163973449227	0.0204741436206984	3.9221000507836172
26	0.12393428332768394	0.07894387631788087	1.5699036975159617
26	0.17863890232846824	0.09710631777890891	1.8396218332075185
26	0.05904265565681389	0.1184318505455743	0.4985369677567726
26	0.22090043152198158	0.10243576785821078	2.1564775287060556
26	0.0043951635746329746	0.10325076216737523	0.042567855988396186
26	0.24203073284254115	-0.043269532354109505	-5.593560172127776
26	0.05863062628151638	0.12541732948965278	0.467484250542534
26	0.16966891380483018	0.1446675616872146	1.172819337148095
26	-0.05497684945434391	0.1269734126116568	-0.43297922237065845
26	0.20676983226160378	0.20373289449699858	1.014906467471064
26	0.08985302654370224	0.08110384012963136	1.107876352094879
26	-0.0028910897770628753	0.1361063278074678	-0.021241406065649865
26	4.1969186056233995e-05	0.08751542758255458	0.000479563286331931
26	0.2505691960810771	0.12396868044278928	2.0212298395538144
26	-0.10682569658195556	0.15090491780879736	-0.7079006975591614
26	0.27953858027170353	0.22944561485525294	1.218321738020803
26	0.16618931472108753	0.12922708558959822	1.2860254022045707
26	0.10091857708485488	0.10382583366977519	0.9719987166761692
26	0.10162282844457103	0.14409972577965027	0.7052256893255114
26	0.1520724336968703	0.11845408355823171	1.283809127796864
26	0.10036618023501859	-0.013252461641195886	-7.573399037279663
26	0.30926529697165206	0.17947023595048103	1.7232121824199516
26	0.1409013254980236	0.07340079253985302	1.9196158600265945
26	0.07770002735627768	0.03517731834168608	2.208810421577845
26	0.11143177553517987	0.12895227362110526	0.8641319180039811
26	0.17795829256562135	0.1313981857961552	1.3543436044215804
26	0.11615711222827721	0.11938806597949884	0.9729373809290415
26	0.22321408420393524	0.1086026882571051	2.0553274305282394
26	0.02828028474907731	-0.01358778546285367	-2.0813019771610346
26	0.225707727461962	0.06646496046413129	3.395890494567708
26	0.08351756391355832	0.046475089577480005	1.7970393316687148
26	0.11953647884890994	0.04641554560347194	2.575354383854716
26	0.22675199539212082	0.16672958786426342	1.3599985359330604
26	0.07011489979506519	-0.009958910683744666	-7.0404185780588975
26	0.07480254151844695	0.10518426318128102	0.7111571565560872
26	0.08240468160788798	0.1435988062933973	0.5738535279988394
27	-0.019859922038539965	-0.02069858001294009	0.9594823425628316
27	0.09287112322501563	-0.0038142927293421296	-24.348189773319675
27	0.037470996116802574	0.10878557943051506	0.3444481916901177
27	0.12933494069559048	0.1644119248847803	0.7866518245937956
27	0.04347408567695054	0.055019552190735566	0.790157025019751
27	0.0564873471642235	0.039629020248199	1.4254035757240469
27	0.15858045219031322	0.14077661688618082	1.126468696989124
27	0.03952501734131411	0.04817587491222796	0.8204317495701963
27	0.33146594905007243	0.05846925846052902	5.669063671704267
27	0.15421687101573558	0.13022596085706975	1.1842252497180434
27	0.16298599875955455	0.08768146545315315	1.8588420929921095
27	0.25310589029441183	0.15458683137228574	1.6373056362405558
27	0.11915713914358594	0.07334765488092401	1.6245528140883465
27	0.06944919258111944	0.011756706697323621	5.907197854729959
27	0.11414514460652192	0.0716839940587407	1.5923379564060964
27	0.16221727244682665	0.08723992412971325	1.8594384860494932
27	0.050286910398473196	0.10892597681937013	0.4616613214482622
27	0.20725250274224924	0.0943812690648431	2.1959071412767273
27	0.001335628718932143	0.09486950044324867	0.014078589142894471
27	0.24086784272645523	-0.043512782472186734	-5.535565161350401
27	0.05424020471349181	0.11786298075641188	0.4601971235191341
27	0.16360774326331995	0.13684438158779047	1.195575158914068
27	-0.05515737614445855	0.11915861312715488	-0.46289038364016355
27	0.18024788158850505	0.19423164321009123	0.9280047195684763
27	0.0830312957935028	0.07273618202901226	1.1415404751432254
27	-0.014605896430263991	0.12146477953558299	-0.12024799687703058
27	-0.00473620142497868	0.08201300071369055	-0.05774939806815358
27	0.23706837214517615	0.11302394193720823	2.0975057857819386
27	-0.11311972484309117	0.13716690869374976	-0.8246866968158602
27	0.2648667501566391	0.21507143226131534	1.2315292057702094
27	0.154103336602617	0.1202139959864243	1.2819084445044135
27	0.08772495882326779	0.09026286549991953	0.9718831585658667
27	0.09583078347812052	0.13564485406616378	0.7064830003162297
27	0.14559333469531552	0.10988864329216827	1.3249170281247062
27	0.0982061423450338	-0.016154045265788886	-6.0793529254876635
27	0.2992934150528322	0.16840698545462351	1.7772030907439729
27	0.13452184817926144	0.06788180124749503	1.981707110110393
27	0.07051668729660528	0.02981053907886219	2.365495206579698
27	0.1010461289012979	0.11974769947635935	0.8438252203855195
27	0.17306010075208106	0.12333360294381852	1.4031869386878624
27	0.10531566348039145	0.1038032262725821	1.0145702331432145
27	0.19271684512239112	0.0935453660926646	2.0601431494905773
27	0.012109151138238959	-0.01669636255111038	-0.7252568396961199
27	0.21937636804541716	0.06015163679162968	3.64705567041102
27	0.07373789792885405	0.037747360742763705	1.9534583737219255
27	0.11265594436220402	0.04104879983810564	2.744439418606958
27	0.21896656149647956	0.1583517082820407	1.3827862286555037
27	0.06406032534087286	-0.01160074777646291	-5.522085866813405
27	0.0617144101389166	0.09201289753554613	0.6707147779481163
27	0.07581208865907371	0.13946372287691106	0.5435971957093424
28	0.0314624318632535	-0.007778545293121207	-4.044770670818957
28	0.1250726345461567	0.009730040101927117	12.854277396183084
28	0.07507682626563583	0.08238205235149293	0.9113250292103858
28	0.09539231606527383	0.13522741363831617	0.7054214341510173
28	0.039181020516238896	0.006957110305321109	5.631795213347631
28	0.012372762451193717	-0.012720633053462133	-0.9726530432246265
28	0.1384091144104455	0.08351641680842518	1.6572683515378346
28	0.07670043527290918	0.03977720495033306	1.9282510012626455
28	0.30443454958604865	0.0404524045417702	7.525746690081097
28	0.04629445508566942	0.06728259054653792	0.6880599380852993
28	0.14225372258429286	0.09027572312968982	1.575769405689851
28	0.215194957073676	0.1220378725325808	1.7633456943148922
28	0.06896030956610243	0.05401933365722675	1.276585712879797
28	0.05327286396657416	-0.007341406543740536	-7.256492832697831
28	0.08998235511397021	0.03759508093811431	2.3934608695773574
28	0.09749629861740003	0.05345812994038985	1.823788051061949
28	0.07656797611205818	0.0683184893453068	1.120750427092371
28	0.19369111308206136	0.05522136078035073	3.5075396611917964
28	-0.052566859197833715	0.07124652343868404	-0.7378164808711494
28	0.19627390131044817	-0.1061326806510843	-1.8493257694649865
28	0.0035931166811421916	0.07385276124131758	0.04865243520687742
28	0.0878295546864768	0.10315523880598931	0.8514308696591114
28	-0.06336874083565468	0.060724461431225014	-1.0435455390151875
28	0.1186667991129466	0.14691963411508782	0.8076987111197834
28	0.14425160351106103	0.035688999132001686	4.041906666463874
28	0.03686622083849441	0.08285278572427064	0.44496054678454744
28	-0.01242984572605529	0.03177178334882058	-0.3912227900331791
28	0.18510394125598317	0.06933174054986403	2.6698297170666687
28	-0.087950133584509	0.07219395515426678	-1.2182478906519778
28	0.2831599733552342	0.18164689059297837	1.5588484472862199
28	0.11197642287043208	0.09791620135037245	1.1435944340788722
28	0.09648905965441251	0.10360928743728183	0.931278093315916
28	0.07276067651566205	0.10014459705253147	0.7265561863262078
28	0.11120574298305164	0.06533516817986305	1.702080917231439
28	0.07873478316650238	-0.02922123874050686	-2.6944368740042224
28	0.20638532944626808	0.12079266411590694	1.7085915850670406
28	0.13031733207356477	0.04811915538947429	2.708221518411579
28	0.03797523517668947	-0.010019449380003952	-3.7901519071973686
28	0.1140480325053776	0.11793075418001063	0.9670762584227486
28	0.1222922506342721	0.057836951460304736	2.11443113003985
28	0.08228087864571199	0.08790340966821647	0.9360373955489756
28	0.10686141071197011	0.05364259331573831	1.992100010582781
28	0.1008998661305365	-0.015456632677999682	-6.52793323310019
28	0.25872407618114684	0.060786860023328886	4.256250052755699
28	-0.013286968719596639	-0.014886453534438952	0.8925543406868535
28	0.06272364441178142	-0.009987491452862448	-6.280220084073726
28	0.1425093048729883	0.11396253592050672	1.2504925739138875
28	0.05649051118702164	-0.006697361664808085	-8.434741024044786
28	0.023265768727998196	0.07832581299189531	0.2970383305233691
28	-0.030281881005293512	0.06731842644235712	-0.44983049375378725
29	0.023552055084839582	-0.024516154786057495	-0.9606749219185791
29	0.09605351297080339	-0.013181180462457613	-7.287170769293477
29	0.052961813929266896	0.05111108138180281	1.0362100056862231
29	0.056831289010214864	0.10613216680852469	0.5354765734006487
29	0.009340938560169348	-0.01638681379117726	-0.5700277478711911
29	0.0017123357677024903	-0.02331186223053902	-0.07345340971770566
29	0.1199081476377001	0.06204792474240573	1.9325085913107205
29	0.05864863784300617	0.018217773206804337	3.219308813280259
29	0.26546434094365035	0.012133194015329413	21.879180420939065
29	0.028830998615848966	0.04966812366717859	0.5804728765081356
29	0.12617713637644962	0.0573921295841149	2.1985093999957295
29	0.18002383230781177	0.09122191643943887	1.9734712811841375
29	0.03404198407708584	0.028071968740938046	1.2126682097448183
29	0.031142960822402067	-0.02800273684867267	-1.1121398951359371
29	0.07184251424582552	0.02492295865289684	2.882583695073263
29	0.06937255537013846	0.03162503755911736	2.1935959835765844
29	0.06427822468187233	0.044290968557307936	1.4512715972490633
29	0.16851555435585558	0.03690997904047167	4.565582499276926
29	-0.05318903838122319	0.0521325688378922	-1.0202650582329085
29	0.1976022269011572	-0.09333477535536443	-2.117134006577967
29	-0.006906064149974717	0.047598636887704555	-0.14508953620389614
29	0.0464556831919528	0.0691726802529767	0.6715900413581802
29	-0.0760787453089904	0.040934482851254006	-1.8585490767146646
29	0.07806079060280775	0.11972399881066417	0.6520062090997804
29	0.12383607652870683	0.013105969764451752	9.448829713051541
29	-0.023929757918619073	0.05828357984121008	-0.41057460752778363
29	-0.025036163424365057	0.021582381245968937	-1.1600278550839334
29	0.1565611769103908	0.048617408203662296	3.2202699134956605
29	-0.11212768720656392	0.04353898267221655	-2.5753400820298853
29	0.2500043249432127	0.1499866677246228	1.6668436517452565
29	0.07916171278159967	0.06795714073400758	1.1648770375941526
29	0.06873897745489643	0.07552747838400864	0.9101187928637436
29	0.06331466964871893	0.08031374928432297	0.7883416004472074
29	0.08543104811711516	0.04028402137003097	2.120717972329124
29	0.06269780129660328	-0.035861527715004206	-1.7483304614033766
29	0.1810775547755206	0.08912807626545867	2.0316555945423977
29	0.10605080602194422	0.030018901743010237	3.5328009975127643
29	0.02028419025888861	-0.019110257724310513	-1.0614294454587452
29	0.0746635179925126	0.08614353784353468	0.8667338242843751
29	0.11368231081900397	0.03858058062254842	2.9466200089420727
29	0.05408295797065306	0.05579019727510279	0.9693989376658539
29	0.05509931932651847	0.026616204240580053	2.0701418890719214
29	0.06279564789717687	-0.031515582304600366	-1.992526975711647
29	0.2359030554928109	0.03409850451925419	6.918281573304923
29	-0.009343330103807744	-0.02233325590462438	0.4183595147840979
29	0.04489875104549163	-0.02028720695017475	-2.2131558649627165
29	0.11377863446945806	0.09024408638849953	1.2607877039127267
29	0.03182730857523844	-0.020044543960182633	-1.5878290191316704
29	0.008341321328515523	0.06076252135073857	0.13727740625454038
29	-0.03591659448082868	0.05790605783988306	-0.6202562533291803
30	0.023552055084839582	-0.024516154786057495	-0.9606749219185791
30	0.09605351297080339	-0.013181180462457613	-7.287170769293477
30	0.052961813929266896	0.05111108138180281	1.0362100056862231
30	0.056831289010214864	0.10613216680852469	0.5354765734006487
30	0.009340938560169348	-0.01638681379117726	-0.5700277478711911
30	0.0017123357677024903	-0.02331186223053902	-0.07345340971770566
30	0.1199081476377001	0.06204792474240573	1.9325085913107205
30	0.05864863784300617	0.018217773206804337	3.219308813280259
30	0.26546434094365035	0.012133194015329413	21.879180420939065
30	0.028830998615848966	0.04966812366717859	0.5804728765081356
30	0.12617713637644962	0.0573921295841149	2.1985093999957295
30	0.18002383230781177	0.09122191643943887	1.9734712811841375
30	0.03404198407708584	0.028071968740938046	1.2126682097448183
30	0.031142960822402067	-0.02800273684867267	-1.1121398951359371
30	0.07184251424582552	0.02492295865289684	2.882583695073263
30	0.06937255537013846	0.03162503755911736	2.1935959835765844
30	0.06427822468187233	0.044290968557307936	1.4512715972490633
30	0.16851555435585558	0.03690997904047167	4.565582499276926
30	-0.05318903838122319	0.0521325688378922	-1.0202650582329085
30	0.1976022269011572	-0.09333477535536443	-2.117134006577967
30	-0.006906064149974717	0.047598636887704555	-0.14508953620389614
30	0.0464556831919528	0.0691726802529767	0.6715900413581802
30	-0.0760787453089904	0.040934482851254006	-1.8585490767146646
30	0.07806079060280775	0.11972399881066417	0.6520062090997804
30	0.12383607652870683	0.013105969764451752	9.448829713051541
30	-0.023929757918619073	0.05828357984121008	-0.41057460752778363
30	-0.025036163424365057	0.021582381245968937	-1.1600278550839334
30	0.1565611769103908	0.048617408203662296	3.2202699134956605
30	-0.11212768720656392	0.04353898267221655	-2.5753400820298853
30	0.2500043249432127	0.1499866677246228	1.6668436517452565
30	0.07916171278159967	0.06795714073400758	1.1648770375941526
30	0.06873897745489643	0.07552747838400864	0.9101187928637436
30	0.06331466964871893	0.08031374928432297	0.7883416004472074
30	0.08543104811711516	0.04028402137003097	2.120717972329124
30	0.06269780129660328	-0.035861527715004206	-1.7483304614033766
30	0.1810775547755206	0.08912807626545867	2.0316555945423977
30	0.10605080602194422	0.030018901743010237	3.5328009975127643
30	0.02028419025888861	-0.019110257724310513	-1.0614294454587452
30	0.0746635179925126	0.08614353784353468	0.8667338242843751
30	0.11368231081900397	0.03858058062254842	2.9466200089420727
30	0.05408295797065306	0.05579019727510279	0.9693989376658539
30	0.05509931932651847	0.026616204240580053	2.0701418890719214
30	0.06279564789717687	-0.031515582304600366	-1.992526975711647
30	0.2359030554928109	0.03409850451925419	6.918281573304923
30	-0.009343330103807744	-0.02233325590462438	0.4183595147840979
30	0.04489875104549163	-0.02028720695017475	-2.2131558649627165
30	0.11377863446945806	0.09024408638849953	1.2607877039127267
30	0.03182730857523844	-0.020044543960182633	-1.5878290191316704
30	0.008341321328515523	0.06076252135073857	0.13727740625454038
30	-0.03591659448082868	0.05790605783988306	-0.6202562533291803
