1.0	0.999990397723597	1.0000096023686076
1.0	0.9999945461442663	1.0000054538854783
1.0	0.9999905350952194	1.0000094649943658
1.0	0.9999905350952194	1.0000094649943658
1.0	0.9999905350952194	1.0000094649943658
0.9997357878090597	0.9998611882448749	0.9998745821547136
1.0	0.9999899605941704	1.0000100395066203
1.0	0.9999902563056824	1.000009743789258
1.0	0.9999902563056824	1.000009743789258
1.0	0.9999910345448308	1.0000089655355493
1.0	0.9999901106600274	1.0000098894377727
1.0	0.999990397723597	1.0000096023686076
1.0	0.999990397723597	1.0000096023686076
1.0	0.999990397723597	1.0000096023686076
1.0	0.9999905350952194	1.0000094649943658
1.0	0.9999905350952194	1.0000094649943658
1.0	0.9999901106600274	1.0000098894377727
1.0	0.9999902563056824	1.000009743789258
1.0	0.9999905350952194	1.0000094649943658
1.0	0.9999898059037879	1.0000101942001327
0.9990535175879102	0.999468920132245	0.9995843767265121
1.0	0.9999901106600274	1.0000098894377727
1.0	0.9999905350952194	1.0000094649943658
1.0	0.9999902563056824	1.000009743789258
1.0	0.999990397723597	1.0000096023686076
1.0	0.9999902563056824	1.000009743789258
1.0	0.9999902563056824	1.000009743789258
1.0	0.9999902563056824	1.000009743789258
1.0	0.9999905350952194	1.0000094649943658
1.0	0.999990397723597	1.0000096023686076
1.0	0.9999905350952194	1.0000094649943658
1.0	0.999990397723597	1.0000096023686076
1.0	0.9999905350952194	1.0000094649943658
1.0	0.9999905350952194	1.0000094649943658
1.0	0.9999905350952194	1.0000094649943658
1.0	0.9999905350952194	1.0000094649943658
1.0	0.9999905350952194	1.0000094649943658
1.0	0.9999905350952194	1.0000094649943658
1.0	0.9999905350952194	1.0000094649943658
1.0	0.999990397723597	1.0000096023686076
1.0	0.999990397723597	1.0000096023686076
1.0	0.999990397723597	1.0000096023686076
1.0	0.9999944621095092	1.0000055379211592
1.0	0.9999944621095092	1.0000055379211592
1.0	0.9999902563056824	1.000009743789258
1.0	0.9999902563056824	1.000009743789258
1.0	0.9999902563056824	1.000009743789258
1.0	0.9999905350952194	1.0000094649943658
1.0	0.9999905350952194	1.0000094649943658
1.0	0.9999899605941704	1.0000100395066203
1.0	0.9999902563056824	1.000009743789258
1.0	0.9999901106600274	1.0000098894377727
1.0	0.9999902563056824	1.000009743789258
1.0	0.9999902563056824	1.000009743789258
1.0	0.9999905350952194	1.0000094649943658
1.0	0.999990397723597	1.0000096023686076
1.0	0.999990397723597	1.0000096023686076
1.0	0.9999898059037879	1.0000101942001327
1.0	0.9999898059037879	1.0000101942001327
1.0	0.9999905350952194	1.0000094649943658
1.0	0.9999909005320481	1.000009099550753
1.0	0.999990397723597	1.0000096023686076
1.0	0.9999909005320481	1.000009099550753
1.0	0.9999905350952194	1.0000094649943658
1.0	0.9999901106600274	1.0000098894377727
1.0	0.9999901106600274	1.0000098894377727
1.0	0.9999909005320481	1.000009099550753
1.0	0.9999902563056824	1.000009743789258
1.0	0.999990397723597	1.0000096023686076
1.0	0.9999905350952194	1.0000094649943658
1.0	0.9999905486165118	1.0000094514728177
0.8304659645832808	0.817009201684298	1.016470760514375
0.8382456665826585	0.8515565856388014	0.9843687204342885
0.9598913657369055	0.8817349977677845	1.0886392943083614
0.9337335737702176	0.8814537288996893	1.0593109350570094
0.8431478511381894	0.8384211740030313	1.0056375927537595
0.9048121140316877	0.8680164503830572	1.0423905141802239
0.8988913847841551	0.8503014234958338	1.0571443960290623
0.7413188719863998	0.6729716217024782	1.1015603750289162
0.838392747116474	0.8391635317667063	0.9990814845723699
0.9286498935403974	0.8780354631755046	1.0576450866595304
0.9422887400186508	0.8799696360406258	1.0708196072064786
0.8687231297758664	0.8515997390805198	1.0201073226182935
0.9099364304500048	0.8791825300147892	1.0349801086637815
0.9625855477080724	0.8966119222958894	1.0735810262741645
0.8112347823897608	0.8117738994222101	0.9993358778437776
0.9180579199746594	0.8664983491150041	1.0595033688319377
0.9638749406982451	0.8864355565576689	1.087360421823894
0.9112300418183144	0.8639631044044397	1.0547094397583765
0.886529119245784	0.8344864486865031	1.0623649079517072
0.8190450173456381	0.8340264892002553	0.9820371750194853
0.9224128935027106	0.8806686356417386	1.047400641026069
0.8207624311634162	0.8100553550779133	1.0132177091582502
0.819235759444324	0.8356857761905815	0.9803155477633665
0.9223388680764303	0.8710775949716318	1.0588481134180334
0.916681453040273	0.8759057664897506	1.046552595165498
0.9053659397265471	0.8682744913330798	1.0427185743260983
0.8633615436513472	0.8245874117398524	1.047022464034083
0.8762332603530031	0.854780797849974	1.0250970337155307
0.9397899700846425	0.8844237762214087	1.0626014308432312
0.9306909342109129	0.8850730766901985	1.0515413458189304
0.8454858396774245	0.8436807254774487	1.0021395702728118
0.9285813868738859	0.8860884340983953	1.0479556567271162
0.8975397513845115	0.8613545709234715	1.042009622613653
0.8644651229667973	0.8522115691630341	1.0143785349168606
0.9417488324392852	0.8727357833007844	1.079076681005889
0.804194001888288	0.8225024604221025	0.9777405425335521
0.9050407515934422	0.870930357710917	1.039165466653589
0.9016173893127263	0.863397723615988	1.0442665814969616
0.8736730829676085	0.8473429841796217	1.0310737201813018
0.9587441155312657	0.8926260199406567	1.0740714410218566
0.8911226543113401	0.8602187219084373	1.0359256682234734
0.7945783000384598	0.8080172371161132	0.9833680069429976
0.9105447713007073	0.8548665556516314	1.0651308853773496
0.9264685090507895	0.8645725258171353	1.0715914297359315
0.8604759672827769	0.8600210310854585	1.0005289826421386
0.9374024712974842	0.8868092264822058	1.0570508778037546
0.9240338187697279	0.8742090288038551	1.0569941379283694
0.926083604584938	0.8792177424931286	1.0533040449785689
0.9046061629331223	0.8751256645003846	1.033687160174383
0.8999462715115917	0.8655697387623376	1.0397154974461198
0.9079156157960938	0.8569011810717264	1.0595336263401618
0.8928667971111833	0.8610210812299869	1.0369859885842796
0.9022168940953085	0.8625959967510656	1.0459321600070872
0.9192005268127649	0.8677129522717839	1.059337104979452
0.9077140706773382	0.8250392469206631	1.1002071405272498
0.7889906290083725	0.8051718939666093	0.9799033410387424
0.8801889891173387	0.8606931552703965	1.0226513174033751
0.8636295950478822	0.8295943397841071	1.0410263831749773
0.9212190538432918	0.8643500612252154	1.0657939360095199
0.8390450729457711	0.8223375392980908	1.0203171238685529
0.8152401678721358	0.8276818753628167	0.9849680078046569
0.8142766841710787	0.7986190337320892	1.0196059069188703
0.9158698059762654	0.8500142541583584	1.0774758205474024
0.9166321306780342	0.8720000581294773	1.0511835660244069
0.7981856372515161	0.8035858844912296	0.993279813217311
0.8870036268242818	0.8415063428812405	1.0540664777252453
0.7892637382374921	0.8091826537616986	0.9753839069193979
0.9058772000279312	0.8600256979076895	1.0533141070456282
0.941894653600466	0.860580964620679	1.0944869713863912
0.9155965065701761	0.8819362302211206	1.0381663381043051
0.8274841981277141	0.8372684767855378	0.9883140486843744
0.8998220732200124	0.8855765520573216	1.0160861544149926
0.8983166548145681	0.9030196441116806	0.9947919302445088
0.9540445682494713	0.9175047427581395	1.03982521701358
0.953472081337502	0.9198551754427193	1.036545868080378
0.876291879142518	0.8812027067220416	0.9944271306226564
0.9289217950930438	0.9106638374148052	1.020049064131139
0.9217208195053682	0.8998854939833808	1.0242645599556588
0.8652958393935596	0.8085925217926557	1.0701259485744343
0.9076259059240986	0.901643855446064	1.0066346046079084
0.9321966166074503	0.9105640037338454	1.0237573776087112
0.9534125433646468	0.912503501573325	1.0448316545862968
0.9128955770390922	0.9048260010359293	1.0089183732495797
0.9312245315434792	0.9165043980588702	1.016061170590982
0.9719347420205133	0.9295509370545286	1.0455960004733968
0.8858015895957471	0.8831492008843236	1.0030033302512957
0.9299522875052423	0.9093459393159669	1.0226606259492137
0.9703321382987372	0.9224984929515182	1.0518522747871122
0.9388405936293641	0.9085057484699885	1.0333898219251363
0.9326496725597464	0.9027679564172578	1.033100107209252
0.862158702579465	0.878735884145258	0.9811351944709558
0.9339574623413215	0.9150662863949831	1.020644598350096
0.9112261587745926	0.8923482220169077	1.0211553475335184
0.8792915282440218	0.8894946416997058	0.9885293143124648
0.924629574533734	0.9078188489417103	1.018517709355364
0.9342629110471065	0.912542494561235	1.0238020877003815
0.9294386890094305	0.910534982562431	1.0207610984849813
0.8899236246987187	0.8882384298949078	1.0018972324852127
0.907617900251485	0.8998040231990293	1.0086839765671145
0.9596608684431313	0.9218669124255319	1.040997193313034
0.9607037184388899	0.9249663109416998	1.0386364422946455
0.9041860560012639	0.9025905690876154	1.0017676751434057
0.9465486230468274	0.9216204843363449	1.0270481604241177
0.9259735844509579	0.9107413833203004	1.0167250565414359
0.9213445769549015	0.9100651984439927	1.0123940334496846
0.9508025583050864	0.9072194689810242	1.048040293241297
0.8982751430099014	0.897538357966882	1.0008208953260653
0.9164320335963836	0.9042240401464183	1.0135010715353117
0.9274561189948453	0.9088904556461391	1.0204267337536377
0.9287421901211861	0.9071532838302858	1.0237985207965572
0.9612206881792337	0.9220682716584209	1.0424615158380774
0.9209232448410979	0.9082537729892608	1.0139492642129513
0.8915789636566296	0.8922911974351264	0.9992017922169981
0.9117332316560863	0.8913861905318892	1.0228262916122317
0.9339512610985484	0.9113792350493234	1.0247668864739972
0.9224516609550515	0.9139558341519947	1.009295664501053
0.9425361441839265	0.9170372627639317	1.0278057200676247
0.9242203605168201	0.907185528029433	1.0187776722192536
0.9263690215533263	0.9113121645722717	1.0165221727157803
0.9188746923446033	0.9083345210876907	1.0116038430910796
0.9460496311665324	0.9111276811780281	1.0383282724363643
0.9283835886964756	0.8942961229184951	1.0381165308720535
0.9241861476383837	0.9038858924298694	1.0224588693977092
0.9221784750644361	0.9027618830105871	1.0215079883402889
0.9188963902064999	0.900130588438103	1.0208478658646176
0.9138287020267251	0.8933625961066888	1.0229090696311087
0.8725706410894367	0.8828565016891996	0.9883493403740216
0.9258694327541324	0.9123111595802434	1.0148614571152754
0.9161592025049852	0.8979947408351154	1.0202278040659538
0.9402065382571684	0.9122119727335742	1.0306886626796887
0.8585026717039508	0.8697472863338299	0.9870714001566161
0.88429847440903	0.8923806405558136	0.9909431404274417
0.845562898800231	0.8587554734941099	0.9846375655223474
0.9129466197017385	0.8837876905293564	1.0329931379276363
0.9194153964799476	0.9052706779962991	1.0156248499232914
0.8831375261860013	0.885135531437705	0.9977427126346873
0.925185076818123	0.9044739058107331	1.0228985832253783
0.8799799008527796	0.8821843909465894	0.9975011005449276
0.9218646618450186	0.9013692134226292	1.0227381278583558
0.9523767529537223	0.9147881349186201	1.041089971109481
0.9460190459733353	0.922552227708087	1.0254368452651699
0.8965412472292662	0.8952568393879639	1.001434680847767
0.9015339493072806	0.8867281025695531	1.0166971664649211
0.8987989232766674	0.903545808916723	0.9947463807665196
0.9540438342736351	0.9178864638114452	1.0393919857059986
0.9534714648210396	0.9202929778359743	1.0360520918708769
0.8761253499222467	0.8814493429620361	0.9939599557452744
0.9289206164671385	0.9110496567585578	1.019615791055961
0.923041317651558	0.9012069201135889	1.024227951484457
0.8647266351860756	0.8098240501910319	1.0677956958454031
0.9088835784169188	0.903035715251569	1.0064757828141058
0.9325646189722321	0.9109885869389103	1.0236841957656366
0.9534119561868557	0.9128949976231425	1.0443829341481825
0.9133689066232198	0.9052517330746377	1.0089667583634583
0.9312233124702178	0.9169257149208003	1.0155929726004602
0.9720102971705341	0.9298242198146198	1.0453699489182213
0.885856400947547	0.8834883452932945	1.0026803473604018
0.9299510671558552	0.9096645247988692	1.0223011250894625
0.9703430769886349	0.9229269652434448	1.051375800611355
0.9388396706260874	0.9088520481190185	1.0329950541115378
0.9326485466489953	0.9029799029658899	1.0328563720916235
0.8627137081804477	0.8793868730525227	0.9810400116456148
0.9352345503929641	0.9158326518249555	1.0211849823538688
0.9117226817962107	0.8927562669000272	1.021244784942302
0.8802913783414554	0.8902573727134298	0.9888054907744276
0.9248962307798163	0.908269041125081	1.0183064586613446
0.9345504196376573	0.9129500641200616	1.0236599529005073
0.930220856191441	0.9110420557088958	1.0210514985146562
0.8904098315196468	0.8887553758207912	1.0018615422689596
0.9075735724903579	0.9000742130988018	1.0083319345031974
0.9596602715803134	0.9221963301766453	1.0406246914867814
0.9607031369957184	0.9252851763458365	1.038277886164518
0.9041843552512325	0.9029435297218253	1.0013742005879254
0.9465983295275826	0.9219612935099583	1.0267224190332653
0.9265556220255895	0.9114276007161182	1.0165981601803424
0.9221199870479887	0.9106712953248961	1.0125717059293147
0.950802083667026	0.9075706669326236	1.0476342155046885
0.8982848129272174	0.8978358904691515	1.0005000050263433
0.9165390644985147	0.9045635344227914	1.0132390148618637
0.9275196120510216	0.9092331155835455	1.0201120000515378
0.928831053494029	0.9074792843861081	1.0235286573206626
0.9612227554247272	0.9224624160239926	1.0420183399642446
0.9226669630986309	0.9093294047500422	1.014667466243715
0.8915798310851435	0.8925547603457764	0.9989077093037347
0.9134485557098659	0.8918857515320171	1.02417664385916
0.9356077450384731	0.9123343478046223	1.0255097238088802
0.9246162212753029	0.9151223407995643	1.0103744385340254
0.9426309647882625	0.9174388411515243	1.0274591858407893
0.9249450857430028	0.9076974833733141	1.0190014874841238
0.9272420829959716	0.9119228508693679	1.0167988247163664
0.9188879521106281	0.908720348296705	1.011188924989939
0.9460490608679221	0.9115188284619987	1.0378820835376337
0.9290727615604171	0.8948967427907814	1.0381899018461684
0.9241838309597017	0.9041533602144899	1.0221538420655318
0.922177413857689	0.9031766125644332	1.021037747245587
0.9188953007688536	0.9005856845788712	1.0203307875125112
0.9139167184616788	0.8937115904772661	1.0226081078053633
0.872972785610935	0.8833336813364098	0.9882706887053151
0.9259792979193429	0.9126764765868861	1.0145756154275007
0.9161576558802114	0.8982965796777811	1.0198832730820784
0.9402061730580944	0.912546037030891	1.0303109486039739
0.8584193262578853	0.8702592160396958	0.9863949848923284
0.8852009786498485	0.8930252240238309	0.991238494542486
0.8464512296751102	0.8590288701733153	0.9853583029221504
0.9158761485266133	0.8848748622806146	1.0350346558225172
0.9198644401295979	0.9058115106268149	1.0155141873755373
0.8839661801603116	0.8857752631601644	0.9979576275438099
0.9251836483056606	0.9047902615557145	1.0225393526173472
0.8816861631536241	0.8837211365228596	0.9976972675144533
0.9220573027851797	0.901752450847874	1.0225171020252997
0.9523758859975644	0.9151462813147748	1.0406815887721277
0.9462975342155044	0.9229688388055433	1.0252757129267245
0.8966086149548974	0.8954862988056678	1.0012533035410218
0.9015339493072806	0.8867281025695531	1.0166971664649211
0.8987989232766674	0.903545808916723	0.9947463807665196
0.9540438342736351	0.9178864638114452	1.0393919857059986
0.9534714648210396	0.9202929778359743	1.0360520918708769
0.8761253499222467	0.8814493429620361	0.9939599557452744
0.9289206164671385	0.9110496567585578	1.019615791055961
0.923041317651558	0.9012069201135889	1.024227951484457
0.8647266351860756	0.8098240501910319	1.0677956958454031
0.9088835784169188	0.903035715251569	1.0064757828141058
0.9325646189722321	0.9109885869389103	1.0236841957656366
0.9534119561868557	0.9128949976231425	1.0443829341481825
0.9133689066232198	0.9052517330746377	1.0089667583634583
0.9312233124702178	0.9169257149208003	1.0155929726004602
0.9720102971705341	0.9298242198146198	1.0453699489182213
0.885856400947547	0.8834883452932945	1.0026803473604018
0.9299510671558552	0.9096645247988692	1.0223011250894625
0.9703430769886349	0.9229269652434448	1.051375800611355
0.9388396706260874	0.9088520481190185	1.0329950541115378
0.9326485466489953	0.9029799029658899	1.0328563720916235
0.8627137081804477	0.8793868730525227	0.9810400116456148
0.9352345503929641	0.9158326518249555	1.0211849823538688
0.9117226817962107	0.8927562669000272	1.021244784942302
0.8802913783414554	0.8902573727134298	0.9888054907744276
0.9248962307798163	0.908269041125081	1.0183064586613446
0.9345504196376573	0.9129500641200616	1.0236599529005073
0.930220856191441	0.9110420557088958	1.0210514985146562
0.8904098315196468	0.8887553758207912	1.0018615422689596
0.9075735724903579	0.9000742130988018	1.0083319345031974
0.9596602715803134	0.9221963301766453	1.0406246914867814
0.9607031369957184	0.9252851763458365	1.038277886164518
0.9041843552512325	0.9029435297218253	1.0013742005879254
0.9465983295275826	0.9219612935099583	1.0267224190332653
0.9265556220255895	0.9114276007161182	1.0165981601803424
0.9221199870479887	0.9106712953248961	1.0125717059293147
0.950802083667026	0.9075706669326236	1.0476342155046885
0.8982848129272174	0.8978358904691515	1.0005000050263433
0.9165390644985147	0.9045635344227914	1.0132390148618637
0.9275196120510216	0.9092331155835455	1.0201120000515378
0.928831053494029	0.9074792843861081	1.0235286573206626
0.9612227554247272	0.9224624160239926	1.0420183399642446
0.9226669630986309	0.9093294047500422	1.014667466243715
0.8915798310851435	0.8925547603457764	0.9989077093037347
0.9134485557098659	0.8918857515320171	1.02417664385916
0.9356077450384731	0.9123343478046223	1.0255097238088802
0.9246162212753029	0.9151223407995643	1.0103744385340254
0.9426309647882625	0.9174388411515243	1.0274591858407893
0.9249450857430028	0.9076974833733141	1.0190014874841238
0.9272420829959716	0.9119228508693679	1.0167988247163664
0.9188879521106281	0.908720348296705	1.011188924989939
0.9460490608679221	0.9115188284619987	1.0378820835376337
0.9290727615604171	0.8948967427907814	1.0381899018461684
0.9241838309597017	0.9041533602144899	1.0221538420655318
0.922177413857689	0.9031766125644332	1.021037747245587
0.9188953007688536	0.9005856845788712	1.0203307875125112
0.9139167184616788	0.8937115904772661	1.0226081078053633
0.872972785610935	0.8833336813364098	0.9882706887053151
0.9259792979193429	0.9126764765868861	1.0145756154275007
0.9161576558802114	0.8982965796777811	1.0198832730820784
0.9402061730580944	0.912546037030891	1.0303109486039739
0.8584193262578853	0.8702592160396958	0.9863949848923284
0.8852009786498485	0.8930252240238309	0.991238494542486
0.8464512296751102	0.8590288701733153	0.9853583029221504
0.9158761485266133	0.8848748622806146	1.0350346558225172
0.9198644401295979	0.9058115106268149	1.0155141873755373
0.8839661801603116	0.8857752631601644	0.9979576275438099
0.9251836483056606	0.9047902615557145	1.0225393526173472
0.8816861631536241	0.8837211365228596	0.9976972675144533
0.9220573027851797	0.901752450847874	1.0225171020252997
0.9523758859975644	0.9151462813147748	1.0406815887721277
0.9462975342155044	0.9229688388055433	1.0252757129267245
0.8966086149548974	0.8954862988056678	1.0012533035410218
0.8363952248199434	0.8105316428271317	1.0319094044281845
0.847931789239703	0.8301520861760711	1.0214174045451485
0.8885338819512646	0.8394610984241287	1.0584574837586367
0.8892147459604842	0.8407698070622358	1.0576197414456658
0.7815101973277726	0.7935671220635521	0.9848066730581942
0.8193670343328979	0.8077124315478347	1.0144291487042354
0.8593299658922787	0.8225729939886481	1.0446853618733536
0.8291697182419517	0.7527162646974047	1.1015700830847353
0.8355419196044683	0.8195190789294927	1.0195515163550624
0.8586842499266572	0.8280589277383349	1.0369844719529426
0.8719666667626822	0.8250781401066797	1.056829195171672
0.8158697240089544	0.8120475061893184	1.004706889425192
0.8511973393106763	0.8305457253876193	1.0248651137340077
0.9016525228264268	0.8504080873263254	1.0602586408382044
0.8062016140856827	0.8047115615215258	1.0018516604400955
0.8529628677056894	0.8234338411743927	1.0358608367239097
0.8778906110761849	0.8269521755342332	1.0615978009962235
0.8502717702265004	0.8165987287703501	1.041235726030159
0.8374536816327512	0.7997056186507149	1.0472024481280073
0.8102862404180471	0.8102013442239698	1.000104784069642
0.8506173832974667	0.8274757530781984	1.0279665357361611
0.8500868272867125	0.8179042782272107	1.0393475739352491
0.7964410149738042	0.7977725067077569	0.9983309881917998
0.8571073066269469	0.8296482000263204	1.0330972894291284
0.864029915959547	0.835499928668798	1.034147204938971
0.8514363554833936	0.8304911345498399	1.0252202823873693
0.8129708304002385	0.8037097953668811	1.0115228594783143
0.8410017171034369	0.8221445508942472	1.0229365580404062
0.8794194774110896	0.8289028367937044	1.060943983269245
0.8907071186816593	0.8405422873168938	1.0596815081426745
0.8106638899940867	0.8146224346328087	0.9951406388156909
0.8660727349906482	0.8372851637047352	1.0343820391591996
0.8615040797654956	0.8316984417266394	1.0358370733230886
0.8548390119885522	0.8331045378336253	1.026088531712292
0.8903403945251136	0.8347832713501577	1.0665527509734343
0.8280879332807151	0.8137847918561364	1.0175760736348427
0.8520274588935253	0.8258617063164744	1.0316829711039104
0.8459235462453469	0.8257716289460739	1.0244037414133407
0.8654871603404319	0.8256373225592452	1.0482655479498715
0.8821320408214675	0.8405519468840675	1.0494676076731935
0.8484180669968577	0.8288566744155452	1.023600452509001
0.8180286045450778	0.8105158591789349	1.009269091136296
0.8286531591844817	0.7968912590294589	1.0398572575556995
0.8552104940886155	0.8262611435548863	1.03503656290695
0.8325971079395774	0.8274021308206708	1.006278660551374
0.8766138185909739	0.8341799040625307	1.0508690203657343
0.8401502604562854	0.8247377542257089	1.0186877660827425
0.8705768740810941	0.8361924990913183	1.0411201667404826
0.8138291490310073	0.8102389714158144	1.0044310107781158
0.8785212140387831	0.8187238998413956	1.073037215853808
0.8855776725082616	0.8252040650069575	1.0731620335641403
0.8434878100823526	0.8226199366976849	1.0253675755397316
0.8519973228928186	0.8116721290896811	1.049681629266196
0.8452916022578009	0.813000218706625	1.0397187882711116
0.8339052156805274	0.8031596680496844	1.0382807414937836
0.8182939622458656	0.8117376704282905	1.008076860365635
0.8652311940843046	0.8347504877071957	1.0365147512052735
0.8550024362754007	0.8180602206092186	1.0451583083194913
0.8529786515180261	0.8204773319806058	1.0396126965006616
0.8084860652636691	0.7975606462847755	1.0136985432139696
0.7856208507234873	0.7932046935508006	0.990438983923098
0.788578998413765	0.7909762599848641	0.9969692370145914
0.8621691740534547	0.8127547539600456	1.060798684784855
0.8476221305549893	0.8225508953569881	1.0304798588628612
0.8139796489180064	0.81041248660113	1.0044016625802956
0.8402611307893854	0.8197940206751516	1.0249661617406989
0.8318249402326136	0.8141145057304362	1.0217542303662643
0.8308888428936176	0.8038943205497954	1.0335796903321326
0.8696293690924393	0.8288829730574259	1.0491582012895209
0.8722264271992014	0.843035729105031	1.0346256950760073
0.8285092059292499	0.8167634543594573	1.0143808485885355
0.652349739573811	0.633866612715886	1.0291593317697105
0.6698816710926443	0.6571333062004376	1.0193999676654926
0.804083715362839	0.6942371041624017	1.1582263617744364
0.7677545823740265	0.6890186163523767	1.1142726250830104
0.5879700456356528	0.5830477604645522	1.0084423361255666
0.7043604408759554	0.6583740250635043	1.0698484661633112
0.7927262006332506	0.6984154966974015	1.1350352395985144
0.6940073542618129	0.6018584523682946	1.1531072655554062
0.6632876722418227	0.6451141454520569	1.0281710251091005
0.6865200303253503	0.6499836768365932	1.0562111862048227
0.7764702901665027	0.6952692531519337	1.1167907780280117
0.6472615134515567	0.6339786883100677	1.0209515325773737
0.7419597233046947	0.6849927643679486	1.0831643221652278
0.7943874943584877	0.7104109352392985	1.118208426916883
0.6590981574977965	0.646239405553737	1.019897814700794
0.6925081226500436	0.6623095399017347	1.0455958746310514
0.7687388585859121	0.6854291416669883	1.1215438793808963
0.6644978311238907	0.6295652277952027	1.0554868690112147
0.685563715682904	0.6137710563375155	1.116969770086241
0.6608457568430522	0.6425535323688085	1.028468016364035
0.7001311097514217	0.66268617590768	1.0565047758729136
0.6745208877542156	0.646239548600699	1.0437629346807296
0.6202936906221355	0.6227224748249228	0.9960997325438267
0.7417026315174119	0.6758167348865153	1.097490774095673
0.6889113862482705	0.6636568869545203	1.0380535481363593
0.7679327729479678	0.6929400853264431	1.1082239131629912
0.7124293162445386	0.6466085643918642	1.1017938138734351
0.7312707774844279	0.6765974328163845	1.0808063140891058
0.7397251655576114	0.6633920859909046	1.115064802819721
0.7657769492588293	0.6902457663781593	1.1094265065572158
0.6673249596545289	0.6509347967753871	1.0251794234389306
0.7222611931829609	0.6855029554403433	1.0536222892270468
0.7371017471781585	0.6816500770683298	1.0813491730952596
0.7422619769509735	0.6759617621730064	1.0980827888323632
0.7820748731886995	0.6933492956944948	1.1279666367949974
0.6359795827983381	0.636677796083223	0.9989033490893193
0.6920632888886754	0.663029644956201	1.0437893601792003
0.7835937696915621	0.6988426723763764	1.1212735006965076
0.7331061874539261	0.6694179111576936	1.095139785229364
0.8059007058589276	0.7135580076763709	1.1294116206238947
0.7343840230423168	0.6891492930340297	1.0656385060037397
0.6647572985427118	0.6453329902241396	1.0300996673234166
0.7255957802066821	0.627992605329747	1.1554208983490906
0.7738278476322317	0.6825113750386922	1.1337947995201731
0.6782400797512393	0.6691444747995637	1.0135928865801367
0.7458943742554448	0.6793128308381767	1.098013080858661
0.7026415128425476	0.6602271225339538	1.0642421204173003
0.7420028558203424	0.6743728004969001	1.10028585861353
0.6712831916195583	0.6477475756264245	1.0363345489489064
0.7459334209920576	0.6811476812773183	1.0951126187396694
0.7749370115629209	0.6787801257936309	1.1416613158154318
0.7504943252576737	0.6871194124483146	1.0922327497392983
0.7081802370112626	0.6527229524278	1.0849629760638715
0.7315311113503663	0.6620147671467316	1.1050072410064937
0.7328536197371796	0.6565292086426314	1.1162544028350974
0.6551797081123567	0.6359856928209084	1.030179948241152
0.7091148055041138	0.672776735305603	1.0540120790324363
0.7253677691914134	0.6617102614290525	1.0962014819369492
0.7315236090964412	0.6808722717170959	1.0743918345383745
0.6199745813342079	0.5865899179742773	1.056913121649313
0.5714496841756366	0.5848605524724284	0.9770699729361144
0.6504503538694206	0.6236944426370759	1.0428990694853983
0.8015877511705785	0.693090870963952	1.1565406280070154
0.7114088905493724	0.6640409649981498	1.0713328364483576
0.6607241598078641	0.6380198984656752	1.0355855066539283
0.7193884787052983	0.6582254774749512	1.0929210480654399
0.7023192263475208	0.6643579925195889	1.057139726255062
0.6623595501692287	0.6087714065697077	1.0880267092396443
0.7508612250809374	0.6665518360134967	1.1264858702838134
0.7076981162573366	0.6741712120429855	1.0497305485838713
0.6397739979030643	0.6371719020506575	1.0040838207774578
0.3441621868231479	0.30870205132320283	1.1148684802966187
0.35709446645543286	0.32723862373228857	1.0912356933378657
0.49198351958806613	0.36058739087977343	1.364394684982489
0.4812959724163683	0.3745653531440069	1.2849452528817509
0.4070991551028752	0.31704161543899767	1.2840558944893643
0.46538325620437665	0.366295039093133	1.2705147668845436
0.5303715787257317	0.3856782259939321	1.3751659880692255
0.5408562670045161	0.3640665552244364	1.4855972328221525
0.4748253533737957	0.3732895443206898	1.2720028208608956
0.3961814635677759	0.3127184396665304	1.2668951149482803
0.5288243297546474	0.39210470463691194	1.3486814197864256
0.3173128385682693	0.29911626335569264	1.0608344561690994
0.4422350343162266	0.3490928471887989	1.266812075576713
0.5450477235217109	0.3911935863618303	1.3932941196473883
0.4237848021968457	0.3332261884432156	1.2717631953740096
0.4435526139680411	0.362959962340355	1.222042814606953
0.5651223043558464	0.40718484657413423	1.3878765605118295
0.3779491152509297	0.2940802502963661	1.285190402517826
0.422854603332526	0.2889856432374564	1.4632374072128937
0.3919075412294376	0.3360914499282685	1.1660741185563686
0.44729564328061955	0.35100472805131405	1.2743293965408595
0.4281833379466706	0.35704978932944353	1.199225852368711
0.4792258923356013	0.358913792597296	1.3352116921104127
0.44034734155414934	0.3562544742691576	1.2360471891826905
0.45321958469455387	0.3464074301193893	1.3083425622203073
0.5050948421780288	0.3761102795121092	1.3429434654996364
0.461389036841956	0.3446417132665816	1.3387498352095002
0.47231905695692505	0.38949168921544364	1.212655032276353
0.47690285019301915	0.34262741238926364	1.3918992846118319
0.5014483589083382	0.35909247517526555	1.3964323776586844
0.3805465389503985	0.3340918788688812	1.139047558530296
0.41427756721090603	0.3598720964014311	1.1511800202169233
0.4467852824352014	0.3665236192100163	1.2189808760433405
0.4533071771045158	0.35219114146600505	1.2871055621036138
0.48423417395938073	0.3661908290884853	1.3223547273554788
0.39777979689060217	0.33590820360283397	1.1841919685918805
0.3904020417778531	0.33086000439806634	1.1799614235274873
0.5357142495349122	0.40658936563068504	1.3175805734710593
0.5246627139614493	0.35719009995699175	1.4688612982964042
0.541700472536027	0.37345947368926696	1.4504933217646616
0.4692964448912876	0.391424211291718	1.198945878545907
0.3953434668542328	0.35006962639836275	1.1293281023025703
0.5224573021381061	0.33620797852182976	1.5539705643962978
0.5020689175329484	0.371338032855124	1.3520535822109783
0.31421073667783544	0.3194525083074489	0.9835913899772273
0.5073498717068714	0.3546327163370305	1.4306347055264463
0.4605226364540328	0.36420175252090403	1.2644712258148738
0.5068628924255123	0.3483216436945755	1.4551576153847996
0.4060480505182653	0.33491176476511547	1.212403066231609
0.4927726277512038	0.3587759681643427	1.3734828179056906
0.5492603160225771	0.3443445537667994	1.5950893081194275
0.5326326713400125	0.39263036220604053	1.3565753507888494
0.44913729846337364	0.3200428797563317	1.4033660077216197
0.5019822884271334	0.371293828516921	1.3519812339252404
0.4465165661234894	0.32205937476101737	1.3864417592402796
0.3778472695347684	0.3285838150657544	1.1499266007948554
0.4751983217256635	0.3616288510065958	1.3140498065985236
0.4473948144596116	0.33102823838477224	1.351530662890397
0.4516638289358622	0.3465675221217394	1.303249150903429
0.42512321484614807	0.30999493569592856	1.3713876128065132
0.3711640489662349	0.2966280955900441	1.2512774564659022
0.5265334679677609	0.36480721928295257	1.4433197594134504
0.5878599567309929	0.4094299301541309	1.4358011308789553
0.4887669400328109	0.3598781774075636	1.3581455356746464
0.3842855181486665	0.3408113823867859	1.1275606919505463
0.3758410034698871	0.32183296757218555	1.1678138703599028
0.5400187132208736	0.3993901560984224	1.3521082204334447
0.4267738729359364	0.28551367085535073	1.4947581026764636
0.44886491621608493	0.31733392959701057	1.4144876243965103
0.41536830644932776	0.34083275259970397	1.2186865941758924
0.4105037716074658	0.34982243572731203	1.1734632478731442
0.4070241508071014	0.3244535658811334	1.2544912234258463
0.4337265910764138	0.32261459540787435	1.3444109387799492
0.4656310646029215	0.26414766466515394	1.7627680532143921
0.49932228897246655	0.3592497102937696	1.3899031082423288
0.5028315867670398	0.37382328424093925	1.3451050481995956
0.4902167161004409	0.388192610510486	1.262818257812249
0.5548507237786909	0.3563650705830914	1.5569728056423529
0.6539625894265075	0.4213715216519943	1.55198573188486
0.47376814596541117	0.3610036764200189	1.3123637705400917
0.42349195890759134	0.27715716364055387	1.5279848925601633
0.5330435309542061	0.35413335102217014	1.5052056786395005
0.38851434302559457	0.31179965788767344	1.24603838778283
0.4496046505853406	0.3210480147790754	1.4004280664832318
0.5190885470449413	0.347217511831326	1.4949952964846664
0.556170405532773	0.3902894172286368	1.4250204616923057
0.5672468298205275	0.40714538301842634	1.393229184167994
0.5831283053531415	0.395632647489927	1.4739135130853636
0.4004821745874518	0.3080285984269086	1.3001460793987973
0.483976861720373	0.31590632143849023	1.532026518230366
0.5174199858543188	0.38239279597031556	1.3531112283153084
0.48475145348358795	0.34322423591348344	1.4123462237258189
0.4922061693677696	0.373187214683918	1.3189255955208923
0.486652591217736	0.36452684386126666	1.3350253881520686
0.435544847614225	0.34947894143871516	1.2462692196021843
0.48505305310462177	0.3238061945829896	1.4979733594327689
0.5825941008861385	0.3672443481831233	1.5863936470865247
0.47920816036376257	0.3090646229195584	1.5505112032459574
0.5270447945241405	0.40935204714995976	1.2875098541551104
0.5335540811283518	0.2992422870241642	1.783016987452935
0.5763723675370183	0.33938744196633674	1.6982725235725948
0.4701747564902656	0.3430277273091887	1.370661083809335
0.5088638611351125	0.38758118423685894	1.312921993716122
0.49032075537427366	0.37951319717991217	1.2919728721365966
0.5091656196212244	0.340297790055636	1.496235457591364
0.523618090619352	0.33559279753925075	1.5602780943417296
0.40271759954291214	0.32134435528928795	1.2532275514233586
0.4756254525865031	0.3452501036113156	1.3776258069482428
0.5535320875728964	0.3769924278053771	1.46828436527287
0.6669251843772984	0.3607928226749192	1.848499034522674
0.5476039010602781	0.3189293342836446	1.7170070049851807
0.45506066657190913	0.38881196143944885	1.1703875181390926
0.54366755719272	0.3975583844992109	1.3675162652588932
0.5603180287567222	0.29657210734153966	1.88931465531061
0.4492541481597435	0.3314108595454403	1.3555806492760551
0.42369913446636676	0.32985730516048856	1.2844921965885232
0.5545428719165068	0.320610004238151	1.7296493078381578
0.40920434699597963	0.3135435281847731	1.3050958167276634
0.5116649123115604	0.3160736470615958	1.6188154788236686
0.5536327741464486	0.388961219732795	1.423362397225045
0.5889682395957774	0.3208300541081218	1.83576392564922
0.5422064315695639	0.3269409472736045	1.658423137545423
0.5396809184448703	0.4025953663775453	1.3405045450492572
0.5808159088132141	0.2981155041820697	1.9482915201166096
0.48350150407259324	0.3269594002487579	1.4787814747174561
0.5303539691326616	0.3211089016192268	1.6516327216663684
0.4791262349119487	0.3668257048376855	1.306141387021813
0.459912568566517	0.33980396209902225	1.3534644084947247
0.5068257922686463	0.3499878938378192	1.4481237814000052
0.5751787879678211	0.36189858653467527	1.5893369285450647
0.4605591717202088	0.32585533420381363	1.4133853995225427
0.5662973373697675	0.37358892833873497	1.5158300859930807
0.6239869507023742	0.41703025970582647	1.496263007731226
0.6991281823432467	0.4062102960360796	1.7210991182782578
0.5636944592646913	0.3637092029615689	1.5498493155375388
0.4304301292452738	0.34235229987715193	1.257272492107479
0.4494768962379103	0.30573565717380413	1.470148756585472
0.5868591669050572	0.39804645326937566	1.4743484386931685
0.5192787445725313	0.2731479845419149	1.9010894239010843
0.5327749827165983	0.3411290754046844	1.5617988061690804
0.5114780935518867	0.34254074179093824	1.4931890754882975
0.48495725911795773	0.36611773506764417	1.3245937376629862
0.4751914510969317	0.39470114387221567	1.2039272205676068
0.4844980754135371	0.36930044214457936	1.311934728807767
0.4825587638200813	0.2992534610919569	1.6125419637896752
0.562990275608243	0.42608607009566923	1.321306456889883
0.552814248297179	0.4406632863313265	1.2545048917043846
0.5706122120579088	0.46252163832110216	1.2336984149091108
0.6337236216800567	0.4230951744449533	1.497827581019852
0.7010845194562177	0.4719395709323787	1.4855387482578184
0.5583679613059493	0.4442202814690987	1.256961882648285
0.4609670990442196	0.3025615657728877	1.5235481012490402
0.5729725330212083	0.4034422278891297	1.4202096196500962
0.46283263636043065	0.3889827024673918	1.1898540305895213
0.544600539144946	0.40683830715434893	1.3386166680177733
0.6080032341038648	0.4139619962450768	1.4687416710202312
0.6510118076689313	0.46829754415626657	1.3901670333160976
0.685766272659872	0.5062126369631881	1.3547000264036102
0.6752088564572131	0.47234981445820495	1.4294678134502745
0.4653925895289182	0.37475971325109114	1.2418426342884474
0.546246188901903	0.396906094837743	1.3762605210817207
0.5810609696511271	0.4517176930188003	1.286336529720441
0.5778799541910443	0.4394014800401735	1.3151524982078122
0.6057589412590003	0.4718063877114891	1.2839142432921522
0.6078462379817201	0.45858099802617497	1.325493730874181
0.513057021616839	0.4307636318274501	1.1910407093567104
0.5988602603850336	0.41069295937487693	1.4581702625157478
0.6298243241946184	0.41010711895340735	1.5357556479437104
0.5624254296833276	0.3899680847403624	1.442234510185073
0.6218447453070189	0.4930767604807131	1.2611520054215628
0.6217950547243425	0.3600977219500517	1.7267397620765572
0.6410854138218117	0.39734616990621735	1.6134178768430618
0.5380263588016062	0.4085052161216155	1.317061172216296
0.5797573856540847	0.45654969567306714	1.2698669852344968
0.5986396296318746	0.46705395008478995	1.2817355029824633
0.5974806046342375	0.4226625667070641	1.413611357374676
0.6069041929566504	0.40506171029311583	1.498300573800162
0.5245117213147235	0.4208223809606126	1.2463969243209425
0.5726861321797662	0.4310772722652113	1.328499944268537
0.6349181422041384	0.43372812563582164	1.463862047851712
0.726008071934506	0.4281210446594986	1.6958009445948368
0.6087081000582619	0.3901692696106682	1.5601128727171758
0.5901078289006826	0.4889249208042525	1.206949786748424
0.6369066167268158	0.48485236109939467	1.3136093949973568
0.6910167683985806	0.369573933245081	1.869765982495136
0.4903966264132796	0.3788724135149249	1.2943582296312037
0.49169760631583437	0.3895674414697817	1.2621629889313397
0.6197095209771678	0.37269690893606444	1.6627707558569476
0.4981286898582677	0.38808993328804703	1.2835393220275775
0.6437464944976727	0.436191282121701	1.4758353063967522
0.646782765844954	0.46959694391537093	1.3773146827836147
0.6416951069731168	0.3640961229457994	1.7624332326896042
0.6132364415274403	0.39443624228982643	1.5547162653396398
0.6118523256435675	0.48001213786890834	1.2746601124712909
0.6691056183899206	0.3469011237954695	1.928807872021829
0.5943401868437073	0.4142370066941596	1.4347829316044713
0.6505657858268465	0.4158798655675557	1.5643118113905623
0.5993948682581883	0.45931164836673205	1.3049851236945083
0.48643143328909233	0.3731575220900107	1.3035552132639536
0.6321443182918789	0.4569974120072942	1.3832557946341042
0.6913933434244763	0.47581246423615503	1.4530795121863902
0.567807593048625	0.42307709859871995	1.3420901176860416
0.6601783319549002	0.45515103365442944	1.4504599202034032
0.6951250136125153	0.4895995552240443	1.419782771849989
0.7828785051464934	0.48032488701976683	1.6298936955025516
0.6437457607927825	0.43545747441217425	1.4783206136529805
0.5397933430924639	0.4398836710998351	1.2271274851890408
0.5070506689458887	0.3788726131064211	1.3383143869611493
0.641105955968291	0.4578438918312201	1.4002719429194193
0.607801717357479	0.3400362277946387	1.7874616516583475
0.6234299780411313	0.41933707822924765	1.4867036816150754
0.5847955176093609	0.43351013003736205	1.348977744900587
0.5485460177362245	0.4355105704332868	1.2595469661975813
