0	1.0	0.9999908745262873	1.0000091255569876
0	1.0	0.9999908745262873	1.0000091255569876
0	1.0	0.9999908745262873	1.0000091255569876
0	1.0	0.9999908745262873	1.0000091255569876
0	1.0	0.9999908745262873	1.0000091255569876
0	1.0	0.9999908745262873	1.0000091255569876
0	1.0	0.9999908745262873	1.0000091255569876
0	1.0	0.9999908745262873	1.0000091255569876
0	1.0	0.9999908745262873	1.0000091255569876
0	1.0	0.9999908745262873	1.0000091255569876
0	0.9994715756181195	0.9997305251986879	0.9997409806202358
0	1.0	0.9999908745262873	1.0000091255569876
0	1.0	0.9999908745262873	1.0000091255569876
0	1.0	0.9999908745262873	1.0000091255569876
0	1.0	0.9999908745262873	1.0000091255569876
0	1.0	0.9999908745262873	1.0000091255569876
0	1.0	0.9999908745262873	1.0000091255569876
0	1.0	0.9999908745262873	1.0000091255569876
0	1.0	0.9999908745262873	1.0000091255569876
0	1.0	0.9999908745262873	1.0000091255569876
0	1.0	0.9999908745262873	1.0000091255569876
0	1.0	0.9999908745262873	1.0000091255569876
0	1.0	0.9999908745262873	1.0000091255569876
0	1.0	0.9999908745262873	1.0000091255569876
0	1.0	0.9999908745262873	1.0000091255569876
0	1.0	0.9999908745262873	1.0000091255569876
0	1.0	0.9999908745262873	1.0000091255569876
0	1.0	0.9999908745262873	1.0000091255569876
0	1.0	0.9999908745262873	1.0000091255569876
0	1.0	0.9999908745262873	1.0000091255569876
0	1.0	0.9999908745262873	1.0000091255569876
0	1.0	0.9999908745262873	1.0000091255569876
0	1.0	0.9999908745262873	1.0000091255569876
0	1.0	0.9999908745262873	1.0000091255569876
0	1.0	0.9999908745262873	1.0000091255569876
0	1.0	0.9999908745262873	1.0000091255569876
0	1.0	0.9999908745262873	1.0000091255569876
0	1.0	0.9999908745262873	1.0000091255569876
0	1.0	0.9999908745262873	1.0000091255569876
0	1.0	0.9999908745262873	1.0000091255569876
0	1.0	0.9999908745262873	1.0000091255569876
0	1.0	0.9999908745262873	1.0000091255569876
0	1.0	0.9999908745262873	1.0000091255569876
0	0.9983882828890931	0.9989412370598596	0.9994464597613429
0	1.0	0.9999908745262873	1.0000091255569876
0	1.0	0.9999908745262873	1.0000091255569876
0	1.0	0.9999908745262873	1.0000091255569876
0	1.0	0.9999908745262873	1.0000091255569876
0	1.0	0.9999908745262873	1.0000091255569876
0	1.0	0.9999908745262873	1.0000091255569876
0	1.0	0.9999908745262873	1.0000091255569876
0	1.0	0.9999908745262873	1.0000091255569876
0	1.0	0.9999908745262873	1.0000091255569876
0	1.0	0.9999908745262873	1.0000091255569876
0	1.0	0.9999908745262873	1.0000091255569876
0	1.0	0.9999908745262873	1.0000091255569876
0	1.0	0.9999908745262873	1.0000091255569876
0	1.0	0.9999908745262873	1.0000091255569876
0	1.0	0.9999908745262873	1.0000091255569876
0	1.0	0.9999908745262873	1.0000091255569876
0	1.0	0.9999908745262873	1.0000091255569876
0	1.0	0.9999908745262873	1.0000091255569876
0	1.0	0.9999908745262873	1.0000091255569876
0	1.0	0.9999908745262873	1.0000091255569876
0	1.0	0.9999908745262873	1.0000091255569876
0	1.0	0.9999908745262873	1.0000091255569876
0	1.0	0.9999908745262873	1.0000091255569876
0	1.0	0.9999908745262873	1.0000091255569876
0	1.0	0.9999908745262873	1.0000091255569876
0	1.0	0.9999908745262873	1.0000091255569876
0	1.0	0.9999908745262873	1.0000091255569876
0	1.0	0.9999908745262873	1.0000091255569876
0	1.0	0.9999908745262873	1.0000091255569876
0	1.0	0.9999908745262873	1.0000091255569876
0	1.0	0.9999908745262873	1.0000091255569876
0	1.0	0.9999908745262873	1.0000091255569876
0	1.0	0.9999908745262873	1.0000091255569876
0	1.0	0.9999908745262873	1.0000091255569876
0	1.0	0.9999908745262873	1.0000091255569876
0	1.0	0.9999908745262873	1.0000091255569876
0	1.0	0.9999908745262873	1.0000091255569876
0	1.0	0.9999908745262873	1.0000091255569876
0	1.0	0.9999908745262873	1.0000091255569876
0	1.0	0.9999908745262873	1.0000091255569876
0	1.0	0.9999908745262873	1.0000091255569876
0	1.0	0.9999908745262873	1.0000091255569876
0	1.0	0.9999908745262873	1.0000091255569876
0	1.0	0.9999908745262873	1.0000091255569876
0	1.0	0.9999908745262873	1.0000091255569876
0	1.0	0.9999908745262873	1.0000091255569876
0	1.0	0.9999908745262873	1.0000091255569876
0	1.0	0.9999908745262873	1.0000091255569876
0	1.0	0.9999908745262873	1.0000091255569876
0	1.0	0.9999908745262873	1.0000091255569876
0	1.0	0.9999908745262873	1.0000091255569876
0	1.0	0.9999908745262873	1.0000091255569876
0	1.0	0.9999908745262873	1.0000091255569876
0	1.0	0.9999908745262873	1.0000091255569876
0	1.0	0.9999908745262873	1.0000091255569876
0	1.0	0.9999908745262873	1.0000091255569876
0	1.0	0.9999908745262873	1.0000091255569876
0	1.0	0.9999908745262873	1.0000091255569876
0	1.0	0.9999908745262873	1.0000091255569876
0	1.0	0.9999908745262873	1.0000091255569876
0	1.0	0.9999908745262873	1.0000091255569876
0	1.0	0.9999908745262873	1.0000091255569876
0	1.0	0.9999908745262873	1.0000091255569876
0	1.0	0.9999908745262873	1.0000091255569876
0	1.0	0.9999908745262873	1.0000091255569876
0	1.0	0.9999908745262873	1.0000091255569876
0	1.0	0.9999908745262873	1.0000091255569876
0	1.0	0.9999908745262873	1.0000091255569876
0	1.0	0.9999908745262873	1.0000091255569876
0	1.0	0.9999908745262873	1.0000091255569876
0	1.0	0.9999908745262873	1.0000091255569876
0	1.0	0.9999908745262873	1.0000091255569876
0	1.0	0.9999908745262873	1.0000091255569876
0	1.0	0.9999908745262873	1.0000091255569876
0	1.0	0.9999908745262873	1.0000091255569876
0	1.0	0.9999908745262873	1.0000091255569876
0	1.0	0.9999908745262873	1.0000091255569876
0	1.0	0.9999908745262873	1.0000091255569876
0	1.0	0.9999908745262873	1.0000091255569876
0	1.0	0.9999908745262873	1.0000091255569876
0	1.0	0.9999908745262873	1.0000091255569876
0	1.0	0.9999908745262873	1.0000091255569876
0	1.0	0.9999908745262873	1.0000091255569876
0	1.0	0.9999908745262873	1.0000091255569876
0	1.0	0.9999908745262873	1.0000091255569876
0	1.0	0.9999908745262873	1.0000091255569876
0	1.0	0.9999908745262873	1.0000091255569876
0	1.0	0.9999908745262873	1.0000091255569876
0	1.0	0.9999908745262873	1.0000091255569876
0	1.0	0.9999908745262873	1.0000091255569876
0	1.0	0.9999908745262873	1.0000091255569876
0	1.0	0.9999908745262873	1.0000091255569876
0	1.0	0.9999908745262873	1.0000091255569876
0	1.0	0.9999908745262873	1.0000091255569876
0	1.0	0.9999908745262873	1.0000091255569876
0	1.0	0.9999908745262873	1.0000091255569876
0	1.0	0.9999908745262873	1.0000091255569876
0	1.0	0.9999908745262873	1.0000091255569876
0	1.0	0.9999908745262873	1.0000091255569876
0	1.0	0.9999908745262873	1.0000091255569876
0	1.0	0.9999908745262873	1.0000091255569876
0	1.0	0.9999908745262873	1.0000091255569876
1	0.920345857047875	0.8715342759920841	1.0560064961303188
1	0.9247209469523415	0.7633825430117731	1.2113467296540998
1	0.8513934450910806	0.8554492568996613	0.9952588516783802
1	0.8176979644133937	0.8457338699747742	0.9668502036435922
1	0.9732696674989996	0.8864511067444678	1.0979394803548466
1	0.9569661174482818	0.8754243436499505	1.0931454264321177
1	0.92963632157925	0.8750254559944768	1.062410602126663
1	0.939329497514468	0.8869000975111176	1.05911533909003
1	0.9114688962169822	0.8625930245826583	1.0566615660472922
1	0.8164884741271219	0.8137318207074171	1.0033876682090523
1	0.9168434263778661	0.8652249588110236	1.0596590135792843
1	0.9125107092266163	0.87190071930671	1.0465763922665383
1	0.8975203977880757	0.8521907126334245	1.0531919492698696
1	0.9051619096845573	0.8430330344223376	1.0736968454679734
1	0.8200290243062393	0.6434795238049438	1.2743669285035595
1	0.7030504340207087	0.7060386165584571	0.9957676783285393
1	0.865119730183934	0.8568926167905166	1.0096011019726507
1	0.8355830093471379	0.8172657445307473	1.02241286257129
1	0.9315372934875871	0.8829430118431288	1.0550367135734144
1	0.9187704997782623	0.8709568630580194	1.0548978241613072
1	0.9655094457107527	0.8826492454548849	1.0938767020790514
1	0.9282429741594438	0.8760013140481189	1.05963650884256
1	0.8937084512505912	0.8717211791058683	1.0252228266006744
1	0.8694761096768335	0.8328365572376314	1.0439936889426766
1	0.888851781130812	0.866927631316787	1.0252894809463209
1	0.9471113684338259	0.892191083037552	1.061556640096976
1	0.9681838349642492	0.8890356993448073	1.0890269487240745
1	0.970859563265989	0.9025819244007395	1.0756470266237403
1	0.7998336688454574	0.8086396001382984	0.989110190384771
1	0.855840189731882	0.8156639612465855	1.0492558582873943
1	0.9374079311012669	0.8557172368253491	1.0954645889557917
1	0.9093567823012139	0.8787419115429866	1.034839433918055
1	0.9336919944686504	0.8345206207831469	1.1188363369528689
1	0.9404781066779082	0.7655687274962574	1.2284698589422278
1	0.9701390526747193	0.8859238336675377	1.0950592091631042
1	0.9611665759300326	0.8851363644068108	1.0858966082295973
1	0.9564068019908831	0.8486878326486466	1.126924135351463
1	0.9550265496347052	0.8797381338615536	1.08558048455019
1	0.8458211968696367	0.8211793876438578	1.0300078272744786
1	0.920164510963048	0.8493594797575968	1.0833628550606846
1	0.8667546650092917	0.8067506076278668	1.0743774554541188
1	0.9033786200468155	0.8589670468660136	1.0517034656251831
1	0.9425082761884503	0.8884211976557842	1.0608799955194472
1	0.8975799742243638	0.872639174137736	1.0285808852338907
1	0.9186053190324286	0.8847375749951163	1.0382799883202647
1	0.8419191756540509	0.735215021521244	1.1451332617116878
1	0.8015705974710287	0.8254897404172398	0.9710243001516635
1	0.8379110596589537	0.8454255542172403	0.9911115833667412
1	0.9443768016356021	0.883733728920609	1.0686214305626454
1	0.9584427481384221	0.8578471910769824	1.117265123798036
1	0.9546713005637297	0.8760322185012075	1.0897673400609225
1	0.9097308269885819	0.8755498041233355	1.0390394957594342
1	0.8759137258237694	0.8525629072865283	1.027388968412384
1	0.9408305609903092	0.8841210411800005	1.064142257868471
1	0.949416377322683	0.8579000801224752	1.106674774044948
1	0.8837349893282986	0.7947128534082903	1.1120179893130184
1	0.8681575573882642	0.853184139594306	1.0175500423637482
1	0.8981258435569546	0.8552269253217172	1.0501608601940353
1	0.9597114792222119	0.8892655162135393	1.0792181432027512
1	0.9277717339464278	0.88053895995875	1.0536407542829116
1	0.9425464452951564	0.8912237184737595	1.0575868053750728
1	0.9147168208357043	0.8800019522954368	1.0394486267328336
1	0.9278789083954532	0.8704949078317933	1.0659211214762767
1	0.9769666109218826	0.894997094543356	1.0915863491382047
1	0.8230876725092221	0.8223504368593687	1.0008964981555417
1	0.880176535985955	0.8661808391485181	1.0161579386253743
1	0.918563319751096	0.885230689431078	1.037654173898377
1	0.9570454131753264	0.8847716251103893	1.081686376477003
1	0.9273839228048425	0.8683537446793447	1.0679794133291793
1	0.8720984852179303	0.8519471367137103	1.0236532850875604
1	0.8213997666619524	0.8192217765874306	1.002658608617064
1	0.9597921659004218	0.8839980838011466	1.0857400977311675
1	0.9633601881003686	0.8706330233082944	1.106505453284695
1	0.927575552309191	0.8736886194031704	1.0616775035284671
1	0.8569578291037502	0.7773302484138005	1.1024372599065013
1	0.8984550898093661	0.8676747708742667	1.0354744887927134
1	0.8870020233020091	0.8513645709260256	1.041859214715995
1	0.950936594563785	0.888932427589951	1.069751271355842
1	0.8343340655690337	0.8381061441098028	0.9954992830355925
1	0.9640879108238052	0.8870481944674506	1.0868495272712957
1	0.9155376500484145	0.8638780976523442	1.0597995857707923
1	0.8451929326126202	0.828556360958809	1.0200789860988566
1	0.963559144917783	0.8910141071407965	1.0814185063913058
1	0.9622361337041646	0.8950370803173684	1.075079630625994
1	0.9017682369107594	0.8625663136165362	1.0454480109823194
1	0.8865458540269161	0.8561433428568823	1.035511005748854
1	0.8221225118044846	0.7819349770518931	1.0513949828719895
1	0.8216407631583905	0.8343537937909832	0.9847630217214816
1	0.8800839322683405	0.8389895554779984	1.048980796628546
1	0.9540325279917244	0.8675856680946671	1.0996407191544624
1	0.9000030585230689	0.8563159059604059	1.0510175651982845
1	0.951321170095674	0.8694608938487202	1.0941506131283196
1	0.888034719841535	0.8659006167204036	1.0255619440542314
1	0.8327035368070153	0.8539202284786767	0.9751537778775184
1	0.958840349195151	0.8888056627743675	1.078796399881357
1	0.935653870822931	0.8856703130689472	1.05643585092153
1	0.9501831410649672	0.886034435514099	1.0723997882922547
1	0.9133544626505262	0.8624154270734533	1.059065543099027
1	0.9369319677425085	0.8870294661596678	1.056257997605074
1	0.9235069784453074	0.8702863808599316	1.061152970741411
1	0.9368437530019484	0.877778588788482	1.0672893654138782
1	0.8927024354958142	0.8720318187497507	1.0237039707744833
1	0.9300171056137012	0.875592086539177	1.0621579613512062
1	0.8993102905249089	0.8560048471268309	1.0505901847909298
1	0.932455673658896	0.861490826442563	1.0823744664924349
1	0.8805575608670784	0.8505476440087012	1.035283052125026
1	0.9416614752250346	0.8764937498197196	1.074350473598607
1	0.8646766238828867	0.8451200633050211	1.023140570703511
1	0.8965974423395553	0.8459460095987799	1.0598754910668575
1	0.9216378596462688	0.8782262282591875	1.0494310349545486
1	0.8783602678822333	0.8583141401256211	1.0233552341962795
1	0.9747479513792247	0.8768386990544356	1.1116616458994937
1	0.9124495994308622	0.8321535584046008	1.096491855638044
1	0.9286539911522358	0.8221599418309801	1.1295296011188403
1	0.7303108160550777	0.7779653631331558	0.9387446416815326
1	0.8277794515751561	0.8328772480854577	0.9938792943113527
1	0.9360221916902504	0.8816918431005822	1.0616205639360443
1	0.9510645383825551	0.8400234661542109	1.1321880598606509
1	0.8680470899760369	0.8289349286766314	1.047183632811621
1	0.8628777760067374	0.8352234942628398	1.033110038132135
1	0.9612518426025453	0.8502993766193272	1.1304863546111839
1	0.929352908622187	0.8772226610098085	1.0594264716695407
1	0.845402286511519	0.8060177571492787	1.048863103837235
1	0.8801001515907121	0.8399403238370335	1.0478127155155732
1	0.8026501262282896	0.830983554589946	0.9659037435757225
1	0.8431704366329157	0.8216985288880327	1.026131125942187
1	0.9177977070414715	0.8741703744011722	1.04990712785272
1	0.8674262941663657	0.72380892183589	1.19841890310802
1	0.9202059877473729	0.8442647749672697	1.0899495217990676
1	0.913288662430495	0.851228549171658	1.072906522366089
1	0.9436497323136261	0.88759301012308	1.0631558851311513
1	0.913905890406826	0.8549264062703889	1.0689877908833518
1	0.8516399203410014	0.8147283632507016	1.0453053542201791
1	0.7322523910620893	0.792789996298198	0.923639796769915
1	0.9224498361004858	0.8766333559856473	1.0522641304965228
1	0.9076105701492615	0.8084553746651807	1.122647703993737
1	0.93358787087876	0.7843033494818327	1.1903402828708503
1	0.8697152553373844	0.8313469681302901	1.0461519542115911
1	0.9164893489717247	0.8600875475814566	1.065576814300903
1	0.9374588529642672	0.859893532389096	1.0902034003670973
1	0.9456564365485235	0.8703350388649296	1.0865429912850875
1	0.9477219498994348	0.8530969309174656	1.1109194225798051
1	0.8983463561550632	0.8689846792276246	1.0337884862982119
1	0.9536305686279576	0.8943452972992827	1.0662890177962614
1	0.802611668388882	0.8043461455211327	0.9978436185193292
1	0.9032017716138672	0.8697137273086833	1.038504674875964
2	0.9304126242841904	0.9018622887656569	1.0316570898619224
2	0.9303877775676306	0.8697149229540616	1.069761772521378
2	0.9014086969880741	0.9014883842069178	0.9999116048301457
2	0.90342247702322	0.9041815370884217	0.9991605003707043
2	0.9552953192195052	0.9192736570070025	1.0391849172854393
2	0.9580002183613006	0.9153956282329545	1.046542269609249
2	0.9537956716627104	0.9159165220841364	1.0413565523333734
2	0.9595349200199224	0.9236889253717339	1.0388074314453455
2	0.9420242758425651	0.9123796870965555	1.032491504540557
2	0.8352357551241522	0.8494974003006781	0.9832116670734036
2	0.9298256597653438	0.911083289101754	1.0205715228100256
2	0.9391059354025544	0.9105497848753638	1.0313614378933706
2	0.9285223179780437	0.8983461385481497	1.033590815538722
2	0.9244504752775192	0.899840546201399	1.0273492111241365
2	0.8891001251830086	0.8006267270277957	1.11050517696762
2	0.8549229093691153	0.8191235522616754	1.0437044655944694
2	0.9143702390110219	0.9056595834112195	1.009618023989757
2	0.9058019367762367	0.8957884503185929	1.0111784054081991
2	0.947916191646544	0.9196371695029123	1.0307501948392508
2	0.9088072564348	0.9011825435144138	1.0084607863026855
2	0.9744630794029275	0.9140796621950183	1.0660592503096589
2	0.9511707765451497	0.9115267175123071	1.0434919331174815
2	0.9279330529149163	0.9126481152808084	1.0167478980980584
2	0.9058765421280466	0.8975241942562596	1.00930598631796
2	0.9235857006845386	0.9119797807091143	1.012726071587245
2	0.9497663982443904	0.921401367288716	1.030784663408022
2	0.9720184687106656	0.9265499440222071	1.0490729344724548
2	0.9747040854020501	0.9324749835378112	1.0452871150537697
2	0.8821835536961679	0.8788746614123666	1.0037649194237592
2	0.9027156997705745	0.8878540525910571	1.0167388402814024
2	0.9383664911019081	0.9051284418016565	1.0367219145540176
2	0.9254410560284534	0.9139453376448912	1.0125781246536965
2	0.9432969291460408	0.9026664447642903	1.0450116259637414
2	0.9380772737972617	0.8572392567237748	1.0943004143119113
2	0.9751742024798868	0.9249642969506471	1.0542830741627196
2	0.9715779823048354	0.9203693127345417	1.0556392622632602
2	0.9564008150127652	0.8978582566728169	1.0652024502808368
2	0.9578902872173336	0.9197754144869812	1.0414393254375163
2	0.9091956046564803	0.8970267781777529	1.0135657337938646
2	0.9505015776499557	0.9092942312882402	1.0453179454392174
2	0.9027298228006175	0.862491112939843	1.0466540573660161
2	0.8896970913799723	0.8945138221107142	0.9946152528762762
2	0.9477344769641072	0.9217119279475032	1.0282328439369899
2	0.9142423366782808	0.9084059826535823	1.0064248300166956
2	0.9540890551021303	0.9236335906456742	1.0329735349221827
2	0.9192879718329419	0.8613963487704133	1.0672067198162205
2	0.8697584014722961	0.8851894619840585	0.9825675054048031
2	0.8939881576142824	0.8933690378918424	1.0006930167670698
2	0.948275985532611	0.9146310934034116	1.0367852048458184
2	0.9625867230631373	0.9007529274138651	1.0686467884448647
2	0.9537009168782884	0.9070781311416946	1.0513988642609122
2	0.9438782787900291	0.9178630879817776	1.0283432149618896
2	0.913832539645712	0.8973194792583735	1.0184026545383662
2	0.9558950309821054	0.9241293819953472	1.034373594872799
2	0.9513948074377625	0.9046300346641624	1.0516949150278447
2	0.8945736000641844	0.872652940865156	1.0251195614803017
2	0.9085184176929928	0.90250149749944	1.0066669365205752
2	0.9117444180412925	0.8963443956565371	1.0171809211497054
2	0.9675902507176011	0.9226355487975384	1.0487242248346615
2	0.9564896862884211	0.9216955679715497	1.0377501200243868
2	0.9668198374836787	0.9278830449934021	1.0419630390924466
2	0.9530640650085722	0.9230684947860394	1.0324954977793772
2	0.9378223906820026	0.9155120935982559	1.024369199751431
2	0.9738340380377692	0.9228207052325339	1.0552797878460918
2	0.8810377409128003	0.8877295303383532	0.9924619051221577
2	0.934204441564877	0.9178878598517715	1.0177762256445362
2	0.944409516866083	0.9237999543168143	1.0223095513838927
2	0.9688128511707956	0.9185916423644424	1.0546719635692359
2	0.9371973129665043	0.9134423505258764	1.0260059788414146
2	0.9210183327377003	0.9073440658157201	1.0150706522885413
2	0.8967087500949706	0.8973166768650804	0.999322505882501
2	0.9631274250809533	0.9226023015495491	1.0439248021204157
2	0.9633418591932802	0.9066261035955688	1.0625569409184046
2	0.941281144089994	0.9076035508459757	1.037106061575704
2	0.9178909705645409	0.8854493203842223	1.0366386301660284
2	0.9280963845784914	0.9095864982732412	1.0203497812911575
2	0.9156681184844931	0.8821223870382391	1.038028432266508
2	0.9587266274888757	0.9258077027194048	1.035556978703868
2	0.8845521350449047	0.8943955124679027	0.9889943796835058
2	0.9676992371742685	0.9230543058838859	1.0483665273059228
2	0.9503158106733605	0.9105905601181434	1.0436258097712576
2	0.9190507244963317	0.9032181170131962	1.0175291075155706
2	0.9680225456279814	0.9207515872387237	1.0513395350542054
2	0.9639998906239556	0.9243743738198527	1.0428673900168346
2	0.9186777378653599	0.9062723241893693	1.0136883951378377
2	0.93486464518409	0.909892403355831	1.0274452690627565
2	0.905715012744829	0.8806495107813018	1.028462517331429
2	0.9087084270366421	0.9043444180408232	1.0048256050557298
2	0.8838145954350111	0.877113316657481	1.0076401516773994
2	0.9545325537184116	0.9053314439143458	1.054345963718367
2	0.9211517395243671	0.9070884072489478	1.015503816566316
2	0.9480182323803958	0.9142032133602684	1.0369885147262128
2	0.9342029922670936	0.9166359156686236	1.019164726472294
2	0.9098627695943083	0.9114546151163647	0.998253510931147
2	0.9503787773465844	0.9158219609277138	1.0377331161439556
2	0.9508046005517296	0.9186370041660616	1.035016656459283
2	0.949978543424324	0.9161178299164257	1.0369610899407855
2	0.9156088176932613	0.8983310517195755	1.0192331835135977
2	0.9379563909889317	0.9181883149792595	1.02152943539705
2	0.927442203482214	0.9039092034274824	1.026034694597088
2	0.9355656270579672	0.9051409684898647	1.0336131714586545
2	0.931358508987811	0.9113655714058535	1.021937341292273
2	0.9581039555253392	0.9168697358386745	1.0449728222831427
2	0.9384127241770649	0.9069624636750468	1.0346764742331016
2	0.948110692817532	0.9038032190628658	1.0490233635155757
2	0.905626728849572	0.885128404414083	1.0231585884412533
2	0.946480894935544	0.9102648363287035	1.039786287640098
2	0.9200625500613381	0.8970754951796114	1.0256244374138481
2	0.9332329815503251	0.8981760662485259	1.0390312285298626
2	0.9245533348067692	0.9071701263743792	1.019162015951588
2	0.8878461692776731	0.8889681878985861	0.9987378416503685
2	0.9680125925158789	0.9115207663992769	1.061975358323166
2	0.9224176056378424	0.8950698838046873	1.0305537280697097
2	0.9303253778048036	0.8926607548570052	1.0421936583891065
2	0.8427341111201901	0.8660022637216099	0.9731315337428498
2	0.9001805079647726	0.8998046979494116	1.0004176573163235
2	0.9385593594020968	0.9150265304043498	1.0257181930969235
2	0.9639910801046778	0.909500686322647	1.059912427336751
2	0.9242828165727983	0.8976561605902877	1.0296624221517081
2	0.9152237082912738	0.9005864487858384	1.016253031039018
2	0.9583387088465447	0.9106748322217558	1.0523390731118638
2	0.9324468700003721	0.9147500184406863	1.0193461068083414
2	0.8505062463429344	0.8443589737335546	1.0072804018203276
2	0.8915500862763928	0.8950694587525126	0.9960680453994878
2	0.8671828054761537	0.8875973512181198	0.9770002178195444
2	0.9086742041140023	0.8954344161852139	1.0147858823488083
2	0.9480730939141455	0.914408890094785	1.036815263044819
2	0.8757993230168907	0.8029376395884801	1.0907438882373899
2	0.91163373286551	0.8703161461784094	1.0474742274615123
2	0.9212249404055324	0.8964612057157032	1.027623877678074
2	0.9542874782554117	0.9192275910230153	1.0381405949677576
2	0.8970471727124194	0.89090516304442	1.006894122879489
2	0.9088752124769517	0.891268614411125	1.0197545361534577
2	0.860406790402567	0.8792209959989485	0.9786012780836684
2	0.9400743530526292	0.9140962652747475	1.0284194222914516
2	0.9265644931864638	0.8950820064704688	1.0351727400265127
2	0.9320477298664965	0.8764142522801344	1.0634785176548904
2	0.892160174298214	0.8867528099733866	1.0060979387536304
2	0.955958367406971	0.912052348913587	1.0481398009069147
2	0.9269989563939637	0.8912437482603356	1.0401183270047285
2	0.955453855813305	0.9172580550124565	1.0416412814170706
2	0.9582795631615296	0.9130222839013591	1.0495686469631227
2	0.9380925079087923	0.9185624908737084	1.021261500691703
2	0.9627786491423477	0.9264832259367527	1.0391754779682032
2	0.8811146379846619	0.8809419737123402	1.0001959995975604
2	0.9353867965178251	0.9064208240985704	1.0319564286798697
3	0.9336520858556592	0.9039261777716255	1.032885327159475
3	0.9303862915721812	0.8699475904324916	1.0694739565973654
3	0.9025638178365583	0.9022878233658923	1.0003058829605351
3	0.9036515888332314	0.9044340861265457	0.999134821093856
3	0.9552947166617709	0.9197400743116284	1.038657272139363
3	0.9579994585687922	0.9156735962909586	1.0462237444098852
3	0.9537950953622945	0.9163241230710334	1.0408927052642445
3	0.959534338308276	0.9241362579366333	1.0383039622865546
3	0.9422950672113395	0.9126235530594277	1.0325123256488864
3	0.8358142349144337	0.8497221021820041	0.9836324520312508
3	0.9298242981278808	0.9114892236183612	1.0201155142972886
3	0.9391050695704612	0.9108963261005385	1.0309681164163673
3	0.931218897332261	0.899832573050387	1.0348801824049068
3	0.9251883806291751	0.9009916879106896	1.026855622580265
3	0.889133121979105	0.800636932928994	1.1105322342879722
3	0.8541669345930917	0.8215475163577858	1.0397048467505805
3	0.916147033318776	0.9069229256226925	1.0101707735414784
3	0.9055660291422232	0.8972836997610478	1.0092304467175555
3	0.9486208156326088	0.9201374133951405	1.0309555962216226
3	0.9088052095087582	0.9015434999265785	1.0080547523028796
3	0.9744627947928073	0.9143945920476182	1.0656917738442409
3	0.951170130005492	0.9119457207976793	1.0430117805405161
3	0.9289397350441705	0.913295466827733	1.0171294710032632
3	0.9058740753636811	0.8977205282424623	1.0090825004717021
3	0.9235844776108355	0.9122655735957369	1.0124074659207896
3	0.9497653537779162	0.9219366437790253	1.030185056843842
3	0.972028043620224	0.9267704938657012	1.0488336109685006
3	0.9748547126080276	0.9327894696754212	1.0450961811857113
3	0.882181129585074	0.8792320424628924	1.0033541624733338
3	0.9028268459701116	0.8881595490330139	1.0165142591250265
3	0.9383654678497801	0.9054319267596191	1.0363732933606884
3	0.9254397155652352	0.9142630258204013	1.0122248077732385
3	0.9432956935999603	0.9030126949704707	1.0446095595929656
3	0.9375270269042535	0.8577531107315903	1.0930033539658315
3	0.9751939380465393	0.9253200325529095	1.0538990876011085
3	0.9715776921509764	0.920816726428862	1.0551260248268697
3	0.9564001484415527	0.8981562673319073	1.0648482710950362
3	0.9578896803627771	0.9201642484253741	1.040998584765666
3	0.9091942168653929	0.8972228007627362	1.0133427461857631
3	0.9505006310564872	0.909513805812363	1.0450645443556685
3	0.9021631543049372	0.8635164467591386	1.044755033550135
3	0.889572049614568	0.8947902558730232	0.9941682352660804
3	0.9477333110423484	0.9220394684253876	1.0278663153767587
3	0.9168185995765359	0.9096148723872447	1.0079195354077548
3	0.9540879742303447	0.9239181355170827	1.0326542336961242
3	0.9199847245237424	0.8619214115290142	1.0673649734396622
3	0.8699590622010873	0.8854283953446999	0.9825289845853765
3	0.8972415658441945	0.8946450304565605	1.0029023079537018
3	0.9482752601423599	0.9151052790003691	1.0362471749460616
3	0.9631930705022382	0.9011725101492137	1.068822073082051
3	0.9537000976419577	0.907543437389271	1.0508588992560681
3	0.9442340249624446	0.9182077433344107	1.028344654918201
3	0.9153060267308721	0.8978604949528745	1.019430114005532
3	0.9564742191304874	0.924617975081973	1.034453412011258
3	0.9513941812578498	0.9050376359421269	1.0512205719129752
3	0.8953583679439747	0.873257745181024	1.0253082470609745
3	0.9085661582292535	0.9027686677451031	1.0064219004173363
3	0.9116750143225236	0.896613381825548	1.0167983579124253
3	0.9675897144369265	0.9229400531375691	1.048377639639291
3	0.9564891084646497	0.9220348057197874	1.0373676812752917
3	0.9668193264050675	0.9282359181668511	1.0415663814371823
3	0.953063408126452	0.9233302844324659	1.0322020453518015
3	0.9378311479768879	0.9157255093697251	1.0241400270943393
3	0.9738337675140432	0.9232496005158652	1.0547892649722395
3	0.8810353921830693	0.8881658274131708	0.9919717298166387
3	0.934203267155312	0.9181402021824456	1.0174952201577536
3	0.9444469623605276	0.9240565346950991	1.022066212293122
3	0.9688125353361918	0.9189996876111024	1.0542033347743303
3	0.9379065530657247	0.9141024254630382	1.0260409850576957
3	0.9217097948439406	0.9080582575716609	1.0150337681073314
3	0.8974335697049227	0.8982090455772289	0.9991366421033894
3	0.9631267163706406	0.9229347357489409	1.0435480203148761
3	0.9633415248485246	0.9069689209442952	1.0621549455581532
3	0.9412805647848981	0.9079465083942472	1.0367136787051519
3	0.9179016945108689	0.8856087695549862	1.0364640979922881
3	0.9280953600387534	0.9100076684397702	1.019876416678988
3	0.9161962488723778	0.8825350535508593	1.03814148252365
3	0.9588311123242921	0.926063258140754	1.0353840344009821
3	0.8845220198399801	0.8946601228276644	0.988668207368356
3	0.9676987951326858	0.9234652296916676	1.0478995462079144
3	0.9503148318714775	0.9108591009132042	1.0433170519114492
3	0.919320490392818	0.9035928854169409	1.0174056317061637
3	0.9680221604910312	0.9211813884542611	1.050848587068578
3	0.9640041085868221	0.9247030559020949	1.0425012683086539
3	0.9207714149495434	0.9080635087747284	1.0139945125555834
3	0.9348635231943613	0.9102679614954897	1.027020133344541
3	0.9057131397561191	0.8808920860385846	1.0281771786929725
3	0.9087205856059424	0.9046090968197397	1.0045450447056714
3	0.8866320411073076	0.8775979973491919	1.010294056943388
3	0.9545318420133307	0.9058836598705737	1.0537024612517103
3	0.9242460123319993	0.9087227110430385	1.0170825501556389
3	0.9480942165948569	0.914467976350237	1.0367713699268362
3	0.9342021034925715	0.9169209868585151	1.0188468983497299
3	0.9145088355657014	0.9135253041763752	1.0010766328910976
3	0.9503778466389579	0.9161649199728196	1.0373436331388384
3	0.9509626205054588	0.9191021291918637	1.0346647998102332
3	0.9499776397512288	0.9164327547818478	1.0366037603897802
3	0.9173215031627064	0.8990478058982583	1.0203256124363604
3	0.9398932261203858	0.9191948725121926	1.022517916741228
3	0.9276584700295555	0.9041142118158199	1.0260412433584574
3	0.935564337996681	0.9055084882568483	1.0331922341199604
3	0.9314023340049017	0.9117527039962641	1.0215514907962566
3	0.9581034354865142	0.9172040807964086	1.0445913352834113
3	0.9384121426448642	0.907351783417845	1.034231882049121
3	0.9482858335975003	0.9042887627802856	1.048653784751171
3	0.9068803566930065	0.8858250962440253	1.0237690945292217
3	0.9464801571630546	0.9105197749909447	1.0394943450541396
3	0.9200585363744631	0.8973481013167236	1.025308389268797
3	0.9332318299576492	0.8985699612625649	1.0385744796614182
3	0.924552484125676	0.907573200985244	1.0187084448086388
3	0.8878446180279237	0.8894673101713537	0.9981756584813472
3	0.9680121694052781	0.9118918025056246	1.0615427913108226
3	0.9226975538590703	0.8954233652531098	1.030459545355119
3	0.9303006712460823	0.8929879035957327	1.0417841803904677
3	0.8431579094694237	0.8665507484093781	0.9730046520842619
3	0.9007765860842352	0.900212015929998	1.0006271524310346
3	0.9386610063656292	0.915400146800556	1.0254105919104044
3	0.9639950117725335	0.9098400783945275	1.0595213759692428
3	0.92428136561785	0.8979103203974057	1.029369353064984
3	0.9152222069631716	0.9008873001185638	1.0159119868186857
3	0.9583381614272091	0.9110010299638522	1.0519616662400866
3	0.9324478332444859	0.9150393096116466	1.019024891553815
3	0.8491407724255321	0.8442583770895683	1.0057830582064167
3	0.8932765985663732	0.8961830988899905	0.9967568007841062
3	0.86794930781838	0.8883285017748321	0.9770589439427694
3	0.9098538501538208	0.8959928355868754	1.0154700060272988
3	0.9480721688439544	0.9147440931370867	1.036434316391779
3	0.8789160983334103	0.8031290641527306	1.0943647012210076
3	0.9155017993211889	0.8712499745532958	1.0507911920348483
3	0.9244253855223532	0.8977030914850274	1.0297674078331627
3	0.9546988393262087	0.919631200088113	1.0381322852407961
3	0.8971917686367629	0.8915762231091742	1.0062984469325638
3	0.9095334355178324	0.8916667447275988	1.0200374084778634
3	0.8615735562918474	0.8801057145129808	0.9789432588431851
3	0.9400730615467146	0.9144721375315428	1.027995302387536
3	0.9265635451613765	0.8953436928000521	1.0348691263616199
3	0.9321530361963758	0.8767368269538341	1.063207347448928
3	0.8935414618209812	0.889497569589711	1.0045462656330082
3	0.9554581909746277	0.9123692961012303	1.0472274714389518
3	0.9269976888486362	0.891714994537839	1.0395672322736746
3	0.9554530341908052	0.9176867866501973	1.0411537444910424
3	0.958278831015047	0.913296686040078	1.0492524999406327
3	0.9386364994097882	0.9190645098615805	1.0212955557941796
3	0.9627780052755279	0.9268075693647908	1.0388111158127358
3	0.8811929993479168	0.88117404891061	1.0000215058958333
3	0.9355390456046994	0.9065934501829962	1.0319278673542815
4	0.9336520858556592	0.9039261777716255	1.032885327159475
4	0.9303862915721812	0.8699475904324916	1.0694739565973654
4	0.9025638178365583	0.9022878233658923	1.0003058829605351
4	0.9036515888332314	0.9044340861265457	0.999134821093856
4	0.9552947166617709	0.9197400743116284	1.038657272139363
4	0.9579994585687922	0.9156735962909586	1.0462237444098852
4	0.9537950953622945	0.9163241230710334	1.0408927052642445
4	0.959534338308276	0.9241362579366333	1.0383039622865546
4	0.9422950672113395	0.9126235530594277	1.0325123256488864
4	0.8358142349144337	0.8497221021820041	0.9836324520312508
4	0.9298242981278808	0.9114892236183612	1.0201155142972886
4	0.9391050695704612	0.9108963261005385	1.0309681164163673
4	0.931218897332261	0.899832573050387	1.0348801824049068
4	0.9251883806291751	0.9009916879106896	1.026855622580265
4	0.889133121979105	0.800636932928994	1.1105322342879722
4	0.8541669345930917	0.8215475163577858	1.0397048467505805
4	0.916147033318776	0.9069229256226925	1.0101707735414784
4	0.9055660291422232	0.8972836997610478	1.0092304467175555
4	0.9486208156326088	0.9201374133951405	1.0309555962216226
4	0.9088052095087582	0.9015434999265785	1.0080547523028796
4	0.9744627947928073	0.9143945920476182	1.0656917738442409
4	0.951170130005492	0.9119457207976793	1.0430117805405161
4	0.9289397350441705	0.913295466827733	1.0171294710032632
4	0.9058740753636811	0.8977205282424623	1.0090825004717021
4	0.9235844776108355	0.9122655735957369	1.0124074659207896
4	0.9497653537779162	0.9219366437790253	1.030185056843842
4	0.972028043620224	0.9267704938657012	1.0488336109685006
4	0.9748547126080276	0.9327894696754212	1.0450961811857113
4	0.882181129585074	0.8792320424628924	1.0033541624733338
4	0.9028268459701116	0.8881595490330139	1.0165142591250265
4	0.9383654678497801	0.9054319267596191	1.0363732933606884
4	0.9254397155652352	0.9142630258204013	1.0122248077732385
4	0.9432956935999603	0.9030126949704707	1.0446095595929656
4	0.9375270269042535	0.8577531107315903	1.0930033539658315
4	0.9751939380465393	0.9253200325529095	1.0538990876011085
4	0.9715776921509764	0.920816726428862	1.0551260248268697
4	0.9564001484415527	0.8981562673319073	1.0648482710950362
4	0.9578896803627771	0.9201642484253741	1.040998584765666
4	0.9091942168653929	0.8972228007627362	1.0133427461857631
4	0.9505006310564872	0.909513805812363	1.0450645443556685
4	0.9021631543049372	0.8635164467591386	1.044755033550135
4	0.889572049614568	0.8947902558730232	0.9941682352660804
4	0.9477333110423484	0.9220394684253876	1.0278663153767587
4	0.9168185995765359	0.9096148723872447	1.0079195354077548
4	0.9540879742303447	0.9239181355170827	1.0326542336961242
4	0.9199847245237424	0.8619214115290142	1.0673649734396622
4	0.8699590622010873	0.8854283953446999	0.9825289845853765
4	0.8972415658441945	0.8946450304565605	1.0029023079537018
4	0.9482752601423599	0.9151052790003691	1.0362471749460616
4	0.9631930705022382	0.9011725101492137	1.068822073082051
4	0.9537000976419577	0.907543437389271	1.0508588992560681
4	0.9442340249624446	0.9182077433344107	1.028344654918201
4	0.9153060267308721	0.8978604949528745	1.019430114005532
4	0.9564742191304874	0.924617975081973	1.034453412011258
4	0.9513941812578498	0.9050376359421269	1.0512205719129752
4	0.8953583679439747	0.873257745181024	1.0253082470609745
4	0.9085661582292535	0.9027686677451031	1.0064219004173363
4	0.9116750143225236	0.896613381825548	1.0167983579124253
4	0.9675897144369265	0.9229400531375691	1.048377639639291
4	0.9564891084646497	0.9220348057197874	1.0373676812752917
4	0.9668193264050675	0.9282359181668511	1.0415663814371823
4	0.953063408126452	0.9233302844324659	1.0322020453518015
4	0.9378311479768879	0.9157255093697251	1.0241400270943393
4	0.9738337675140432	0.9232496005158652	1.0547892649722395
4	0.8810353921830693	0.8881658274131708	0.9919717298166387
4	0.934203267155312	0.9181402021824456	1.0174952201577536
4	0.9444469623605276	0.9240565346950991	1.022066212293122
4	0.9688125353361918	0.9189996876111024	1.0542033347743303
4	0.9379065530657247	0.9141024254630382	1.0260409850576957
4	0.9217097948439406	0.9080582575716609	1.0150337681073314
4	0.8974335697049227	0.8982090455772289	0.9991366421033894
4	0.9631267163706406	0.9229347357489409	1.0435480203148761
4	0.9633415248485246	0.9069689209442952	1.0621549455581532
4	0.9412805647848981	0.9079465083942472	1.0367136787051519
4	0.9179016945108689	0.8856087695549862	1.0364640979922881
4	0.9280953600387534	0.9100076684397702	1.019876416678988
4	0.9161962488723778	0.8825350535508593	1.03814148252365
4	0.9588311123242921	0.926063258140754	1.0353840344009821
4	0.8845220198399801	0.8946601228276644	0.988668207368356
4	0.9676987951326858	0.9234652296916676	1.0478995462079144
4	0.9503148318714775	0.9108591009132042	1.0433170519114492
4	0.919320490392818	0.9035928854169409	1.0174056317061637
4	0.9680221604910312	0.9211813884542611	1.050848587068578
4	0.9640041085868221	0.9247030559020949	1.0425012683086539
4	0.9207714149495434	0.9080635087747284	1.0139945125555834
4	0.9348635231943613	0.9102679614954897	1.027020133344541
4	0.9057131397561191	0.8808920860385846	1.0281771786929725
4	0.9087205856059424	0.9046090968197397	1.0045450447056714
4	0.8866320411073076	0.8775979973491919	1.010294056943388
4	0.9545318420133307	0.9058836598705737	1.0537024612517103
4	0.9242460123319993	0.9087227110430385	1.0170825501556389
4	0.9480942165948569	0.914467976350237	1.0367713699268362
4	0.9342021034925715	0.9169209868585151	1.0188468983497299
4	0.9145088355657014	0.9135253041763752	1.0010766328910976
4	0.9503778466389579	0.9161649199728196	1.0373436331388384
4	0.9509626205054588	0.9191021291918637	1.0346647998102332
4	0.9499776397512288	0.9164327547818478	1.0366037603897802
4	0.9173215031627064	0.8990478058982583	1.0203256124363604
4	0.9398932261203858	0.9191948725121926	1.022517916741228
4	0.9276584700295555	0.9041142118158199	1.0260412433584574
4	0.935564337996681	0.9055084882568483	1.0331922341199604
4	0.9314023340049017	0.9117527039962641	1.0215514907962566
4	0.9581034354865142	0.9172040807964086	1.0445913352834113
4	0.9384121426448642	0.907351783417845	1.034231882049121
4	0.9482858335975003	0.9042887627802856	1.048653784751171
4	0.9068803566930065	0.8858250962440253	1.0237690945292217
4	0.9464801571630546	0.9105197749909447	1.0394943450541396
4	0.9200585363744631	0.8973481013167236	1.025308389268797
4	0.9332318299576492	0.8985699612625649	1.0385744796614182
4	0.924552484125676	0.907573200985244	1.0187084448086388
4	0.8878446180279237	0.8894673101713537	0.9981756584813472
4	0.9680121694052781	0.9118918025056246	1.0615427913108226
4	0.9226975538590703	0.8954233652531098	1.030459545355119
4	0.9303006712460823	0.8929879035957327	1.0417841803904677
4	0.8431579094694237	0.8665507484093781	0.9730046520842619
4	0.9007765860842352	0.900212015929998	1.0006271524310346
4	0.9386610063656292	0.915400146800556	1.0254105919104044
4	0.9639950117725335	0.9098400783945275	1.0595213759692428
4	0.92428136561785	0.8979103203974057	1.029369353064984
4	0.9152222069631716	0.9008873001185638	1.0159119868186857
4	0.9583381614272091	0.9110010299638522	1.0519616662400866
4	0.9324478332444859	0.9150393096116466	1.019024891553815
4	0.8491407724255321	0.8442583770895683	1.0057830582064167
4	0.8932765985663732	0.8961830988899905	0.9967568007841062
4	0.86794930781838	0.8883285017748321	0.9770589439427694
4	0.9098538501538208	0.8959928355868754	1.0154700060272988
4	0.9480721688439544	0.9147440931370867	1.036434316391779
4	0.8789160983334103	0.8031290641527306	1.0943647012210076
4	0.9155017993211889	0.8712499745532958	1.0507911920348483
4	0.9244253855223532	0.8977030914850274	1.0297674078331627
4	0.9546988393262087	0.919631200088113	1.0381322852407961
4	0.8971917686367629	0.8915762231091742	1.0062984469325638
4	0.9095334355178324	0.8916667447275988	1.0200374084778634
4	0.8615735562918474	0.8801057145129808	0.9789432588431851
4	0.9400730615467146	0.9144721375315428	1.027995302387536
4	0.9265635451613765	0.8953436928000521	1.0348691263616199
4	0.9321530361963758	0.8767368269538341	1.063207347448928
4	0.8935414618209812	0.889497569589711	1.0045462656330082
4	0.9554581909746277	0.9123692961012303	1.0472274714389518
4	0.9269976888486362	0.891714994537839	1.0395672322736746
4	0.9554530341908052	0.9176867866501973	1.0411537444910424
4	0.958278831015047	0.913296686040078	1.0492524999406327
4	0.9386364994097882	0.9190645098615805	1.0212955557941796
4	0.9627780052755279	0.9268075693647908	1.0388111158127358
4	0.8811929993479168	0.88117404891061	1.0000215058958333
4	0.9355390456046994	0.9065934501829962	1.0319278673542815
5	0.8891353463713486	0.8323151635083023	1.0682676290836068
5	0.8632085770966972	0.790108783789859	1.0925186440229224
5	0.8478888719692985	0.8219543792398349	1.0315522289125687
5	0.8763891068277786	0.8392987142687505	1.0441921236485434
5	0.8907460425311168	0.8394337433660158	1.0611272772516216
5	0.9037364785730487	0.8400811183290793	1.0757728734227237
5	0.8978318661950706	0.8444815276458436	1.0631752581941625
5	0.889927095537353	0.8377392908178594	1.0622959974439594
5	0.8559273450244487	0.8228226648699937	1.0402330679110372
5	0.7744990343894372	0.764264683912778	1.0133911074161674
5	0.8281998582079112	0.7985927638989743	1.0370740828709566
5	0.8295005755511937	0.8172042700735087	1.0150467954316722
5	0.8646609025619266	0.8252390567738498	1.047770213327264
5	0.8666062194782814	0.8199967768142559	1.0568410071623775
5	0.8507532464587063	0.7244721408034793	1.1743077456576512
5	0.8466542007757208	0.7836020983401576	1.0804644379706505
5	0.8413546288570153	0.8264259951455867	1.0180640901897073
5	0.8425522457143158	0.8117767297096399	1.0379113060012004
5	0.8797487857608101	0.8406203028120613	1.0465471543071887
5	0.8380194194256848	0.81577483041547	1.0272680501786084
5	0.9053012355324673	0.821435182815378	1.1020969815654205
5	0.8788018637473506	0.8298749956998864	1.0589569131507583
5	0.8298592917912331	0.8086239900259484	1.0262610335918962
5	0.8326065842159828	0.8160009725503184	1.0203499900420037
5	0.8343074852611385	0.8205967387456368	1.016708263472336
5	0.8798515217290592	0.841306222173993	1.0458160162603607
5	0.8996918666670336	0.8487789632180205	1.0599837008871948
5	0.9034398958725767	0.8531813661419045	1.058907205109204
5	0.8043112921892444	0.8031618860807894	1.001431101411029
5	0.8333261846615916	0.8067348398575626	1.032961691364072
5	0.8680072263786641	0.8225093905573803	1.0553158861693384
5	0.8482532324207332	0.8253107166445971	1.0277986403344086
5	0.8967559575421863	0.831574812170645	1.0783827797782861
5	0.8962085817786474	0.8007346261936641	1.1192329549164421
5	0.8833631834355822	0.8371405334722481	1.0552149228417051
5	0.8994774244436137	0.8172681473406372	1.1005903354614794
5	0.896537657736826	0.800247484429908	1.120325493276014
5	0.87089515686643	0.8329795908284477	1.0455180012277048
5	0.8194901654617059	0.7968141206987807	1.028458387187013
5	0.8807399181214566	0.803776162121896	1.0957527227435848
5	0.8771541189605971	0.8093324402633688	1.0837995307282606
5	0.8230348278885511	0.8112844158618595	1.0144837147083723
5	0.8687737139858858	0.828227857340057	1.048954953985786
5	0.8477693856006674	0.8274387295646657	1.024570587899237
5	0.9029949498713401	0.8476080568674458	1.0653449345545285
5	0.8453168891485341	0.7892694614679117	1.0710117778741666
5	0.7960617796818408	0.7825108501286467	1.017317241736605
5	0.8230046703801985	0.8130073150931324	1.0122967593297987
5	0.8775713685452935	0.8361312796293024	1.0495617015241476
5	0.8996845272460285	0.8233854517510764	1.0926650760378247
5	0.8748044462570675	0.8315111976477234	1.0520657433499598
5	0.8751442978732605	0.8403255947171532	1.0414347764426086
5	0.8734802480949435	0.825360883779662	1.0583009993094457
5	0.8681028052161317	0.8354953914261033	1.0390276405168088
5	0.8869166076336876	0.8118254631737696	1.0924966607555704
5	0.8492361144609089	0.7975412071757317	1.0648178511907116
5	0.8525997137350025	0.8273383811805533	1.0305332535381753
5	0.8400389657346038	0.8159480249978532	1.0295250922836832
5	0.8935325604554283	0.8271480387603923	1.0802571227691276
5	0.8769618320617335	0.832331945501416	1.0536202975285678
5	0.9160857252149743	0.85176191311127	1.075518535301427
5	0.8773540274393294	0.8311119141920401	1.0556388525512155
5	0.890168688533618	0.8415599316018287	1.0577603033443703
5	0.9130191598121457	0.8352587538159606	1.0930973852604706
5	0.8170137435103774	0.8114370626530262	1.0068725981521205
5	0.8183657064361615	0.8185799979005056	0.9997382156113102
5	0.8596278918108666	0.8348517936941536	1.0296772412826483
5	0.9018751264346043	0.8392373997764414	1.0746364814948053
5	0.8827622987149206	0.8357114403065738	1.0563003641437367
5	0.8552139345560315	0.8277622959424302	1.0331636736151975
5	0.8354597350646842	0.8167998002144643	1.0228451755807486
5	0.9137245104939252	0.8496714366607118	1.0753856974231686
5	0.9070531264383966	0.8345669812467646	1.086854796344021
5	0.8808494423802378	0.8357468660646261	1.0539667908394215
5	0.8527907605203394	0.8094278877597322	1.0535722495065292
5	0.8555614085578952	0.8187818370154579	1.0449198673928852
5	0.8623746626001096	0.8007883666609534	1.076907081200433
5	0.9125269629194788	0.8509788057498926	1.072326310307281
5	0.8295436674537104	0.8212702311267989	1.0100739513175343
5	0.8851944127096554	0.8306535835285098	1.0656601383087558
5	0.8988663861544033	0.8297442598830405	1.0833053382991842
5	0.857079455878598	0.8217545387290891	1.0429871883690984
5	0.8843254572622516	0.8307772823657685	1.0644555117636296
5	0.9050899257482165	0.8516925151567304	1.0626956438400303
5	0.8574208329895405	0.8281983743259413	1.0352843709544624
5	0.8562472823932996	0.8302164103039393	1.0313543213146443
5	0.8438977934368967	0.8037974768308866	1.0498885823380695
5	0.835801615286395	0.8182537345097461	1.0214455248250869
5	0.8132679407312615	0.7782692399795681	1.0449699139498463
5	0.8760949276758445	0.8160004749041367	1.0736451198496761
5	0.8279808897345717	0.8144692840003601	1.0165894601547745
5	0.8808847036091383	0.8375992909752443	1.0516779480358625
5	0.8295565796209899	0.8211268476201602	1.0102660533208252
5	0.8603607214863093	0.8345413303431579	1.0309384211474997
5	0.8728774603009566	0.8371813461058412	1.0426384490781553
5	0.8897925855222051	0.8312073429998984	1.0704821041533001
5	0.8598833773250488	0.8291813672625009	1.0370268933609892
5	0.8340805715128617	0.8204667995758015	1.0165927152007843
5	0.8926992336275561	0.8470274043072089	1.053920131849456
5	0.8667090643038533	0.8255575617543482	1.0498469209852022
5	0.8656320170479883	0.8120929829343912	1.065927221683582
5	0.8319486766870601	0.8081992166298048	1.029385650924398
5	0.9133519832747465	0.8260984699783969	1.105621201911476
5	0.8673077762207166	0.8137253386769068	1.0658483090018227
5	0.9061552727410669	0.8373058361672742	1.0822273458512455
5	0.8599789486667889	0.8147188525238628	1.0555530242153082
5	0.8624967222320089	0.8202442312363354	1.0515120855309001
5	0.8638388632769741	0.8250965236804545	1.0469549179818431
5	0.8414875979122062	0.8010705814997925	1.0504537519487278
5	0.8667611985991815	0.8232869971138631	1.0528056457076607
5	0.800258892860672	0.791176452457906	1.0114796647126567
5	0.9155168526494363	0.8358404480984173	1.0953248969133849
5	0.838169534707742	0.7869954758033494	1.0650245909636966
5	0.8885568035103836	0.8209957082578859	1.082291654600557
5	0.7964843072020031	0.7989005754913471	0.9969755081377205
5	0.8437481356682482	0.8253155810235192	1.0223339472421809
5	0.8728052862202278	0.8365175491101505	1.0433795287961125
5	0.9285417755013754	0.833890280713454	1.1135059335467254
5	0.8731735694648318	0.8196499692254299	1.0653005578588404
5	0.8490382317701071	0.8181675593699609	1.03773147938537
5	0.8701253240902969	0.8176111854668704	1.0642287428998907
5	0.850571921857459	0.8246537063922945	1.031429211151614
5	0.8022212829966957	0.775199433234216	1.0348579328157421
5	0.8540403131773951	0.8209705737177633	1.040281272579449
5	0.7753349049604953	0.7892848098200306	0.9823258921418796
5	0.8193223586221171	0.7966323425023887	1.0284824189392743
5	0.862154941917306	0.8167209121936305	1.055629810679935
5	0.8411662244952265	0.7657843160851397	1.0984375193206566
5	0.8747792209408726	0.8019238350449566	1.090850755036894
5	0.8633165587439546	0.823843238890713	1.0479136296686633
5	0.8779308621870688	0.8336360998491528	1.0531344100212685
5	0.8348525640776459	0.8117550713313603	1.0284537708010908
5	0.8227960669841705	0.8066300986835049	1.0200413650904547
5	0.8225820736399964	0.815016651264194	1.0092825371899672
5	0.8845075408475322	0.8423225673493573	1.0500817325017466
5	0.8443522086184002	0.798144781432821	1.0578935404459178
5	0.8596871793277895	0.7994030384702739	1.0754114482387687
5	0.8706012743500743	0.8292662610966944	1.049845285154511
5	0.9045915889242714	0.8014721195448542	1.128662578353914
5	0.8561245334757229	0.8068764894634942	1.0610354182521473
5	0.8734501021352429	0.8297485272037317	1.0526684573683864
5	0.8944338487712086	0.8296287006432348	1.0781134356582993
5	0.8688836107599593	0.8339082415445792	1.0419415080376206
5	0.8942329447513501	0.8527813761873938	1.0486074974447466
5	0.7963107276748419	0.7951433990036091	1.00146807314592
5	0.8980095004976831	0.8397569751586262	1.0693683137648882
6	0.7654077739393446	0.6496817860762021	1.178127185251841
6	0.7613525179635392	0.6203735043026715	1.2272486053693326
6	0.676762147353093	0.6260871679060699	1.0809391759561278
6	0.74827248563076	0.6881823147316363	1.087317226282626
6	0.8304648282223717	0.7033910478151149	1.1806587968413524
6	0.8094510469035153	0.685587619087007	1.180667538864626
6	0.7944545141850792	0.6992716476784809	1.1361171539309463
6	0.7641895084196207	0.678995848007021	1.1254700756457627
6	0.7609048394942997	0.6628392171746568	1.1479478277366362
6	0.5454475544348931	0.5038231139667642	1.082617171213933
6	0.7506665693621521	0.6564836151747317	1.143465810890577
6	0.7128472585433077	0.6611038640955326	1.078268177298534
6	0.798448620709749	0.6980909984165276	1.1437600864656063
6	0.8170063700463922	0.6972928325041968	1.1716833042902026
6	0.7220120964448572	0.5596401360833602	1.2901363749531203
6	0.7358291504830925	0.6486535790311759	1.1343946511204352
6	0.6788344318493241	0.651881623985952	1.0413461691074652
6	0.692789377149397	0.6387092195867592	1.0846710144525977
6	0.7425519091191422	0.6819488367137284	1.0888674767706275
6	0.6961062760146053	0.6176331661215715	1.1270545595629293
6	0.8684958718849092	0.7026996838368775	1.2359417427694745
6	0.7708015061307167	0.6889633530270876	1.1187844792383488
6	0.7136131163206146	0.6544854112765032	1.0903422811652734
6	0.6586954427504279	0.6156517379336909	1.0699156717419567
6	0.7271355301215958	0.6721237413666117	1.081847709535048
6	0.7911202495938248	0.7004403935690506	1.1294612030621485
6	0.7774950933399005	0.7049186435607133	1.1029572000147225
6	0.8263564945050559	0.7175287161233338	1.1516702759573123
6	0.741024600799642	0.669594298270756	1.1066769874136573
6	0.6573369650719684	0.6239298494583572	1.0535430636034042
6	0.7472278026176294	0.6723405874988934	1.111382856414063
6	0.6805842748914774	0.6532841217484451	1.0417890964041288
6	0.7934769849420886	0.6467944609166448	1.2267838283858579
6	0.78055111079941	0.6442635577229742	1.2115400622039185
6	0.7581898952365058	0.6803528909884122	1.1144068104642173
6	0.7997623888075378	0.690932359264799	1.1575118433569123
6	0.7556996656679452	0.5647855078594878	1.3380294911107293
6	0.7766162749023664	0.6935087042510851	1.1198363771670732
6	0.6482676932990327	0.6157289508393163	1.052845886839269
6	0.7880283774446136	0.6140326324750638	1.283365631999397
6	0.7355552194018756	0.6377747030893144	1.1533151375225805
6	0.707920518443418	0.6469301637367788	1.09427656666115
6	0.7266990818652573	0.6344129971738808	1.1454668884503996
6	0.7734915141726149	0.6917392707701104	1.1181836088494586
6	0.7721316368929569	0.6992475739869303	1.1042321283868894
6	0.688734131481078	0.593359545810201	1.160736582640881
6	0.6070832031875557	0.5859916446898267	1.0359929338393434
6	0.6891401457293245	0.6597872073232062	1.044488492775125
6	0.7777726431060966	0.6943515221526859	1.1201424902112718
6	0.7956984293732756	0.6583601142959629	1.208606676035014
6	0.7608478143882393	0.6876380014859241	1.106465629799568
6	0.6920325817074906	0.6406591570026714	1.0801883874495295
6	0.8012310982417649	0.6993738914525891	1.1456405622715196
6	0.7895609267287507	0.6876489465132566	1.148203499376014
6	0.816467616474494	0.6565927095357547	1.2434917485632444
6	0.7681016281771882	0.6406270421908358	1.1989840852649787
6	0.727792814882882	0.6731837739696689	1.0811205543342073
6	0.7586865316871039	0.680010545874878	1.1156981848141843
6	0.7805649248675698	0.6479968918039226	1.204581279232063
6	0.7385165021536917	0.680783568311563	1.0848036535096086
6	0.7959147326659292	0.6982498353402113	1.1398709922761845
6	0.7587865594130964	0.6853062502955062	1.1072225871074506
6	0.7946314781011591	0.6953526471491699	1.142774793996997
6	0.8338139878497671	0.7079496745159277	1.1777870911797526
6	0.692938955879287	0.650998389771724	1.064424992083728
6	0.68255143712203	0.6531436946316226	1.0450249198332897
6	0.717126285644077	0.6714289413990056	1.0680598369052359
6	0.8089938176577117	0.6980959667364466	1.1588576015410967
6	0.777415127473794	0.698908036209958	1.1123282137226018
6	0.7199606194922451	0.6643410634442308	1.083721388167184
6	0.7454705290660957	0.6765383908011724	1.1018894702831161
6	0.8078860738898934	0.677167061017223	1.1930380557440399
6	0.8419078199917809	0.6953754225691281	1.2107241536971143
6	0.7593830863921596	0.6916294738421119	1.0979622978958163
6	0.7143803428342878	0.5994822861453237	1.1916621380554204
6	0.7868222792708511	0.6734308924795628	1.1683786533370677
6	0.6833828528828695	0.6178631970422165	1.1060423345399164
6	0.8322474595633725	0.708078184916613	1.1753609661924302
6	0.7728056799234032	0.6878634578321853	1.1234870396501582
6	0.8280568788762697	0.7099707699953189	1.1663253106627605
6	0.8084621149947886	0.6681016631859892	1.2100884633926219
6	0.7046989151359379	0.671638136872825	1.049224093225327
6	0.8240938647755185	0.7101720555353835	1.1604143789553247
6	0.8229361827193001	0.7194714674920432	1.1438065578721526
6	0.7637123418470164	0.6887244397902793	1.1088793975128448
6	0.724530511805235	0.6902989726660392	1.0495894394960321
6	0.645351057880923	0.6129767186440649	1.0528149573257395
6	0.7373182425225749	0.6802277168282802	1.0839285496340734
6	0.7074890971351501	0.5850056503453552	1.2093713910583381
6	0.8142517089891104	0.6706635661879016	1.2140986182049127
6	0.7411736513836527	0.6638980612783181	1.1163967702459359
6	0.8383402019229621	0.6998993564914529	1.1978010754653408
6	0.6950468274189433	0.6595011386140623	1.0538978429659425
6	0.7359114289774886	0.6796390397671995	1.082797464415176
6	0.7734916892884314	0.686607891531564	1.1265406337859916
6	0.7833094221893759	0.6710614668889345	1.1672692604759844
6	0.7390538965891134	0.6746314754202907	1.0954927594042183
6	0.7195222883206325	0.6451683261850342	1.1152473844698223
6	0.7994004427494978	0.6902688491963357	1.1581001282039913
6	0.7237632699388307	0.6592979526503543	1.0977787311932763
6	0.7262500511633441	0.6176211626110044	1.1758827176405502
6	0.7476032798202145	0.6773443617299812	1.1037270287609502
6	0.8047833097462747	0.6826622181992695	1.1788894833950776
6	0.745925704571253	0.6825867081613607	1.092792601515058
6	0.8011389903653676	0.681058529454935	1.1763144512800325
6	0.7619137640041089	0.6799620585257349	1.1205239387269024
6	0.8209697518511003	0.6985806932233275	1.1751967379216512
6	0.7528818444933648	0.6752591877883667	1.1149523888141837
6	0.6819979183289814	0.6495721369587566	1.049918676503028
6	0.7438556474071621	0.6571208496896093	1.1319921560220194
6	0.669331677275723	0.626557298789559	1.068268901453705
6	0.8456160213213689	0.698978925151982	1.2097875785561103
6	0.7473211109285675	0.6566148798565501	1.138142210684951
6	0.775797997515018	0.6603927157729993	1.1747525055707726
6	0.6856568643464025	0.6496778072710037	1.0553798462449107
6	0.6764118771793021	0.6239314985591836	1.084112404552918
6	0.8044229652130312	0.6924144171740022	1.161765187524802
6	0.8146300028049724	0.6541935693939449	1.2452430609485483
6	0.750337174628408	0.6545614256271907	1.1463204907155145
6	0.739937405344732	0.6732421547555124	1.0990657672252266
6	0.7638022249566084	0.674996574496195	1.1315645942747137
6	0.7544376318557842	0.6880425864112185	1.096498453374634
6	0.6234969521556177	0.5380585733966615	1.1587901075892164
6	0.7130965857522504	0.6382387086416298	1.1172882122269605
6	0.5577637603384888	0.5687921175725477	0.9806109176035616
6	0.6734915361125606	0.601758067177658	1.1192064931864463
6	0.7343296815879505	0.6632302095102688	1.107201799704181
6	0.7125649035783355	0.5854682011532413	1.2170855772777107
6	0.8157679730399681	0.6851407154339184	1.190657560795113
6	0.8193088383745092	0.6993618830691543	1.1715091402736548
6	0.7743891889362201	0.683829737554715	1.1324298234021437
6	0.6799845231061503	0.6448165790422674	1.0545394538647208
6	0.6885269998573851	0.602758874825791	1.142292595951213
6	0.7336048065498684	0.6745494722019236	1.087547817886761
6	0.7466658298572121	0.6774272447913636	1.1022081494333356
6	0.7833977724376358	0.6411915605631389	1.2217842851044414
6	0.804871447020753	0.6526713347311207	1.2331956441021479
6	0.7518696444743156	0.6754015491479477	1.1132187147376789
6	0.789142875290031	0.5970230921124109	1.3217962348790466
6	0.7639382613240773	0.6195216562057565	1.2331098576969792
6	0.7970248484360296	0.6928528097224279	1.150352336386332
6	0.7783887906602132	0.6432730294454801	1.210044188128339
6	0.6898074159740976	0.6596145169511829	1.0457735514410293
6	0.7582701507624527	0.6900054408412861	1.0989335820858677
6	0.6151197813482778	0.6062314791133349	1.014661564998147
6	0.7295082603920815	0.6626589259498986	1.1008804557281964
7	0.6572931645251344	0.35064707235602754	1.8745149078494387
7	0.501928576447224	0.2671006373996749	1.879174012213851
7	0.4684023932777766	0.2752462971549845	1.7017572919937616
7	0.48983294574478686	0.3757619794711079	1.3035724008965357
7	0.5633554502035645	0.38651416942578404	1.4575285843737649
7	0.5122636824682681	0.3331981866582019	1.537414376728747
7	0.5731111086921785	0.389365569815738	1.4719100843030255
7	0.48075461455104335	0.3586029437759286	1.3406320915520444
7	0.6068836010914946	0.3316762838778195	1.8297467458211574
7	0.4801962898770353	0.3030437510080805	1.584577435699148
7	0.6005540749738303	0.356142904685396	1.686272749149217
7	0.4940523178578996	0.37481208776773667	1.318133363308319
7	0.6414066732181954	0.3878308249364324	1.6538310829814147
7	0.5723156221218492	0.3856809634274136	1.4839094391278165
7	0.6295262661116023	0.34091036118408846	1.8466034998908818
7	0.5740387901658064	0.3900248521516864	1.4718005455266585
7	0.5068029762506496	0.37661321861868075	1.3456855765962519
7	0.5758312896124961	0.36879692395208885	1.5613776911200687
7	0.4892029185612795	0.32309943929457124	1.5140939879975186
7	0.48684906334635814	0.30036668476168815	1.620849075631093
7	0.7784952142129791	0.3959584320402668	1.9661033866651192
7	0.5847360441261713	0.38719442574665264	1.5101871443489563
7	0.41192063671535434	0.29765953478977475	1.3838650826565249
7	0.4244835778378011	0.30219144918268903	1.404684278744038
7	0.48508941813190615	0.3426954065845568	1.4155118767610764
7	0.48896129760679957	0.3592971748969186	1.3608826669652532
7	0.5285984334089023	0.3916461483248573	1.3496837276960727
7	0.6660676524671804	0.39352789669532034	1.6925551099694147
7	0.5732279653242719	0.35212384915874306	1.6279157651314085
7	0.4688992282472119	0.3150428515393808	1.488366506194472
7	0.49470573064782936	0.3695539942677596	1.3386561593740787
7	0.4986795227870163	0.3558050080311277	1.401552849260034
7	0.6230788869776864	0.2961691120115516	2.103794290855639
7	0.5961528200433731	0.35135260397778256	1.696736592511693
7	0.5935268315048402	0.407367198223558	1.4569823836899114
7	0.6421133055917334	0.4060190053036061	1.5814858349095868
7	0.6104290138195398	0.2203687991062619	2.770033762924809
7	0.5329349052888511	0.36347384714378156	1.466226275911496
7	0.38551754854260223	0.28507666508809065	1.3523293757609893
7	0.6586579716227027	0.2934457089597997	2.244565013260885
7	0.5675507623943297	0.3566239630681575	1.5914543641753542
7	0.4437144747899023	0.3163427293934675	1.4026384473594449
7	0.6320761294346419	0.3256528874053725	1.9409504840282097
7	0.574143956532726	0.3764350308205778	1.525213940055391
7	0.5094327965710125	0.3706031010501404	1.3746047864345563
7	0.49642125829985434	0.34251592251377283	1.4493377553269595
7	0.5610982642743514	0.32307818975072455	1.7367259136473263
7	0.5415507567914467	0.39497686087965295	1.3710948929650184
7	0.523316639280943	0.3857806251664046	1.3565135342274197
7	0.6388852161776241	0.32581223341248056	1.9609000235690688
7	0.5549519814571712	0.36808836079261237	1.5076596832950149
7	0.6122965611231524	0.3257578830306938	1.8796062751471778
7	0.6395937980141746	0.40452405888923976	1.5811019986559016
7	0.5157512086669366	0.3485466531197688	1.479719297404105
7	0.6078387156000284	0.33297136414079	1.8254984694209817
7	0.6027346349169772	0.35680690639858537	1.6892459874183838
7	0.4960278323086865	0.393100487951436	1.2618346898871473
7	0.5472867588817615	0.38527431444687654	1.4205119271121927
7	0.5690790166520024	0.30978893984602474	1.8369894578381443
7	0.5460648913066924	0.3752272304470053	1.4552912128903053
7	0.5701732310081876	0.34319766842097404	1.6613551998517664
7	0.5488014266552697	0.3750899923593058	1.4631193522475066
7	0.5848929383237549	0.36953763789102256	1.582769597331899
7	0.5689391955391272	0.3578703752524591	1.5897912620953045
7	0.5106858213568811	0.35739570425919576	1.4289086725746263
7	0.39220796779868294	0.3134244747880688	1.2513635639459424
7	0.4647418792796779	0.33975383580809826	1.3678782409455301
7	0.5613380327273978	0.3786013797527111	1.482662406286115
7	0.5635110366994388	0.38530650029737445	1.4625007267319095
7	0.45693505102620796	0.3467773775329343	1.3176610720023445
7	0.5715090809552313	0.3985510465599377	1.4339670812262755
7	0.5108404186644455	0.3063910179857131	1.6672826182139118
7	0.5720204373559902	0.36092356839380063	1.5848797015435234
7	0.5084381303290919	0.36994201371991847	1.374372500210339
7	0.45999226251357256	0.30070296344882497	1.52972307701203
7	0.624093374843628	0.3701956371551214	1.6858474606552887
7	0.4637623916021689	0.2948116832974594	1.5730800978272002
7	0.6191437628492242	0.36479882973535777	1.6972197068131503
7	0.5877604666083975	0.4127754911646391	1.4239228810558526
7	0.5842094674605658	0.400102369489106	1.46014998163232
7	0.6179776769238222	0.3523168347202105	1.754039591706096
7	0.5530274348467769	0.36354855103200995	1.5211927905554588
7	0.6423490985489906	0.3630172986259342	1.769472421783651
7	0.5613344945240731	0.3883877553527827	1.4452940052504961
7	0.52594004210394	0.3867072431275004	1.3600470419183057
7	0.5027232426346743	0.3945411919269476	1.2741971001287933
7	0.4522654738410445	0.3346108568286159	1.3516162569485604
7	0.5168804220181781	0.3647884658636294	1.416931921886494
7	0.5578346271889216	0.31059352666252055	1.79602786053891
7	0.6340247389533152	0.3606056197305227	1.7582220139195728
7	0.5298536473268924	0.36117602251727315	1.4670233190841242
7	0.5632947281082317	0.3803506170384787	1.4809880748826159
7	0.32215585635972166	0.2927649279851033	1.1003908787056416
7	0.48946944466197406	0.3439909557211881	1.4229137031692756
7	0.5795856199304417	0.3679895412377766	1.5750056862511268
7	0.6340928686360151	0.34009115476959106	1.8644791543185173
7	0.4883855226698278	0.37153474059821445	1.3145083603311765
7	0.627872462881294	0.35454640097985385	1.7709176038624381
7	0.6042048436584677	0.3636935678751605	1.661301977894379
7	0.5615014007218914	0.3327956505946076	1.6872257786982916
7	0.6101328790227971	0.3062017473081411	1.9925845766281665
7	0.5685455089922906	0.3607933238471321	1.5758204806283582
7	0.6362169167124792	0.34972819931470717	1.819175342334839
7	0.5274277804095576	0.3693830597802439	1.4278613121114403
7	0.5623133447018185	0.33451724712139297	1.68096966461571
7	0.6104083318361709	0.3643650713241251	1.675265770173605
7	0.6973711774079312	0.40359130758590595	1.7279142645050478
7	0.5304331317030055	0.37975001992698343	1.3967955335591418
7	0.4763264713674971	0.32597758315703207	1.4612246239583842
7	0.4645421447464299	0.3134558530697769	1.4820018200235054
7	0.49633622434927493	0.33872206354279866	1.4653200301094682
7	0.6261895699543905	0.4043841223561442	1.5485018707111862
7	0.4561854710040628	0.31438791579419434	1.4510273712386976
7	0.575070406079184	0.33392410277571943	1.7221590214631222
7	0.4822129510021065	0.3544314483400144	1.3605252955418006
7	0.42340500105798873	0.3035908832446838	1.3946565079055384
7	0.6124991809813227	0.41881957850346063	1.462441615480165
7	0.6644918962588928	0.30815257951155467	2.1563729802689404
7	0.602336341873244	0.3627621749748976	1.6604166129363527
7	0.5020560986280358	0.2996568482283741	1.6754367590671897
7	0.5561579703488766	0.3329761833997495	1.670263514556504
7	0.48064448928747644	0.359303494052656	1.337711704014317
7	0.6031113118670011	0.3183098392511202	1.89473034602363
7	0.49392561563926113	0.306307640668396	1.6125148382242855
7	0.41807053529386684	0.3053597496239705	1.3691081938883298
7	0.4947615316409385	0.2889585342716218	1.7122232879817327
7	0.6297587737700887	0.36725398435061124	1.7147772402895662
7	0.6406286003039838	0.3643152179196509	1.7584458973802006
7	0.5907183021624878	0.4036861631886274	1.4633107498571045
7	0.6485073516093713	0.41531055146411583	1.5614998206117199
7	0.6450547625543257	0.3778912241661179	1.706985294452789
7	0.40596322453766176	0.34394532091862556	1.1803132644845868
7	0.4605053737550692	0.30589400576591497	1.505440986337831
7	0.5567812289079015	0.37410298879045883	1.4883100258249038
7	0.48254877811050384	0.32091361086967235	1.503671897252354
7	0.5112494777822298	0.3226616876268893	1.5844753107887248
7	0.7201265692401633	0.41094619962258605	1.7523621581159023
7	0.5706027656458608	0.3914851225509551	1.4575337165503448
7	0.6621447585728222	0.2646020508909372	2.502417333287197
7	0.5935564465557237	0.30265373657920375	1.9611733635424369
7	0.5441094903205339	0.33077881351862876	1.6449345244715645
7	0.5087367189572056	0.30896222628271564	1.6465984372202396
7	0.47735748333608025	0.3453022754689525	1.3824336450948218
7	0.43495655895485363	0.3367406438175975	1.2916663519549985
7	0.3820166786755294	0.32535488404427965	1.1741538160636258
7	0.6401864572178599	0.37062615840385355	1.7273105060228358
8	0.6738929380801773	0.3038478525221305	2.217863093276576
8	0.5942058112904605	0.34351646166923155	1.7297739048750889
8	0.7086656846513151	0.25807486686244685	2.7459693896850164
8	0.5604190386535404	0.38255967473899977	1.4649192679178344
8	0.6163158167060029	0.3582783315249363	1.7202151580945024
8	0.6973843675415694	0.1660259880308432	4.20045304842284
8	0.6323961033454715	0.32246545353904604	1.9611282275510395
8	0.6254096971048012	0.39055203030335267	1.6013479602680032
8	0.6837599358227722	0.4107090556458847	1.6648280003163922
8	0.5401179522124505	0.33490257564591364	1.6127614162738102
8	0.6376240643728129	0.40755737527587904	1.5645013513525545
8	0.4797908558194832	0.36449116936250825	1.3163305345878011
8	0.7451980305409276	0.3308696691005912	2.252240383854502
8	0.6173311706719826	0.3840993462525011	1.6072174469835168
8	0.7198652843908162	0.41914527934553764	1.717460078555171
8	0.6936989960735381	0.4218069464851136	1.6445888382210894
8	0.5283278167992567	0.34374810613898504	1.536962116630955
8	0.6814950967835742	0.37359564419456154	1.824151612508267
8	0.5550483364377043	0.26557614784890543	2.089978113371419
8	0.6468744982738457	0.2859199243237076	2.2624323918800395
8	0.8421312636628094	0.3002605575101887	2.804668287589633
8	0.6522760823209154	0.40666027108152586	1.6039828050725646
8	0.5436865323347828	0.29861315162706137	1.8207052481526136
8	0.5561074900520809	0.32764132159356374	1.6973057224507462
8	0.6153720022278175	0.33130987726826405	1.8573910542653285
8	0.46961796299056635	0.31504315219538237	1.4906464708660618
8	0.5278536002752231	0.36654714836846075	1.4400701318363929
8	0.7052273604658208	0.3266375991350586	2.1590513839596968
8	0.7121055611002169	0.41679040004203194	1.708545976654941
8	0.565464728430138	0.36267597840201066	1.5591457998449092
8	0.6590610629066035	0.4203917351896275	1.5677307799814821
8	0.5842106441673783	0.3889621172497748	1.5019731183544112
8	0.7336516122540733	0.2638364289978853	2.780706269565048
8	0.6954312713385071	0.29532547248019686	2.354796101731927
8	0.6305358559035315	0.39469366255943167	1.597532252772332
8	0.707147376524081	0.3911295669807131	1.8079619548653323
8	0.760129360715909	0.2448560139709663	3.1043932652029573
8	0.6198583908352442	0.36063549975714715	1.7187947144766902
8	0.44980163718356564	0.3241464580182904	1.3876493975392599
8	0.6931899909574224	0.30580656187174393	2.26675970167098
8	0.636784728725468	0.3972130799178436	1.6031313189816798
8	0.5952635323279235	0.36359325178052526	1.6371688127128408
8	0.764566176497843	0.35475306201825113	2.1552067011010267
8	0.6986422531650145	0.32758874431378315	2.1326808850789303
8	0.5179963985517392	0.340779426773236	1.5200342446037043
8	0.673067359938661	0.4010684621619158	1.67818570503042
8	0.5775417599148532	0.33979511941587104	1.6996764429921285
8	0.5020272574126958	0.38484995587132503	1.3044752890151017
8	0.5707105510618247	0.3832162679090432	1.4892649369396904
8	0.7875239240215619	0.3084434214509368	2.5532200372989027
8	0.68124834219474	0.33954091871262637	2.0063806883061446
8	0.6356847549638027	0.3052757862666362	2.0823294331263416
8	0.7169437422356882	0.38485927203832976	1.862872468782004
8	0.5822748518016594	0.3460143252771897	1.6828056218054064
8	0.8113490348341866	0.2488375031583532	3.260557691409831
8	0.7123852203851981	0.36614580616582504	1.9456326097111256
8	0.6345801511734919	0.4161574810747012	1.5248558058711994
8	0.6014898467802062	0.3950611412356225	1.5225234375087917
8	0.7561359186939332	0.26856526519896806	2.815464308587135
8	0.6067146257061878	0.3272294182318381	1.8540956035815148
8	0.7475528622676479	0.26327931224909323	2.8393908198923543
8	0.6610093898538206	0.4119700611941555	1.6045083177592765
8	0.630716299933763	0.3081889366206845	2.0465247936853803
8	0.6749778918880853	0.25140610449449474	2.6848110679144863
8	0.6210248830768856	0.3495725575531484	1.7765264167867814
8	0.5200140417777439	0.34011618241820535	1.5289306085952035
8	0.6119652743569122	0.4091814090837088	1.4955842586477788
8	0.6496864984669353	0.3625371687923545	1.7920548688320768
8	0.6569918431181222	0.3745334772449492	1.7541605304575805
8	0.5474647178215564	0.3806441740910958	1.4382584972666286
8	0.6426851960662188	0.42980857818063933	1.4952823854439499
8	0.7386231052053347	0.2494769289530056	2.9606870194577004
8	0.7055807987051772	0.322302333420096	2.1891892348961295
8	0.568074667134806	0.3447075432255029	1.6479902407101648
8	0.6098193349763245	0.3246129147575815	1.8786046618993362
8	0.6100115193681231	0.3143024531468589	1.9408423741544683
8	0.5420492835348153	0.3342619183456971	1.6216303855894898
8	0.7425298647257994	0.35008257303127704	2.1210135034612545
8	0.5377952521293403	0.3916623852990253	1.3731092704211203
8	0.6877314308739256	0.35685928135617223	1.9271782094621164
8	0.7948132620403585	0.3847623419034878	2.065725190537816
8	0.706902425998195	0.3357760224800381	2.1052796467628068
8	0.789941874735877	0.2659445553215876	2.970325426593739
8	0.5928275799958346	0.37451826774176383	1.582906979599186
8	0.5208307656476633	0.37011869803617076	1.4071992806933624
8	0.6034910112745436	0.40028136133440395	1.507667030167747
8	0.6927990724801013	0.3960693859484108	1.7491861200560965
8	0.6066463983747854	0.3933090753688524	1.5424164769294006
8	0.6053437977063499	0.2808266605049051	2.1555780943945546
8	0.7428686285883815	0.3057172938107194	2.429920202840466
8	0.5175218376341909	0.33331531614852933	1.5526494360180465
8	0.663143400665561	0.32276398782220656	2.0545767981738137
8	0.4027580666611229	0.32705326056691875	1.231475466604358
8	0.7179639869920489	0.32712466145365343	2.19477181512886
8	0.7065198982951258	0.3682795521156804	1.918433685053469
8	0.7735008245630498	0.26867026577944964	2.8789967595372596
8	0.5743118039632394	0.28430168647559523	2.0200787799847926
8	0.5931816240347597	0.3366885666082646	1.7618110113163525
8	0.6467285275717227	0.307500885633141	2.103176146111305
8	0.6279291402865942	0.3205556172198562	1.9588773571730076
8	0.7394864328179267	0.36210326376405944	2.042197645862049
8	0.6560156435880231	0.4109192441165592	1.5964588005567857
8	0.8243966649832005	0.2667600755413313	3.0904049764953303
8	0.6898786582396536	0.3751386450243549	1.8389965080640118
8	0.617536398381932	0.32264059091743935	1.914007151505477
8	0.6270285329021382	0.3419729722353123	1.8335616665947465
8	0.7274770554707721	0.4290912951931842	1.6953899172977853
8	0.5784468881260683	0.36700736591426425	1.5761179252767312
8	0.6348017547864888	0.28425392935044863	2.2332206848893184
8	0.6275915041924767	0.3083958888468388	2.035019035238056
8	0.6273658780344951	0.29015253294055643	2.1621933528425323
8	0.5999312470624265	0.360229472002136	1.6654141143089736
8	0.609780464936172	0.33606721777017645	1.8144598243830423
8	0.719679579248211	0.3102573133899713	2.3196216436762125
8	0.5679016523086549	0.40438790728563906	1.4043487504870367
8	0.5747223864232106	0.32794251152194376	1.752509559544414
8	0.6571576785060665	0.4187708066985899	1.5692537970514633
8	0.8275828309997401	0.2617089010605593	3.162226533549342
8	0.680403442716969	0.34807426662939644	1.954765140513567
8	0.6564058951924474	0.3483754591489166	1.8841909725675026
8	0.738153337322351	0.3582708477371886	2.060322077513343
8	0.5728437206069309	0.36126770314710827	1.5856488571126681
8	0.654337605234487	0.3485823923052441	1.8771390055224058
8	0.6245056763416329	0.3051453433524349	2.0465843243111372
8	0.6176790228894022	0.38105999435466287	1.6209495408602552
8	0.7091551787058276	0.36826413661444873	1.9256699423008765
8	0.7048934773553188	0.40418145992538446	1.7440025019590175
8	0.7907671150785862	0.43080687865218287	1.8355489530542561
8	0.6994487208398403	0.4242804018663789	1.6485529799703589
8	0.7802697127254554	0.38463454445869605	2.028600197165194
8	0.7236468822989643	0.38479979483379034	1.8805802186343028
8	0.4622070766319716	0.340352820070813	1.3580233492286207
8	0.6235024071813836	0.30237135781380997	2.062041893416754
8	0.5862326276294876	0.38018110248399556	1.541982554627807
8	0.672803088369325	0.26090561394929485	2.5787221600378425
8	0.6164963704963367	0.3508866016996509	1.756967543103969
8	0.8396493835341865	0.4341232907732193	1.934126552018627
8	0.7070677375269236	0.36259906588985363	1.9499987838956787
8	0.725301143953456	0.29249320747366825	2.4797196154332966
8	0.7912543183706745	0.24568410392255277	3.2206166607348043
8	0.6438877171941165	0.361189477213151	1.7826868107072098
8	0.6513682563216368	0.3261363417727776	1.9972268431693252
8	0.5816451508300051	0.3785307870505207	1.5365861132779557
8	0.5509987962815319	0.30402373189791604	1.8123545581189835
8	0.5169947622110607	0.37222709000865156	1.38892298838068
8	0.7919914162429151	0.3578169753417841	2.2133981080310985
9	0.7519911229593127	0.3941557918256667	1.907852525713779
9	0.643300988570695	0.3931955356857622	1.6360841621681443
9	0.7759954402800778	0.25901358817013515	2.9959642108442552
9	0.6997266326083142	0.47512940625996547	1.4727074842963122
9	0.6883119414713665	0.42057113788437256	1.6366124050590554
9	0.7623135714438025	0.1729731243035778	4.407121479206783
9	0.7156660954814402	0.37329640062250424	1.9171524137066542
9	0.728074136956329	0.47221851800636166	1.5418161490789324
9	0.7321226065822731	0.4697943902487538	1.5583894183892189
9	0.6338348516962004	0.40911338614212617	1.5492889579418598
9	0.6884298645335492	0.4533918402929747	1.5183993256003385
9	0.6127055786402653	0.4668213545325614	1.3125054642236345
9	0.8196165906021763	0.4084826441694303	2.0064906117828007
9	0.6830993322085174	0.4386320932855874	1.5573400639514097
9	0.7728312003693532	0.46279890216792086	1.6699071599978448
9	0.7517137873077105	0.47801707248216174	1.5725668194325055
9	0.5918170973740141	0.41961099763674303	1.4103946290901312
9	0.7561936364229389	0.46276854520687655	1.6340644675512448
9	0.6255385098588035	0.2678802281896216	2.335142515318488
9	0.7107167831958957	0.33371431226321563	2.129716218569976
9	0.8974841674067278	0.3296888372584866	2.7222158167977994
9	0.7295703568423362	0.4749757143813035	1.5360161261985026
9	0.5868133733338494	0.351978549635263	1.6671850427872197
9	0.6779032483942894	0.4273529121059328	1.5862843780651479
9	0.7013050668609686	0.40851600109386976	1.7167138251209433
9	0.5794765870869361	0.40832412281170977	1.41915834679733
9	0.6267561287785846	0.44648226987394146	1.403764877282901
9	0.7764906994982377	0.38209037031336907	2.0322174015047896
9	0.7637385725495418	0.45861345191514	1.6653209132009081
9	0.7156565537155852	0.4764768498231896	1.5019754978256554
9	0.7519190451801316	0.49897483904181955	1.5069277774086574
9	0.7345595440665832	0.5086909240367892	1.4440193629510458
9	0.7997364206840682	0.3094546211359317	2.584341502959086
9	0.7385033466963516	0.3455022732309484	2.1374775331874725
9	0.7484583596882922	0.4805542819057822	1.5574897318988732
9	0.77869802720975	0.45898432017471213	1.696567819382891
9	0.8301888428352875	0.27700654247443635	2.997000848497655
9	0.7419265300278404	0.4610456057613505	1.6092259003372462
9	0.5068036425588368	0.3871543051257473	1.3090481904733762
9	0.7682141406864084	0.4038751910333244	1.90210777423816
9	0.6716176350862313	0.449640855747705	1.4936757336461395
9	0.694583285666338	0.45055218143234715	1.541626728913382
9	0.8334137349738981	0.42668381874565325	1.9532349209396598
9	0.8118278272724384	0.44756382942579725	1.8138816720599926
9	0.6527193669888611	0.44200121797066194	1.4767365800159078
9	0.7799625496180338	0.49554573530729557	1.5739466492116352
9	0.6899966077321833	0.44065273786637515	1.5658511758558957
9	0.5967857402796429	0.47297356431751314	1.2617739876028529
9	0.6587453093114721	0.47704582693796715	1.380884753860623
9	0.8444749754907328	0.37606533874498765	2.2455538665406674
9	0.7998297477118829	0.4147409089525822	1.9285045927391944
9	0.7622134935826252	0.40489743414831914	1.8824853636968633
9	0.7584779048208385	0.40362329124275104	1.8791727863015402
9	0.6464394886199873	0.41291226588754243	1.5655613601850389
9	0.885251859569516	0.2977375929285736	2.9732619615215516
9	0.7949216469493511	0.4790689554344635	1.6593052794006313
9	0.7135529607233533	0.5015321982280788	1.4227460634518525
9	0.6955109051905207	0.47635459497789245	1.4600696886797098
9	0.8329576646953901	0.3305565766257738	2.5198641430703987
9	0.6996622872097713	0.3871468692994458	1.8072270311156895
9	0.8292507976402428	0.28980166301174226	2.8614425087223982
9	0.7700489770233908	0.5016528026639638	1.53502377128991
9	0.7169242536438867	0.4110409957452864	1.7441672754416686
9	0.7379081376498456	0.3142035861373474	2.3485032323192034
9	0.7218795149326802	0.42298346241657236	1.7066376798952534
9	0.5873831894763258	0.39741090077560454	1.47802485621296
9	0.6799315665407925	0.48081990581782297	1.4141086055584615
9	0.7283877306467902	0.4278566717147067	1.7024105940142416
9	0.7601613317126068	0.46517074111454626	1.6341555143628872
9	0.6685209915163419	0.4645567116065357	1.4390514114077793
9	0.7126441244706889	0.49986525355913686	1.4256724575203528
9	0.8612139785239699	0.34371897279750724	2.5055759113749327
9	0.771791109595997	0.3703850579933494	2.0837533613730583
9	0.6905947442361239	0.4356987773539426	1.5850279599823505
9	0.7346711241451918	0.4521015409321279	1.6250135370706131
9	0.6939544989019858	0.38493628665168805	1.8027775581726717
9	0.6885783023424846	0.44478382488799445	1.5481190272957488
9	0.8009373203021447	0.4108214557249983	1.9495995380491713
9	0.6086702910044209	0.45628010877652736	1.3339838386479606
9	0.7927311434202936	0.40608249565576066	1.9521431036818147
9	0.8679623101092974	0.4603837087302506	1.8853019636666954
9	0.7685910642708873	0.39404638112205265	1.95050913063156
9	0.8480740469222792	0.3174528329612865	2.6714962314596895
9	0.6969887500353746	0.4638074728674014	1.5027544634552228
9	0.6440376700165379	0.47266244876984675	1.3625742254175532
9	0.7044602330018656	0.49794525386540456	1.4147343056959478
9	0.7593452760354978	0.48271498390813855	1.5730716910581803
9	0.7485083849555891	0.4812849110680231	1.555229278421732
9	0.7659574298148513	0.36025449597657505	2.126156476516691
9	0.8192821988662583	0.37337121241429594	2.1942832538390125
9	0.5949017930566598	0.396844049926949	1.4990820529277666
9	0.7016067459579457	0.35447504460855134	1.979283892136141
9	0.46238365162880424	0.39274328532501196	1.1773177770465557
9	0.8273814588072259	0.38075931786809863	2.1729775739692982
9	0.7665283368029948	0.43523535468939206	1.761181228832
9	0.8212758513272835	0.3052179489611823	2.6907849100045342
9	0.6097086814492773	0.3426188213901876	1.7795539631342008
9	0.7450026440584983	0.42689610590120464	1.7451614895520084
9	0.7382680382331461	0.4320573421531914	1.7087269818259074
9	0.7171084065431877	0.4359364222385662	1.644983924171287
9	0.8298855601353881	0.4607616046861012	1.801117002144214
9	0.7370811440715752	0.47303260499326355	1.5582036762182006
9	0.9051817659918587	0.30721800168019525	2.946382572119344
9	0.7512299323859117	0.4206151250627776	1.7860269106437607
9	0.7025190410417398	0.3923437772379208	1.7905701117204822
9	0.678338722429767	0.4062909059719483	1.6695887416111692
9	0.808089759251995	0.5104444518387945	1.5831100844391215
9	0.6271174169384096	0.43954525112366677	1.4267414227209319
9	0.7433412452091523	0.35311292045392356	2.1051091652313194
9	0.6813416344260368	0.33638522181584896	2.025480283432401
9	0.7147707493459627	0.3632306441279272	1.9678151083921918
9	0.7172180763537096	0.4611116374419616	1.5554109202979791
9	0.7399191324917782	0.44266622280437656	1.6715057403843616
9	0.8040055660300943	0.39352519329795915	2.043085372227588
9	0.6709238354610021	0.5044750865668002	1.3299444379443335
9	0.6957862512380506	0.4126919827257383	1.6859698767166202
9	0.7549558151190319	0.5139271355588281	1.4689938765309927
9	0.8840153500244415	0.2328663900165911	3.7962341837371114
9	0.7976752686482277	0.4466958795846767	1.7857233637119738
9	0.7479843717726562	0.46092082344346663	1.6228044682047194
9	0.8216557182386903	0.4592041608524492	1.7893037308577513
9	0.723424559676727	0.4845144543931051	1.493091801735568
9	0.733935316286132	0.42681441720843993	1.7195654286619513
9	0.7194105481636012	0.4213227573655942	1.707504604455409
9	0.7058622236606503	0.4651670123016156	1.517438264093773
9	0.7911659909558845	0.44606194332485266	1.7736684395415987
9	0.790805267400342	0.4868322360545954	1.6243896949167058
9	0.8555593396542622	0.4922948962674986	1.7379000800962527
9	0.7710638758413145	0.5044559904468959	1.5285057377517344
9	0.866336576917579	0.4523633854378576	1.915134170461261
9	0.8075538952977815	0.4689440504739003	1.7220687510198553
9	0.5428691153836421	0.3998559611751674	1.3576616784408124
9	0.7304956692842832	0.4124819315628068	1.7709761649839777
9	0.6822825701817259	0.46314011722905907	1.4731666396419805
9	0.7525749868860684	0.371954294717519	2.0232996300193604
9	0.6608757312003753	0.3843885166221353	1.7192910365999168
9	0.9205856556273936	0.4969387210192603	1.8525134321173449
9	0.7876813778845481	0.41999404195624257	1.8754584570192863
9	0.8169543399667631	0.39852292861382144	2.049955677100858
9	0.8669396036577366	0.27260856983785164	3.180162693246932
9	0.6986525551044854	0.42896184522512404	1.6287055897426603
9	0.7736363079605532	0.4149991149622198	1.8641878502101927
9	0.696573857227986	0.492299133996318	1.4149402449145805
9	0.6145252107710274	0.37092632760681515	1.6567311755298992
9	0.5899687411446107	0.43470851080311884	1.3571593987305435
9	0.8409211650099623	0.4356118793695784	1.9304367140468053
