0	1.0	0.999990397723597	1.0000096023686076
0	1.0	0.9999945461442663	1.0000054538854783
0	1.0	0.9999905350952194	1.0000094649943658
0	1.0	0.9999905350952194	1.0000094649943658
0	1.0	0.9999905350952194	1.0000094649943658
0	0.9997357878090597	0.9998611882448749	0.9998745821547136
0	1.0	0.9999899605941704	1.0000100395066203
0	1.0	0.9999902563056824	1.000009743789258
0	1.0	0.9999902563056824	1.000009743789258
0	1.0	0.9999910345448308	1.0000089655355493
0	1.0	0.9999901106600274	1.0000098894377727
0	1.0	0.999990397723597	1.0000096023686076
0	1.0	0.999990397723597	1.0000096023686076
0	1.0	0.999990397723597	1.0000096023686076
0	1.0	0.9999905350952194	1.0000094649943658
0	1.0	0.9999905350952194	1.0000094649943658
0	1.0	1.0	1.0
0	1.0	0.9999901106600274	1.0000098894377727
0	1.0	0.9999902563056824	1.000009743789258
0	1.0	0.9999905350952194	1.0000094649943658
0	1.0	0.9999898059037879	1.0000101942001327
0	0.9989410185026011	0.999468920132245	0.9994718178634568
0	1.0	0.9999901106600274	1.0000098894377727
0	1.0	0.9999905350952194	1.0000094649943658
0	1.0	0.9999902563056824	1.000009743789258
0	1.0	0.999990397723597	1.0000096023686076
0	1.0	0.9999902563056824	1.000009743789258
0	1.0	0.9999902563056824	1.000009743789258
0	1.0	0.9999901106600274	1.0000098894377727
0	1.0	0.9999905350952194	1.0000094649943658
0	1.0	0.9999902563056824	1.000009743789258
0	1.0	1.0	1.0
0	1.0	0.9999905350952194	1.0000094649943658
0	1.0	0.999990397723597	1.0000096023686076
0	1.0	0.9999905350952194	1.0000094649943658
0	1.0	0.9999905350952194	1.0000094649943658
0	1.0	0.9999905350952194	1.0000094649943658
0	1.0	0.9999905350952194	1.0000094649943658
0	1.0	0.9999905350952194	1.0000094649943658
0	1.0	0.9999905350952194	1.0000094649943658
0	1.0	0.9999905350952194	1.0000094649943658
0	1.0	0.999990397723597	1.0000096023686076
0	1.0	0.999990397723597	1.0000096023686076
0	1.0	0.999990397723597	1.0000096023686076
0	1.0	0.9999944621095092	1.0000055379211592
0	1.0	0.9999944621095092	1.0000055379211592
0	1.0	0.9999902563056824	1.000009743789258
0	1.0	0.9999902563056824	1.000009743789258
0	1.0	0.9999902563056824	1.000009743789258
0	1.0	0.9999905350952194	1.0000094649943658
0	1.0	0.9999905350952194	1.0000094649943658
0	1.0	0.9999899605941704	1.0000100395066203
0	1.0	0.9999902563056824	1.000009743789258
0	1.0	0.9999901106600274	1.0000098894377727
0	1.0	0.9999902563056824	1.000009743789258
0	1.0	0.9999902563056824	1.000009743789258
0	1.0	0.9999905350952194	1.0000094649943658
0	1.0	0.999990397723597	1.0000096023686076
0	1.0	0.999990397723597	1.0000096023686076
0	1.0	0.9999898059037879	1.0000101942001327
0	1.0	0.9999898059037879	1.0000101942001327
0	1.0	0.9999905350952194	1.0000094649943658
0	1.0	0.9999909005320481	1.000009099550753
0	1.0	0.999990397723597	1.0000096023686076
0	1.0	0.9999909005320481	1.000009099550753
0	1.0	0.9999905350952194	1.0000094649943658
0	1.0	0.9999901106600274	1.0000098894377727
0	1.0	0.9999901106600274	1.0000098894377727
0	1.0	0.9999909005320481	1.000009099550753
0	1.0	0.9999902563056824	1.000009743789258
0	1.0	0.999990397723597	1.0000096023686076
0	1.0	0.9999905350952194	1.0000094649943658
0	1.0	0.999990811154942	1.0000091889294935
1	0.6319039659980267	0.7197853495941865	0.8779061234773573
1	0.7686530681074448	0.7773899034817238	0.9887613212685823
1	0.9511416968112288	0.8254439002088477	1.1522790301928187
1	0.8951408428570085	0.8172960743302805	1.0952467177705663
1	0.7304186936263359	0.7593671786988742	0.9618781455341018
1	0.8400391372276225	0.7956996958297168	1.0557238385665972
1	0.8527239288538802	0.7856102237493177	1.0854287572586097
1	0.6203660172327005	0.5298613007950558	1.1708083158778393
1	0.7441222807953857	0.7511110992016187	0.990695359962512
1	0.9102017698329499	0.819486199103892	1.110698106726209
1	0.8859949589646867	0.8055414800801894	1.0998750292492552
1	0.7615094553998637	0.7656617264981992	0.9945768856472347
1	0.8395866433688599	0.8079311163636405	1.0391809726894732
1	0.9350823482455536	0.838571134365342	1.1150900739664196
1	0.7068680069387276	0.7112409142360341	0.9938517213931604
1	0.8466013275060383	0.7830546728842437	1.0811522577187769
1	0.8114430386273846	0.687004144589154	1.1811326685847698
1	0.9333377024746936	0.8213546477637247	1.1363394667770634
1	0.78724602950005	0.7916338728811722	0.9944572313901217
1	0.7878991945238961	0.7261448778414095	1.0850440711859897
1	0.7033019501801016	0.7667054166242342	0.9173040061158105
1	0.8868965600552676	0.8189823224075625	1.082925156977818
1	0.63884358592625	0.7042352274317252	0.9071451711611305
1	0.7226827286049335	0.7502563478951374	0.9632477361003845
1	0.8864827089328144	0.8142715726870563	1.0886818828851716
1	0.8561223309778027	0.8134409915107677	1.052470111430904
1	0.8648242460641568	0.8078178565877122	1.0705683700992252
1	0.7068340866274583	0.7287805900688114	0.9698859934794903
1	0.8091806598008329	0.7881948374169504	1.0266251710714784
1	0.8920029278767662	0.8174981510066307	1.0911375478689385
1	0.8940635821415603	0.823623180964043	1.0855250347556604
1	0.8445702102613858	0.8247507538034764	1.0240308437021834
1	0.7452894242336141	0.7608366303527955	0.9795656445826324
1	0.8842397192011845	0.8278832955425293	1.0680729082976892
1	0.8331927905407008	0.7891752365857461	1.055776653795411
1	0.7851049702756252	0.782556191414118	1.0032569914971874
1	0.8993492528296098	0.8095795560105661	1.1108843425609825
1	0.5853230985526658	0.7177884811632914	0.8154534572692722
1	0.8563860161897885	0.8133460959047498	1.0529171044180914
1	0.8486198553084275	0.7912470561521946	1.0725093366353042
1	0.8024912449093199	0.7739286070688477	1.0369060370421626
1	0.931231143595501	0.8356533255181198	1.1143749628688682
1	0.8358913399141727	0.7933684432225873	1.0535979179091892
1	0.6708106588803407	0.7150619675359224	0.9381154212297571
1	0.8820627326737128	0.7915087557202081	1.1144067912061288
1	0.8860244863079868	0.802609373334406	1.1039299013255182
1	0.7908108492410562	0.7879562031868884	1.0036228486337466
1	0.8929698387556547	0.8259438179859435	1.0811508232280902
1	0.8963778667412352	0.818882899113155	1.0946349810357583
1	0.8969921404924787	0.8208341814456795	1.0927811740401299
1	0.8459398992365352	0.8162313431104216	1.0363972253416573
1	0.8347959606438635	0.7961842169436532	1.0484959923576869
1	0.8599146685017144	0.7849683298826222	1.0954768947561222
1	0.8397200708266104	0.7978313397147145	1.0525032410068953
1	0.8438660264245256	0.7945213481850789	1.0621061704033057
1	0.8581330481532177	0.7980920839234605	1.0752306224296735
1	0.8364744802847727	0.7453349096309838	1.1222800240215667
1	0.6999201028178176	0.7006745183863756	0.9989233009781839
1	0.7544674023625063	0.7952323516187452	0.9487383163257138
1	0.7723623684498877	0.7385528405863291	1.0457780757253843
1	0.8441610480266131	0.7934717297885276	1.0638829542819312
1	0.7231929956750075	0.7258533206934185	0.9963348999824517
1	0.7168047268238251	0.7384915554882251	0.9706336132035219
1	0.6470938424694873	0.7129638205399242	0.9076110509779389
1	0.8654359227315335	0.7770245524984937	1.1137819518685173
1	0.8737043211359657	0.8112585788431078	1.0769739068669184
1	0.6941375082526995	0.6907945301810036	1.0048393233090887
1	0.7747121647264545	0.7485044645535172	1.0350134186421591
1	0.5918851473413252	0.7240839879017992	0.8174260959097429
1	0.8381292149957436	0.7918465155708357	1.0584490788490026
1	0.8822235611026479	0.7671647670616144	1.1499792469376955
1	0.8498966930438095	0.8162049272520817	1.0412785621193907
1	0.7134864463454009	0.7481270477315398	0.9536969001572987
2	0.6977775709474406	0.7476746530076566	0.9332636436724238
2	0.7857011269224097	0.7908203985637704	0.9935266317729563
2	0.9428989232107657	0.8172463973094836	1.1537510918554699
2	0.8856769355018359	0.8151027431551082	1.0865831859104638
2	0.7347910500012023	0.7630139154658093	0.9630113358451957
2	0.8398768423864448	0.8002174891391197	1.0495607179118154
2	0.8658072502922357	0.8088249391347906	1.070450734640304
2	0.7118919142331513	0.5864868399514713	1.2138241913357453
2	0.7885506892509081	0.77512990775823	1.0173142351473607
2	0.9018860592364902	0.8152920332639945	1.1062122803111658
2	0.8833415149773244	0.8101476581141605	1.0903463166622522
2	0.7827807715819337	0.7827840232262435	0.9999958460517674
2	0.8560576046740868	0.8188243631619552	1.0454715848565528
2	0.9277768805370868	0.8398238561239273	1.1047279423795993
2	0.7322571018872397	0.7325511211006049	0.9995986365935479
2	0.849273462038602	0.7908718187366406	1.0738446381807532
2	0.8034060367849009	0.702802839078867	1.1431456905294948
2	0.9243584134178181	0.8171095643542118	1.1312539391805658
2	0.7950932532227923	0.8043427738351845	0.9885005237651486
2	0.7817780002833554	0.7310191675795705	1.0694357069621705
2	0.7188819767844059	0.7756891573063927	0.9267655348964118
2	0.8776865257029197	0.8199688818586746	1.0703900417701377
2	0.6655506527053207	0.7235828542025121	0.9197988161823556
2	0.7337495582118602	0.7621893587080799	0.962686699609103
2	0.874562173286228	0.8103765357308935	1.0792047088301295
2	0.8445405133838463	0.8123211877573187	1.0396632835781123
2	0.8615061835447093	0.809736463926399	1.0639340352381808
2	0.7564587293177952	0.7399996217020752	1.022242048688974
2	0.7979328512321505	0.790764996569328	1.0090644561834676
2	0.8945544211772203	0.8235521301675439	1.0862146892816993
2	0.897708633020732	0.8314265981000651	1.0797208497684958
2	0.8402852053252846	0.8233243596293641	1.0206004419735082
2	0.7429586761023499	0.7735135566386654	0.9604985843181689
2	0.8789274959468959	0.829841478535552	1.0591510772611266
2	0.8346687194226865	0.8004594242521637	1.0427370759017338
2	0.8191635502273439	0.8032225234188018	1.0198463393938348
2	0.8889630314132847	0.8115960910003255	1.0953269012392621
2	0.6124264939970375	0.737298360387333	0.8306359092882084
2	0.8628242025722332	0.8207718949494972	1.051235072596295
2	0.8470086258581075	0.7935035922107998	1.0674288486813728
2	0.8222135202742629	0.7968378266033833	1.0318454933032566
2	0.9240735138045784	0.8337728031112712	1.108303737368675
2	0.825544233836813	0.8000675254445101	1.0318431977077789
2	0.7536253643550032	0.731671322868886	1.0300053327223968
2	0.8764449903229449	0.7825117953832752	1.1200406121592852
2	0.8724231185176247	0.8047962023402844	1.0840298649281477
2	0.8143593398983947	0.8041683053584968	1.0126727632412158
2	0.8831779522752865	0.8228082199587637	1.073370356362687
2	0.8908894280231431	0.8180230160574002	1.0890762368972633
2	0.892990958734558	0.8221875019930259	1.0861159486977128
2	0.8430479252643309	0.8196884465525722	1.0284979967815864
2	0.8653737089477553	0.8137165492503525	1.0634829901702167
2	0.8666549302544463	0.7937727931109341	1.0918173786958285
2	0.8454791474307	0.8043293321275679	1.0511604061414557
2	0.8167947160007981	0.7913290513125865	1.0321808793016907
2	0.8370666683269998	0.7865726457392754	1.0641949893137546
2	0.8334628022434576	0.7646527195066466	1.0899886719571301
2	0.7291301145727199	0.717322170337822	1.016461144968288
2	0.767065514956513	0.8056213042141501	0.9521415470817933
2	0.7883038144164027	0.7541617676513749	1.0452715163105573
2	0.8454342401747413	0.8091255156882099	1.0448740322515335
2	0.7376239940402968	0.7356763933707473	1.0026473605611101
2	0.7553336642825735	0.7618698951421546	0.9914208043902804
2	0.6298823516074914	0.7252381280851704	0.8685179766686499
2	0.8657436888843436	0.7830964327803667	1.1055390532306981
2	0.8685957237191169	0.8108003690687611	1.0712818553804264
2	0.7701064476821358	0.7296369488626032	1.055465254168691
2	0.7735451380987074	0.7701867270188397	1.0043605153945812
2	0.652506042261312	0.7494257191244955	0.8706747388167991
2	0.8391756339342122	0.8013133490487168	1.047250285959224
2	0.8730698839942727	0.7825561649505827	1.1156641824544387
2	0.8498469667762518	0.8227421515588337	1.0329444834764612
2	0.6980281432975637	0.7451401104592801	0.936774350889958
3	0.6960658833304368	0.7486184907127381	0.9298005485647737
3	0.7812758770392912	0.7890972714755542	0.990088174526776
3	0.9429055049918672	0.8180660357254803	1.1526031687107952
3	0.8856714932627133	0.8159334176926366	1.085470301936263
3	0.724223390346927	0.7597892190722044	0.9531898744645158
3	0.8401329307304621	0.8002409239227375	1.0498499959389431
3	0.868096310803562	0.8110224522761887	1.0703727231807105
3	0.7060459871221704	0.5795386207592096	1.2182897943837343
3	0.7884291498726408	0.7757277557377109	1.0163735202730382
3	0.9030849480763672	0.8154829369474513	1.1074234752928507
3	0.8833262071678217	0.8105145972124466	1.0898338046048668
3	0.7832351172062052	0.7825111160049999	1.0009252280081355
3	0.8560503884955578	0.8191383661863721	1.0450620112949116
3	0.9283061280383356	0.8396921213481374	1.1055315447618195
3	0.7323250867945917	0.7319658987134547	1.0004907169606785
3	0.8494660096435418	0.7906152704732068	1.0744366335539042
3	0.8036267925024895	0.7038173558182146	1.1418115592904676
3	0.9246313795068559	0.8178116913510984	1.1306164845592777
3	0.7948991403745744	0.8044229596337672	0.9881606819582466
3	0.781777963717208	0.7297461395302193	1.0713012667946207
3	0.7215694857281274	0.7751334355860964	0.9308971237739628
3	0.8803357452870038	0.8209616585424583	1.07232260621033
3	0.6651879395981409	0.7227753900295193	0.920324555559333
3	0.7282548479488866	0.7613597061357125	0.956518767778177
3	0.8756136811490204	0.8109462897066291	1.0797431251159502
3	0.8472337713664974	0.8129597391950375	1.0421595689417495
3	0.8619717348722715	0.8089629845509168	1.0655267933560417
3	0.7540702867941085	0.7375397685458676	1.022413053442301
3	0.798335987837506	0.7908909180824307	1.0094135228826833
3	0.894742730439269	0.8234952590439264	1.086518374711787
3	0.8977086162291462	0.8315288350878731	1.0795880772243809
3	0.8405707941843957	0.8235516757776272	1.0206655136615421
3	0.7429331190741746	0.7734179507920671	0.9605842718200779
3	0.8793255707722879	0.8300069252407856	1.0594195590804196
3	0.8332072246609019	0.8004351623286856	1.0409428069562479
3	0.8245749905608488	0.8042064442545905	1.0253275094371292
3	0.88896301861881	0.8122105107558282	1.0944982942803305
3	0.6124264333654559	0.7369247915625631	0.8310569007549292
3	0.8622413440054393	0.8207612846533222	1.0505385184799958
3	0.8454762386260914	0.7924439532996486	1.0669224430391857
3	0.821488590751001	0.7963866006983684	1.0315198548426356
3	0.9243507774075086	0.8345599060886181	1.107590684220284
3	0.8296026941161228	0.8010390704896861	1.035658215284025
3	0.7534923238068424	0.7307755150182078	1.0310858920718884
3	0.8820228565123588	0.7814202256043301	1.1287433158390867
3	0.8764168141480824	0.8043170702593806	1.0896409470278314
3	0.8157898070015074	0.8049157386464891	1.0135095735279118
3	0.8845532906357205	0.8238732131792794	1.0736522033800324
3	0.8931806365550752	0.8185412253649502	1.0911858912870842
3	0.8952095784834426	0.822262577791799	1.088714970937318
3	0.8432693758328333	0.820237210538556	1.0280798834756042
3	0.8653736912841699	0.813831152887517	1.063333208877268
3	0.8620351968304253	0.7939714882830737	1.0857256331641532
3	0.844844175741159	0.8037414912162729	1.0511391846434193
3	0.8167876399197308	0.7917038208533046	1.0316833371340695
3	0.8373536561195979	0.7877276668659088	1.0629989161750957
3	0.8323408523333782	0.7640385910777169	1.0893963499400172
3	0.7260380082102155	0.7154630283807905	1.0147806097728878
3	0.7688418849188576	0.8065507978127914	0.9532466981668198
3	0.7882873909718197	0.7536213669279178	1.045999258467439
3	0.8450361147708091	0.8090206691111379	1.0445173368675993
3	0.7277351467547841	0.7312561441578134	0.9951850012732756
3	0.7537332511266185	0.7618866184339811	0.9892984505698218
3	0.6232320361000218	0.7218324937509077	0.8634025781542174
3	0.8708131117633782	0.7811577307529932	1.1147724428508978
3	0.8678595763263364	0.809649384326601	1.0718955551953513
3	0.7707153140103814	0.728644912079986	1.0577378654992613
3	0.7735450899545223	0.769716888290793	1.0049735191236744
3	0.6405790182750615	0.7488104910843049	0.855462130808931
3	0.8419125772805931	0.8005227333132598	1.0517035210181054
3	0.8730698594272073	0.7819859906791865	1.1164776221488453
3	0.8507299265848605	0.8228787851514877	1.0338459830730058
3	0.6965547182520525	0.7445701619322121	0.9355125330894859
4	0.6960658833304368	0.7486184907127381	0.9298005485647737
4	0.7812758770392912	0.7890972714755542	0.990088174526776
4	0.9429055049918672	0.8180660357254803	1.1526031687107952
4	0.8856714932627133	0.8159334176926366	1.085470301936263
4	0.724223390346927	0.7597892190722044	0.9531898744645158
4	0.8401329307304621	0.8002409239227375	1.0498499959389431
4	0.868096310803562	0.8110224522761887	1.0703727231807105
4	0.7060459871221704	0.5795386207592096	1.2182897943837343
4	0.7884291498726408	0.7757277557377109	1.0163735202730382
4	0.9030849480763672	0.8154829369474513	1.1074234752928507
4	0.8833262071678217	0.8105145972124466	1.0898338046048668
4	0.7832351172062052	0.7825111160049999	1.0009252280081355
4	0.8560503884955578	0.8191383661863721	1.0450620112949116
4	0.9283061280383356	0.8396921213481374	1.1055315447618195
4	0.7323250867945917	0.7319658987134547	1.0004907169606785
4	0.8494660096435418	0.7906152704732068	1.0744366335539042
4	0.8036267925024895	0.7038173558182146	1.1418115592904676
4	0.9246313795068559	0.8178116913510984	1.1306164845592777
4	0.7948991403745744	0.8044229596337672	0.9881606819582466
4	0.781777963717208	0.7297461395302193	1.0713012667946207
4	0.7215694857281274	0.7751334355860964	0.9308971237739628
4	0.8803357452870038	0.8209616585424583	1.07232260621033
4	0.6651879395981409	0.7227753900295193	0.920324555559333
4	0.7282548479488866	0.7613597061357125	0.956518767778177
4	0.8756136811490204	0.8109462897066291	1.0797431251159502
4	0.8472337713664974	0.8129597391950375	1.0421595689417495
4	0.8619717348722715	0.8089629845509168	1.0655267933560417
4	0.7540702867941085	0.7375397685458676	1.022413053442301
4	0.798335987837506	0.7908909180824307	1.0094135228826833
4	0.894742730439269	0.8234952590439264	1.086518374711787
4	0.8977086162291462	0.8315288350878731	1.0795880772243809
4	0.8405707941843957	0.8235516757776272	1.0206655136615421
4	0.7429331190741746	0.7734179507920671	0.9605842718200779
4	0.8793255707722879	0.8300069252407856	1.0594195590804196
4	0.8332072246609019	0.8004351623286856	1.0409428069562479
4	0.8245749905608488	0.8042064442545905	1.0253275094371292
4	0.88896301861881	0.8122105107558282	1.0944982942803305
4	0.6124264333654559	0.7369247915625631	0.8310569007549292
4	0.8622413440054393	0.8207612846533222	1.0505385184799958
4	0.8454762386260914	0.7924439532996486	1.0669224430391857
4	0.821488590751001	0.7963866006983684	1.0315198548426356
4	0.9243507774075086	0.8345599060886181	1.107590684220284
4	0.8296026941161228	0.8010390704896861	1.035658215284025
4	0.7534923238068424	0.7307755150182078	1.0310858920718884
4	0.8820228565123588	0.7814202256043301	1.1287433158390867
4	0.8764168141480824	0.8043170702593806	1.0896409470278314
4	0.8157898070015074	0.8049157386464891	1.0135095735279118
4	0.8845532906357205	0.8238732131792794	1.0736522033800324
4	0.8931806365550752	0.8185412253649502	1.0911858912870842
4	0.8952095784834426	0.822262577791799	1.088714970937318
4	0.8432693758328333	0.820237210538556	1.0280798834756042
4	0.8653736912841699	0.813831152887517	1.063333208877268
4	0.8620351968304253	0.7939714882830737	1.0857256331641532
4	0.844844175741159	0.8037414912162729	1.0511391846434193
4	0.8167876399197308	0.7917038208533046	1.0316833371340695
4	0.8373536561195979	0.7877276668659088	1.0629989161750957
4	0.8323408523333782	0.7640385910777169	1.0893963499400172
4	0.7260380082102155	0.7154630283807905	1.0147806097728878
4	0.7688418849188576	0.8065507978127914	0.9532466981668198
4	0.7882873909718197	0.7536213669279178	1.045999258467439
4	0.8450361147708091	0.8090206691111379	1.0445173368675993
4	0.7277351467547841	0.7312561441578134	0.9951850012732756
4	0.7537332511266185	0.7618866184339811	0.9892984505698218
4	0.6232320361000218	0.7218324937509077	0.8634025781542174
4	0.8708131117633782	0.7811577307529932	1.1147724428508978
4	0.8678595763263364	0.809649384326601	1.0718955551953513
4	0.7707153140103814	0.728644912079986	1.0577378654992613
4	0.7735450899545223	0.769716888290793	1.0049735191236744
4	0.6405790182750615	0.7488104910843049	0.855462130808931
4	0.8419125772805931	0.8005227333132598	1.0517035210181054
4	0.8730698594272073	0.7819859906791865	1.1164776221488453
4	0.8507299265848605	0.8228787851514877	1.0338459830730058
4	0.6965547182520525	0.7445701619322121	0.9355125330894859
5	0.7179093965575134	0.7822858791393715	0.9177072163789002
5	0.7889595424673369	0.80757946089644	0.9769435463249222
5	0.9380483439832248	0.8322335473716667	1.127145555410184
5	0.8866266089526611	0.8343545321620965	1.0626497187653667
5	0.8078646880215942	0.8129937319988624	0.9936911641807401
5	0.8959318623848881	0.8395891045926994	1.0671075380611585
5	0.8910592829668267	0.8248855056431442	1.0802217724411198
5	0.790477733207691	0.6702924463570813	1.1793027618076186
5	0.8281837360662088	0.8147429181198721	1.016497004941575
5	0.9038743986825933	0.8325021789819514	1.0857321716417865
5	0.8848015500030725	0.8373977322511622	1.0566084859395013
5	0.856133019724009	0.8302225611911521	1.0312090513364056
5	0.8893070239330286	0.8499996222989383	1.0462440224711844
5	0.9206978960664052	0.8573081996537442	1.073940382744809
5	0.7822213234623326	0.7828379246825313	0.999212351368326
5	0.8834265320081471	0.825277525589571	1.0704599417959855
5	0.9110099666905707	0.7900357509764994	1.1531249890458057
5	0.9315194437667624	0.8309621374902483	1.121013102450404
5	0.8174547734584391	0.8420485537389308	0.9707929190409644
5	0.8636238736056999	0.8009419396969117	1.078260271815093
5	0.7515828794781291	0.813860045652399	0.9234792683251235
5	0.8784888374075117	0.8394765221123454	1.0464721934057204
5	0.7546845612081912	0.7893890812690495	0.9560362299348426
5	0.7609968600131984	0.7965878250528089	0.9553207268297742
5	0.9047254856621046	0.8375069360247065	1.0802602900896037
5	0.8548687114970613	0.8431327899718022	1.0139194224976729
5	0.8649106811092514	0.8306380978480845	1.0412605481857335
5	0.8411832347352963	0.7888918555141226	1.0662845976361301
5	0.8234499338980773	0.8207014809573414	1.0033489070076125
5	0.9172926486000308	0.8490456983701101	1.080380773803969
5	0.8988640018108432	0.8495902799661543	1.0579970404636125
5	0.8658372122567348	0.8686550591487974	0.9967560807222792
5	0.8264533553428515	0.8167293646929835	1.0119060132648998
5	0.8962096045203514	0.8526441534904939	1.0510945285339872
5	0.8667852738468541	0.8250166482376186	1.0506276154529253
5	0.8326035497674819	0.8237520221106968	1.0107453789723087
5	0.9155540357687716	0.8412544548758003	1.088319985067943
5	0.6888891998795971	0.7862174859183964	0.8762069175743298
5	0.8622600692208161	0.83573781803656	1.0317351334495861
5	0.8515162255138183	0.81351038893544	1.0467183174244556
5	0.876413750389152	0.8317291744487695	1.0537249110805778
5	0.933555830970476	0.8594031488656125	1.0862839311244588
5	0.8692980223102822	0.8281834394963553	1.0496442947940736
5	0.8201332298713515	0.7919109189432977	1.0356382394192933
5	0.8656129058947443	0.7892180195841809	1.0967982033035863
5	0.8921534748302443	0.8177494721970643	1.0909863046848287
5	0.8334103487372273	0.8308625764772709	1.0030664183609743
5	0.918551061118783	0.8555596606671295	1.073625958945441
5	0.9002317252838169	0.8421752166137724	1.0689363775194891
5	0.9056514275451406	0.8501144936087695	1.0653287696585605
5	0.8592971074603026	0.8426649976483468	1.019737511179854
5	0.8521212647274841	0.8342620206660881	1.0214072361188598
5	0.8954971945978795	0.8251159640368185	1.085298592717472
5	0.8544529281214456	0.8376999775720673	1.0199987477592323
5	0.8532727510821454	0.8201654765518038	1.040366579034189
5	0.8607060798318443	0.806525003684157	1.0671784208799373
5	0.9237306031357067	0.8085889833213773	1.1423982050081503
5	0.821022595632104	0.7857813398874516	1.0448486798499186
5	0.7717455494805003	0.829099728550275	0.9308235461974381
5	0.8839248710260751	0.7986831848671146	1.1067277836494618
5	0.8830082061624346	0.8316551724271704	1.0617479881540222
5	0.8139045418968798	0.7921748820696556	1.0274303822540456
5	0.8067669319944598	0.8040457653092247	1.0033843430344895
5	0.6967365309024897	0.7697466217286244	0.905150488790486
5	0.8751391231455239	0.7997245032786384	1.0943007492676633
5	0.8851292845984621	0.8368820196261292	1.057651214676457
5	0.8099985481782419	0.7816267921347246	1.0362983412659517
5	0.8539001155290943	0.8116931122148737	1.051998720549753
5	0.7139315812535767	0.7991714378137627	0.8933397109469144
5	0.8301111435854807	0.8067126090225617	1.029004795885451
5	0.9200921435107585	0.8197233853956316	1.122442228565536
5	0.8851976997908513	0.8556600341561356	1.0345203287002251
5	0.788474124615411	0.8030829759806282	0.9818090386645557
6	0.6265881331845007	0.6904388932780837	0.9075214900040889
6	0.702291724807552	0.7090407722305704	0.9904814395908622
6	0.8416295492047375	0.751435700675036	1.120028697663257
6	0.798574787188791	0.7408692192631615	1.0778890071624532
6	0.5702083762490912	0.6577679382594135	0.8668838097490392
6	0.7149377979094464	0.7019129058696474	1.0185562794627085
6	0.7949136881476316	0.724068410715266	1.0978433479267264
6	0.696539708111493	0.6579438600643671	1.0586613089502044
6	0.723889215743204	0.6990785972696599	1.0354904563956686
6	0.7519719456785892	0.7249033830783359	1.037340924641992
6	0.7762475143461706	0.7383819412804169	1.0512818244174438
6	0.6425186702312274	0.6836671912501506	0.9398120583442373
6	0.7707266410833323	0.7320785767202225	1.052792235139917
6	0.8038111533982736	0.7431323008817735	1.081652826077538
6	0.676013066036727	0.6848628578037352	0.9870780088799261
6	0.749849182375047	0.7205218094920465	1.0407029634587686
6	0.7623903204406459	0.7103627713763099	1.073240816046052
6	0.8021227904061036	0.736155705924454	1.0896102332030546
6	0.6832402411155991	0.7021454400205219	0.9730750955181448
6	0.7386552839880326	0.6696581508866072	1.103033365621064
6	0.6654647699312575	0.6855281982406429	0.9707328912787588
6	0.7365194908559252	0.7125809031175496	1.0335942033159238
6	0.7266667741728421	0.7082643459983953	1.0259824291289237
6	0.664940229032956	0.6847097542085676	0.9711271454012474
6	0.765127971481231	0.7318141511685654	1.0455222412131138
6	0.7564979454138736	0.7278890648727873	1.0393039020940456
6	0.7563639317861016	0.7277060191952408	1.0393811674425246
6	0.6940047404037597	0.7100514777292489	0.9774006000567638
6	0.753502103840333	0.7136450378734351	1.055849986830521
6	0.8050097187247797	0.7122189294228316	1.1302840818582902
6	0.8042813412337894	0.7470173781689616	1.0766568017536478
6	0.8092127976322605	0.7522067562937097	1.075785069545815
6	0.6696190076398321	0.691866592794131	0.9678441112983196
6	0.7527092373807922	0.7392741085755982	1.0181734063851908
6	0.7627461844933172	0.7280467028796322	1.0476610655284044
6	0.7427092298551643	0.7202040225834684	1.031248377634669
6	0.8077074162179566	0.7438390985131752	1.0858630822612643
6	0.5579637275559299	0.6819805046414275	0.8181520201215968
6	0.6833415466190073	0.707781430871701	0.9654697295143875
6	0.7778310368248669	0.7347770131079051	1.0585946796768384
6	0.7450576793751411	0.7158356128943547	1.0408223144453963
6	0.8294565154250142	0.7596047219662784	1.0919580821955932
6	0.7466028370025376	0.7196676302589292	1.037427286723897
6	0.7000935526253508	0.7001714809771432	0.9998887010483722
6	0.7720877863890773	0.6965716538475952	1.108411147832904
6	0.8032907087716674	0.7163152408406088	1.1214206580736594
6	0.7002194282884172	0.7188605852213346	0.9740684670767172
6	0.8068992707276085	0.733112656750009	1.1006483973482408
6	0.7620665121236762	0.7250222150659394	1.0510940165528135
6	0.7796513028035139	0.730386609093851	1.067450160088207
6	0.713211214915442	0.7150269310453445	0.9974606325285567
6	0.7748200981997445	0.7356363549137094	1.0532650990184294
6	0.7939654108887051	0.7171080333913615	1.1071768463307656
6	0.7669364866144547	0.7381972789087274	1.0389316088352591
6	0.7604228211116728	0.7111718922683101	1.069253199372482
6	0.7781139753864689	0.7210184019587901	1.0791874011433928
6	0.7581365999118067	0.7045555006743858	1.0760495080744303
6	0.6619473679405696	0.6707816951167254	0.9868298028397772
6	0.6562800178269448	0.7113841655226385	0.9225395357862515
6	0.7268783446237075	0.7080756825218041	1.0265545937616978
6	0.7640639623864112	0.7314618237683813	1.0445712100873132
6	0.6178447659159854	0.6361145557798531	0.9712790884945721
6	0.6042330396899852	0.6556419915141225	0.9215899034999042
6	0.6364700970715775	0.6683211293560998	0.9523417248303829
6	0.7581852315749122	0.7096428567284466	1.0684039505030076
6	0.7456810124455008	0.7051754858031508	1.0574403498956244
6	0.6350553871676485	0.6830075386571107	0.9297926468224013
6	0.751610161020787	0.7005085754527384	1.0729492648038201
6	0.6747181161646025	0.7077570877727011	0.9533187697037813
6	0.6655543030728672	0.6748763187437831	0.986187075450702
6	0.7541617790774474	0.7090500407304585	1.063622785072426
6	0.7529037536921774	0.7313804568342238	1.0294283182669621
6	0.6565340356597029	0.6907663510211048	0.9504429894264551
7	0.31198719666150504	0.4682141711624222	0.6663343740471228
7	0.5122169181753563	0.5199408790692419	0.9851445400721088
7	0.627234147120756	0.5318223339078514	1.1794054275829577
7	0.6359870241427625	0.5569825957690104	1.1418436212798946
7	0.37529313261610214	0.41707232450947623	0.8998274653142927
7	0.5258453296622723	0.5039698944169795	1.0434062341572992
7	0.6003591918654423	0.5205581834589045	1.1532989220845429
7	0.6181955523772856	0.505421201717577	1.2231294418921617
7	0.5650059103753307	0.509351257450177	1.109265761321101
7	0.5176838042275745	0.5084966537730027	1.01806727809594
7	0.49928630698495297	0.516957717921268	0.9658165255615617
7	0.45813962508496753	0.47791514901935284	0.958621265772882
7	0.5559764376928589	0.5085941588656369	1.0931632383134382
7	0.5945872076997043	0.5123311437876981	1.160552535034044
7	0.5220602037103061	0.4814820258127705	1.084277658816105
7	0.563586858967841	0.5154739533103392	1.0933372197538285
7	0.5642669470071859	0.4934816948009968	1.1434404820927233
7	0.6516204317962135	0.541245692250961	1.2039272388223918
7	0.434721806776533	0.480473514367082	0.9047778780255623
7	0.5518904172059782	0.4733821147142	1.165845518982433
7	0.4637122851228008	0.4931119001000907	0.9403794250933258
7	0.42842733713123776	0.49884300263414383	0.8588420301957216
7	0.5560106955712969	0.5310360407184194	1.0470300562257322
7	0.519114390316808	0.49956138980463355	1.039140335724947
7	0.516887423811529	0.5228838540436116	0.9885320034540931
7	0.47831627464029813	0.5031744523676464	0.9505972975965292
7	0.5985826961552273	0.5447447716848934	1.09883146616316
7	0.4701162289366554	0.49803151183828825	0.9439487617990385
7	0.5582778309222669	0.5221525754424786	1.0691852481033446
7	0.5932487499007663	0.5012789427806094	1.1834703181625736
7	0.5898736974735342	0.5304084309711389	1.1121122196219975
7	0.6096959858616493	0.503072363187457	1.2119449019195312
7	0.4618907641779406	0.4777921245831163	0.9667190822388503
7	0.5246384671442993	0.5291375841225108	0.991497264391694
7	0.5953796736695687	0.5394535496320451	1.103671806545105
7	0.531984513503193	0.5100211514074444	1.0430636298811116
7	0.6522950986668037	0.5489159063434879	1.1883333879172115
7	0.4186608045967935	0.49028124924989436	0.8539196741407579
7	0.49557970644215	0.5174480434812943	0.9577381008303401
7	0.5812267230361966	0.5374310440700986	1.0814907874216244
7	0.6172743999913706	0.5074090071790127	1.2165223542703048
7	0.613636107612495	0.5257642092990426	1.1671317612710927
7	0.5697517318661794	0.5301424590479711	1.0747143944843403
7	0.5606913380824106	0.5240612214471199	1.0698966363779825
7	0.6316781026176023	0.49621996594976703	1.2729800208836173
7	0.601806864506012	0.5216667286141172	1.1536232454479098
7	0.4878659368813063	0.5145010615261301	0.9482311570634708
7	0.6035127605838244	0.53084325710821	1.1368944646136874
7	0.5659230208017282	0.5124974628867348	1.1042455071173705
7	0.5637799362809771	0.5073518517661713	1.1112208111951714
7	0.5641544317829091	0.5284392921303074	1.0675860788258622
7	0.5839111878068288	0.5329598775682562	1.095600649097731
7	0.607560960276617	0.47277934504757446	1.285083552487852
7	0.579910085494559	0.5384511401075514	1.076996671190494
7	0.6562954372499713	0.5172238062699185	1.2688809550028268
7	0.5978076408147718	0.5135940646018955	1.1639691383080004
7	0.5691487055430354	0.4987903123052166	1.141058058871772
7	0.4804390859149008	0.4776028332498578	1.0059385172523867
7	0.45936209324648986	0.49683201476047406	0.9245823127319026
7	0.5419934163992594	0.5096002869004231	1.0635657599328745
7	0.5596777569993775	0.5236164587582384	1.0688696805418585
7	0.3779650814579767	0.42659248922422066	0.8860096954480485
7	0.45898306711509945	0.4520384930944164	1.0153627934938554
7	0.4832260968960228	0.4860665495159563	0.9941562474875876
7	0.638232697332494	0.5362516137462159	1.190173942552537
7	0.5729469172776828	0.5125181864099252	1.1179055348085252
7	0.45055464856743094	0.49301906920582383	0.9138686040951796
7	0.5244733335549282	0.49718037473124	1.0548954870522431
7	0.538580727365839	0.51650441497851	1.0427417689900047
7	0.5517566616809154	0.4898632283762155	1.1263483962857601
7	0.5304038674435665	0.5028457830939572	1.054804246701737
7	0.5225469444651945	0.5095276286496682	1.0255517367135314
7	0.48100597030762826	0.5088337511554618	0.9453106623044519
8	0.14418486703259148	0.29369918407783857	0.4909270261860122
8	0.2855263049035425	0.3166556069238825	0.9016935075846523
8	0.4325325045877766	0.33295866359697623	1.2990576665436395
8	0.39096786634493746	0.3389732076337629	1.153388697219254
8	0.1853812480105239	0.2710261375311246	0.6839976752767425
8	0.36828848968159206	0.32160786652472256	1.145147641011701
8	0.45659803557124234	0.32803051205248146	1.3919376972413817
8	0.4618971654022698	0.3356547481133827	1.3761079442446706
8	0.39083148538285706	0.33405499459688726	1.1699615084470851
8	0.38559170642063223	0.3124543783233073	1.2340736221710014
8	0.2824309387976621	0.3221111813214547	0.8768119679639645
8	0.18687172564414298	0.2650351404469789	0.7050828253528413
8	0.21886476419014006	0.25767726169994765	0.8493755434462711
8	0.39670910188976394	0.28978526359251966	1.3689761065545236
8	0.289859332111498	0.27118396973033815	1.0688660262615464
8	0.38678516975168187	0.3214970677853236	1.2030752641574751
8	0.37534345773984046	0.25410802577046376	1.477101939625035
8	0.4137438966285055	0.33782396778239476	1.224732215847437
8	0.24679334883834086	0.3075800961703979	0.8023709983549083
8	0.34582356854094465	0.27437204095567225	1.260418398814973
8	0.2809961285427184	0.30310270465143796	0.9270657246884626
8	0.28060277194638067	0.3087768506976202	0.9087558581947263
8	0.365146564720058	0.3224363517466299	1.1324609112529278
8	0.45547636430135297	0.33045926169974993	1.3783132055629648
8	0.30948218899465835	0.31620299069910746	0.9787452936811578
8	0.2811226611753723	0.31123763645372265	0.9032412158713071
8	0.40916983044964483	0.3328943680793254	1.2291281249676889
8	0.29417478978497347	0.3047483283304728	0.9653040310231555
8	0.3405247176336948	0.33752892659991107	1.0088756571591115
8	0.40981548637263066	0.3191169597038902	1.2842171934481326
8	0.34234072366084184	0.2932047568568247	1.1675824339644354
8	0.40168373192633033	0.26030903021777974	1.5431033321828047
8	0.19580543125253644	0.26668015408714124	0.7342332312758243
8	0.3542845291559681	0.32476532194937996	1.090893963152843
8	0.3976227769974979	0.33133289221384654	1.200070341162709
8	0.28342930817622425	0.30135789786160094	0.9405073176691376
8	0.4167948526405918	0.3292038800245578	1.2660690773434988
8	0.2674680094786148	0.3041845353801494	0.8792952250000194
8	0.29529282212307834	0.31005595931720487	0.9523855718605202
8	0.38264962651533585	0.32131112582607235	1.1909006435166718
8	0.5192023831413192	0.32680161652056183	1.5887387237224753
8	0.4174547017978869	0.3058590498762135	1.3648597351192915
8	0.3903466583936015	0.34562743829714293	1.1293856191417666
8	0.36713773966034113	0.3386679778245239	1.0840639319332648
8	0.47148167946156955	0.3105378890325303	1.5182742464388286
8	0.40298523809343095	0.3177361984314867	1.2683013143695254
8	0.240898213347059	0.2927960049997242	0.8227510254017499
8	0.3942398952866844	0.32649996235233647	1.2074730191277867
8	0.3494628520273344	0.33406404229460157	1.0460953822715018
8	0.42580863693431825	0.29814829646381263	1.428177326466798
8	0.27685444783658936	0.2883700830749366	0.9600664704342622
8	0.4009088392268593	0.31931050894636265	1.2555453954514333
8	0.42440095432125413	0.26651804591811706	1.5923910625235629
8	0.3918813381275453	0.34284022607137155	1.1430436346928685
8	0.4671745957264989	0.3121826705417943	1.4964783116106843
8	0.3985967830954626	0.3321792760133201	1.1999447644033014
8	0.3532672766234753	0.26959512788172957	1.3103622435582456
8	0.2681978574431248	0.28458197322580914	0.9424274292676862
8	0.24282720941121683	0.2889734000756282	0.840309901699138
8	0.3508516333859431	0.2930420020862301	1.1972742162835144
8	0.43521184842394695	0.3285489865174443	1.3246482755497386
8	0.18321954122148504	0.2557967744185805	0.7162699437392764
8	0.3735982384455499	0.2860999244298446	1.3058313076806178
8	0.2709853078691157	0.29393683669101006	0.9219167999483464
8	0.4872599883834824	0.34699107961959436	1.4042435584155781
8	0.44691979550798555	0.2962182871003964	1.508751535507031
8	0.2903973509198238	0.3054453104253971	0.9507343573727952
8	0.24609811944360993	0.27964988560045473	0.8800222425094021
8	0.36277951576201056	0.3354711745789785	1.081402943836544
8	0.2766892674692547	0.2757678444319087	1.0033412997778772
8	0.3244680853497563	0.2820724540295719	1.1503005015716272
8	0.3257141055118715	0.289349235190049	1.1256781283625563
8	0.32019577665456195	0.33160583146629835	0.96559151339021
9	0.24194316888890877	0.26335047836347575	0.9187117122110534
9	0.3796819898869114	0.2967956937858725	1.2792705481799826
9	0.36203188778801076	0.2667268193380457	1.3573134066026438
9	0.32787645590119785	0.2896098474741286	1.1321315858587566
9	0.24670754457759123	0.2753737767176641	0.8959006464531157
9	0.23437739330871118	0.2558504862176454	0.9160717134980638
9	0.3161656632344831	0.26149766658032403	1.2090573019983974
9	0.3288991565114334	0.2889748399628892	1.1381584519734362
9	0.3154269438561998	0.28611903334050875	1.1024325791035783
9	0.37952793936833645	0.2719130231371891	1.3957696287935868
9	0.29867181774496787	0.2859544424585473	1.0444734314217348
9	0.20244632714742894	0.2510101919330575	0.8065263230483478
9	0.25110898816172517	0.23667547394190108	1.0609844103380446
9	0.29768001903581626	0.24669950436328514	1.2066502517064572
9	0.3622651113015565	0.25816344879878367	1.403239354707843
9	0.3903382299458266	0.25751716651904655	1.5157755703131206
9	0.3486391420406038	0.23550284279800152	1.480403114877229
9	0.32031140531350283	0.2543344022127516	1.2594104553954963
9	0.31352215015228113	0.28760945954751654	1.090096795305453
9	0.32214923792406325	0.2569133383465726	1.2539218087987642
9	0.2802025000391821	0.2564398677854464	1.0926635645968161
9	0.24174234455103025	0.24530307511621538	0.9854843622995831
9	0.2546042794257241	0.26418775955548857	0.9637247382471874
9	0.47356962166618566	0.2571538439709608	1.841580955405293
9	0.32723335823246713	0.2535822920992522	1.2904424655345723
9	0.22099349161727244	0.2515174176349094	0.8786409056491505
9	0.4019346313248915	0.274314203803407	1.465234485681049
9	0.2589206337831004	0.2630186767020075	0.9844191942173365
9	0.21589515009187896	0.2632251461685767	0.8201919658299429
9	0.4470765414673753	0.2680037223509043	1.6681728803826323
9	0.381335325732437	0.28339990398654247	1.3455732354466328
9	0.2872558328333187	0.22174548306207356	1.295430368486499
9	0.22598029017830396	0.2523348801270551	0.8955570869335182
9	0.31195657690494094	0.2767010495741992	1.1274137824377415
9	0.3457294273137197	0.27550711637185454	1.254883837000731
9	0.2893518118160119	0.2700851244117515	1.0713356111197292
9	0.22689798182511478	0.25918486069357993	0.8754291482069388
9	0.3379719955189843	0.2727134423067473	1.239293496720394
9	0.27052456437864697	0.2703964486834643	1.0004738068706391
9	0.289354273106408	0.27052105524429937	1.0696183069561847
9	0.4028789539122688	0.27260248095304795	1.4778990730523072
9	0.3311555895764532	0.25494352823423366	1.298937030761567
9	0.3184168626452719	0.268967639570273	1.1838482248422282
9	0.23887580232837022	0.2706143729645926	0.8827166115069021
9	0.47741429972710797	0.2538538548404581	1.880665944691496
9	0.34897504984633676	0.25439881211458604	1.3717636766682377
9	0.2367479389197119	0.2693157734871237	0.879071937949565
9	0.3741566430948751	0.2719573409184166	1.3757916658227545
9	0.22408473830872505	0.25467723011296306	0.879877397006915
9	0.30310441126372856	0.27465560276522927	1.1035799314198473
9	0.5047068970752288	0.2898750649415598	1.7411187029038875
9	0.5248362125169481	0.2965966851878682	1.7695282473723875
9	0.3520567031751557	0.2556946027658484	1.3768640376721235
9	0.36280083968113636	0.2603037611471547	1.3937594988342796
9	0.4080318222291646	0.28726962254228716	1.4203792890391702
9	0.42041834687557594	0.27351684247316077	1.5370839436216075
9	0.2946761290174399	0.23408114265804653	1.2588631688623997
9	0.2552724958926706	0.24550242686008103	1.0397962218033707
9	0.26181708367824913	0.26784872128196924	0.9774811782753651
9	0.4798107566196565	0.26555189518301103	1.8068436540021082
9	0.3032350959564547	0.25251930771688724	1.2008392494740545
9	0.15099454339121243	0.23576975827013308	0.6404321932510552
9	0.42041973023256235	0.24765787736846362	1.6975827084517279
9	0.48308637997752435	0.2800564549273239	1.7249607051652773
9	0.45634832625226424	0.28187640002436454	1.6189660653138003
9	0.44983341013371925	0.2553449759139883	1.7616693201954496
9	0.18672701273368783	0.2397257432854759	0.7789193191126125
9	0.20946545412061482	0.2361957226250739	0.886830006033219
9	0.2406484544718905	0.26717750037948435	0.9007062875058213
9	0.39393804171418956	0.27985579476853806	1.4076465418198902
9	0.3133627666920297	0.22309930642014728	1.404588708590136
9	0.3194205608924881	0.2447268373277473	1.3052126378142508
9	0.30404096308621775	0.28424693433897535	1.0696367360769397
10	0.40107257299993976	0.3899663457990335	1.0284799632597779
10	0.4878446887831192	0.3880980409985976	1.2570140460587431
10	0.47776018213060645	0.37236168080107135	1.2830541024059956
10	0.35167733891368846	0.35471949156974664	0.9914237792724734
10	0.29701517301503044	0.3278711248543415	0.9058899991482355
10	0.3461381566562592	0.3237028884642996	1.0693082112995538
10	0.37889971892003876	0.3441378416409269	1.1010114932823412
10	0.4250945852177444	0.3878725866437232	1.0959644993117577
10	0.386701613901649	0.3726398259588969	1.037735601412349
10	0.4213514841446036	0.34991219986076016	1.2041634567536403
10	0.3730119657264727	0.3721710005788745	1.002259620298976
10	0.3369075733739507	0.3582758619397195	0.9403580010942405
10	0.3624750991366171	0.33446616081224806	1.0837422185142722
10	0.45409733483049197	0.3889741010799795	1.1674230586810252
10	0.4824300323616212	0.3773001943807469	1.2786371158737968
10	0.49247180334305085	0.3679479411041179	1.3384279359337319
10	0.42070071189904185	0.3523889575529109	1.1938532774139894
10	0.4597282175028946	0.3859895474821702	1.1910379970176022
10	0.34137457610614463	0.3431119373131758	0.9949364594521659
10	0.4272152620334536	0.35883905605071176	1.1905483944118915
10	0.43384041094112225	0.3864953158334372	1.1224984965356959
10	0.3585262644730273	0.3510196488013283	1.0213851723039802
10	0.4035569494372478	0.3888414125596341	1.0378445721116623
10	0.5651964156129625	0.3610689829079245	1.5653419218152342
10	0.4244297579369324	0.34893917466257457	1.216343101479957
10	0.3699282563791664	0.36932494314713493	1.0016335566910006
10	0.47150621424586703	0.3667462601379008	1.285646959477038
10	0.41774606740594855	0.3834370427171752	1.089477595710751
10	0.32001881822103123	0.35826047489429524	0.8932573941221196
10	0.4599663963172364	0.3294436381486029	1.3961914666257975
10	0.3716623464380364	0.3401097247534038	1.0927718891528604
10	0.37910545603755175	0.3547273304421444	1.0687235617425408
10	0.328515226885884	0.3465850513517069	0.9478632318521839
10	0.31361472006066543	0.3275614380373987	0.9574225889949204
10	0.3984418042097907	0.35101885356082185	1.1351008647196545
10	0.38990641721143676	0.36660708602554776	1.0635539575584345
10	0.38055578684004937	0.37308426217441554	1.0200263731900354
10	0.42308159431381837	0.3519164822943164	1.2022215940428298
10	0.357034729225717	0.3548623231242203	1.0061218279877413
10	0.4317475076530467	0.3817662100467049	1.1309212190367166
10	0.4119952395211901	0.32957307830780697	1.250087663824302
10	0.4615425336697037	0.37500519645157926	1.230763034851167
10	0.40181475695954605	0.3552113753542307	1.131199012303141
10	0.35591291473331027	0.35984226318973445	0.9890803586505003
10	0.5256768099275905	0.33677437996174137	1.560916866619453
10	0.4395765195160677	0.34549085784852995	1.2723246057896755
10	0.34895623798486997	0.3656735547074643	0.9542834954636846
10	0.42806069086862036	0.3463458381485125	1.23593427066119
10	0.36049448064801654	0.36505758401378935	0.9875003189480362
10	0.402351473868199	0.3708200485640139	1.0850316087986325
10	0.4738034479093124	0.32751582800887374	1.4466581685220878
10	0.5455711786258342	0.3653449440760741	1.4933043072637469
10	0.4273200566554113	0.3433494391480811	1.244563141607798
10	0.4820647255764314	0.3818984747793359	1.2622850244557073
10	0.40046988929314536	0.34366078099792713	1.1653057649763092
10	0.5072622149845525	0.3719212820202867	1.3638967155337014
10	0.4483272699062782	0.36868150340774025	1.2160286473890565
10	0.3981122866629525	0.3669066557127848	1.085050599285382
10	0.4234897873813612	0.38756410345821507	1.0926961078247006
10	0.486746798772752	0.32123772814016616	1.515223014403741
10	0.4098168107304826	0.3592812577488169	1.140657359357711
10	0.30322321387476336	0.35952516314651717	0.8433991413034723
10	0.5580016149285727	0.39343428360499705	1.4182841663305559
10	0.4842094424650468	0.3153612576062748	1.5354119467318246
10	0.42646266164852703	0.32629900933426254	1.3069689133246993
10	0.5353383229391698	0.3574487687291898	1.4976644760658069
10	0.3396817018999049	0.36202303078936476	0.9382875480580717
10	0.40274360082186816	0.3899820777556614	1.0327233578005663
10	0.40474967941051604	0.3835070251814932	1.0553905217745876
10	0.3521311119087099	0.32209140185810936	1.0932645512339192
10	0.43930343353291973	0.3523500486062116	1.2467812485642302
10	0.4775006430005979	0.3932014619404341	1.2143918301934855
10	0.40696251647839105	0.37691655159141974	1.0797151644312541
11	0.2946254311783599	0.2806000706034544	1.0499834534779082
11	0.3995360243606232	0.262594961515976	1.5214915855737614
11	0.4011338400007301	0.25869115429000267	1.5506283587534027
11	0.24708029228796274	0.2407898604738705	1.0261241557336043
11	0.16960064493950064	0.2143794759160941	0.7911235169073767
11	0.2684306743128277	0.22085359878397573	1.215423591876303
11	0.2822214928522135	0.23447257735264934	1.2036439230492582
11	0.29514914919638907	0.2647423799515533	1.1148541810736916
11	0.27833222286013787	0.26369261072814026	1.0555177184964453
11	0.31199057198909325	0.2315066503670888	1.3476527412684907
11	0.24823026788849575	0.25396056270342465	0.9774362808385303
11	0.2330433588816204	0.25299664971068087	0.9211321934425676
11	0.28576146685338355	0.2367944091495796	1.206791443597269
11	0.3780709114500736	0.2840588068285405	1.33096000673649
11	0.41607453744012834	0.2673003289613082	1.5565807159943874
11	0.41229116580814085	0.2660811562168971	1.5494940403523356
11	0.35080258043105284	0.2399631475493674	1.4619018962438077
11	0.37517161343831473	0.28097371242871616	1.3352552101595514
11	0.20685548068575738	0.21816618905329316	0.9481555395150033
11	0.32692177335724537	0.2442115294700464	1.3386827971090682
11	0.3338046784180431	0.2800907256929487	1.1917734069637804
11	0.2657345209668366	0.2443410609275798	1.0875557303305545
11	0.29402871758317245	0.2812892059346723	1.0452897280795723
11	0.512683786905444	0.25275134993202303	2.028411666419702
11	0.33904934735229425	0.2421543585864786	1.4001372898320652
11	0.2488204683057268	0.2579749805009674	0.964513953339726
11	0.3707070627637543	0.2452440617490053	1.511584256597226
11	0.3203612674616893	0.2742327578705539	1.1682093341048243
11	0.19654462595269048	0.24249564587164446	0.8105078557027934
11	0.3747372941741583	0.2206768118994455	1.698127188573454
11	0.26212528438386173	0.22439546304300323	1.1681398582182028
11	0.28265151472770234	0.23576647513110474	1.1988621985824144
11	0.2135590757401071	0.23169605870061988	0.9217207963647409
11	0.18728907351185733	0.2065963491157101	0.9065459012877368
11	0.3204661039116414	0.2394378887926568	1.338410163602602
11	0.28645046554858394	0.2583268880956714	1.1088681772936348
11	0.2592331413609975	0.26176591983022096	0.9903242619556197
11	0.3631442596749367	0.24241346994857912	1.4980366386074464
11	0.24560230336275496	0.2384099279468852	1.030168103643201
11	0.32471026820318744	0.2634866050048822	1.2323596799054388
11	0.3291461690381965	0.21578565471011363	1.5253385100152803
11	0.35516324582490016	0.256667102569867	1.3837505557543028
11	0.31064042682679477	0.25217572053322573	1.2318411390674144
11	0.21225055347818977	0.23596364444569798	0.8995053198842872
11	0.48012181329194176	0.2281674360497459	2.104252129945764
11	0.3353958266221621	0.2280660539544068	1.4706082768863613
11	0.22482415154815472	0.2501959126615853	0.8985924236590211
11	0.3269136779205067	0.2385864264437723	1.3702107148059008
11	0.2650000765475656	0.2545101807180625	1.041216016584906
11	0.285143389256234	0.25806706538345736	1.1049197185721642
11	0.41390624377768326	0.21480038090901005	1.9269344031238702
11	0.44562230557539967	0.2417294328454579	1.8434755765148974
11	0.36700939320251913	0.24178621446092644	1.5179086782130387
11	0.4103385736953536	0.27371763261694776	1.4991309466336027
11	0.2808347408388096	0.22312696579304975	1.2586320072997534
11	0.4431692966022139	0.26364319642312073	1.6809434213161787
11	0.3517794592903452	0.25754610210036694	1.3658892773817057
11	0.32478606654218517	0.2656470332851066	1.222622600093589
11	0.29732081666410415	0.27380967899055936	1.0858667150124939
11	0.4544799646750663	0.211167587199369	2.1522240733185036
11	0.3090205388329659	0.25105848241604684	1.230870735213264
11	0.19211073394273545	0.25651711778657693	0.7489197430581307
11	0.4882685697749187	0.2842327250104412	1.7178478296507986
11	0.4416339559506898	0.20524533494300526	2.1517368766180605
11	0.356594251126618	0.2158241868939436	1.6522441541820756
11	0.492534506782769	0.2518024263343127	1.9560355869202048
11	0.24754302618717794	0.2631276155816736	0.9407717454511791
11	0.3034327422497545	0.28280121213235454	1.072954178526449
11	0.28516230570691514	0.2676215038105651	1.0655433201241042
11	0.21499118616998922	0.19702251846269975	1.0912010862894908
11	0.3619242997012748	0.24906725947952707	1.4531187296860446
11	0.3985963484511447	0.2868298699370048	1.389661225097256
11	0.2736312345296057	0.25914231109377694	1.0559110682260822
