0	1.0	0.9999908745262873	1.0000091255569876
0	1.0	0.9999908745262873	1.0000091255569876
0	1.0	0.9999908745262873	1.0000091255569876
0	1.0	0.9999908745262873	1.0000091255569876
0	1.0	0.9999908745262873	1.0000091255569876
0	1.0	0.9999908745262873	1.0000091255569876
0	1.0	0.9999908745262873	1.0000091255569876
0	1.0	0.9999908745262873	1.0000091255569876
0	1.0	0.9999908745262873	1.0000091255569876
0	1.0	0.9999908745262873	1.0000091255569876
0	0.9994715756181195	0.9997305251986879	0.9997409806202358
0	1.0	0.9999908745262873	1.0000091255569876
0	1.0	0.9999908745262873	1.0000091255569876
0	1.0	0.9999908745262873	1.0000091255569876
0	1.0	0.9999908745262873	1.0000091255569876
0	1.0	0.9999908745262873	1.0000091255569876
0	1.0	0.9999908745262873	1.0000091255569876
0	1.0	0.9999908745262873	1.0000091255569876
0	1.0	0.9999908745262873	1.0000091255569876
0	1.0	0.9999908745262873	1.0000091255569876
0	1.0	0.9999908745262873	1.0000091255569876
0	1.0	0.9999908745262873	1.0000091255569876
0	1.0	0.9999908745262873	1.0000091255569876
0	1.0	0.9999908745262873	1.0000091255569876
0	1.0	0.9999908745262873	1.0000091255569876
0	1.0	0.9999908745262873	1.0000091255569876
0	1.0	0.9999908745262873	1.0000091255569876
0	1.0	0.9999908745262873	1.0000091255569876
0	1.0	0.9999908745262873	1.0000091255569876
0	1.0	0.9999908745262873	1.0000091255569876
0	1.0	0.9999908745262873	1.0000091255569876
0	1.0	0.9999908745262873	1.0000091255569876
0	1.0	0.9999908745262873	1.0000091255569876
0	1.0	0.9999908745262873	1.0000091255569876
0	1.0	0.9999908745262873	1.0000091255569876
0	1.0	0.9999908745262873	1.0000091255569876
0	1.0	0.9999908745262873	1.0000091255569876
0	1.0	0.9999908745262873	1.0000091255569876
0	1.0	0.9999908745262873	1.0000091255569876
0	1.0	0.9999908745262873	1.0000091255569876
0	1.0	0.9999908745262873	1.0000091255569876
0	1.0	0.9999908745262873	1.0000091255569876
0	1.0	0.9999908745262873	1.0000091255569876
0	0.9983882828890931	0.9989412370598596	0.9994464597613429
0	1.0	0.9999908745262873	1.0000091255569876
0	1.0	0.9999908745262873	1.0000091255569876
0	1.0	0.9999908745262873	1.0000091255569876
0	1.0	0.9999908745262873	1.0000091255569876
0	1.0	0.9999908745262873	1.0000091255569876
0	1.0	0.9999908745262873	1.0000091255569876
0	1.0	0.9999908745262873	1.0000091255569876
0	1.0	0.9999908745262873	1.0000091255569876
0	1.0	0.9999908745262873	1.0000091255569876
0	1.0	0.9999908745262873	1.0000091255569876
0	1.0	0.9999908745262873	1.0000091255569876
0	1.0	0.9999908745262873	1.0000091255569876
0	1.0	0.9999908745262873	1.0000091255569876
0	1.0	0.9999908745262873	1.0000091255569876
0	1.0	0.9999908745262873	1.0000091255569876
0	1.0	0.9999908745262873	1.0000091255569876
0	1.0	0.9999908745262873	1.0000091255569876
0	1.0	0.9999908745262873	1.0000091255569876
0	1.0	0.9999908745262873	1.0000091255569876
0	1.0	0.9999908745262873	1.0000091255569876
0	1.0	0.9999908745262873	1.0000091255569876
0	1.0	0.9999908745262873	1.0000091255569876
0	1.0	0.9999908745262873	1.0000091255569876
0	1.0	0.9999908745262873	1.0000091255569876
0	1.0	0.9999908745262873	1.0000091255569876
0	1.0	0.9999908745262873	1.0000091255569876
0	1.0	0.9999908745262873	1.0000091255569876
0	1.0	0.9999908745262873	1.0000091255569876
0	1.0	0.9999908745262873	1.0000091255569876
0	1.0	0.9999908745262873	1.0000091255569876
0	1.0	0.9999908745262873	1.0000091255569876
0	1.0	0.9999908745262873	1.0000091255569876
0	1.0	0.9999908745262873	1.0000091255569876
0	1.0	0.9999908745262873	1.0000091255569876
0	1.0	0.9999908745262873	1.0000091255569876
0	1.0	0.9999908745262873	1.0000091255569876
0	1.0	0.9999908745262873	1.0000091255569876
0	1.0	0.9999908745262873	1.0000091255569876
0	1.0	0.9999908745262873	1.0000091255569876
0	1.0	0.9999908745262873	1.0000091255569876
0	1.0	0.9999908745262873	1.0000091255569876
0	1.0	0.9999908745262873	1.0000091255569876
0	1.0	0.9999908745262873	1.0000091255569876
0	1.0	0.9999908745262873	1.0000091255569876
0	1.0	0.9999908745262873	1.0000091255569876
0	1.0	0.9999908745262873	1.0000091255569876
0	1.0	0.9999908745262873	1.0000091255569876
0	1.0	0.9999908745262873	1.0000091255569876
0	1.0	0.9999908745262873	1.0000091255569876
0	1.0	0.9999908745262873	1.0000091255569876
0	1.0	0.9999908745262873	1.0000091255569876
0	1.0	0.9999908745262873	1.0000091255569876
0	1.0	0.9999908745262873	1.0000091255569876
0	1.0	0.9999908745262873	1.0000091255569876
0	1.0	0.9999908745262873	1.0000091255569876
0	1.0	0.9999908745262873	1.0000091255569876
0	1.0	0.9999908745262873	1.0000091255569876
0	1.0	0.9999908745262873	1.0000091255569876
0	1.0	0.9999908745262873	1.0000091255569876
0	1.0	0.9999908745262873	1.0000091255569876
0	1.0	0.9999908745262873	1.0000091255569876
0	1.0	0.9999908745262873	1.0000091255569876
0	1.0	0.9999908745262873	1.0000091255569876
0	1.0	0.9999908745262873	1.0000091255569876
0	1.0	0.9999908745262873	1.0000091255569876
0	1.0	0.9999908745262873	1.0000091255569876
0	1.0	0.9999908745262873	1.0000091255569876
0	1.0	0.9999908745262873	1.0000091255569876
0	1.0	0.9999908745262873	1.0000091255569876
0	1.0	0.9999908745262873	1.0000091255569876
0	1.0	0.9999908745262873	1.0000091255569876
0	1.0	0.9999908745262873	1.0000091255569876
0	1.0	0.9999908745262873	1.0000091255569876
0	1.0	0.9999908745262873	1.0000091255569876
0	1.0	0.9999908745262873	1.0000091255569876
0	1.0	0.9999908745262873	1.0000091255569876
0	1.0	0.9999908745262873	1.0000091255569876
0	1.0	0.9999908745262873	1.0000091255569876
0	1.0	0.9999908745262873	1.0000091255569876
0	1.0	0.9999908745262873	1.0000091255569876
0	1.0	0.9999908745262873	1.0000091255569876
0	1.0	0.9999908745262873	1.0000091255569876
0	1.0	0.9999908745262873	1.0000091255569876
0	1.0	0.9999908745262873	1.0000091255569876
0	1.0	0.9999908745262873	1.0000091255569876
0	1.0	0.9999908745262873	1.0000091255569876
0	1.0	0.9999908745262873	1.0000091255569876
0	1.0	0.9999908745262873	1.0000091255569876
0	1.0	0.9999908745262873	1.0000091255569876
0	1.0	0.9999908745262873	1.0000091255569876
0	1.0	0.9999908745262873	1.0000091255569876
0	1.0	0.9999908745262873	1.0000091255569876
0	1.0	0.9999908745262873	1.0000091255569876
0	1.0	0.9999908745262873	1.0000091255569876
0	1.0	0.9999908745262873	1.0000091255569876
0	1.0	0.9999908745262873	1.0000091255569876
0	1.0	0.9999908745262873	1.0000091255569876
0	1.0	0.9999908745262873	1.0000091255569876
0	1.0	0.9999908745262873	1.0000091255569876
0	1.0	0.9999908745262873	1.0000091255569876
0	1.0	0.9999908745262873	1.0000091255569876
0	1.0	0.9999908745262873	1.0000091255569876
1	0.8986974661314212	0.8497540747052981	1.0575971247247
1	0.9114451849544813	0.7361768008012833	1.2380792004888352
1	0.8387452606045649	0.83802424438011	1.0008603763307446
1	0.8008851652624299	0.8236518573951187	0.9723588407792939
1	0.9643784344087358	0.8739742869517236	1.1034402828626992
1	0.9538217571136354	0.8602921185329948	1.1087184650024822
1	0.9226967604837306	0.8604261227809362	1.07237185861063
1	0.934928142296284	0.8748434623055283	1.0686804926591218
1	0.8807383190818167	0.8285307116500485	1.0630122778765736
1	0.7877787571011574	0.7959973197250106	0.9896751378174333
1	0.8722467910675833	0.8297348748752535	1.0512355421949948
1	0.8954656121682458	0.8553910808251638	1.0468493677820718
1	0.8937270380978137	0.8380836515781306	1.0663935949769519
1	0.8822979518141659	0.823309793102986	1.0716475853990008
1	0.7506076366264576	0.6248191553681793	1.20131982218784
1	0.6600696342764927	0.6635940565754622	0.9946888880874587
1	0.8288823036157149	0.8206506104734029	1.01003069154797
1	0.8087603469126193	0.7848520186864527	1.0304622115468087
1	0.9374095892437466	0.8690865374563921	1.0786147855739656
1	0.9236571193084048	0.859322070950684	1.0748672128094483
1	0.95882969697616	0.8568176910465677	1.1190591732588864
1	0.9260875389537293	0.8625561267139793	1.0736548153472416
1	0.8695583243932419	0.8514916395849669	1.021217689015809
1	0.841781240847325	0.8064028961831199	1.04387179762332
1	0.8756262544897959	0.8500404017022666	1.0300995726041866
1	0.9371897717751463	0.8688854606309984	1.0786114099487225
1	0.9613806357222707	0.874001404016642	1.099976077045255
1	0.9667773668685538	0.8868428498849653	1.0901338010380948
1	0.7792273467772388	0.7810450011508273	0.9976727917457889
1	0.836994867501333	0.7917827189015822	1.0571017117707144
1	0.8956132392820771	0.8315181392989368	1.0770820225728084
1	0.8892801890198954	0.8581835035787366	1.0362354733125043
1	0.9293673774772202	0.8162988126614183	1.1385136950611983
1	0.928574981054996	0.7028521285950532	1.3211526909808828
1	0.9538180754210537	0.8686725642578913	1.0980179582808653
1	0.9523749767785488	0.865386651162229	1.1005196064666505
1	0.9411498276729902	0.818891304176426	1.1492976209089456
1	0.9480613073638141	0.8615487667084358	1.100415140730688
1	0.8328322019529534	0.8109959185963954	1.026925269111527
1	0.8990288118051669	0.8178125117581523	1.0993091923629463
1	0.8493042218049085	0.7870529958541927	1.079094071528378
1	0.9116058910913587	0.8477961533284744	1.0752654249637312
1	0.9006430589926724	0.8544992737363941	1.0540009648627429
1	0.8677869694749756	0.8493775531882657	1.0216740084755094
1	0.8952544935840585	0.8610665226404649	1.0397042156960836
1	0.8192996831444198	0.7060245999616617	1.1604407030419466
1	0.7543489912233721	0.793313660545637	0.9508836526331019
1	0.8095984052382672	0.8224196173745811	0.9844103765700005
1	0.9234621029994319	0.8628904816186458	1.070196186736425
1	0.945549081129607	0.834725463414523	1.132766547292986
1	0.943418339637695	0.8617015139786989	1.0948319392891495
1	0.8722757649045796	0.8477378479094109	1.028945171028616
1	0.8536817940760321	0.8324741794315033	1.0254754023230024
1	0.9262186575554315	0.8679420986105236	1.0671433717044052
1	0.9421376741404298	0.8372531501522495	1.1252721760068716
1	0.8381228643157964	0.7646199494048638	1.0961299989205657
1	0.8420464933382632	0.8315924448189325	1.0125711201255645
1	0.8858010932644284	0.8389958329402752	1.0557872381321887
1	0.9509572480866266	0.8760950057586121	1.085449913349513
1	0.907180139773725	0.8602919626634216	1.0545026329958263
1	0.9351438848663651	0.8758041538462363	1.0677545667710397
1	0.918132310186515	0.868200381540878	1.0575119865266795
1	0.9121944005626869	0.8500834054695464	1.0730645895373445
1	0.9664039905040459	0.8798092733423588	1.0984244196844133
1	0.8056922676949885	0.7981426484195157	1.00945898492008
1	0.8719389230549878	0.8509222242228178	1.0246987306640924
1	0.901861421019742	0.8673061122564886	1.0398421137300071
1	0.9465982965792156	0.8698422432733323	1.0882413493934717
1	0.921024666802501	0.8492501323202831	1.0845151878706438
1	0.853466816134992	0.8296071652983915	1.0287601793169405
1	0.8166462088715674	0.8097107399872623	1.0085653660520968
1	0.9599697832720555	0.8664843505809655	1.1078905033061581
1	0.9563139349442265	0.8606297024269383	1.111179328632817
1	0.9174337080035462	0.8567118150646423	1.0708778516546105
1	0.8346434072773814	0.7444870219986434	1.1210986660811157
1	0.8915741448382193	0.8509753638408927	1.0477085268533313
1	0.8736546362300945	0.8300679989421531	1.0525097188947035
1	0.9436598892119342	0.8729909373298897	1.080950384316922
1	0.8093907134948845	0.8108866891842681	0.9981551359649415
1	0.9612167523847119	0.8743323888729903	1.0993722348816508
1	0.8787397030608675	0.8309803852269919	1.0574734598829665
1	0.8487509280863431	0.8214120448432821	1.033282788357793
1	0.9448493824331361	0.8712617444635089	1.0844609997365828
1	0.9440584342004833	0.8762336198988436	1.0774049440256237
1	0.8818916899654603	0.8427693141554412	1.0464212153348564
1	0.8823516066125109	0.8400905499769176	1.050305358912506
1	0.7904342341990773	0.7529189464836138	1.049826462583619
1	0.8329051041628016	0.8271129443937312	1.007002864370979
1	0.8651864715105173	0.8192028991604648	1.0561320918141004
1	0.9389688065123526	0.8449381761698901	1.1112869947109076
1	0.8645374341692864	0.8271606995466899	1.0451867873353753
1	0.9423415398398749	0.8506310114030669	1.107814701330412
1	0.866724439246199	0.8487511254513151	1.0211761884678818
1	0.8087974713958725	0.8305743805969529	0.9737809042635908
1	0.9357044427219581	0.8696663268251795	1.0759350038742543
1	0.9132600852568045	0.858720266658976	1.06351290486019
1	0.9227992598300807	0.8652432241725789	1.0665200651672735
1	0.8996738310888759	0.8504990548058111	1.0578187312557243
1	0.9246418429728607	0.869527096871615	1.063384736714402
1	0.907255858201489	0.849500999317631	1.0679868051129429
1	0.9376191304534343	0.8677856710436452	1.0804731649069563
1	0.8798203522939708	0.854316572555374	1.0298528444348347
1	0.9321064107533029	0.8606244484982297	1.0830582519237137
1	0.8946583125657052	0.8380885577729957	1.0674985408976696
1	0.9194178755757653	0.8426450037599311	1.0911093894502064
1	0.8554073372123334	0.824515977285423	1.037466053755095
1	0.9390124792511363	0.8647932802700827	1.0858230523690866
1	0.8526432210831093	0.8274391256130027	1.0304603622066268
1	0.8914320235833934	0.8380687988792864	1.0636740381881145
1	0.9051026314484769	0.8615768079630468	1.0505187965636338
1	0.841399150895939	0.8343064258594677	1.0085013429318426
1	0.9751121671910079	0.8629391602873201	1.1299894732629114
1	0.8814100777237825	0.8064597054735425	1.092937528981972
1	0.8976600136420003	0.7829997183154384	1.146437211463172
1	0.7229559956884998	0.765372087775966	0.9445810831556194
1	0.7826836156852431	0.7944686298679747	0.9851661680025176
1	0.9288691608510167	0.8648623873231491	1.074008043899303
1	0.9375537715227498	0.8102275429290836	1.1571487290266194
1	0.8575462751025424	0.810728191849887	1.057748187029031
1	0.8421376290442307	0.8127974945810945	1.0360977176464572
1	0.937174220168675	0.8384148177790605	1.117793006868874
1	0.912135128029084	0.8557896106474261	1.0658403849271214
1	0.7751083336128624	0.7750839256128792	1.0000314907833547
1	0.8602880970424984	0.8156015069954516	1.0547897345257062
1	0.785817261273311	0.8102581831804484	0.9698356370666925
1	0.803377922212747	0.8010185883760953	1.002945417086306
1	0.8990592070497879	0.8510100260649719	1.056461357108791
1	0.8647484867611354	0.6973405409975921	1.240066274540779
1	0.8829464054030545	0.8219535422701377	1.0742047573205435
1	0.8930962987556047	0.8303087372432995	1.0756195360785503
1	0.9195540830524639	0.8687631077487229	1.0584635499029864
1	0.9027424528146643	0.838683527557077	1.0763803307836253
1	0.8188142163699428	0.7812847372042239	1.0480355974954991
1	0.6952954228783806	0.7669879911326247	0.9065271306942181
1	0.9076110594489606	0.8559639152403992	1.0603379923954577
1	0.8949414520177792	0.7994562957493181	1.1194376187618416
1	0.9097743936252971	0.7532225004190714	1.2078428261491456
1	0.8472773649756593	0.8107078609708203	1.0451081157163657
1	0.9116420243136154	0.8407532049223769	1.0843158479518176
1	0.9352908647122593	0.844655498415336	1.1073045359521898
1	0.9199535664611066	0.8427736969840964	1.0915784032572466
1	0.9318828324431168	0.8352057019648027	1.115752479001141
1	0.8790089033025165	0.8501343790564182	1.0339646589497378
1	0.9451320033007702	0.8798018688485957	1.0742555077061529
1	0.7838395704547405	0.7733303783696668	1.0135895244503768
1	0.8838101987293582	0.8533829217319021	1.0356548932754657
2	0.813539644161905	0.6409743574667842	1.2692233857484123
2	0.8150997117858783	0.78451406029396	1.0389867473891516
2	0.7792731966768018	0.7453118316938044	1.04556665215661
2	0.8136594572138188	0.7749106807526225	1.0500041842545802
2	0.8956802506071346	0.8010296013567005	1.1181612378495436
2	0.8920632476265513	0.8134520589759138	1.0966389940048884
2	0.9049000281038992	0.813096796668109	1.1129056611857033
2	0.8622768700695126	0.7898691621071076	1.0916705087830565
2	0.8749751557022553	0.7602069578534526	1.1509696756431516
2	0.6946135294316644	0.6679959679969764	1.0398468893674648
2	0.8465967208179332	0.7472477130765355	1.1329532442894503
2	0.7810447651383956	0.7310958854423373	1.0683205591641889
2	0.7294586173438734	0.7333555239536153	0.9946861972365967
2	0.7668035699691285	0.7437265909857805	1.0310288475133857
2	0.8673765452653447	0.7459616885987904	1.16276285836424
2	0.7442814607219997	0.6933592809021635	1.0734427031157339
2	0.8010165038409542	0.7458885091593035	1.0739091620325214
2	0.8038213449987086	0.747779126484019	1.0749448821581773
2	0.8150699866501581	0.7745605857852588	1.0522998479503451
2	0.8155904779834533	0.7379719542477053	1.1051781484228258
2	0.8386171035471021	0.6041612954746907	1.3880682357981886
2	0.8607290708914697	0.7638740229452917	1.1267945302979816
2	0.7777562758552466	0.7378605387295755	1.0540694820112786
2	0.8447742982887224	0.7933171466713833	1.0648632792487143
2	0.8476838863626284	0.7847196731488733	1.0802378420832708
2	0.8804755843677128	0.7927732723164415	1.1106272311565322
2	0.8556926222724579	0.7765301751769376	1.1019438131653836
2	0.9406812172326081	0.8234091721990925	1.1424225634022454
2	0.8442902120870773	0.7613263465483678	1.1089728024188885
2	0.7551167392029651	0.7547362476960239	1.000504138376953
2	0.9039294815740906	0.7920844278695016	1.1412034497451524
2	0.7962071966384539	0.7448529633196274	1.0689454642026974
2	0.9344568767174521	0.8098226238583759	1.1539031501309016
2	0.9053677258929292	0.7599427249936226	1.1913631068716752
2	0.7335835244206533	0.7231800148748817	1.0143857813155575
2	0.8558388349616954	0.7955629908789108	1.0757650176967055
2	0.9292796403556626	0.736360401582461	1.2619902405922592
2	0.785745997668943	0.7596356395673352	1.0343722131263873
2	0.8960185552265252	0.7793481145783632	1.1497026020410432
2	0.8734259625393263	0.733687084454841	1.190461139422015
2	0.8232793560321106	0.7376639326638299	1.1160629110048919
2	0.7780884208036433	0.7359363207735233	1.0572768306717284
2	0.936932450249589	0.8052739172225032	1.1634953401709491
2	0.8447161527641718	0.7773420100837785	1.0866724579482485
2	0.7941373938111138	0.7546298292615315	1.0523535686208478
2	0.9011242432919688	0.8043098284601979	1.1203695533810847
2	0.8131538850047138	0.7623987483836652	1.0665729537576665
2	0.8041008739028769	0.7777581344319542	1.033870091876522
2	0.8846144206405961	0.7928153888339018	1.1157886603862663
2	0.8873266667552524	0.7437515586614233	1.1930417575893626
2	0.8648939108096527	0.7756020066337301	1.1151259323882716
2	0.8881431628843786	0.726444121945054	1.2225897850289922
2	0.8676278070897375	0.7698159748007085	1.1270587198639919
2	0.7798782591139917	0.7288991734192848	1.069939831946252
2	0.9075665045196203	0.8116835720118768	1.1181284626348709
2	0.8503092082780812	0.7748939435012306	1.0973233374829323
2	0.8162155932072779	0.7610792986134779	1.0724448749220303
2	0.8821966750201575	0.7958289210795418	1.1085255281040274
2	0.819603897120625	0.712697862149057	1.1500019021373313
2	0.6984153775623948	0.6997788550278753	0.9980515594952835
2	0.9119360954895545	0.806508301981657	1.1307212749687172
2	0.8432483293683216	0.790270433020508	1.0670376799310657
2	0.8280513535344808	0.7494812785600994	1.1048326051923938
2	0.8893024074620349	0.8030627081053656	1.1073884996604204
2	0.7515720816883181	0.7448239063617599	1.0090600949686497
2	0.8002457705895927	0.7803011965430525	1.025560096709963
2	0.859968144807052	0.7717265928674606	1.114343023494522
2	0.6941062099252608	0.6921892320091637	1.002769441978363
2	0.7717703297927756	0.7615024768657718	1.013483676335847
2	0.8876464394082513	0.7583806404837062	1.170449761009323
2	0.8405745782060784	0.7839962347816833	1.07216660095332
2	0.9172314157284763	0.7900389464779027	1.1609951886772345
2	0.8707385463452681	0.7860193406350793	1.1077825968528183
2	0.836572314377149	0.7613799238213865	1.0987580420801875
2	0.8421565835629572	0.7923615483904028	1.062843830917474
2	0.7719946907800374	0.694823760127192	1.1110654745582083
2	0.8167801268402017	0.7605115452096065	1.0739878072660776
2	0.8874025092326487	0.7794128804226566	1.1385525329674204
2	0.891761351179702	0.8067932669365614	1.1053158073142693
2	0.6961079793844285	0.6391443338007932	1.0891248542326741
2	0.8598195566790119	0.7836987320442118	1.0971302128258462
2	0.8812872791318445	0.7719959372699262	1.1415698407020305
2	0.9256456455689872	0.818725953963882	1.130592771717387
2	0.9177912784966609	0.8151262777731262	1.1259498111188477
2	0.7257664817209847	0.684297943735514	1.060600120700492
2	0.8336158582072786	0.7888743926754906	1.056715575948721
2	0.8262861534277166	0.7606283986650956	1.0863204093849907
2	0.9022076054765324	0.7732684394977923	1.1667456725150727
2	0.7020550272880911	0.6875493970785319	1.0210975826190745
2	0.753122167793286	0.7428944008819898	1.0137674572579272
2	0.825329250324059	0.7708341554465897	1.0706962639011461
2	0.8684535059163586	0.762445004231723	1.1390375713609076
2	0.8187164900987032	0.7845913644758884	1.0434941386916876
2	0.8144446555670989	0.7835984239652832	1.0393648464040075
2	0.8623409475340533	0.7849997687422782	1.098523823663911
2	0.8332651809260376	0.7360795844638082	1.132031370674441
2	0.853425638798108	0.7859661735780966	1.085829985421514
2	0.8610543868840248	0.6073951072816638	1.4176182464451974
2	0.9175569713114491	0.8098114837922092	1.1330500859467763
2	0.9036220430882738	0.7866128197577619	1.148750720038538
2	0.8913034194071907	0.7866652124926209	1.1330149156882303
2	0.8950997370202124	0.7794671265830979	1.1483482837101882
2	0.8751717620401906	0.7665148161278474	1.14175452793103
2	0.7580147943737838	0.710746974482675	1.0665044264529064
2	0.8744959277471451	0.7969725275470871	1.0972723619955365
2	0.8069842670344624	0.7507811271795036	1.0748595533642407
2	0.8665257461193739	0.7794577496194313	1.1117032918621355
2	0.8452119492914569	0.749255363896209	1.1280692671938488
2	0.7522147658572662	0.7434812090727958	1.0117468426611107
2	0.6473054006247969	0.6213950986825916	1.0416969847318354
2	0.8092164775571415	0.7763458640049784	1.0423401670263195
2	0.8705742513479742	0.7959036745599882	1.093818610435826
2	0.8720457724156135	0.8015779706389183	1.0879113503088502
2	0.898668008957458	0.7829660439238312	1.147773924465213
2	0.761069399014896	0.7496689463598067	1.015207316123266
2	0.8049662353970094	0.7801040948876352	1.0318702858660873
2	0.8361415580554057	0.7708413925482884	1.0847128425359263
2	0.8817606920191888	0.7348153072024307	1.1999759441269735
2	0.90977016943312	0.7961930109403346	1.142650283200359
2	0.8397378983112539	0.7784733028544092	1.078698389825582
2	0.9203521162148018	0.7868239985402491	1.1697051919136683
2	0.7881806042169888	0.7297121694403205	1.0801253387640675
2	0.6836728651533818	0.6684741663881121	1.0227364040818376
2	0.8264056349650033	0.7635557431145583	1.0823121198644634
2	0.77685980701572	0.6833133148966324	1.1369013161015877
2	0.751399745587411	0.7228448316649878	1.0395035181432373
2	0.8041397765205482	0.7195376486400215	1.1175784589457285
2	0.8550326026813118	0.6841633683136895	1.2497491714424538
2	0.850636018681677	0.725329268975416	1.172758435466511
2	0.8162676100149738	0.7644621118993497	1.0677672540067558
2	0.8582711209789375	0.7798353929604303	1.1005798515001322
2	0.7161882167992036	0.7137952366406419	1.0033524742611395
2	0.8332134653118473	0.7605982094743454	1.0954712421525246
2	0.8590115515178954	0.7804904702292155	1.1006047918376503
2	0.8580301086141949	0.7977018169520108	1.0756276222269323
2	0.9219059469615516	0.8089016684997219	1.1397008843750067
2	0.9058890363641637	0.693119036084373	1.3069746886217253
2	0.7273116730910131	0.6779054371188199	1.072880719443962
2	0.7528987121294847	0.6505265961560398	1.1573680716182266
2	0.8313206213282186	0.7054554953718165	1.1784168197457499
2	0.8716713584193764	0.7792347565490714	1.1186248445586167
2	0.9360408577484749	0.8214719442904388	1.139467834847357
2	0.8821493018194879	0.8066228415148556	1.0936329303082861
2	0.8859280045541714	0.8156528004323989	1.08615823311649
2	0.8538283351026935	0.7806750131475658	1.0937052175657376
2	0.7617131634921812	0.7577332338746502	1.005252415282328
3	0.8123204199746177	0.6382173374749115	1.2727959149285102
3	0.8137175282822973	0.7825925304391863	1.0397716520826539
3	0.7792041002625076	0.7440148122272591	1.0472964885334837
3	0.8120240394305217	0.7728262690496295	1.050720028485956
3	0.8948598830700618	0.7992128299393659	1.1196765736830732
3	0.8902408448785163	0.8114163808755301	1.0971442848096478
3	0.9035462893317556	0.8110289775750774	1.114073990344092
3	0.8603004383443448	0.7872974197689478	1.092726099111085
3	0.8742872198805991	0.7583228191236561	1.152922209160151
3	0.6911993234624676	0.6645533075372424	1.040096130171968
3	0.846492068624871	0.7463916106635474	1.134112517519233
3	0.7778812684785503	0.7280443424096261	1.0684531465542026
3	0.7280587236399733	0.7315855207424811	0.9951792415206243
3	0.7659763971555502	0.7418208910741172	1.0325624505484836
3	0.8669117239734734	0.7447533885475007	1.164025216003675
3	0.7442469140355197	0.6932586986873881	1.0735486124367026
3	0.7993435081400542	0.7435914519361035	1.074976730916941
3	0.801416199757311	0.7450097920185962	1.0757123038421847
3	0.8149657290467804	0.7736273045979634	1.0534345468459128
3	0.8153201633787027	0.7371457070679092	1.1060502090173494
3	0.8368669436142874	0.5995275580865662	1.395877357640083
3	0.8604659137702736	0.7630010168232797	1.1277388821220509
3	0.7766143855186565	0.7359584231610414	1.0552421999370456
3	0.8432662766342531	0.7913639613317335	1.065585897056996
3	0.8451716899790028	0.7821062339935356	1.080635408905318
3	0.8795353372062792	0.7910655176208016	1.1118362735005292
3	0.8520270202609435	0.7736575395966931	1.1012973785599043
3	0.9393244535755934	0.8213323724552002	1.1436593577429326
3	0.8442284713512851	0.7609347603909101	1.1094623551138405
3	0.7512357169377669	0.7520993012030284	0.9988517682919262
3	0.9037525678683596	0.7909832417590245	1.1425685402114887
3	0.7925519781318284	0.7415054581920502	1.068841731879143
3	0.9337520900185693	0.8079687670195926	1.1556784471545378
3	0.904805824213951	0.7589758394018497	1.19214048358513
3	0.729395453616019	0.7196268294812694	1.013574569116317
3	0.8542604739200218	0.7935309410437333	1.0765307686634258
3	0.9292796388928437	0.7354101090311684	1.263620974855893
3	0.7810892660929598	0.7563294138160794	1.032736862833291
3	0.8962104052644682	0.777936765700597	1.1520350300674578
3	0.8728226060542529	0.7317702162380416	1.1927550297706124
3	0.8234246535123422	0.7367140034488457	1.1176992016679064
3	0.7733646405489129	0.7326040577332081	1.055637943013617
3	0.9360942883307249	0.8031009225797819	1.1655998169242934
3	0.8424120692366127	0.7745487996877659	1.0876165189026226
3	0.7913099207086921	0.7520216453436334	1.0522435432654418
3	0.9005412204968394	0.8029460329821071	1.121546384820245
3	0.8103654964170797	0.7597529912784357	1.0666170528048575
3	0.8024298893257379	0.7755821013549509	1.0346163068021859
3	0.8829050438013357	0.7902862777874571	1.117196475020648
3	0.8868879746734049	0.7423984065357796	1.1946253748197688
3	0.8646527726036751	0.7743129440236968	1.11667095232908
3	0.8867915659138544	0.723579953860654	1.2255612682225183
3	0.8673938733782091	0.7689039449052751	1.1280913293858408
3	0.778929466527195	0.7273348442220976	1.0709365469219052
3	0.9060717318091523	0.8095871069135527	1.1191775709761917
3	0.8492896060060563	0.7737759658542256	1.0975910902950647
3	0.8138017879969082	0.7582966564466105	1.073197120254223
3	0.8814342524038794	0.7940616672512467	1.1100324933894428
3	0.8158259057692885	0.7086131741208845	1.1512993768164324
3	0.6938260087429201	0.696266794637024	0.9964944674758239
3	0.9109511078797023	0.8045465918748074	1.1322540137258479
3	0.8407391409045204	0.7878095497069099	1.0671857699837506
3	0.8263031168506156	0.7471728887006732	1.1059061822860692
3	0.8870309783780319	0.8003149229819665	1.1083524159126787
3	0.7487461970255733	0.7421510874653132	1.0088864783352733
3	0.7981590330425117	0.7781905935856561	1.025660088442919
3	0.8595649010803195	0.7701456352402684	1.1161069565915989
3	0.6937743544692159	0.6910470219405829	1.003946667074802
3	0.770823274639419	0.759882393039765	1.0143981248938894
3	0.8874834925136774	0.7578360535525299	1.1710758393631386
3	0.8394178212916543	0.782117963168754	1.0732624243672269
3	0.915697632825718	0.7873981028654768	1.1629411215157075
3	0.8685427921814725	0.7835028299331986	1.1085381685928617
3	0.8338364375976172	0.75840237085204	1.0994644395175472
3	0.8418489124489558	0.7909140621209153	1.064399980690005
3	0.7703330117334642	0.6919699542842479	1.1132463295032407
3	0.8126825996634175	0.7567557696945268	1.073903407424916
3	0.8854532581437148	0.7766713280722662	1.1400617302835812
3	0.8909559481016996	0.8048614924577363	1.1069680391604575
3	0.6918303304124394	0.6350049490173103	1.0894880921527748
3	0.8583704708729808	0.7816798139316719	1.098110064472015
3	0.8808046881029593	0.7702489391743849	1.1435324909984
3	0.9245310099957222	0.8164954818149613	1.1323161371825503
3	0.9170346901267947	0.8135123085336301	1.1272536143672682
3	0.720990536058751	0.6805793125881454	1.0593776841628164
3	0.8309771227560241	0.7863967861674349	1.0566893677247269
3	0.8231004904501493	0.7574730111643625	1.0866400232331794
3	0.9021934789208373	0.7729169884732467	1.1672579233934968
3	0.7008159727743439	0.6855188299914845	1.0223146937963024
3	0.7531933981126532	0.7418156717261969	1.0153376732524138
3	0.8225984546178984	0.7683210680831726	1.0706441470753085
3	0.867099638959505	0.760084094372736	1.1407943481241825
3	0.8182506877940947	0.7829331853547609	1.045109216341789
3	0.8135330341984239	0.7819928614248838	1.0403330699414188
3	0.8618121198044454	0.7837048955515037	1.099664075975915
3	0.8328937371236396	0.7350944820613222	1.133043108673694
3	0.8525025015434388	0.7843905717252065	1.0868342025942832
3	0.8594976304531746	0.6035183195166053	1.4241450551850667
3	0.9157017629938349	0.806906852486212	1.1348295781259112
3	0.9026944649250541	0.7847095853250987	1.150354834204141
3	0.8888314970048746	0.7835786411215189	1.134323283407406
3	0.8950528757006533	0.7784621776505434	1.149770536575058
3	0.8734806155842548	0.7639431013221168	1.1433843882778274
3	0.757508346631614	0.7103925416331717	1.0663236200229869
3	0.8742791278708786	0.795519920991808	1.0990034376271536
3	0.8057685743666404	0.7488794544367947	1.0759656572133227
3	0.8633010180968432	0.7760990122057156	1.1123593826556932
3	0.8445012343232132	0.7474808126387202	1.129796537976669
3	0.7483970289029893	0.7404651953421316	1.0107119600094003
3	0.6466036352156197	0.619520693501002	1.0437159597713646
3	0.8073714251733805	0.7741550891087629	1.0429065655343783
3	0.8692857970767733	0.7940161566164012	1.0947961068967715
3	0.8706874534237354	0.7997243360201253	1.0887344728769444
3	0.8982816735984983	0.7815882024347224	1.149303009948544
3	0.759935755944398	0.7477779635121663	1.0162585593925888
3	0.8032982273851136	0.7780242297363813	1.0324848464646093
3	0.8336421889636302	0.7679880377814586	1.0854885075708098
3	0.8817494552396831	0.7333592191995103	1.202343179379604
3	0.9082386589146774	0.7934180218081393	1.1447164470059183
3	0.8377407439030862	0.7760154487669203	1.079541322578367
3	0.9196773126041424	0.7847578784837932	1.1719249182703626
3	0.784338256077303	0.7262074789510701	1.0800470648005398
3	0.67895105508989	0.6642830694077752	1.0220809265772672
3	0.8251744230980222	0.7619296044473896	1.0830061179949855
3	0.772441031819579	0.6790586306177532	1.137517435154125
3	0.7473371901994608	0.7197573218667244	1.0383182879768513
3	0.7999266757339566	0.7159052368064196	1.1173639116014127
3	0.855203870370552	0.6824553359990259	1.2531279708123972
3	0.849247789827858	0.7229059588882406	1.1747693865104099
3	0.8147153228913542	0.7624455790641258	1.068555376622929
3	0.8550395347293772	0.7767539867283282	1.1007855116789116
3	0.7097663298712161	0.709785058776433	0.9999736132720951
3	0.8310150373035412	0.7581591186037725	1.0960958153928695
3	0.8586838756092119	0.779055339850529	1.1022116551745356
3	0.8553259133762434	0.7952993542628096	1.0754766853407978
3	0.9217468661614024	0.808123381554491	1.1406016546487585
3	0.905889604692223	0.6924301372839183	1.3082758186199217
3	0.7254244201683171	0.675280984268793	1.074255661076878
3	0.7493484399911132	0.6465640198608298	1.1589702132704622
3	0.8311167966441296	0.7056613568560389	1.177784199983739
3	0.8714058656931682	0.7781783455843576	1.1198022543775659
3	0.9360144653086129	0.8203998368073419	1.1409247336654715
3	0.8797211377572722	0.8041158043328005	1.094022941741835
3	0.8846507278543523	0.8137353914167804	1.0871479072749957
3	0.853735959651489	0.7798048920039872	1.0948071349712998
3	0.757938937993479	0.7547988716694032	1.0041601364839494
4	0.8123204199746177	0.6382173374749115	1.2727959149285102
4	0.8137175282822973	0.7825925304391863	1.0397716520826539
4	0.7792041002625076	0.7440148122272591	1.0472964885334837
4	0.8120240394305217	0.7728262690496295	1.050720028485956
4	0.8948598830700618	0.7992128299393659	1.1196765736830732
4	0.8902408448785163	0.8114163808755301	1.0971442848096478
4	0.9035462893317556	0.8110289775750774	1.114073990344092
4	0.8603004383443448	0.7872974197689478	1.092726099111085
4	0.8742872198805991	0.7583228191236561	1.152922209160151
4	0.6911993234624676	0.6645533075372424	1.040096130171968
4	0.846492068624871	0.7463916106635474	1.134112517519233
4	0.7778812684785503	0.7280443424096261	1.0684531465542026
4	0.7280587236399733	0.7315855207424811	0.9951792415206243
4	0.7659763971555502	0.7418208910741172	1.0325624505484836
4	0.8669117239734734	0.7447533885475007	1.164025216003675
4	0.7442469140355197	0.6932586986873881	1.0735486124367026
4	0.7993435081400542	0.7435914519361035	1.074976730916941
4	0.801416199757311	0.7450097920185962	1.0757123038421847
4	0.8149657290467804	0.7736273045979634	1.0534345468459128
4	0.8153201633787027	0.7371457070679092	1.1060502090173494
4	0.8368669436142874	0.5995275580865662	1.395877357640083
4	0.8604659137702736	0.7630010168232797	1.1277388821220509
4	0.7766143855186565	0.7359584231610414	1.0552421999370456
4	0.8432662766342531	0.7913639613317335	1.065585897056996
4	0.8451716899790028	0.7821062339935356	1.080635408905318
4	0.8795353372062792	0.7910655176208016	1.1118362735005292
4	0.8520270202609435	0.7736575395966931	1.1012973785599043
4	0.9393244535755934	0.8213323724552002	1.1436593577429326
4	0.8442284713512851	0.7609347603909101	1.1094623551138405
4	0.7512357169377669	0.7520993012030284	0.9988517682919262
4	0.9037525678683596	0.7909832417590245	1.1425685402114887
4	0.7925519781318284	0.7415054581920502	1.068841731879143
4	0.9337520900185693	0.8079687670195926	1.1556784471545378
4	0.904805824213951	0.7589758394018497	1.19214048358513
4	0.729395453616019	0.7196268294812694	1.013574569116317
4	0.8542604739200218	0.7935309410437333	1.0765307686634258
4	0.9292796388928437	0.7354101090311684	1.263620974855893
4	0.7810892660929598	0.7563294138160794	1.032736862833291
4	0.8962104052644682	0.777936765700597	1.1520350300674578
4	0.8728226060542529	0.7317702162380416	1.1927550297706124
4	0.8234246535123422	0.7367140034488457	1.1176992016679064
4	0.7733646405489129	0.7326040577332081	1.055637943013617
4	0.9360942883307249	0.8031009225797819	1.1655998169242934
4	0.8424120692366127	0.7745487996877659	1.0876165189026226
4	0.7913099207086921	0.7520216453436334	1.0522435432654418
4	0.9005412204968394	0.8029460329821071	1.121546384820245
4	0.8103654964170797	0.7597529912784357	1.0666170528048575
4	0.8024298893257379	0.7755821013549509	1.0346163068021859
4	0.8829050438013357	0.7902862777874571	1.117196475020648
4	0.8868879746734049	0.7423984065357796	1.1946253748197688
4	0.8646527726036751	0.7743129440236968	1.11667095232908
4	0.8867915659138544	0.723579953860654	1.2255612682225183
4	0.8673938733782091	0.7689039449052751	1.1280913293858408
4	0.778929466527195	0.7273348442220976	1.0709365469219052
4	0.9060717318091523	0.8095871069135527	1.1191775709761917
4	0.8492896060060563	0.7737759658542256	1.0975910902950647
4	0.8138017879969082	0.7582966564466105	1.073197120254223
4	0.8814342524038794	0.7940616672512467	1.1100324933894428
4	0.8158259057692885	0.7086131741208845	1.1512993768164324
4	0.6938260087429201	0.696266794637024	0.9964944674758239
4	0.9109511078797023	0.8045465918748074	1.1322540137258479
4	0.8407391409045204	0.7878095497069099	1.0671857699837506
4	0.8263031168506156	0.7471728887006732	1.1059061822860692
4	0.8870309783780319	0.8003149229819665	1.1083524159126787
4	0.7487461970255733	0.7421510874653132	1.0088864783352733
4	0.7981590330425117	0.7781905935856561	1.025660088442919
4	0.8595649010803195	0.7701456352402684	1.1161069565915989
4	0.6937743544692159	0.6910470219405829	1.003946667074802
4	0.770823274639419	0.759882393039765	1.0143981248938894
4	0.8874834925136774	0.7578360535525299	1.1710758393631386
4	0.8394178212916543	0.782117963168754	1.0732624243672269
4	0.915697632825718	0.7873981028654768	1.1629411215157075
4	0.8685427921814725	0.7835028299331986	1.1085381685928617
4	0.8338364375976172	0.75840237085204	1.0994644395175472
4	0.8418489124489558	0.7909140621209153	1.064399980690005
4	0.7703330117334642	0.6919699542842479	1.1132463295032407
4	0.8126825996634175	0.7567557696945268	1.073903407424916
4	0.8854532581437148	0.7766713280722662	1.1400617302835812
4	0.8909559481016996	0.8048614924577363	1.1069680391604575
4	0.6918303304124394	0.6350049490173103	1.0894880921527748
4	0.8583704708729808	0.7816798139316719	1.098110064472015
4	0.8808046881029593	0.7702489391743849	1.1435324909984
4	0.9245310099957222	0.8164954818149613	1.1323161371825503
4	0.9170346901267947	0.8135123085336301	1.1272536143672682
4	0.720990536058751	0.6805793125881454	1.0593776841628164
4	0.8309771227560241	0.7863967861674349	1.0566893677247269
4	0.8231004904501493	0.7574730111643625	1.0866400232331794
4	0.9021934789208373	0.7729169884732467	1.1672579233934968
4	0.7008159727743439	0.6855188299914845	1.0223146937963024
4	0.7531933981126532	0.7418156717261969	1.0153376732524138
4	0.8225984546178984	0.7683210680831726	1.0706441470753085
4	0.867099638959505	0.760084094372736	1.1407943481241825
4	0.8182506877940947	0.7829331853547609	1.045109216341789
4	0.8135330341984239	0.7819928614248838	1.0403330699414188
4	0.8618121198044454	0.7837048955515037	1.099664075975915
4	0.8328937371236396	0.7350944820613222	1.133043108673694
4	0.8525025015434388	0.7843905717252065	1.0868342025942832
4	0.8594976304531746	0.6035183195166053	1.4241450551850667
4	0.9157017629938349	0.806906852486212	1.1348295781259112
4	0.9026944649250541	0.7847095853250987	1.150354834204141
4	0.8888314970048746	0.7835786411215189	1.134323283407406
4	0.8950528757006533	0.7784621776505434	1.149770536575058
4	0.8734806155842548	0.7639431013221168	1.1433843882778274
4	0.757508346631614	0.7103925416331717	1.0663236200229869
4	0.8742791278708786	0.795519920991808	1.0990034376271536
4	0.8057685743666404	0.7488794544367947	1.0759656572133227
4	0.8633010180968432	0.7760990122057156	1.1123593826556932
4	0.8445012343232132	0.7474808126387202	1.129796537976669
4	0.7483970289029893	0.7404651953421316	1.0107119600094003
4	0.6466036352156197	0.619520693501002	1.0437159597713646
4	0.8073714251733805	0.7741550891087629	1.0429065655343783
4	0.8692857970767733	0.7940161566164012	1.0947961068967715
4	0.8706874534237354	0.7997243360201253	1.0887344728769444
4	0.8982816735984983	0.7815882024347224	1.149303009948544
4	0.759935755944398	0.7477779635121663	1.0162585593925888
4	0.8032982273851136	0.7780242297363813	1.0324848464646093
4	0.8336421889636302	0.7679880377814586	1.0854885075708098
4	0.8817494552396831	0.7333592191995103	1.202343179379604
4	0.9082386589146774	0.7934180218081393	1.1447164470059183
4	0.8377407439030862	0.7760154487669203	1.079541322578367
4	0.9196773126041424	0.7847578784837932	1.1719249182703626
4	0.784338256077303	0.7262074789510701	1.0800470648005398
4	0.67895105508989	0.6642830694077752	1.0220809265772672
4	0.8251744230980222	0.7619296044473896	1.0830061179949855
4	0.772441031819579	0.6790586306177532	1.137517435154125
4	0.7473371901994608	0.7197573218667244	1.0383182879768513
4	0.7999266757339566	0.7159052368064196	1.1173639116014127
4	0.855203870370552	0.6824553359990259	1.2531279708123972
4	0.849247789827858	0.7229059588882406	1.1747693865104099
4	0.8147153228913542	0.7624455790641258	1.068555376622929
4	0.8550395347293772	0.7767539867283282	1.1007855116789116
4	0.7097663298712161	0.709785058776433	0.9999736132720951
4	0.8310150373035412	0.7581591186037725	1.0960958153928695
4	0.8586838756092119	0.779055339850529	1.1022116551745356
4	0.8553259133762434	0.7952993542628096	1.0754766853407978
4	0.9217468661614024	0.808123381554491	1.1406016546487585
4	0.905889604692223	0.6924301372839183	1.3082758186199217
4	0.7254244201683171	0.675280984268793	1.074255661076878
4	0.7493484399911132	0.6465640198608298	1.1589702132704622
4	0.8311167966441296	0.7056613568560389	1.177784199983739
4	0.8714058656931682	0.7781783455843576	1.1198022543775659
4	0.9360144653086129	0.8203998368073419	1.1409247336654715
4	0.8797211377572722	0.8041158043328005	1.094022941741835
4	0.8846507278543523	0.8137353914167804	1.0871479072749957
4	0.853735959651489	0.7798048920039872	1.0948071349712998
4	0.757938937993479	0.7547988716694032	1.0041601364839494
5	0.7634960247688365	0.6657925384811841	1.1467476438088884
5	0.7289078867729076	0.7068001757371387	1.031278587349971
5	0.7171086896243507	0.6868223429699112	1.0440963328645911
5	0.7849338625725256	0.7305659046411468	1.07441896423853
5	0.8487981148964984	0.7608300147387524	1.115621227414315
5	0.8206207872497586	0.7493774925152205	1.0950699686688163
5	0.8201965321113548	0.7518735173059508	1.090870356825724
5	0.807091345377524	0.7316582274578185	1.1030988446365204
5	0.7620503106959251	0.701668766178042	1.0860542002557398
5	0.6680393994582168	0.6375463692206944	1.0478287254224279
5	0.7875125492884443	0.7008193577666918	1.1237026211690535
5	0.7312236735217279	0.691133430271933	1.0580065172567634
5	0.7381236082784557	0.7065482288333803	1.044689630737892
5	0.7267692525114835	0.6759070094393363	1.0752503559836393
5	0.7716364876967801	0.6977562154547963	1.1058826429712687
5	0.7750872170870295	0.6930940196447931	1.1183002523730583
5	0.753722880400081	0.7016023021196093	1.0742879236898315
5	0.762708252500472	0.7119245412853342	1.0713329970665866
5	0.7409391000575335	0.687417778758367	1.077858506068665
5	0.7402940211649319	0.6922984315152422	1.0693278902057328
5	0.7380386348718695	0.6431969158936572	1.1474536283284866
5	0.8110210872972999	0.7058029289093385	1.1490758313380092
5	0.7123848633335111	0.6895499964625763	1.0331156072628218
5	0.7538738335624224	0.7203317618590568	1.046564754574752
5	0.7755701341409627	0.7305736073710136	1.0615906820558028
5	0.8067479513677054	0.738360137962754	1.0926212154324089
5	0.7800964267852567	0.7217156883791876	1.0808916022557016
5	0.8230422501293237	0.7401995126933142	1.1119194703797834
5	0.7625927925909174	0.6905942515426824	1.1042559229061077
5	0.771973333139808	0.7206531554474761	1.0712134225797785
5	0.8119637518866742	0.7454891387092533	1.089169123634069
5	0.792895445088212	0.721055913278511	1.099631014026443
5	0.8169187041123491	0.715647888173836	1.1415092779731837
5	0.8035882054479042	0.7205975721882705	1.1151691824434162
5	0.7645469543975233	0.7091249728062937	1.0781554503318398
5	0.8098009557154195	0.7317993389375141	1.1065888046457577
5	0.8517187224812108	0.6795212900172859	1.2534099151765274
5	0.7604459661622107	0.7213666145548041	1.0541740507793318
5	0.7741782003139341	0.7089820578305238	1.0919573940741316
5	0.802019541425891	0.6882644542555802	1.165278166650851
5	0.7412585639494566	0.686434278321932	1.0798682224342713
5	0.7022620945805107	0.6957596161193216	1.0093458693355293
5	0.7987992496090224	0.7110727060308044	1.1233721148824654
5	0.8019550894126193	0.7354894772742757	1.0903692223914137
5	0.793243359961749	0.7371630668798537	1.0760758312529994
5	0.7864644892028416	0.7353611989698956	1.0694941347252647
5	0.7337088203221285	0.7053855040570692	1.0401529604764428
5	0.7508041761378029	0.7282369055880635	1.030988913602938
5	0.8106960899897772	0.7375019193300194	1.0992460748119146
5	0.7615946914407126	0.6885356946479338	1.1061077840418072
5	0.7889610262139701	0.7180989916380786	1.0986800363195692
5	0.8273318774495951	0.674742761855693	1.2261441310970835
5	0.7891990960197781	0.7100278755170794	1.111504383465286
5	0.749295679785655	0.7054916852135301	1.0620900224484813
5	0.8096246443656099	0.7332227489740818	1.1042001158562373
5	0.7753495892300204	0.7191834341076818	1.078097120231956
5	0.7570401732655657	0.723626237620705	1.0461756828424662
5	0.7699672657719017	0.7308058418091699	1.0535866323479086
5	0.7965407027400836	0.7016130858515176	1.1352990968994776
5	0.7218549296616917	0.6836036648055154	1.055955324445282
5	0.8380015787050498	0.7456073412064115	1.1239180898475893
5	0.8129771656856812	0.7438713747817722	1.092900188455541
5	0.7443534068760963	0.6997350405132354	1.0637646591631806
5	0.8446169549733298	0.7506238395915366	1.1252199975861958
5	0.7030283769448731	0.701078522474266	1.0027812212300065
5	0.7162527914915792	0.7028755677000598	1.0190321365633639
5	0.8201599910501057	0.7303866411554989	1.1229120918101432
5	0.7461993932668435	0.6837144554194594	1.0913904004107233
5	0.7327440301485307	0.7168562168369488	1.0221631799214705
5	0.8011928974743086	0.7168757487507018	1.117617521405273
5	0.7525255411395347	0.7209237417921864	1.0438351485953112
5	0.8209245642404985	0.7303707408066235	1.1239833667677694
5	0.8257470787612295	0.7454243204725619	1.107754410585567
5	0.7930119119636678	0.726537007865117	1.0914955513331428
5	0.7891017136100343	0.7309619360023862	1.0795387211618888
5	0.7332164148610435	0.6827106978615372	1.0739782123785462
5	0.7555864896637121	0.6885292723909866	1.0973919627844764
5	0.8077206494256703	0.7361943060415247	1.0971568820855717
5	0.8212369033208102	0.7524996893230145	1.0913451725935397
5	0.740601175660695	0.6682827267079315	1.1082153496754523
5	0.7873057382462341	0.7120940261450137	1.1056204789533004
5	0.7634588990049739	0.7170138224614173	1.0647757059747
5	0.8210986183314244	0.7477025047229837	1.0981621876947345
5	0.8381702300337981	0.7533926944055436	1.1125276847755303
5	0.7348316487282904	0.6786529598779946	1.0827797006298998
5	0.7612555533801795	0.7283506939659768	1.0451772198294078
5	0.7155976036122078	0.7053257687536956	1.0145632490879533
5	0.8134884482858087	0.717593956922543	1.1336333596990094
5	0.7690106266303658	0.6879721698910115	1.1177932193858835
5	0.7652895582563491	0.7130896600004131	1.0732024332759302
5	0.7689477901902929	0.7222114912539055	1.0647127600465671
5	0.7609782724939972	0.7045770375562919	1.080049777286702
5	0.7391762291015505	0.7124088681802305	1.0375730316071081
5	0.7230127167495267	0.716686605075276	1.0088268869955874
5	0.805501924916312	0.738809037570148	1.0902708060603978
5	0.771089617278259	0.7051356382701464	1.0935337478756744
5	0.7567993355985843	0.7200233285088518	1.0510761327218308
5	0.8032201392795859	0.6074505167806299	1.322280773644736
5	0.8427206572961137	0.7474168358939679	1.1275109374384844
5	0.8072287791968247	0.7382333336526218	1.0934602142696919
5	0.8101013105897726	0.7133608353649658	1.1356122602039305
5	0.7856076141878606	0.7171869188831895	1.0954014825189735
5	0.8166453724545176	0.715574472953051	1.1412444173481548
5	0.7214255187233146	0.6646625591671839	1.0854011690191399
5	0.7866143384260681	0.7272681658270258	1.0816014991272933
5	0.7804712635558207	0.7213572287322054	1.081948350233502
5	0.7881005984161924	0.7031086315396426	1.120880278045282
5	0.783742848976065	0.7100931484053589	1.103718365310382
5	0.7214233814168669	0.7009106954223674	1.0292657625692794
5	0.6530264332392607	0.625646259213653	1.0437630268260862
5	0.769296145949151	0.7191509978012383	1.0697282605478244
5	0.8152173936625502	0.7396984351705093	1.1020942520645363
5	0.7640953589332842	0.7215928410800169	1.0589009694021538
5	0.7822148955046556	0.703445722617161	1.111976191417349
5	0.6853480372999311	0.6988544576764585	0.9806734861197948
5	0.7305534541636319	0.7123784339895742	1.02551315327202
5	0.7862477048379762	0.7201236960776117	1.0918231258331457
5	0.8033285611873143	0.6499935964048326	1.235902269854026
5	0.8418614189735253	0.734375093232687	1.1463643398739032
5	0.8010929879902584	0.7366346047273601	1.087503876208416
5	0.8395027327439146	0.7400599860136241	1.134371197753772
5	0.7721897626617599	0.7162770071986871	1.078060240523068
5	0.5885661220928504	0.6183111292372703	0.9518931396542831
5	0.7297299415937196	0.6924163139939807	1.053889007011558
5	0.7272425111236446	0.6521293929529817	1.1151813106146538
5	0.7457831324740315	0.6799905792042118	1.0967550952644318
5	0.7546618225294939	0.6853732280949889	1.1010961496513283
5	0.7338300506347293	0.6524409091185686	1.1247456135546672
5	0.7858779396543035	0.7072968370573931	1.1111005994651917
5	0.7326121121451379	0.6970016227552012	1.0510909705621212
5	0.7808824587214614	0.7066494391425979	1.105049286770726
5	0.6660492334829247	0.6757557480956565	0.985636060603131
5	0.7125051965075124	0.6775685528852567	1.0515617843736795
5	0.7950676187685117	0.7429141466541014	1.0702012101254181
5	0.7787934979741375	0.7284400784740587	1.0691249987309315
5	0.8410941103929671	0.7427588763554399	1.1323918665503363
5	0.7965684680111706	0.6630009677910232	1.2014589822774553
5	0.7461110352168319	0.6896378298790411	1.0818882069559552
5	0.7195412553827278	0.6633455902213351	1.0847155178082095
5	0.7514243274848793	0.6775718071632164	1.1089958577687293
5	0.7985294589246354	0.7038170270726993	1.1345696796308864
5	0.826924242025132	0.7408975146865271	1.1161115075072194
5	0.7973637717907465	0.7389818788995163	1.0790031454873723
5	0.8050525204213701	0.7498127069807484	1.0736714821265891
5	0.7318081952873163	0.7063159750854882	1.036091807492734
5	0.7588623917651752	0.7154212710898157	1.06072103588587
6	0.6312044287195707	0.5271814618132538	1.1973190911314056
6	0.6117235957697055	0.5538948646220987	1.1044038044784206
6	0.5947304246045899	0.5319820042686784	1.1179521484418866
6	0.6758892657546685	0.5920539349537944	1.141600833727111
6	0.6671659498834309	0.590636367240264	1.1295714027917885
6	0.6802093809846758	0.5919024346083611	1.1491917269013159
6	0.6645480771632375	0.5938604858430915	1.1190306359915365
6	0.6336571833204969	0.5609572446894285	1.1295997855795914
6	0.6558114210548371	0.5283711210092481	1.2411946735509765
6	0.5765372249071804	0.47309472613670756	1.2186507121209837
6	0.643413448212826	0.5472594312696033	1.1757009773594074
6	0.5825410148075717	0.5586394541998403	1.0427853071028907
6	0.6474105209495683	0.5770720178991602	1.1218886046606047
6	0.6371473444819855	0.5609327161624611	1.13587124823265
6	0.6444539007332949	0.5546411748064798	1.1619294239345856
6	0.6627493684574401	0.5723032421466068	1.1580388151770489
6	0.637339422426243	0.5748559382853742	1.1086941614054446
6	0.6360086450306499	0.5519487432632829	1.1522965724505145
6	0.6486395918656619	0.541061265207675	1.1988283648741613
6	0.5591773983704375	0.5320361369990428	1.0510139433845327
6	0.6797378653876542	0.5611978646184285	1.2112267494991698
6	0.6232286575344151	0.5528180004055471	1.1273667953598017
6	0.5627685513677889	0.538448286554107	1.0451673176811902
6	0.586694188016439	0.5534540502859129	1.0600594353105817
6	0.6451536533285728	0.5846386097441506	1.1035084624515386
6	0.6624091075583589	0.5857409218126719	1.130890950061035
6	0.6554622357006258	0.5791088227097754	1.1318463991509857
6	0.692780560797391	0.5896744936979812	1.1748525130412348
6	0.6712909321287206	0.5438567876335787	1.2343156275563487
6	0.5995802753341117	0.5404665811149444	1.1093752995739719
6	0.63763696395963	0.5852388555215605	1.0895328598634701
6	0.6325783897661663	0.5556361489854265	1.1384759449528867
6	0.6935231806874139	0.5804779214434929	1.1947451488987002
6	0.6506433840071377	0.5665034554594551	1.1485250049877314
6	0.6146727603181367	0.5460930624915405	1.1255824373847607
6	0.6795689386561328	0.5931771639157936	1.1456424488259687
6	0.66739816314529	0.4926737108494819	1.3546453736988386
6	0.6436928895132755	0.5638285426114562	1.141646512842212
6	0.6024264465817175	0.5420674063994921	1.1113496946498607
6	0.709066443640538	0.5465175430476984	1.2974266840298898
6	0.6298047608890723	0.5518551060287786	1.1412502195027778
6	0.5711696033132789	0.5554354371639685	1.0283276238722694
6	0.6067713269596913	0.50714744450897	1.1964396814563052
6	0.672735736794275	0.5832050666995113	1.1535149044596575
6	0.6453880184528644	0.5835620826749346	1.1059457727180146
6	0.6396941684457585	0.5872849490232083	1.0892398477259106
6	0.6113712687773549	0.5389197674825862	1.134438381492677
6	0.5975270554507037	0.5644305748222878	1.0586369380128575
6	0.6555987180889338	0.5880404410353465	1.1148871273796055
6	0.6296936902171234	0.5376621823313084	1.1711697621855521
6	0.6237520641920625	0.5672340781215154	1.0996378536665417
6	0.6537203740603313	0.5056590777839833	1.2928085399459586
6	0.688648478509104	0.5837403941080084	1.1797170205454117
6	0.6273147912709991	0.5627519647158212	1.1147269678352538
6	0.633814195185866	0.5664454860239303	1.1189323788857761
6	0.6693834943317759	0.5713763925384175	1.1715280908928498
6	0.6115740813754315	0.5803189862392653	1.053858474179371
6	0.6209163089773082	0.5786511937934646	1.0730407465450231
6	0.6516834545297137	0.5591276656280307	1.1655360565958066
6	0.625583127519446	0.5684052340259655	1.1005935379737697
6	0.7154731041382781	0.5866864761834265	1.2195152490861008
6	0.698676660939378	0.6014074114075207	1.161736033987693
6	0.6372487929332206	0.5679167901803255	1.1220812695657065
6	0.6817058886763597	0.5984120988643985	1.1391913531996214
6	0.544720213808881	0.5315959040328992	1.0246885080874693
6	0.5998336687972998	0.5580518765942244	1.0748708031555572
6	0.623780341939298	0.5691682421333879	1.0959507150314818
6	0.6527399027142998	0.5409395818668918	1.2066780183871229
6	0.5929818505059113	0.5701120816455534	1.0401145136134413
6	0.6281440354706816	0.5622427446883886	1.1172114560923636
6	0.6501877265874472	0.5884064227117435	1.1049976708122542
6	0.6823191805494299	0.5789410631920251	1.1785641474236144
6	0.6702311412562845	0.5880340504215964	1.139782876137455
6	0.6400817198153185	0.5763876447643511	1.1105056217452542
6	0.6467982215573713	0.5729423223633479	1.128906342420949
6	0.6239844793819416	0.5564309608966095	1.121405031769762
6	0.6072705236797313	0.5378814373795285	1.1290044263997197
6	0.6882077552630996	0.5791141091049832	1.188380224972795
6	0.6691824394164723	0.599224547623696	1.1167473730343715
6	0.6389175484018315	0.5689995572595503	1.122878814667316
6	0.6515805230979366	0.5566043318827847	1.170635019842341
6	0.6332917314921778	0.5786318003703685	1.094464098044426
6	0.6879917864867746	0.5977524160296406	1.1509644595943538
6	0.6959797519569827	0.6053090665456557	1.1497923795008744
6	0.6519692638186212	0.5566084784578031	1.171324708572594
6	0.6491954692909836	0.5894162595823772	1.1014210394381758
6	0.5954550179303968	0.5663930782812627	1.051310548739973
6	0.6807569995346959	0.5745330207336761	1.1848875085810948
6	0.6014683112305356	0.5028756776197892	1.196057669914371
6	0.6504828817635826	0.549609515697989	1.1835364257430792
6	0.6129103351893084	0.5673961198651031	1.0802159439071
6	0.6484180744553221	0.580309633993727	1.117365689748882
6	0.6190443071888267	0.5724415548408315	1.0814104985109847
6	0.5982043411586396	0.5635787872267995	1.061438710463575
6	0.6633130566632204	0.5788186317270316	1.1459773758216476
6	0.6316819423027283	0.5517912070043541	1.144784357351573
6	0.6023892010161109	0.5590525486446745	1.077518030239731
6	0.6463132964079813	0.4788317614658635	1.349771148073806
6	0.6962963999840603	0.5867667677340287	1.1866663864980158
6	0.6758531602088844	0.5673824933419557	1.191177324185705
6	0.6401514666763386	0.5424228832232025	1.1801704656566296
6	0.6797293390965746	0.5746694461784172	1.1828179549422915
6	0.7095934213420086	0.5807393735100822	1.2218793037109088
6	0.6233485165099839	0.5339723037631602	1.1673798661783514
6	0.6183327234836259	0.5617969891043978	1.100633743995951
6	0.6601448610906594	0.5701633801430196	1.157817011897658
6	0.718271234996321	0.568517147960473	1.263411732738552
6	0.5946810548946253	0.556771560732599	1.068088057716427
6	0.6028612662812876	0.5711764609058302	1.055472883678029
6	0.5394747409796272	0.5097373768280826	1.0583385984692546
6	0.6166289036964813	0.5679481299181148	1.0857134150356038
6	0.656484489396496	0.5773702108466837	1.13702521720647
6	0.6244052866040606	0.5775400319260918	1.081146331141191
6	0.6104914859931952	0.5592334077512221	1.0916577542248256
6	0.5592854323396367	0.5532855889926446	1.01084402606241
6	0.5647469801280749	0.5455732649135164	1.0351441620175392
6	0.6532277236474308	0.5672836338956337	1.1515010915467527
6	0.6805237107809401	0.5096181570248778	1.335360016907167
6	0.7031162387706926	0.5891701864086535	1.193400913675909
6	0.6614986146866741	0.5890185906063911	1.1230521841520578
6	0.6712010485298766	0.5740334269613988	1.1692717131175219
6	0.6324472253364327	0.5678829382575254	1.1136929510103162
6	0.5145222747771817	0.4677277539519836	1.100046491639241
6	0.5782911099099506	0.5522566618144279	1.047141935798451
6	0.6037226276656215	0.47136051168935333	1.2808086649046673
6	0.6201707872337163	0.5384582394162803	1.1517528042769243
6	0.6429741023607602	0.5687628673002187	1.1304783404950547
6	0.6206531391227106	0.5373025867751595	1.1551277704576361
6	0.6345085407705777	0.5493872981215	1.1549384977412651
6	0.6431594192298974	0.5718712162425577	1.1246577917590157
6	0.6623576998873467	0.5606893540888473	1.1813274053753282
6	0.5269640581275842	0.5144581746915776	1.0243088438501418
6	0.5938927101623207	0.5484849811670293	1.0827875521744934
6	0.6461771691906041	0.5831310403987222	1.1081165714463999
6	0.6408730239804334	0.5777322365163581	1.1092907466005448
6	0.6909262620749459	0.5838519966591517	1.1833928222023422
6	0.6864277893668549	0.5179556272678463	1.3252636967913236
6	0.610509271485569	0.5398097521788714	1.1309711783111147
6	0.5871898816328418	0.509494931202367	1.1524940596506446
6	0.6269792349259161	0.5232865291814658	1.198156650251724
6	0.6675011292323714	0.5484479143440927	1.2170729649517555
6	0.6636633775540302	0.5764383406232709	1.151317202177162
6	0.631210208156584	0.5666453141660203	1.1139423416667433
6	0.6243507806797306	0.5827176944121198	1.0714464082124924
6	0.5648460520668642	0.5558674488742839	1.016152417650581
6	0.6376718189508377	0.5569817067743609	1.1448703093747479
7	0.3921509510522457	0.2713840181820499	1.4450038498183888
7	0.4367319527010928	0.3169291701320086	1.3780112209904296
7	0.41623563608707537	0.3038193863621396	1.370010126973729
7	0.4425603344808562	0.32761137968367043	1.3508698474032748
7	0.43845732385014485	0.3359850880998314	1.3049904277890625
7	0.45622127364234144	0.3263521916316393	1.397941504119844
7	0.40905452688033817	0.3235429826172613	1.2642973232531323
7	0.35057514339954376	0.24942848715333946	1.4055136500267633
7	0.5104636507078089	0.32936245402867054	1.5498537992535535
7	0.38926601744933825	0.24146916798636087	1.6120733785413364
7	0.5232020568357157	0.3257805085904138	1.6059955799673373
7	0.3651596261857989	0.32708327230089806	1.1164118043000155
7	0.434647324396074	0.308173943711787	1.4103960872258832
7	0.41363238302723015	0.32396694901486345	1.2767734001416697
7	0.5280408643853021	0.3331241983852563	1.5851171033051934
7	0.3971971445974674	0.30505266287015537	1.3020608994537217
7	0.32729719904620147	0.276916938019298	1.1819327535081747
7	0.42015361733373136	0.3095151086572228	1.3574575378775349
7	0.5673533434541905	0.34158479890500926	1.6609443548802794
7	0.36553834918129435	0.30762253137833795	1.1882691022125653
7	0.6009631453173302	0.3194798113954328	1.8810676727660087
7	0.46080998055880357	0.3290074863341624	1.4006063682416443
7	0.4082303291073493	0.31419436098146947	1.299292348316289
7	0.3290357546070739	0.2720643631805966	1.2094040937976858
7	0.34607483716763604	0.26843352393402703	1.289238512745118
7	0.38545455822320324	0.30169308488452323	1.277638028630125
7	0.4068323304565097	0.3151385140361833	1.2909635361477854
7	0.5071840711053481	0.31453962913610745	1.6124647711270736
7	0.5722349180554136	0.32062086975607534	1.7847712735941466
7	0.4216365879591645	0.2850222251143083	1.4793112634990724
7	0.38135949439702344	0.31356767301335	1.2161951859775648
7	0.41725280291084665	0.3019528744042701	1.3818474281261752
7	0.4901464219293194	0.29966579715678093	1.6356435288238174
7	0.4146005901600562	0.30619635694830816	1.354035019528494
7	0.37263071915649276	0.2910110139707663	1.2804694711449156
7	0.5021851634831046	0.3368776512256269	1.4907048943616668
7	0.6142326584137244	0.31020503112590525	1.980086061739022
7	0.4310566404947588	0.30495023660444714	1.4135310904968572
7	0.3823126170833925	0.2970133372047611	1.2871900658785098
7	0.5872456165597544	0.29824415381809616	1.9690096487789825
7	0.3903162128976108	0.3049429763540522	1.279964593919476
7	0.3595968119768644	0.3144336970550094	1.1436331899057046
7	0.3841869605494181	0.2750245886263947	1.3969185899640206
7	0.438054419821583	0.3144570751775738	1.393049972159837
7	0.47727271465902776	0.3358844642235229	1.4209431084059143
7	0.39433017207567544	0.31614074502777595	1.2473247383567398
7	0.3924451474556726	0.2665174839063424	1.472493067635228
7	0.3310356267374365	0.2943692791399544	1.1245590154808562
7	0.4137657564947608	0.320535071406121	1.2908595451962748
7	0.5049714727885588	0.31092282825867984	1.624105491438652
7	0.38429716574159495	0.3010842218979174	1.2763776305484746
7	0.4942673222642022	0.24501179692648953	2.017320506459109
7	0.4358021141070118	0.2986862325213128	1.459063279978648
7	0.42752244097406916	0.31852725503928686	1.3421848027458088
7	0.45057050256131354	0.3093785361222071	1.4563728570469878
7	0.38498430575442216	0.27307564364889236	1.4098082883196152
7	0.3798932324332567	0.3195828577913023	1.188715925061722
7	0.3771085270382454	0.30891735199348697	1.2207424562094398
7	0.46925504826994124	0.299987373767675	1.5642493294846318
7	0.39037234077070926	0.30949291616843166	1.2613288394564144
7	0.49574663239738437	0.30507939368728315	1.6249758018909062
7	0.42808315227757443	0.31256560390193705	1.3695785682543602
7	0.41735025593645114	0.27161056924174526	1.5365759038816755
7	0.4092209633188649	0.30568786807253684	1.3386889244219553
7	0.42209422989288115	0.2933320702924792	1.438963797828223
7	0.4046611671397198	0.3221146626865079	1.2562643493616703
7	0.3861127959112025	0.31420028550512646	1.2288747455797673
7	0.5465904753273152	0.3344833570938814	1.6341335487550146
7	0.45139473971510763	0.33506755906552055	1.3471753009274168
7	0.37023816890270533	0.30008338122708056	1.233784314841937
7	0.3690198846932251	0.29378787914966553	1.2560759339742327
7	0.4219647984873519	0.3032208299207701	1.3916088765986458
7	0.4494285391853167	0.31947774311593513	1.406760091648149
7	0.3636960819964525	0.3125208955888586	1.1637496472393263
7	0.42938105890260186	0.32653214343820547	1.3149733266117491
7	0.41834690621027076	0.30696858749012546	1.3628329518365723
7	0.406770546062878	0.30500325791977073	1.3336596757595178
7	0.4826259245594442	0.30465152441478044	1.5841900856611277
7	0.41748594768258407	0.31199815118342117	1.338103915356689
7	0.45072221541266444	0.33426013549992123	1.3484174974636502
7	0.402137026870352	0.26560475535900474	1.5140430235400093
7	0.4136666475162095	0.32440436703220715	1.2751574564196306
7	0.44202130788814803	0.2741425385879899	1.6123776709913082
7	0.45435500339422064	0.3238485934172578	1.402985878678231
7	0.42803659232766067	0.32484148674297303	1.3176783440421191
7	0.36630068680815464	0.3134971401964685	1.168433902071943
7	0.401653056879504	0.2998510029418868	1.3395087991663215
7	0.5388786556860679	0.33170394878061804	1.6245771497959187
7	0.37915889463582975	0.27924101438672083	1.3578195003644151
7	0.44096259097129076	0.31423944543594057	1.4032693774632548
7	0.44478625855619514	0.3359097724548381	1.3241241995006117
7	0.36596088713727004	0.306981857299269	1.1921254576960352
7	0.3539614826761689	0.31207989735253644	1.134201483911415
7	0.45155050996944546	0.32377184221473665	1.3946565176287369
7	0.4003955245389587	0.29297161254570214	1.3666700369357423
7	0.41488865467467306	0.3043277851694712	1.3632953509113004
7	0.37591169434339466	0.3231573619030929	1.1632465747635405
7	0.46621008076472226	0.2344743056254979	1.988320551887474
7	0.3978577387985133	0.2857089313783033	1.392528182017927
7	0.4770303290975616	0.3289636109534954	1.450100598406302
7	0.4704808018429471	0.30829398658304086	1.5260784261720273
7	0.5573054165417023	0.33659075162266544	1.6557359756766838
7	0.48436896443913663	0.3166896631615579	1.5294751322275961
7	0.5489000786899434	0.33419029371879305	1.6424776213034467
7	0.3919142735071053	0.30982017046553717	1.264973397045819
7	0.4307904177003968	0.29450546015118567	1.462758678495294
7	0.4906668245458995	0.2923311438643098	1.6784623699678416
7	0.3578095842228041	0.29659765352271605	1.2063803606436823
7	0.42723040952288943	0.323691789400952	1.3198679222403313
7	0.4396448236955889	0.3238479163283628	1.3575657014566518
7	0.3666335375659463	0.3127749139505487	1.172196110407732
7	0.482660664713364	0.35117093579851805	1.3744322650616145
7	0.38628954895921364	0.3089734177934761	1.2502355436201866
7	0.408148046412359	0.30330407904990603	1.345672790457928
7	0.37420410944219407	0.2984216693091725	1.2539441599815897
7	0.37163308385824634	0.31683111497591	1.172969024480134
7	0.3435290551040951	0.27603595284184507	1.2445083749685326
7	0.5204871915432752	0.29805256563646293	1.7462932769319541
7	0.39782133357185934	0.28394629772055174	1.4010442705732291
7	0.4840789794210374	0.32241959460319475	1.501394417472668
7	0.510799085427178	0.33824878663929897	1.510128359963292
7	0.46136658632909144	0.3213394542245775	1.435760782759816
7	0.37256072556962144	0.2543106607770026	1.4649827279411962
7	0.3567091115038353	0.2870775385221517	1.2425531908213385
7	0.4413697905164711	0.2545735102093906	1.7337616555368927
7	0.41671957634776896	0.27723476786392004	1.5031288447642133
7	0.37358408953317357	0.2573942686363509	1.4514079567986682
7	0.4209408661588731	0.30766183198743213	1.3681933291487012
7	0.40812485134007465	0.31573246596240817	1.292628713667561
7	0.4040804658652638	0.32374466320899603	1.248145565891248
7	0.42011692035009485	0.2769506493336694	1.5169378420338675
7	0.33978150508859983	0.2660926665234056	1.2769292349464751
7	0.370303224953752	0.26902403586046797	1.3764689231924745
7	0.4159768570794471	0.3271462715431496	1.2715317069556789
7	0.40716409065301934	0.27627929475528334	1.4737408788221653
7	0.44877700543179017	0.3051939998318635	1.4704647066424272
7	0.4596725650347203	0.28584968468052013	1.6080919086843608
7	0.3799576267938682	0.3148947835218806	1.2066177233687538
7	0.5468136056581188	0.32802450316150644	1.6669901192987682
7	0.4897781761914962	0.3146492248553291	1.5565847219763174
7	0.4470666165503439	0.3028836166133464	1.4760343314344992
7	0.419045643661531	0.30292570913207323	1.3833280934198635
7	0.374796284832337	0.29179378022365327	1.2844560447623805
7	0.3586641451926626	0.28136435728699044	1.2747319832939135
7	0.390679392563526	0.3177651443290802	1.2294595538110222
7	0.5073573447820574	0.34003310646605533	1.4920821976865528
8	0.4434384380293853	0.43708152253461613	1.0145440041892086
8	0.4419418968139787	0.4442788068484873	0.9947399920984628
8	0.45551997082734896	0.4447015348030776	1.0243274087845502
8	0.45557479164439396	0.44668823347020076	1.0198943189193856
8	0.44692967969585257	0.443329058149945	1.008121781055664
8	0.46334418885927187	0.451230777048328	1.026845269487561
8	0.4620495779160059	0.4499513552630148	1.0268878457892838
8	0.44231181505426953	0.4354320292878704	1.0157999074566257
8	0.4334090073511871	0.43766620210342433	0.9902729643463966
8	0.4622577669143377	0.44516336823625635	1.0384002815546336
8	0.45922832983775336	0.4508342458820005	1.0186190025101818
8	0.44596451172923024	0.44239432030608367	1.0080701565532677
8	0.4722587588912561	0.45518494128982473	1.0375096275220586
8	0.44530477864204626	0.4422827733322	1.0068327447779126
8	0.44782922451033186	0.4395837244151013	1.0187575190737597
8	0.4314081843959414	0.43750595240213613	0.9860624341846899
8	0.4582847716623856	0.4458215828362692	1.0279555528622615
8	0.44654601988746323	0.43970549353883187	1.0155570636463456
8	0.4615412112992054	0.44397347049116975	1.039569348115779
8	0.4421353808350979	0.43957444628263576	1.0058259404615515
8	0.46290913562108144	0.44738549769820907	1.0346985720429946
8	0.46786343032323535	0.44790316904922317	1.0445637866692983
8	0.4537371356106644	0.44344925089759235	1.0231996890111963
8	0.4530228143976217	0.4424839449893379	1.0238175181893612
8	0.4478802750878783	0.44026616245838834	1.0172943398306464
8	0.45313024062342694	0.44741894093072715	1.0127649930975633
8	0.45132383683939564	0.4463927161612732	1.011046597535299
8	0.4636160845425256	0.4498991840480354	1.0304888316779557
8	0.4482812308776135	0.4398881946861043	1.0190799305207505
8	0.45434270477060934	0.4433932458001653	1.0246946904901182
8	0.4320701191054047	0.4381734649019671	0.9860709370022488
8	0.4266190905134596	0.43484503704457844	0.9810830391740781
8	0.5205065074645562	0.4508814473365778	1.1544198825195928
8	0.46055944139680055	0.447239395641224	1.02978280957669
8	0.4519141746198979	0.441949075326683	1.0225480713719084
8	0.4693081148941335	0.4516631986589278	1.0390665351695616
8	0.458241690117673	0.4441889823002762	1.0316367770866883
8	0.46692410381123217	0.4486900414166649	1.040638437922527
8	0.4412366652016176	0.44029491016772193	1.002138918738663
8	0.4823033802973624	0.4547464964829328	1.0605983422138665
8	0.44133041248420757	0.439453941125533	1.0042700068950765
8	0.44865683529208267	0.44221765404459296	1.014561113036976
8	0.44182939237146857	0.4381788677139315	1.008331128966996
8	0.4699341213087337	0.4495650668193336	1.0453083568825996
8	0.46525561523297787	0.4469566886791273	1.0409411627957255
8	0.4494653610329885	0.44667561482430945	1.006245575348402
8	0.441661511565316	0.4315175356180449	1.0235076795494356
8	0.4121084074967919	0.4301706222034025	0.9580115103767591
8	0.4549556765927904	0.444021036512024	1.0246264009621315
8	0.44665658861758795	0.4426013543719132	1.0091622725633758
8	0.47790177380997784	0.4543423425253912	1.0518539195656633
8	0.45343103158257875	0.4328666117637257	1.0475075213933984
8	0.4518262289136487	0.44396950631917365	1.017696536547325
8	0.43254762701597027	0.43577291117245676	0.9925987043393569
8	0.4553103502049015	0.44701135505156714	1.0185655130670608
8	0.43343079575532395	0.43671249529865874	0.9924854461947774
8	0.45202002173940786	0.4459987428384619	1.0135006633934096
8	0.4533933701333569	0.4462309539801761	1.0160509173316985
8	0.4627491699445877	0.4487246260408193	1.031254232751854
8	0.45454968656397465	0.4466060279046079	1.0177867251291635
8	0.4723800305164986	0.44551921501447017	1.0602910370569674
8	0.45552722450093536	0.43593773212663417	1.0449364460349366
8	0.46160628642805374	0.43973387124876323	1.049740119216145
8	0.4387885433182458	0.4344132939615526	1.0100716286023246
8	0.44655173714103	0.44358275630858707	1.0066931836060315
8	0.4319377526398684	0.4356154288206907	0.9915575162459727
8	0.43871265813698235	0.43795119321676973	1.0017386981289391
8	0.4509595239629668	0.44260055577505725	1.0188860318380573
8	0.44639945176471035	0.44423877769751036	1.0048637673604244
8	0.4322912200256952	0.4407969983077071	0.9807036383762435
8	0.43585973031343467	0.43513086407548074	1.0016750506528709
8	0.45976853944306395	0.4456665809837398	1.0316423960445862
8	0.4374566084299982	0.4409524092107822	0.9920721585645924
8	0.4387162556394342	0.4388494503053235	0.9996964912094646
8	0.4513756334979745	0.43664346928202186	1.0337395730209291
8	0.4310244442099873	0.4350969940229893	0.9906399035871372
8	0.45854985872804477	0.44482438754735315	1.0308559322845816
8	0.4661093883970048	0.4445939734207928	1.048393402210714
8	0.44596069713837083	0.43908266913370725	1.015664539933297
8	0.4321733066725876	0.436183166708798	0.9908069353834384
8	0.42985099056943604	0.43345180319451776	0.9916927035519431
8	0.45671169040896087	0.4460002604532847	1.0240166450683006
8	0.44887119084627597	0.4374049304367452	1.026214291636086
8	0.4472965952141861	0.4413276496301054	1.013524975353535
8	0.4429631677637159	0.44139657813981104	1.0035491657649613
8	0.4633418839996895	0.45033443669416406	1.0288839721008483
8	0.4530018239899568	0.4474726947607863	1.0123563499938835
8	0.43588198078017193	0.4363946317646143	0.9988252582705488
8	0.4463567456804056	0.4430630173583471	1.0074339951497115
8	0.45612825195964	0.44146044516027505	1.033225642206834
8	0.44984889325668415	0.44449297601232934	1.012049498042476
8	0.4538982189480582	0.4465906878473569	1.0163629276193036
8	0.4312363977830402	0.4390906575432209	0.982112441644451
8	0.4624623633785278	0.44543052389105703	1.038236803662868
8	0.4450123300409821	0.44423320111635545	1.0017538736921705
8	0.445350995524349	0.4420444302756366	1.0074801649387384
8	0.4531402899542315	0.4452811865203354	1.0176497540695832
8	0.43714837182109223	0.43087678635594184	1.0145554034558026
8	0.4448460973498147	0.43903788663136134	1.0132294066077496
8	0.456616283722037	0.4394117377929567	1.0391535875110982
8	0.45814969319486687	0.4418537330856781	1.0368808926777335
8	0.45031375930912254	0.44754817858629237	1.0061794033696352
8	0.4612841176434307	0.44246612149924464	1.0425298011075368
8	0.45547128901725265	0.4461245371812602	1.0209509925077151
8	0.46436348672185945	0.45308465039044726	1.0248934417038684
8	0.4402374800762329	0.441321974305981	0.9975426235427013
8	0.45400662297893923	0.44342845096901073	1.0238554201626269
8	0.44365712706799715	0.4405087223796553	1.0071472016974692
8	0.4488809300451789	0.44451516227739324	1.009821414741892
8	0.4399458955879784	0.4387365737740558	1.002756373382597
8	0.44067009270446666	0.4410054648607785	0.9992395283436731
8	0.452487686885493	0.4446916973263425	1.017531223555607
8	0.46563324361663766	0.44710882043720573	1.0414315762353286
8	0.450097009814099	0.446287457599554	1.0085360951773896
8	0.45076543185060525	0.4446147382533665	1.0138337600354888
8	0.45081614586154356	0.44860305784181426	1.0049332878611579
8	0.4417616998505275	0.44134813302426085	1.000937053530583
8	0.4461844655414492	0.4441829125425119	1.004506145874636
8	0.4657445952734335	0.4496801880288848	1.0357240716229126
8	0.48286848789605735	0.45500372812922507	1.0612407284691927
8	0.45781895426087826	0.4431827297921184	1.0330252590745699
8	0.45821622026737047	0.44662524040584	1.0259523618750206
8	0.4317043554298512	0.4309081246952614	1.0018477969872415
8	0.45128693771518485	0.44767975795292564	1.0080575002514152
8	0.441772386265447	0.4362527446892841	1.0126523939238348
8	0.4440368700973011	0.44144483507016596	1.0058717076771848
8	0.44771577508283417	0.43698487718159834	1.024556680245885
8	0.44153280012538776	0.4408888760439584	1.0014605133320833
8	0.43273623841605635	0.43285930568963404	0.9997156875872597
8	0.44050884547714036	0.4389619797720065	1.0035239172785244
8	0.447943076439213	0.4349612143326069	1.0298460223091963
8	0.42793625343936287	0.4328575218250616	0.9886307430561697
8	0.46608071438232856	0.4486115372278907	1.0389405436658747
8	0.4369345542282451	0.4378263071459732	0.9979632267335851
8	0.46166706993369455	0.4474017551224159	1.0318847985014619
8	0.43384207646854345	0.4313832766039577	1.0056998033951212
8	0.4522749271345532	0.438189872508212	1.0321437246956848
8	0.430631146321743	0.43798505680981337	0.9832096771939329
8	0.4485342894735306	0.4424070708763793	1.0138497302608966
8	0.4242205492606696	0.42283431096781626	1.0032784432504553
8	0.4429025429723712	0.4429207824241353	0.999958820058828
8	0.4563471662502076	0.4473417154016336	1.0201310330302835
8	0.44715473778506654	0.44284304732589225	1.0097363851260857
8	0.449320486701356	0.43939752804542215	1.0225831007745407
8	0.44026640256256433	0.4378733751817511	1.0054651127847631
8	0.4698574925269128	0.4492413172731427	1.0458910934081231
9	0.9334262274823004	0.9312723321176892	1.0023128523100362
9	0.9365152547433061	0.933894343593495	1.0028064321920254
9	0.9376849995006975	0.9336138965750908	1.0043605851846693
9	0.9381710218128472	0.9332906495628474	1.0052292094132582
9	0.9397475703037059	0.9350274569532564	1.0050481013315158
9	0.9361488050953308	0.933074119625867	1.0032952210384924
9	0.9359145535070024	0.9334454225139981	1.0026451798181777
9	0.929590711553012	0.9297582731666909	0.9998197793786677
9	0.9356998544027892	0.9334731871802676	1.0023853574511847
9	0.931354547147458	0.9296432409663381	1.001840820333767
9	0.9365752247265394	0.9327634529089887	1.0040865364157043
9	0.9294284261819419	0.9304028092542862	0.9989527298685552
9	0.9378418449327853	0.9336447877545757	1.0044953468741613
9	0.9376052028512729	0.9344171159852298	1.0034118455361145
9	0.9382522832744801	0.9337656182147898	1.0048049156792345
9	0.9371276320711821	0.9336716142361086	1.0037015346534885
9	0.9302558901958229	0.9298822735420949	1.000401789198868
9	0.9313036602934124	0.9306946098864943	1.000654404141217
9	0.935348573402987	0.9326962245855603	1.0028437434906583
9	0.9328735883242103	0.9317322054994908	1.0012250116696435
9	0.9409489420682231	0.9321757982403688	1.0094114692147287
9	0.9381795425516429	0.9342207386613055	1.0042375465738538
9	0.9362755932114307	0.9332836975675312	1.003205772962388
9	0.9329304621056369	0.9304815802557739	1.002631843447336
9	0.9305874176901376	0.9299213306535695	1.0007162832108605
9	0.9359818203809368	0.9329833964010691	1.003213802079902
9	0.9327061961249647	0.9316481361884561	1.0011356862053493
9	0.9387069306743809	0.9327900661924956	1.0063431898519644
9	0.9412120584982414	0.9349754200995036	1.0066703768512695
9	0.9336472781054646	0.9307632233217685	1.0030985912543935
9	0.9331097381552258	0.9321844163367423	1.0009926381542826
9	0.9342617939030065	0.9316144132811455	1.0028417128203684
9	0.9439207655464262	0.9318271063797589	1.0129784367549175
9	0.9369841962969737	0.9327124503888045	1.004579917322202
9	0.9353164365231695	0.9331241233923562	1.0023494335596461
9	0.9374757460455806	0.9325097532211565	1.0053254057743313
9	0.9384094580912894	0.9334329017151703	1.0053314559267996
9	0.9346537766037841	0.9316460798129222	1.003228368428777
9	0.932192483556532	0.9316241721292727	1.0006100222002188
9	0.9426320249128203	0.9323103164834031	1.011071108242532
9	0.9382751229690282	0.9339101408782639	1.0046738780314126
9	0.9324626073231645	0.9317162519696273	1.0008010543467065
9	0.9373985319281448	0.9331720834167626	1.0045291201767494
9	0.9327174505728388	0.9298057583213306	1.0031315059359978
9	0.9367094100126273	0.9329410425004073	1.0040392343573183
9	0.9329792782639459	0.9318425970703977	1.0012198210267718
9	0.9233285894274573	0.9256193346647482	0.9975251756834568
9	0.929368073856158	0.9303523304172451	0.9989420604120531
9	0.9341949191116438	0.9317770449527328	1.0025949063373134
9	0.9386673190640629	0.9341026480243034	1.0048866910391636
9	0.9386745999885953	0.9347522775489636	1.0041961089946916
9	0.9308297120896407	0.9273687106323916	1.0037320662402864
9	0.9363281974887429	0.9334521893827341	1.0030810448984115
9	0.9354014501905764	0.9331494548463765	1.002413327610603
9	0.9347547931774558	0.9307238139193946	1.0043310154932925
9	0.9338175916277554	0.9311104913239148	1.002907388896447
9	0.9360554316438836	0.9339027221205929	1.0023050682606456
9	0.9328339408923497	0.9316618512687321	1.0012580633434989
9	0.9364326867327067	0.9309885044272179	1.005847743854623
9	0.9329139899602612	0.931852948040896	1.0011386366503383
9	0.9365994559028573	0.9309434266283788	1.0060755886047372
9	0.9353413547947182	0.931964905589271	1.0036229359981237
9	0.9358832447835759	0.9320085790871538	1.0041573283587335
9	0.9364395676924623	0.9332429760406573	1.0034252512302495
9	0.9312234145231617	0.9295531776712503	1.001796816892279
9	0.9347072065818558	0.9326769807491427	1.002176772746211
9	0.9367364780540489	0.9331546498592344	1.0038384079159386
9	0.9382606319283153	0.9330595832847983	1.0055741870473125
9	0.9346909258840584	0.9332207389249826	1.001575390363452
9	0.9325763024608744	0.931558403802554	1.0010926836730423
9	0.9327025826522035	0.9308571416826739	1.0019825179255688
9	0.9364251645749115	0.9324341777397868	1.004280180768147
9	0.9383334159953598	0.9337135780467708	1.0049478106104586
9	0.9344134195940518	0.9316483709871983	1.0029679100967284
9	0.9326683910662112	0.9306714320906818	1.0021457185712077
9	0.9378129192971268	0.933361493808538	1.0047692405548305
9	0.9340136200738239	0.9312448000393589	1.0029732461693723
9	0.934140437683691	0.9296582385748279	1.004821340706596
9	0.9304365398732966	0.9298120366413453	1.000671644598415
9	0.9369089026948993	0.9334084113566182	1.0037502247630203
9	0.9310759226761188	0.9299599690778872	1.0012000017585039
9	0.9362032901654033	0.9330675485882599	1.0033606801371324
9	0.9401843072290565	0.9330442946024178	1.0076523833519406
9	0.9391985839758963	0.9344461346565924	1.0050858461959933
9	0.9329030449235667	0.9315512507591164	1.0014511216246542
9	0.9349028148608397	0.9321088133030381	1.0029975057825071
9	0.9343545524282793	0.9319096844947528	1.002623503086409
9	0.936027830018428	0.9332575906528048	1.0029683544965173
9	0.9368834021340213	0.9335440516532922	1.003577067921771
9	0.9375108905383126	0.933568556357845	1.0042228652128644
9	0.9360727344334941	0.9333119553496514	1.0029580453438085
9	0.9330483476082307	0.9322098260148074	1.000899498771653
9	0.935804525110815	0.9334291772358895	1.002544754259728
9	0.9350178193141797	0.9320736568917423	1.0031587229192331
9	0.9379297728446673	0.9335895555302636	1.0046489565877144
9	0.9367417853110925	0.933081867461595	1.0039223973556084
9	0.9337457151940238	0.9324368460393094	1.0014037081012768
9	0.9321265750261161	0.9297767768344564	1.0025272713302862
9	0.9360462358220382	0.9320719726939571	1.0042639015489268
9	0.9388856238121148	0.9331959710483593	1.006096953844929
9	0.9383922813331628	0.9328571413884912	1.005933534406386
9	0.9370450422119136	0.9336546103259428	1.0036313555874663
9	0.9358780032089739	0.9302730956639004	1.006025013053907
9	0.9378945605964851	0.9338945945004967	1.0042831023110568
9	0.9351667161974913	0.932234415600444	1.0031454541346863
9	0.9404264967363154	0.9350955567045662	1.0057009575048526
9	0.9336274301461474	0.9301754444649333	1.0037111124592197
9	0.9365471960390572	0.9332515649920838	1.0035313426417896
9	0.9357409235790293	0.9326433660196196	1.003321266919669
9	0.935931722245774	0.9327702678572051	1.003389317281555
9	0.9320913837664506	0.9316785797070055	1.0004430756147413
9	0.936575037030444	0.9337825522636146	1.0029905086147304
9	0.9376168209699316	0.933341170187255	1.0045810159449184
9	0.9381587443354611	0.9331858932346094	1.0053288965648792
9	0.9365537489692344	0.9333530541530108	1.003429243416499
9	0.9339639947161448	0.9325095295162193	1.0015597322642698
9	0.9324121996985852	0.9310346626991738	1.0014795764911886
9	0.9392032420826592	0.9337420058532674	1.0058487635719047
9	0.9397432028750181	0.9341680427035264	1.0059680484844642
9	0.9369819631028189	0.9322753666756777	1.005048504546381
9	0.9379317129384322	0.9323625076672234	1.005973218812866
9	0.9347382727189583	0.9314713975339561	1.0035072200753035
9	0.9299475874249182	0.9286840637005014	1.0013605528228644
9	0.9350597084056533	0.9319091504553397	1.0033807565348771
9	0.931975579674005	0.9300156527378503	1.0021074128487892
9	0.9310908853598734	0.9298780682068071	1.0013042754685086
9	0.9372024311193357	0.9327141864727776	1.0048120257112536
9	0.9361479492554112	0.9331784278756884	1.0031821581929221
9	0.9347644519297124	0.9328867087382073	1.0020128308978105
9	0.9346208680543227	0.9320558271924202	1.0027520249185384
9	0.9326305836326343	0.9293435001131147	1.0035369952220246
9	0.9265371480774572	0.9284033049119144	0.9979899287038468
9	0.9317623011732066	0.9294848673140546	1.0024502107987332
9	0.9348148394118599	0.9327575995501837	1.0022055460739943
9	0.9353596292166733	0.9315000257200505	1.0041434282233532
9	0.9332245615394419	0.9315003641412295	1.001850989505304
9	0.9361747501826464	0.9315053101072408	1.0050127895404783
9	0.935474541703018	0.9329189933879121	1.0027393035549907
9	0.9390174540620185	0.93332152009121	1.0061028636415152
9	0.9357892756064926	0.9319693860830591	1.0040987285424556
9	0.9392053919000733	0.9340844235792112	1.0054823399165995
9	0.9364970997452925	0.9333381441470471	1.00338457783822
9	0.9333058740339432	0.9309928988868807	1.0024844176038592
9	0.9338247819248784	0.9323505861329568	1.0015811603637597
9	0.93517169504682	0.9326513473507042	1.0027023471346233
9	0.9388851236736858	0.9333761349719165	1.0059022172255723
