1.0	0.9999847275958766	1.0000152726373732
1.0	0.9999886178923704	1.0000113822371834
1.0	0.999984946085206	1.0000150541414177
1.0	0.999984946085206	1.0000150541414177
1.0	0.999984946085206	1.0000150541414177
0.9989544442091923	0.9994710044260235	0.9994831663804715
1.0	0.9999840323422747	1.0000159679126954
1.0	0.9999845026709264	1.0000154975692446
1.0	0.9999845026709264	1.0000154975692446
1.0	0.9999875823639773	1.0000124177902223
1.0	0.9999842710217623	1.0000157292256422
1.0	0.9999847275958766	1.0000152726373732
1.0	0.9999847275958766	1.0000152726373732
1.0	0.9999847275958766	1.0000152726373732
1.0	0.999984946085206	1.0000150541414177
1.0	0.999984946085206	1.0000150541414177
1.0	0.9999842710217623	1.0000157292256422
1.0	0.9999845026709264	1.0000154975692446
1.0	0.999984946085206	1.0000150541414177
1.0	0.999983786307487	1.0000162139554012
0.9989410185026011	0.9994643780043154	0.9994763600251974
1.0	0.9999842710217623	1.0000157292256422
1.0	0.999984946085206	1.0000150541414177
1.0	0.9999845026709264	1.0000154975692446
1.0	0.9999847275958766	1.0000152726373732
1.0	0.9999845026709264	1.0000154975692446
1.0	0.9999845026709264	1.0000154975692446
1.0	0.9999845026709264	1.0000154975692446
1.0	0.999984946085206	1.0000150541414177
1.0	0.9999847275958766	1.0000152726373732
1.0	0.999984946085206	1.0000150541414177
1.0	0.9999847275958766	1.0000152726373732
1.0	0.999984946085206	1.0000150541414177
1.0	0.999984946085206	1.0000150541414177
1.0	0.999984946085206	1.0000150541414177
1.0	0.999984946085206	1.0000150541414177
1.0	0.999984946085206	1.0000150541414177
1.0	0.999984946085206	1.0000150541414177
1.0	0.999984946085206	1.0000150541414177
1.0	0.9999847275958766	1.0000152726373732
1.0	0.9999847275958766	1.0000152726373732
1.0	0.9999847275958766	1.0000152726373732
1.0	0.9999884425132081	1.000011557620369
1.0	0.9999884425132081	1.000011557620369
1.0	0.9999845026709264	1.0000154975692446
1.0	0.9999845026709264	1.0000154975692446
1.0	0.9999845026709264	1.0000154975692446
1.0	0.999984946085206	1.0000150541414177
1.0	0.999984946085206	1.0000150541414177
1.0	0.9999840323422747	1.0000159679126954
1.0	0.9999845026709264	1.0000154975692446
1.0	0.9999842710217623	1.0000157292256422
1.0	0.9999845026709264	1.0000154975692446
1.0	0.9999845026709264	1.0000154975692446
1.0	0.999984946085206	1.0000150541414177
1.0	0.9999847275958766	1.0000152726373732
1.0	0.9999847275958766	1.0000152726373732
1.0	0.999983786307487	1.0000162139554012
1.0	0.999983786307487	1.0000162139554012
1.0	0.999984946085206	1.0000150541414177
1.0	0.9999873967490891	1.0000126034097547
1.0	0.9999847275958766	1.0000152726373732
1.0	0.9999873967490891	1.0000126034097547
1.0	0.999984946085206	1.0000150541414177
1.0	0.9999842710217623	1.0000157292256422
1.0	0.9999842710217623	1.0000157292256422
1.0	0.9999873967490891	1.0000126034097547
1.0	0.9999845026709264	1.0000154975692446
1.0	0.9999847275958766	1.0000152726373732
1.0	0.999984946085206	1.0000150541414177
1.0	0.9999849675907986	1.0000150326351782
0.26658773000950453	0.43174420329274404	0.6174668425802692
0.505818790401909	0.5023195578480015	1.0069661483397117
0.77056361069576	0.5522461743064804	1.3953262992965885
0.7181756999559383	0.5734811583006596	1.2523091466231215
0.348604095285449	0.4364462964379603	0.7987330815510819
0.586878922013753	0.5158820345833649	1.1376223296624903
0.4925171784879099	0.46368304448632003	1.0621850083682336
0.4677393872335759	0.21007307827678048	2.226555592322538
0.4015521001786343	0.43844855665740795	0.9158476954284889
0.6629271715147097	0.5207296480231813	1.2730736074493654
0.7039552206112485	0.5376346412116068	1.3093561438392878
0.4338302942123186	0.4698329434517901	0.9233713818044227
0.6317147517917794	0.5437706503976572	1.1617301362804504
0.8073246518274553	0.6029412880426348	1.338977223550775
0.4263787908198344	0.4012708544099897	1.062571044305628
0.5615458834700126	0.4924592616902564	1.1402890089682378
0.8072241719580646	0.5790478487766382	1.3940543491587052
0.4808700435906139	0.48783152805583924	0.9857297364666671
0.6209900771001066	0.45107600884223514	1.3766861125999261
0.2936937624411998	0.45305699052603005	0.6482490472119221
0.656813776039331	0.5475872956996377	1.19946861659772
0.36206543563887367	0.4212805976529648	0.8594400920811682
0.3642735015039621	0.4254256287235365	0.8562565978851401
0.5176711264532038	0.49242936664755055	1.0512596557299143
0.5614859773896029	0.5283653722802126	1.0626850411609208
0.5984062687203248	0.5129793775538595	1.1665308488107713
0.5175217655472355	0.43761687509595104	1.1825909716890253
0.5085931725192697	0.49583302074670427	1.0257347761013358
0.6883386205907861	0.5709091507452811	1.2056885402733677
0.6793840615354902	0.5625194146713902	1.2077522016415547
0.44969394931940015	0.48983150763341027	0.9180584390989216
0.6812564453169014	0.5720108710803471	1.1909851364017332
0.5604825728056715	0.5079924098633389	1.1033286362614227
0.547256887684221	0.507306944747104	1.0787490558739192
0.7405310546945348	0.5530424999035529	1.3390129236427195
0.2713439691311646	0.4502206701370837	0.6026910515870928
0.5587532889787447	0.5205554771610189	1.0733789451722748
0.6597177811310572	0.5328565915951263	1.238077545697928
0.5243423670596811	0.4831461882862978	1.0852664882227565
0.8134304776781627	0.5927691790321442	1.3722550133364013
0.5475091118095599	0.5096798640989821	1.0742215856956654
0.5000549786560139	0.3850380590047127	1.2987157164375105
0.5935392753618164	0.459992569994908	1.2903236140713896
0.6624461263384208	0.5013399577501961	1.3213511432665406
0.5145073542084332	0.5064500050834156	1.0159094659771806
0.6974694424078685	0.56914435120895	1.2254702008837235
0.6900614321741462	0.5364762269206682	1.286285202487061
0.6874723090621019	0.5505329510296342	1.2487396218089342
0.5296289830045601	0.5282647914952914	1.0025824009686644
0.6253594015339947	0.533190720905865	1.1728624993164543
0.6953190323324026	0.5194205850539165	1.338643581598191
0.5903684330381719	0.49929338130140477	1.1824078891239869
0.5965680368232803	0.5139890196745789	1.1606629986006016
0.6526304403154723	0.5159443381486271	1.264924124678485
0.5931217769998012	0.46414533194861524	1.2778794402815727
0.4389927790822207	0.4118187900583458	1.0659853063528861
0.49387845217020987	0.5303263196188733	0.9312727539623957
0.544403125249145	0.4570713818333483	1.191068062641556
0.553921471729781	0.5021278214508565	1.1031483380651386
0.3802594704858763	0.39208716522818127	0.9698340170471491
0.2800484484982222	0.3785499806778345	0.7397925314822769
0.26444138170171116	0.39817119918220417	0.6641399032497629
0.6305363601436564	0.47932817223013596	1.3154585869843722
0.6233677971724305	0.5202638970514952	1.1981761577254517
0.41011081078503236	0.36933100668393376	1.1104153276142263
0.5052653380427402	0.4611117141357321	1.0957547218026458
0.13615710192562694	0.3933276609099098	0.34616711575953263
0.47997256885235473	0.4395861173975797	1.0918738100599477
0.6599534913540467	0.47642644142907636	1.3852159199528626
0.5961087611003915	0.5456676550815867	1.0924392449306217
0.3658161906871136	0.44289737201731455	0.825961529238454
0.2593117973065228	0.4275742928321192	0.6064719082827036
0.49779490671822557	0.4980725542187406	0.9994425561132343
0.77056361069576	0.5513601208315583	1.3975686336066528
0.7181756999559383	0.5725060432503469	1.254442129341668
0.3337326719322947	0.4295039479355159	0.777018869177892
0.5868707149005409	0.5144333973770846	1.1408099044361986
0.4757718894948929	0.45621558723246747	1.0428663614521798
0.45976136372787	0.20133907243013532	2.2835178397248614
0.39075863859711446	0.4326385366861348	0.903198872643648
0.6629227630364383	0.5197630472263296	1.2754326545029857
0.7039552206112485	0.5361817917954077	1.312904002677992
0.43295504052226824	0.46736497505864294	0.9263745972148275
0.6317147517917794	0.5427182635257742	1.1639828512271517
0.8073326626233004	0.6015410575502097	1.3421073299820663
0.4262707904338885	0.39978371477472285	1.0662535132880313
0.5615458834700126	0.4908304580884337	1.1440730179153593
0.8072241719580646	0.5779832684954358	1.396622040737221
0.4808700435906139	0.4863407481400167	0.9887512930587757
0.6209900771001066	0.4485608093270603	1.3844055570341245
0.2877831526276951	0.44883097181799914	0.6411838101591418
0.6530224011409181	0.5440215485937657	1.2003612776532608
0.36206543563887367	0.41961112077097185	0.8628594851672027
0.3507731138410028	0.4191592732490973	0.836849227077808
0.5175088938400032	0.4915497738151695	1.0528107658830796
0.5615129476444658	0.5271371027370038	1.0652123417778327
0.5959061229742112	0.5098117787015289	1.168874764902375
0.5143919076767582	0.4341281901075653	1.1848848321720498
0.5081910493991824	0.4944619901568076	1.0277656513861073
0.6883386205907861	0.5694499702218906	1.208778042999229
0.6793840615354902	0.560867617936413	1.2113091214556688
0.44915997884692127	0.4881033758192254	0.9202148583649066
0.6812564453169014	0.5706688910527067	1.193785846745904
0.5564198339198895	0.5048467876595983	1.1021558372182119
0.5458960631537317	0.504534911431429	1.0819787705174968
0.7405310546945348	0.551909587933954	1.3417615328385142
0.2713439691311646	0.4485288295421925	0.6049643885948688
0.5572960106890654	0.5190217548529484	1.07374306660221
0.6593152441502853	0.5313796037324169	1.2407612929048215
0.524143292198878	0.4813750889200466	1.088845900552895
0.8134304776781627	0.5918103819403367	1.374478215490597
0.5439873371433642	0.5058425181784647	1.07540848701738
0.5000549786560139	0.3830903470755937	1.305318660397726
0.5922118671159682	0.4519236372669135	1.3104246343419257
0.6632129400788014	0.49766446493765265	1.3326507854280667
0.5079060639877896	0.5023665955475006	1.0110267451884452
0.6974436797904788	0.5683635147474873	1.2271084643783643
0.6899817230733076	0.534601889672669	1.2906458738778048
0.6871504402221721	0.5487714200588842	1.2521614922082487
0.5296289830045601	0.5271756551013845	1.0046537200256407
0.6253594015339947	0.5311543650169841	1.1773590555242794
0.6871553079770534	0.513355544883907	1.3385563179851314
0.5903684330381719	0.49795136291337905	1.1855945720965306
0.5965680368232803	0.5129108982473626	1.1631026731188157
0.6525514585173702	0.5153357185800753	1.2662647571089596
0.5927442951458788	0.4619195053291635	1.2832198863814803
0.43335645391552696	0.4077282322534508	1.0628561370902205
0.49361145909996573	0.5289326634052597	0.9332217373797703
0.544403125249145	0.45538661632871635	1.1954745829775835
0.553921471729781	0.5004404763315743	1.106867845283506
0.3683953582216191	0.38495592272435997	0.956980621611065
0.2767145085802885	0.3759155692635985	0.7361081349260411
0.2577641424487832	0.39348253528339605	0.6550840744764821
0.6289091884385932	0.4711330945819501	1.3348864592003293
0.618566172918584	0.5162912165296575	1.1980954800594625
0.40397630211989466	0.36416135042281356	1.1093332712295072
0.5052653380427402	0.4594226228035062	1.0997833214208974
0.10716659213881147	0.3849219626371567	0.27841121718438055
0.4799221951590866	0.43807415413937645	1.0955272997146412
0.6599534913540467	0.4745470845460087	1.3907018141000975
0.5959008189200758	0.5441151140957503	1.0951741708377036
0.3651928222765969	0.44146735873757065	0.8272249692953744
0.2593117973065228	0.4275742928321192	0.6064719082827036
0.49779490671822557	0.4980725542187406	0.9994425561132343
0.77056361069576	0.5513601208315583	1.3975686336066528
0.7181756999559383	0.5725060432503469	1.254442129341668
0.3337326719322947	0.4295039479355159	0.777018869177892
0.5868707149005409	0.5144333973770846	1.1408099044361986
0.4757718894948929	0.45621558723246747	1.0428663614521798
0.45976136372787	0.20133907243013532	2.2835178397248614
0.39075863859711446	0.4326385366861348	0.903198872643648
0.6629227630364383	0.5197630472263296	1.2754326545029857
0.7039552206112485	0.5361817917954077	1.312904002677992
0.43295504052226824	0.46736497505864294	0.9263745972148275
0.6317147517917794	0.5427182635257742	1.1639828512271517
0.8073326626233004	0.6015410575502097	1.3421073299820663
0.4262707904338885	0.39978371477472285	1.0662535132880313
0.5615458834700126	0.4908304580884337	1.1440730179153593
0.8072241719580646	0.5779832684954358	1.396622040737221
0.4808700435906139	0.4863407481400167	0.9887512930587757
0.6209900771001066	0.4485608093270603	1.3844055570341245
0.2877831526276951	0.44883097181799914	0.6411838101591418
0.6530224011409181	0.5440215485937657	1.2003612776532608
0.36206543563887367	0.41961112077097185	0.8628594851672027
0.3507731138410028	0.4191592732490973	0.836849227077808
0.5175088938400032	0.4915497738151695	1.0528107658830796
0.5615129476444658	0.5271371027370038	1.0652123417778327
0.5959061229742112	0.5098117787015289	1.168874764902375
0.5143919076767582	0.4341281901075653	1.1848848321720498
0.5081910493991824	0.4944619901568076	1.0277656513861073
0.6883386205907861	0.5694499702218906	1.208778042999229
0.6793840615354902	0.560867617936413	1.2113091214556688
0.44915997884692127	0.4881033758192254	0.9202148583649066
0.6812564453169014	0.5706688910527067	1.193785846745904
0.5564198339198895	0.5048467876595983	1.1021558372182119
0.5458960631537317	0.504534911431429	1.0819787705174968
0.7405310546945348	0.551909587933954	1.3417615328385142
0.2713439691311646	0.4485288295421925	0.6049643885948688
0.5572960106890654	0.5190217548529484	1.07374306660221
0.6593152441502853	0.5313796037324169	1.2407612929048215
0.524143292198878	0.4813750889200466	1.088845900552895
0.8134304776781627	0.5918103819403367	1.374478215490597
0.5439873371433642	0.5058425181784647	1.07540848701738
0.5000549786560139	0.3830903470755937	1.305318660397726
0.5922118671159682	0.4519236372669135	1.3104246343419257
0.6632129400788014	0.49766446493765265	1.3326507854280667
0.5079060639877896	0.5023665955475006	1.0110267451884452
0.6974436797904788	0.5683635147474873	1.2271084643783643
0.6899817230733076	0.534601889672669	1.2906458738778048
0.6871504402221721	0.5487714200588842	1.2521614922082487
0.5296289830045601	0.5271756551013845	1.0046537200256407
0.6253594015339947	0.5311543650169841	1.1773590555242794
0.6871553079770534	0.513355544883907	1.3385563179851314
0.5903684330381719	0.49795136291337905	1.1855945720965306
0.5965680368232803	0.5129108982473626	1.1631026731188157
0.6525514585173702	0.5153357185800753	1.2662647571089596
0.5927442951458788	0.4619195053291635	1.2832198863814803
0.43335645391552696	0.4077282322534508	1.0628561370902205
0.49361145909996573	0.5289326634052597	0.9332217373797703
0.544403125249145	0.45538661632871635	1.1954745829775835
0.553921471729781	0.5004404763315743	1.106867845283506
0.3683953582216191	0.38495592272435997	0.956980621611065
0.2767145085802885	0.3759155692635985	0.7361081349260411
0.2577641424487832	0.39348253528339605	0.6550840744764821
0.6289091884385932	0.4711330945819501	1.3348864592003293
0.618566172918584	0.5162912165296575	1.1980954800594625
0.40397630211989466	0.36416135042281356	1.1093332712295072
0.5052653380427402	0.4594226228035062	1.0997833214208974
0.10716659213881147	0.3849219626371567	0.27841121718438055
0.4799221951590866	0.43807415413937645	1.0955272997146412
0.6599534913540467	0.4745470845460087	1.3907018141000975
0.5959008189200758	0.5441151140957503	1.0951741708377036
0.3651928222765969	0.44146735873757065	0.8272249692953744
0.1086379227417464	0.32171825311843477	0.3376803202451597
0.3326505961534466	0.3718854337795178	0.8944975143895186
0.636199297019136	0.44289112652046836	1.4364688270396717
0.5435068226735561	0.4411934295644958	1.2319014433421058
0.18350362531452924	0.2861157216652959	0.6413615590449643
0.445558545742417	0.4117095134532409	1.0822158128075912
0.44732788963607306	0.3985070281287009	1.1225094115318968
0.41533271569092906	0.25573346683142606	1.6240843282537885
0.370561741133325	0.36977181810663257	1.0021362445378805
0.4624787603213742	0.3751997883932243	1.232619992409692
0.5518680325441951	0.4396938361464642	1.2551188740348072
0.29911483072210754	0.340568085397011	0.8782820338946907
0.484695108256702	0.42411786218807096	1.1428311596123453
0.6548920524135755	0.47134502781240617	1.3894111824050481
0.24741354776276223	0.329752684484111	0.7503003293205449
0.44045735028867006	0.39816671585316327	1.1062133843731499
0.6125602883294096	0.45492581765031265	1.3465058797789877
0.391975119151302	0.3687260281999481	1.0630524811737638
0.37226963697208254	0.3436404635379688	1.0833114154816361
0.21102985141206188	0.34247566002442414	0.616189341446957
0.44319330102277	0.41645317883069405	1.0642091921765517
0.33927177914784024	0.361941806587753	0.937365545987525
0.3153543381799499	0.3464891376070726	0.9101420620509312
0.44350914389983404	0.404043411489256	1.0976769606639842
0.4449549832455915	0.39944681033065865	1.1139279917575549
0.45847753983078404	0.41552146837661486	1.1033787053698878
0.40226045381137704	0.36182918747483056	1.111741307047981
0.48263187147382297	0.4108235564850435	1.1747911332133987
0.5371774954939869	0.41624924309086464	1.2905188523711606
0.6051663997848661	0.4475008060848413	1.352324714405393
0.365001512447499	0.37023235353489464	0.9858714641293427
0.5402852554815794	0.4372286237953602	1.2357042198921853
0.4968428099923781	0.42240517941553357	1.1762232903484782
0.473954433212066	0.41529806517506085	1.1412392037325763
0.571928434059599	0.44620414846316603	1.2817640446182708
0.25945026127155624	0.3393050545345373	0.7646519195756549
0.4165019989566605	0.39449600254458533	1.0557825586828047
0.544898765141991	0.43833561663113413	1.24310857814808
0.4490027706861525	0.36890339923502746	1.2171283095174028
0.7068039287932111	0.48424906415721203	1.459587598838903
0.47227366652520525	0.4048513399095092	1.1665360095653037
0.30370065435937915	0.3195135494043175	0.9505094695532663
0.5230794213726738	0.3595449115171386	1.4548375032356424
0.512966917008381	0.3794294038194807	1.3519429750163297
0.35976666409674757	0.38913001163924754	0.9245410359925619
0.49148136855447794	0.42710496253852526	1.1507273660163708
0.5027866325327991	0.39877312533167436	1.260833793938879
0.5154518187107624	0.4254905601153991	1.2114295052068007
0.2759993003687866	0.38392985763303616	0.7188794903067669
0.45090362890734165	0.4033799941604201	1.1178135639716973
0.6121994355840975	0.4024392397872981	1.521222025734032
0.46025838845556266	0.38968134002644006	1.1811147755351434
0.48738145934002153	0.37637006252126776	1.2949527815126922
0.5571221462954055	0.4072565692812303	1.3679881144180779
0.4154856191282289	0.3191943117366262	1.3016698727108102
0.2784586769340674	0.3367863032573	0.826811168509216
0.3192138834906253	0.38259570784120933	0.8343373355958041
0.3749196544116977	0.35225774740707144	1.064333310399666
0.5097588380919046	0.4158026948547749	1.2259632859521155
0.2992950997942145	0.294647303468844	1.0157741010036494
0.19981497133453235	0.2585525746970567	0.7728214331984642
0.29834280711315864	0.32206331990781495	0.9263482944861715
0.5710006522952541	0.4235820228112771	1.3480285317718923
0.43431307459854024	0.3830716991728504	1.1337644507185811
0.3290325924601242	0.3379202094521141	0.9736990663967692
0.40046164118186356	0.35831550473787044	1.1176229771994532
0.3249427881656595	0.37508612836773786	0.8663151302867769
0.3228436850280137	0.2951697063711062	1.0937561614880424
0.4421525624529171	0.3590553747220633	1.231432791655542
0.47584470842781706	0.42211503840907066	1.1272867941906328
0.30553639070825794	0.3581992499236289	0.8529788679719482
0.09370150108100915	0.31397478986328126	0.29843638440465553
0.3279739367336055	0.367706733665831	0.8919443314618917
0.6355788800313613	0.44024879835286185	1.44368112396741
0.5433394464711278	0.43959636893259574	1.2359962112299412
0.16342405621466657	0.27595622649674484	0.5922100700148337
0.4432390240195325	0.40853611338057444	1.0849445361189658
0.43314391021959664	0.39272830238452794	1.1029098427326915
0.41153290138781534	0.24987022866045103	1.6469865321452437
0.35957632118988647	0.36307541724156367	0.9903626192093606
0.4624807342686519	0.37286982150362896	1.2403276092542415
0.5518669637860562	0.4368198891271453	1.2633741675288601
0.2960956582872315	0.3367875930329127	0.8791762654341468
0.4846086126548526	0.42210234306130406	1.1480832092525732
0.6515943457048786	0.46647029335180945	1.3968613971596464
0.24625779148939744	0.3268662579908368	0.7533900654141575
0.4395815530272993	0.3958777342962856	1.1103972639651023
0.6104444200587694	0.45091081121242077	1.3538030246322783
0.39427016317630054	0.3667588534180511	1.0750119854009104
0.37150134418776454	0.3415519863248508	1.0876860889763025
0.19851850449687547	0.3353246329190257	0.5920188528017081
0.4369480273512233	0.41174980699251745	1.0611978923384504
0.3369352614820889	0.3583797311736013	0.9401627161745804
0.30467269183584034	0.3402715587814257	0.895381009588132
0.4430822441020929	0.40287053234052916	1.0998129883760634
0.442653944397269	0.3953036888570746	1.1197819723795046
0.4568837783864186	0.41248062303073846	1.1076490697415649
0.4009092681889421	0.35871360930420915	1.1176304934919508
0.4816497562787139	0.40823677876563236	1.1798294061967105
0.5350105445312477	0.4121316544024302	1.2981544582082287
0.6050886678756402	0.44595212336830636	1.3568467020750228
0.36256899197907133	0.36691723668825993	0.988149249273664
0.5402553725675654	0.43572220110475324	1.2399078385213633
0.4939267887111193	0.41970157290398324	1.1768523651068536
0.4730498340428935	0.4122515400324444	1.1474786340535301
0.5716167553620835	0.4451760164840941	1.2840241481933181
0.2546664903851227	0.3352742952429701	0.7595765437388163
0.41213566674183555	0.39075750032487516	1.0547095485030655
0.5438341917019032	0.43601425043806213	1.2472853608695464
0.4478717947177242	0.36694964754543086	1.2205265700991705
0.7068089738350394	0.48288064110093526	1.4637343344797642
0.46401674532287496	0.3978976563470628	1.1661710943030545
0.3010485244583516	0.31607331796748717	0.9524642142976426
0.5178383050591207	0.3519729246893652	1.471244714394269
0.5014604863495485	0.37218995362855417	1.3473240786343375
0.3562826256467831	0.38566217736971525	0.9238205003059778
0.48907940514297704	0.42406119954475824	1.1533226941489052
0.49749763968907623	0.39245495899677457	1.2676553787492464
0.5137508853215181	0.4225301987403681	1.2158915193590751
0.27505233381671496	0.38187845010141114	0.7202614699616394
0.4506938819576888	0.401778603656071	1.121746847284805
0.6028683438849438	0.3950573618035991	1.5260273625394605
0.45760022076422296	0.385516667667296	1.1869790832471494
0.4863787596558841	0.3738585989196918	1.300969834748572
0.5564116620063744	0.40484858925448347	1.3743697687843985
0.4052507031822359	0.312783600636246	1.2956264406378684
0.2740383853544331	0.3324313723035743	0.8243457392588776
0.3110893752135369	0.3771164763628801	0.824915893927136
0.37441686690900533	0.3500564958798197	1.0695898271162179
0.5091931058606685	0.4135087436543875	1.231396224806928
0.2777685195105883	0.2840393791446806	0.9779225695642078
0.19167850355009558	0.25136695581118207	0.7625445553554687
0.2834472606835383	0.3130185542497667	0.9055286238954622
0.560586304238137	0.4166690720718223	1.3453993632181738
0.42195356462610745	0.37575728485584065	1.1229418074701865
0.3241952273476532	0.33281055562304956	0.9741134163870863
0.39809765778749084	0.3554365760150166	1.1200244562638142
0.3051426987844907	0.36698094224228284	0.831494673592706
0.31959885842915664	0.2907180909738434	1.0993428629039523
0.4419230422433107	0.3577670702021838	1.2352255952275544
0.4749493557824813	0.41960546111200003	1.13189507716085
0.302050203037838	0.3547942950535102	0.8513389511865819
0.09370150108100915	0.31397478986328126	0.29843638440465553
0.3279739367336055	0.367706733665831	0.8919443314618917
0.6355788800313613	0.44024879835286185	1.44368112396741
0.5433394464711278	0.43959636893259574	1.2359962112299412
0.16342405621466657	0.27595622649674484	0.5922100700148337
0.4432390240195325	0.40853611338057444	1.0849445361189658
0.43314391021959664	0.39272830238452794	1.1029098427326915
0.41153290138781534	0.24987022866045103	1.6469865321452437
0.35957632118988647	0.36307541724156367	0.9903626192093606
0.4624807342686519	0.37286982150362896	1.2403276092542415
0.5518669637860562	0.4368198891271453	1.2633741675288601
0.2960956582872315	0.3367875930329127	0.8791762654341468
0.4846086126548526	0.42210234306130406	1.1480832092525732
0.6515943457048786	0.46647029335180945	1.3968613971596464
0.24625779148939744	0.3268662579908368	0.7533900654141575
0.4395815530272993	0.3958777342962856	1.1103972639651023
0.6104444200587694	0.45091081121242077	1.3538030246322783
0.39427016317630054	0.3667588534180511	1.0750119854009104
0.37150134418776454	0.3415519863248508	1.0876860889763025
0.19851850449687547	0.3353246329190257	0.5920188528017081
0.4369480273512233	0.41174980699251745	1.0611978923384504
0.3369352614820889	0.3583797311736013	0.9401627161745804
0.30467269183584034	0.3402715587814257	0.895381009588132
0.4430822441020929	0.40287053234052916	1.0998129883760634
0.442653944397269	0.3953036888570746	1.1197819723795046
0.4568837783864186	0.41248062303073846	1.1076490697415649
0.4009092681889421	0.35871360930420915	1.1176304934919508
0.4816497562787139	0.40823677876563236	1.1798294061967105
0.5350105445312477	0.4121316544024302	1.2981544582082287
0.6050886678756402	0.44595212336830636	1.3568467020750228
0.36256899197907133	0.36691723668825993	0.988149249273664
0.5402553725675654	0.43572220110475324	1.2399078385213633
0.4939267887111193	0.41970157290398324	1.1768523651068536
0.4730498340428935	0.4122515400324444	1.1474786340535301
0.5716167553620835	0.4451760164840941	1.2840241481933181
0.2546664903851227	0.3352742952429701	0.7595765437388163
0.41213566674183555	0.39075750032487516	1.0547095485030655
0.5438341917019032	0.43601425043806213	1.2472853608695464
0.4478717947177242	0.36694964754543086	1.2205265700991705
0.7068089738350394	0.48288064110093526	1.4637343344797642
0.46401674532287496	0.3978976563470628	1.1661710943030545
0.3010485244583516	0.31607331796748717	0.9524642142976426
0.5178383050591207	0.3519729246893652	1.471244714394269
0.5014604863495485	0.37218995362855417	1.3473240786343375
0.3562826256467831	0.38566217736971525	0.9238205003059778
0.48907940514297704	0.42406119954475824	1.1533226941489052
0.49749763968907623	0.39245495899677457	1.2676553787492464
0.5137508853215181	0.4225301987403681	1.2158915193590751
0.27505233381671496	0.38187845010141114	0.7202614699616394
0.4506938819576888	0.401778603656071	1.121746847284805
0.6028683438849438	0.3950573618035991	1.5260273625394605
0.45760022076422296	0.385516667667296	1.1869790832471494
0.4863787596558841	0.3738585989196918	1.300969834748572
0.5564116620063744	0.40484858925448347	1.3743697687843985
0.4052507031822359	0.312783600636246	1.2956264406378684
0.2740383853544331	0.3324313723035743	0.8243457392588776
0.3110893752135369	0.3771164763628801	0.824915893927136
0.37441686690900533	0.3500564958798197	1.0695898271162179
0.5091931058606685	0.4135087436543875	1.231396224806928
0.2777685195105883	0.2840393791446806	0.9779225695642078
0.19167850355009558	0.25136695581118207	0.7625445553554687
0.2834472606835383	0.3130185542497667	0.9055286238954622
0.560586304238137	0.4166690720718223	1.3453993632181738
0.42195356462610745	0.37575728485584065	1.1229418074701865
0.3241952273476532	0.33281055562304956	0.9741134163870863
0.39809765778749084	0.3554365760150166	1.1200244562638142
0.3051426987844907	0.36698094224228284	0.831494673592706
0.31959885842915664	0.2907180909738434	1.0993428629039523
0.4419230422433107	0.3577670702021838	1.2352255952275544
0.4749493557824813	0.41960546111200003	1.13189507716085
0.302050203037838	0.3547942950535102	0.8513389511865819
0.06518593600463345	0.2799513467606185	0.23284737422739674
0.27260991045835736	0.3179157052975342	0.8574911711367779
0.5086656644285963	0.36229953700362855	1.4039920355280548
0.46818511762911685	0.37475032107300044	1.2493254609858375
0.19656538173645932	0.2424367674196869	0.8107903096900366
0.3777055006477195	0.35659635577454163	1.0591961878783869
0.37167340153817185	0.3417966125723384	1.08741101540177
0.4793864902087142	0.32209851198929706	1.488322585683487
0.3795578820021518	0.3390335893775146	1.1195288428472299
0.4651346509995972	0.3438997033686041	1.3525299569713474
0.421162063033077	0.36556164606229724	1.152095871023911
0.2317671823360423	0.2833315229707929	0.818007046677732
0.288881268495808	0.30056284676293327	0.961134323842963
0.44596383240952847	0.3672350897094706	1.2143824076352352
0.2381671398674431	0.29197650745815945	0.8157065167360176
0.433283381381206	0.359262517620833	1.206035587153834
0.49811434856813525	0.38910173021310746	1.28016482552088
0.3008086739759056	0.30437328303799205	0.9882886926654416
0.3139445037960211	0.27305058044989783	1.1497668427539818
0.23417521922887383	0.3044729466435388	0.7691166713180402
0.27558285424934553	0.3200289339267224	0.8611185584627365
0.35691688227250046	0.35013822851657567	1.019359936173333
0.4189365764441589	0.3350022030556422	1.250548720644012
0.3343797364768917	0.3377332510881413	0.9900705228151361
0.3939836519590959	0.34236041469840106	1.150786233000015
0.4479827350209466	0.38295146353319	1.1698159628057418
0.32020149539246695	0.3218545411016419	0.994863997557664
0.4012304102869496	0.35386964605012533	1.1338367525032527
0.4259354638382582	0.3116445738820326	1.3667347341638245
0.4864808716298443	0.3401868280767301	1.4300402939766885
0.20928564736418614	0.2750851083769822	0.7608032604853945
0.36917931934660586	0.34748279722237485	1.0624391259010906
0.4454322781191906	0.3532810198300025	1.26084406780056
0.31125989847128926	0.3154005580740458	0.9868717429416074
0.3845091847678051	0.33104276642872377	1.1615090971957338
0.21541193791756733	0.28001589862293885	0.7692846691095733
0.31926487492141875	0.33413070590715366	0.9555089349080484
0.4701391092803725	0.38161469929463354	1.2319732708131137
0.4203045525609393	0.32025347834180323	1.3124121390880026
0.557253893034392	0.3816250312286796	1.4602131606521143
0.42960342296001747	0.36337820474409255	1.1822487352056894
0.2758165951271597	0.31796985553101154	0.867430010516388
0.5417395771349838	0.35791628145825766	1.51359299702091
0.3919977167316871	0.32876130362267364	1.1923474947087789
0.3133840555292793	0.33477825802605893	0.9360944088098029
0.4700085456786752	0.3672343588928859	1.2798599431045237
0.41146134268550016	0.34518141285352466	1.1920147706797322
0.45759098017971717	0.3563602858539456	1.2840683946674716
0.2803591372648528	0.3524433076582146	0.7954730056521143
0.362758686261349	0.3283286988653103	1.1048643859492857
0.4704560408786406	0.2924354466579656	1.6087517647232725
0.40520502785990964	0.35577349462315827	1.138941022824396
0.49317348874427813	0.3414334840372109	1.444420397533506
0.4934763747742014	0.3699296278779851	1.3339736468390309
0.36880186584475333	0.3027561728887488	1.2181481299813952
0.2515933882596801	0.2976870395776636	0.8451607050700702
0.2598917964768881	0.3105010563568408	0.837007769075702
0.3646329173447785	0.3279366816410542	1.1119003690593248
0.4864821305155593	0.3716104885179093	1.3091184063608956
0.2466033805991682	0.2637993417007816	0.9348142380085307
0.22851174726712895	0.26303228219070857	0.8687593224828924
0.35336559569548937	0.29592033542209323	1.1941240712351102
0.5623633363097388	0.401141450417787	1.4019078201069473
0.4601721763677605	0.32779252872300035	1.4038519369568272
0.22385151801049086	0.3037783413903747	0.7368909744715054
0.26963890552982517	0.2873421221158143	0.9383897618085602
0.349872703414343	0.3352325658780993	1.0436715851214984
0.30456614524403824	0.2942194646139824	1.0351665402002914
0.36294232581642355	0.2742618768317733	1.3233422377512756
0.38329200252034523	0.353704777658812	1.0836494916957935
0.3019572556063608	0.3319088495415323	0.9097595801481525
0.05659087662508985	0.26998714862131457	0.20960581610669374
0.26741962778202516	0.30921024610034326	0.8648472395550683
0.48953038905707225	0.3476416693624312	1.4081464686177079
0.4590861081995733	0.365520904493955	1.2559777089497919
0.16998537253015114	0.2263075310418326	0.751125566823181
0.3643230312364342	0.3455367983942034	1.0543682552177804
0.35662902887729564	0.3300996529790852	1.0803677788170571
0.46768995599739216	0.3125489178545951	1.4963736211525525
0.3592438017075359	0.3250802987693239	1.1050925050442824
0.4519944744662674	0.3301994707599121	1.368852813198215
0.41754409407936405	0.357493276659206	1.167977473538345
0.22912179903180951	0.277252946601812	0.8263998700106586
0.28451408472328327	0.29574507063235467	0.962024773954617
0.43409938033270307	0.3565685530438355	1.2174359646329669
0.2281297206314398	0.283769329107187	0.8039266306517197
0.42440644470648253	0.35023963465152164	1.2117601856476201
0.4831901203820377	0.37619037707206693	1.2844297723476132
0.30029928526247174	0.2986501294166654	1.0055220329186783
0.3122863608873737	0.2693926797219313	1.159223632987049
0.22126001723675146	0.29376472789479646	0.7531878276277929
0.2597358498236087	0.3075044991298384	0.8446570718756858
0.35030746618118896	0.34165001120285854	1.0253401278924295
0.3998403668369648	0.32199057446542845	1.2417766187745813
0.32013984039119486	0.3275533125826631	0.9773671280164589
0.3738628302654673	0.3284493417346407	1.1382663405290574
0.4381890268922004	0.37240068021121636	1.1766601141643205
0.3185735693461901	0.31282739515108904	1.0183685133852352
0.3910071306995198	0.3443022562998989	1.1356507938737972
0.4197850165187758	0.30200517260301796	1.389992803436443
0.48593808819183726	0.33672771257784956	1.4431187871995867
0.206728991731035	0.2690623265970189	0.76833124259963
0.3624430017738118	0.3393835798385913	1.0679450135630821
0.4417924684892593	0.34546049198559	1.278850921417919
0.3124697364904574	0.31105221386638	1.0045571854527495
0.3784650969500813	0.3252525509974417	1.1636037774014512
0.2164534051049337	0.2747321784572054	0.787870595721463
0.3075836296531924	0.32197504496516133	0.9553026995818074
0.4599088186892073	0.37278085979814957	1.2337243358959875
0.41016647690886787	0.30904140046944023	1.3272217776835613
0.5530341141836257	0.3748230707471357	1.4754537736464872
0.4115715124416069	0.3497378988896395	1.1767998656945071
0.25973684465800534	0.3064812596663585	0.8474803481973415
0.5220914036742045	0.34187763242304237	1.5271294584963195
0.37776121880884633	0.3161590292896401	1.1948455802689446
0.30753040576145374	0.3275350190646986	0.9389237420768943
0.45786427897977	0.3556804976355486	1.2872909311123517
0.39685624605083286	0.3311168905213602	1.1985382123695434
0.44931911354333687	0.3471140076282171	1.2944424703960333
0.26224936998010173	0.34037508377147113	0.7704717016130851
0.35815107120936174	0.32386058205780427	1.1058804036405923
0.4616371961912107	0.2851829813760815	1.6187403398466909
0.3926267708366312	0.34254196853544283	1.1462150828271604
0.4785093838724954	0.32804432467441696	1.4586729532584188
0.4804792572080707	0.35752220677691554	1.343914442517069
0.35838919628256233	0.2923970677303293	1.2256935374368938
0.2444811120478255	0.2887795017773118	0.8466013361168329
0.2562408687990066	0.30282567011323513	0.8461662734971934
0.3592786687860285	0.31998429363127545	1.122800949724216
0.4749130451000035	0.35986671720264923	1.3196914924270948
0.23565948354769342	0.2513040354852444	0.9377465152625074
0.20849548177293503	0.24855911520441484	0.8388164787337149
0.3536514486075179	0.28961924338747347	1.2210909899187103
0.5453622993114492	0.38814576309155463	1.4050450917399575
0.43108737255266044	0.309931411069015	1.3909121733281389
0.2163056668696657	0.29481878399427064	0.7336902484268752
0.26975747916090814	0.28172212802712043	0.9575303191481626
0.34223226302095516	0.3244830700311548	1.0546999046455527
0.2895544783311384	0.2819781853585793	1.0268683655897872
0.36293594998273937	0.27160761761740343	1.3362509975474415
0.3768047946063124	0.3461809704093448	1.0884618936758892
0.2859843874890433	0.32083336512980054	0.8913798207157841
0.008208678296763437	0.20324149754289972	0.04038879065546528
0.21598864756866004	0.25585918508799893	0.8441699972364642
0.4071759261932658	0.27931284826322167	1.4577772870997587
0.38171381729771225	0.29982486763595934	1.2731226075656294
0.13596370269214264	0.1930944626265028	0.7041305112676038
0.33489555945082616	0.28803118553849416	1.1627059022262323
0.33541168709908187	0.2538122228980431	1.3214954081774755
0.5607420277266396	0.30084045553885574	1.8639182909168799
0.4116209954997224	0.29210155978727	1.4091708233242415
0.37556819954441806	0.2743839660226662	1.3687687549256915
0.28747803560431523	0.28927549804818536	0.993786330138577
0.1371898406397886	0.20807296532382935	0.6593352501430279
0.08850820344331906	0.1590852422924299	0.55635709615744
0.35820674580065565	0.24265222322878857	1.476214563519225
0.2593043221097369	0.23121841508146998	1.1214691616079577
0.349572534125539	0.27386303613310603	1.2764502251250724
0.4476416027665049	0.3063082320654936	1.4614089858048345
0.16947577902672162	0.231657206906914	0.7315799982636477
0.31507790600588137	0.23674286544468828	1.330886594677528
0.20664407451574626	0.24474764172998661	0.8443148749262417
0.0843596748204683	0.21166696914860877	0.3985490752751338
0.33952372808009984	0.2888475220535906	1.1754427584014626
0.36944487498769085	0.2633601691654155	1.4028122633671456
0.20978470148821837	0.23585673202148558	0.8894581879863741
0.21449336164608104	0.24251836063476434	0.884441743234075
0.41163418388402356	0.3094483069554921	1.3302195379056603
0.2403045694677899	0.23912122477115594	1.0049487229657947
0.3048577061142448	0.27006142564084507	1.1288458001390962
0.3709058175955315	0.24577069879509114	1.509153936632497
0.4208154118096863	0.23681998112304628	1.7769421727596548
0.12556749648308563	0.18700841138598853	0.6714537359707965
0.23836909837247588	0.25949916651036004	0.9185736570100291
0.3431254588070021	0.27243377795895446	1.2594820707537164
0.2377348860311747	0.24774898012989977	0.9595796757933193
0.3098055393916622	0.23705726247299527	1.3068806083380557
0.18660255322539046	0.22388513531422527	0.8334745089864574
0.23426831077693538	0.25371843660279964	0.9233397222279367
0.31189945821913384	0.2725002590799693	1.1445840795608282
0.39264355915815746	0.24906584052331468	1.5764649151933892
0.3944377758535895	0.22226149993377953	1.7746563213651851
0.3427939068258594	0.29894636329774743	1.1466736141039464
0.29617443792372705	0.2802678507779264	1.0567549474606148
0.5094202964509352	0.2857258804403684	1.7828986848016812
0.35416051051163344	0.26960805620005485	1.313612491790078
0.20539641165253852	0.24307795167612556	0.8449816622044211
0.388053489517002	0.2657187557701954	1.4603917905313646
0.3137494053150469	0.27436194605662456	1.1435602124293627
0.316968527263484	0.2609282358835836	1.2147728136440683
0.2245139375906848	0.2741405452439121	0.8189738493112252
0.29384591199712096	0.2535238296357368	1.1590465181096348
0.35600560372561524	0.19195151577656047	1.8546641962443293
0.35760896788901503	0.3028039146906305	1.1809918912520596
0.46489131215851615	0.2732800628620938	1.7011534148874805
0.43193663766594376	0.2828956628081064	1.5268407913306707
0.3397208775993452	0.24647027826526163	1.3783441962674436
0.28641748132509415	0.25428156923053935	1.1263792424743904
0.22645897005796192	0.25305421444909854	0.8949029778103688
0.21358900138134398	0.2269234854209193	0.9412379727252944
0.37482654661741965	0.28222014539032325	1.3281353324335425
0.1622010273516806	0.1997640044928214	0.8119632351358343
0.294368318371149	0.2440883945264422	1.2059906368848683
0.3912110652199562	0.2701574711845869	1.448085309299696
0.49053501272957634	0.31385161801345646	1.5629519957056413
0.4677248389469581	0.2572622940713488	1.8180854704546787
0.12271149358854253	0.21133589053874513	0.5806467291273713
0.12978231479553423	0.16814587130858955	0.7718436009490317
0.268001405881385	0.2667801348784615	1.0045778183727208
0.3236704121518691	0.2343978819826439	1.380858945542159
0.23674262504198829	0.18271184500295015	1.295715803418031
0.290789902887118	0.23665964356678174	1.2287261930446605
0.311615958600869	0.28958077298056584	1.0760934001021607
-0.0027695632458786417	0.19520972776646117	-0.014187629261959753
0.21144428237267884	0.24814525460711842	0.8520988350450335
0.4008481346776068	0.27211805342670387	1.4730670370078072
0.37622504530226897	0.293941886251199	1.2799300232453155
0.10781338897541293	0.17898727078952872	0.6023522706382332
0.32362806733931104	0.2779548577004462	1.1643188034802656
0.330576030491404	0.24781667963107498	1.3339539169983754
0.5495999640172718	0.2889578032693694	1.9020076903925285
0.3898329205002372	0.27920103032628313	1.3962445627248086
0.3593978802832985	0.2630037072851244	1.3665126016405251
0.2844425028871799	0.2837638133122884	1.002391741099647
0.1305625328890576	0.2006320123040534	0.6507562347089105
0.08686659670474482	0.15726297573394168	0.5523652105611061
0.3514448278450372	0.23663453367665827	1.4851797934331
0.25349750258064724	0.22647587854342868	1.119313474843357
0.3424793338392344	0.2670530237274702	1.2824394536297683
0.4431453818792979	0.2992014724534663	1.4810935863566603
0.16296068801289426	0.2272923806977145	0.7169650276558209
0.31332144548325447	0.2335382626692318	1.3416278853072667
0.18549580197212717	0.2334482724668108	0.7945905960751927
0.07867415439285728	0.20297877195216832	0.3875979425641453
0.3332389442415254	0.28197255118148434	1.1818134171047194
0.3528207178389705	0.2522955978351025	1.3984418311950493
0.20725680240352992	0.2318965138649805	0.8937469518157707
0.20336227885599237	0.23428774588041737	0.8680021999946611
0.40778086204598857	0.3032739773154154	1.3445956216081225
0.22997732767178136	0.23052922868444545	0.9976059391001584
0.30171563392974293	0.2654337563539707	1.1366890107503445
0.36566897122651854	0.23954315009097318	1.5265265197007118
0.42092212745691876	0.23441148983209892	1.7956548450692889
0.12211955764441829	0.1834704841313438	0.6656087393163181
0.23702966986487195	0.2554299798137738	0.9279633895664207
0.3417894877927361	0.2677262688068682	1.2766378484858185
0.23367144437713183	0.24169159046556726	0.9668166109007503
0.3092943491805674	0.23473072175899956	1.3176560224533502
0.1836656862262134	0.21834402906887676	0.8411756758792609
0.2215115699350689	0.24417555683447903	0.9071815901917917
0.3071822443148998	0.2684485670266694	1.1442871448979735
0.3780692320686998	0.2392361194180984	1.5803183607403832
0.39406800231544503	0.2205068953269089	1.7871005880846762
0.3334898689462101	0.29086876104874654	1.146530372473793
0.28544340446517746	0.27135234738088315	1.0519290038221614
0.5001848908646801	0.27457859431508436	1.8216456097473792
0.34583799257735814	0.2626046750410451	1.3169529161021358
0.1996701794781645	0.2369571899773833	0.8426424178022296
0.37690695646222494	0.2572045751264757	1.4653975586433008
0.29985998066141084	0.2629709515785905	1.1402779617344763
0.30460990517237707	0.2520958831529667	1.2083097167737002
0.2124767156445358	0.2649297003271098	0.8020116860517712
0.2936347748087558	0.2514585542140382	1.1677263305937002
0.3494608116748366	0.18849935333231843	1.8539098702304204
0.34920628596524467	0.2941217549841941	1.1872847895389813
0.45260196401934666	0.2632410654759599	1.7193440666296038
0.4251716128426728	0.27443062757452724	1.5492863045222922
0.3331337530155031	0.23878317784078698	1.395130745925603
0.2779654632666659	0.24654454624187327	1.127445191969353
0.22865666422936706	0.24881584784810046	0.9189795031422582
0.20997891709323127	0.22044594090648234	0.9525188634900227
0.36872743587920165	0.2758163106841548	1.336858704855356
0.14987152506211673	0.18907429801457018	0.7926594287848026
0.27008132683740343	0.2296395157834051	1.176109982273882
0.37480897501238075	0.2585980044608313	1.4493885047328408
0.4832837801547971	0.3056258718704734	1.5812921111587586
0.45585271971786534	0.24584359161988753	1.8542387731736552
0.12007210641773948	0.204396184656576	0.5874478851916105
0.12891848275622703	0.1657451946904581	0.7778112843451794
0.26744443068881674	0.26042495215224526	1.0269539400067467
0.2982489293320893	0.22264517682933077	1.3395705830210405
0.23730093004888025	0.18200840289303946	1.3037910683076235
0.2905298902981173	0.23358943656400358	1.2437629653621431
0.29393966983337827	0.2798105766348091	1.0504952077526701
0.002427233677987427	0.21117418934097654	0.011493988377851644
0.22869300357049813	0.2670783475588397	0.8562768403384519
0.4761044588773459	0.29168722538343966	1.6322430927562193
0.41865234604293156	0.2975683912061021	1.4069113468203152
0.1364824312226958	0.2001512493343325	0.6818964741744661
0.313330488384112	0.27810996397348486	1.126642439945032
0.3556821029004869	0.23292229468721545	1.5270418977201046
0.605273846096399	0.2848697694714232	2.1247387787741983
0.3894760665110304	0.2952497248096306	1.3191411668957678
0.3481263098670139	0.26459542835575306	1.3156928372887535
0.24391742603461694	0.2704668434398084	0.9018385504576646
0.06161343752265522	0.16554130340622727	0.372193744128376
0.09193616476854803	0.13995661568074663	0.656890453669318
0.4181738106690583	0.25093552337985164	1.666459196516593
0.26121789615356933	0.2153285903174355	1.2131129255454847
0.36700940519153724	0.26602870259786954	1.3795857424689646
0.4837218532525386	0.30253289581243253	1.5989066311401767
0.10715843963666653	0.22016775768769334	0.4867126811032438
0.32915998911441896	0.18584204671405585	1.7711814679961955
0.22421385432443344	0.24822348468788208	0.9032741386511494
0.10249010149210956	0.21305505047631004	0.4810498566590216
0.33540790533715503	0.2826274377944718	1.1867492694784485
0.4068789598232794	0.28031578624500253	1.4515021264897927
0.16217981067301196	0.22959782582507007	0.7063647492750053
0.19050779239911897	0.22118115642914263	0.8613201751666845
0.4427505944631214	0.2931574506750092	1.5102825919780198
0.19482203766044354	0.22813772664589665	0.8539667705325916
0.23311837733597052	0.25798728719699304	0.9036041266559263
0.3855163847723173	0.2520310037028627	1.5296387313793745
0.40411007381991865	0.23227251670016685	1.7398101142614792
0.09120868772066033	0.17202649625622277	0.5302013916787021
0.253333209112666	0.25874563122296335	0.9790820734451998
0.3404775097929753	0.25597166833260143	1.33013747970955
0.27325842392583466	0.25371654717931114	1.0770224763176859
0.35324687703619356	0.2366772401292523	1.4925257572011623
0.22096681495526557	0.24308402153521408	0.9090141489339129
0.19080804194117731	0.24963467306270953	0.7643491170525232
0.3527907041390751	0.26608614106617945	1.3258514807478492
0.4389365530359296	0.2569399446966771	1.708323528885722
0.4712370127871828	0.20649617625911793	2.282061689102948
0.3274628012957208	0.28814983416473183	1.1364323781235086
0.28345610031294904	0.27642984650262853	1.0254178551962323
0.5347198969014266	0.298023253963364	1.7942220608300579
0.3555787932338643	0.26951277737512563	1.3193392784452158
0.2090687628590477	0.2352358830006511	0.8887622083509642
0.4267299284238761	0.27378044945342384	1.5586574179266675
0.32699942294849316	0.2726961457352624	1.1991347441556772
0.395069276983161	0.24871253376932367	1.588457449231652
0.26858884601884403	0.27407767680912154	0.9799734482057065
0.2598113599576701	0.21087554178041135	1.2320601894562837
0.33617604748033164	0.1533902648909594	2.1916387439535963
0.3826743517769949	0.3025736554336363	1.264731231238759
0.46513474079691264	0.27041843251273134	1.7200556059543537
0.4627700302772629	0.29786052534687474	1.5536467268979066
0.33065174228355326	0.1907516560356322	1.7334147925918286
0.2412831875979424	0.22531322794524086	1.0708789261879592
0.15278747750146116	0.21979369484068909	0.6951404025133869
0.16315989704686437	0.21399250165603545	0.7624561411461148
0.4011490363463965	0.28709412126331435	1.3972735999650592
0.04941607905247061	0.17857590992432884	0.27672309816822754
0.33385482829807794	0.2482697806514532	1.3447259969459509
0.30806264815053	0.2353067539205434	1.3091959453682076
0.5546095585933908	0.30232077969372684	1.8345069073824531
0.47231608546768716	0.2567863070302122	1.839335169114437
0.11072171436901018	0.2196717844693417	0.5040324802590337
0.07087211884238954	0.16007515160684233	0.4427427875655384
0.3638611432687068	0.2758443388199825	1.319081424056937
0.2825573029183919	0.2246670693219742	1.2576712010849005
0.23693571874446426	0.1512426874574421	1.5665928893992653
0.3314750196364517	0.21476706284696395	1.5434164589411463
0.2723361542495917	0.28346144327192313	0.9607520201198615
-0.020276462078149128	0.1914709687292533	-0.10589836262238148
0.19167915926521928	0.2420678352802245	0.7918406798793658
0.44843138529633647	0.2665616910667194	1.6822799386581613
0.40090571416939036	0.27783267721109606	1.4429753842986004
0.10799636866449319	0.17220287519148542	0.6271461411106165
0.27622025067467804	0.2503813171729745	1.1031983288267984
0.330059408456999	0.21327397754720562	1.5475840618386945
0.5806575499301176	0.2570811932619169	2.258654328473331
0.35363380016007784	0.26823709029554893	1.3183627952809849
0.315437008187797	0.23784300129349514	1.3262404463125315
0.22019490713851564	0.25118751239512854	0.8766156607026697
0.05646488952651283	0.1540690809907574	0.36649072716867936
0.09091757037421551	0.13700349279105478	0.6636149817937466
0.3979181349527948	0.23239559161379614	1.7122447641522838
0.25157031554080567	0.19828498568837608	1.2687310371354723
0.3439284146559385	0.24586394964661074	1.3988566243659528
0.4649407489295639	0.2766474710227475	1.6806253359581005
0.08489340568976209	0.20093795912821266	0.4224856570559377
0.31811989338705227	0.1662705699814936	1.9132663911746977
0.20214663665905783	0.22752876846500555	0.8884442966171482
0.08087370328068143	0.19048808706860626	0.4245604254063086
0.3187077279022203	0.26286838063905316	1.212423217761746
0.3751586639129011	0.25290067144195727	1.4834229651264608
0.1340437906842074	0.211535807088468	0.6336695074425293
0.16844747264045615	0.20422744927615114	0.8248032927869837
0.4337168327335666	0.272637970911844	1.5908159501150578
0.18274589754334578	0.2076215859859344	0.8801873691289794
0.215543400540729	0.24015397499424146	0.8975216860178867
0.3514965214358509	0.22608224462967247	1.5547285546974716
0.39569078670207425	0.21723353212941965	1.8214995761627464
0.08735717580527191	0.1611386750785532	0.5421242030362129
0.23451731547346383	0.23868675836159206	0.9825317377606183
0.3272435612084555	0.23874427870118317	1.3706865060336784
0.25955000554731783	0.23620194633304417	1.0988478697010944
0.3389346357626886	0.2245401512619491	1.5094611536414555
0.18847960382323237	0.2200021831372827	0.8567169704203341
0.1770227308603799	0.2301509188145178	0.7691593488837872
0.33678958174790347	0.2517320272179089	1.337889284371295
0.42824088647570385	0.23553916859342855	1.81813024573804
0.4660843492839269	0.1996620520145603	2.33436621822327
0.30252702539041393	0.2659749433354164	1.1374267876387978
0.2566210081028208	0.2546827511143287	1.00761047609236
0.49734612224385594	0.266669933954941	1.8650251075094657
0.3293133882466227	0.24590627353024933	1.3391825410510048
0.17326161636420184	0.20807046719934688	0.8327064320868007
0.3813590253815711	0.2517205098727889	1.5150097446342263
0.31045109623767486	0.25445545087116594	1.2200607028648809
0.37296407155706	0.2279213337216439	1.6363719247648583
0.2230433184436051	0.2502543242641722	0.891266590894778
0.25055687973494806	0.1999205963570698	1.2532819744466894
0.3258283572136536	0.15540655954331614	2.096619075611388
0.34100658088171576	0.2768999600211352	1.2315154572636537
0.4219717516632074	0.23760977795886082	1.7759023020351736
0.43271541338073904	0.2713754961445422	1.5945264754127346
0.3022655795514196	0.17063493771687024	1.771416707479686
0.23768731890044636	0.21168985337362056	1.1228092188289334
0.16568791833096394	0.2096720982853614	0.790223972030196
0.1388403983884655	0.18847939280693368	0.7366343679315903
0.37774038341612765	0.2621821065145105	1.440755772534849
0.043605144068857814	0.159780722333513	0.2729061643484128
0.28535846468223075	0.2182225724583541	1.3076487068572566
0.2786529875474956	0.21146885666433077	1.317702246765384
0.5266227872380687	0.2772600112389926	1.8993824060121327
0.4555631636763693	0.23890517133910188	1.906878621014625
0.09485906947428108	0.20039737926222134	0.47335484038519954
0.07219389105870859	0.14555168551186123	0.4960017522629471
0.3406562679452274	0.254589714805915	1.3380598199142677
0.23820340399913328	0.1903012129245314	1.2517177391486132
0.24019798913889684	0.1469783482653783	1.634240634581121
0.33078260258122866	0.203778471531635	1.623246067629265
0.2500994825180001	0.2644097506261336	0.945878440283514
