0	1.0	0.999990397723597	1.0000096023686076
0	1.0	0.9999945461442663	1.0000054538854783
0	1.0	0.9999905350952194	1.0000094649943658
0	1.0	0.9999905350952194	1.0000094649943658
0	1.0	0.9999905350952194	1.0000094649943658
0	0.9997357878090597	0.9998611882448749	0.9998745821547136
0	1.0	0.9999899605941704	1.0000100395066203
0	1.0	0.9999902563056824	1.000009743789258
0	1.0	0.9999902563056824	1.000009743789258
0	1.0	0.9999910345448308	1.0000089655355493
0	1.0	0.9999901106600274	1.0000098894377727
0	1.0	0.999990397723597	1.0000096023686076
0	1.0	0.999990397723597	1.0000096023686076
0	1.0	0.999990397723597	1.0000096023686076
0	1.0	0.9999905350952194	1.0000094649943658
0	1.0	0.9999905350952194	1.0000094649943658
0	1.0	0.9999901106600274	1.0000098894377727
0	1.0	0.9999902563056824	1.000009743789258
0	1.0	0.9999905350952194	1.0000094649943658
0	1.0	0.9999898059037879	1.0000101942001327
0	0.9989410185026011	0.999468920132245	0.9994718178634568
0	1.0	0.9999901106600274	1.0000098894377727
0	1.0	0.9999905350952194	1.0000094649943658
0	1.0	0.9999902563056824	1.000009743789258
0	1.0	0.999990397723597	1.0000096023686076
0	1.0	0.9999902563056824	1.000009743789258
0	1.0	0.9999902563056824	1.000009743789258
0	1.0	0.9999902563056824	1.000009743789258
0	1.0	0.9999905350952194	1.0000094649943658
0	1.0	0.999990397723597	1.0000096023686076
0	1.0	0.9999905350952194	1.0000094649943658
0	1.0	0.999990397723597	1.0000096023686076
0	1.0	0.9999905350952194	1.0000094649943658
0	1.0	0.9999905350952194	1.0000094649943658
0	1.0	0.9999905350952194	1.0000094649943658
0	1.0	0.9999905350952194	1.0000094649943658
0	1.0	0.9999905350952194	1.0000094649943658
0	1.0	0.9999905350952194	1.0000094649943658
0	1.0	0.9999905350952194	1.0000094649943658
0	1.0	0.999990397723597	1.0000096023686076
0	1.0	0.999990397723597	1.0000096023686076
0	1.0	0.999990397723597	1.0000096023686076
0	1.0	0.9999944621095092	1.0000055379211592
0	1.0	0.9999944621095092	1.0000055379211592
0	1.0	0.9999902563056824	1.000009743789258
0	1.0	0.9999902563056824	1.000009743789258
0	1.0	0.9999902563056824	1.000009743789258
0	1.0	0.9999905350952194	1.0000094649943658
0	1.0	0.9999905350952194	1.0000094649943658
0	1.0	0.9999899605941704	1.0000100395066203
0	1.0	0.9999902563056824	1.000009743789258
0	1.0	0.9999901106600274	1.0000098894377727
0	1.0	0.9999902563056824	1.000009743789258
0	1.0	0.9999902563056824	1.000009743789258
0	1.0	0.9999905350952194	1.0000094649943658
0	1.0	0.999990397723597	1.0000096023686076
0	1.0	0.999990397723597	1.0000096023686076
0	1.0	0.9999898059037879	1.0000101942001327
0	1.0	0.9999898059037879	1.0000101942001327
0	1.0	0.9999905350952194	1.0000094649943658
0	1.0	0.9999909005320481	1.000009099550753
0	1.0	0.999990397723597	1.0000096023686076
0	1.0	0.9999909005320481	1.000009099550753
0	1.0	0.9999905350952194	1.0000094649943658
0	1.0	0.9999901106600274	1.0000098894377727
0	1.0	0.9999901106600274	1.0000098894377727
0	1.0	0.9999909005320481	1.000009099550753
0	1.0	0.9999902563056824	1.000009743789258
0	1.0	0.999990397723597	1.0000096023686076
0	1.0	0.9999905350952194	1.0000094649943658
0	1.0	0.9999905486165118	1.0000094514728177
1	0.8496867384631284	0.8728638548370358	0.9734470430348676
1	0.8902821821253403	0.8918430372988768	0.9982498543933651
1	0.9637325671701426	0.9090971322392903	1.0600985670214074
1	0.9496719622012547	0.9111263978455315	1.0423053974145287
1	0.8517372205139013	0.8727531026881055	0.9759200143666352
1	0.91344971878463	0.8926623608135262	1.023286921106609
1	0.917562791095719	0.8881948122109623	1.0330647944358644
1	0.7919701081740367	0.74869875731392	1.057795408951071
1	0.8684341615347668	0.8755090890184837	0.9919190702044585
1	0.9470769782793697	0.90635526731368	1.0449290829261506
1	0.9506421658502247	0.9062217073441969	1.049017208643355
1	0.8938960984917047	0.8879046845553109	1.006747812057546
1	0.9447066881597449	0.9122339660768685	1.0355969228185262
1	0.9671053248483041	0.9198850019582016	1.0513328544215663
1	0.8450893106208152	0.8583148199901603	0.984591307220471
1	0.922888822532311	0.8955652718800792	1.0305098372058028
1	0.9676810019453719	0.9099701564904682	1.0634205913713481
1	0.8978198001989847	0.8915939107377471	1.0069828757086128
1	0.900543427926878	0.867059778226408	1.0386174639180723
1	0.8247458061355881	0.8747406207118358	0.9428461267346159
1	0.9241459980016795	0.9018667218099574	1.0247035128949096
1	0.8421910688023551	0.8606830346118456	0.9785147783029904
1	0.8536147322469765	0.8715689034944591	0.9794001699974639
1	0.9107554853288502	0.8959508687276763	1.01652391567207
1	0.9184368832866856	0.9007272977745048	1.01966142866541
1	0.9198887954884127	0.8963634683464903	1.026245298891218
1	0.8605471594471216	0.8638179807803404	0.9962135294633898
1	0.8883201287717529	0.8851556680944047	1.003575032947776
1	0.9513515819828483	0.9144230804898662	1.0403844809704488
1	0.9498840064755342	0.9149808780151275	1.0381462927794973
1	0.8709492826204993	0.8809421997259935	0.9886565575941277
1	0.9390963841172005	0.9113686351970852	1.0304242957780956
1	0.9193463144750988	0.8967839345759053	1.0251592150899351
1	0.9036924092704146	0.89565141555598	1.008977816117717
1	0.9483017061751053	0.9038180200522177	1.0492175251388745
1	0.8027910419463885	0.8622965161512707	0.93099186522233
1	0.9212754774732218	0.9019305344572892	1.0214483735463873
1	0.9262923311105581	0.8971460879591571	1.0324877336507183
1	0.8992584135203373	0.8868553796710221	1.013985407467355
1	0.9648441587108276	0.916413389774228	1.0528481681706237
1	0.9124114053956791	0.8974199127132358	1.0167051036756232
1	0.8463342600317171	0.8576305944165157	0.9868284381896567
1	0.9194535469446555	0.886282237548865	1.0374274785056399
1	0.9308255014090393	0.8918228146940077	1.0437336722860289
1	0.9055560399039767	0.8984525364834901	1.0079063758318156
1	0.9449522758009969	0.9121393863579133	1.0359735473918108
1	0.9395857119079125	0.9040226009894246	1.039338740955774
1	0.9351677115147653	0.9043117003093912	1.0341209907986564
1	0.9188014124670647	0.904956159434228	1.0152993632768825
1	0.926759382213421	0.9033833029325069	1.0258761471515272
1	0.924872894039908	0.8897388847618501	1.0394880002209435
1	0.9167937546950413	0.895048483240966	1.024295076592204
1	0.917379941937066	0.8959372963747483	1.0239331989516247
1	0.92921750490674	0.897280577103691	1.035593022537206
1	0.9121207404238987	0.8720751298731133	1.0459199089379054
1	0.8442321586931338	0.8476227156159095	0.9959999220640141
1	0.8848279299233226	0.8993074229985761	0.9838992843771106
1	0.8979561739726002	0.8759521582496675	1.0251201113162403
1	0.9199808925874694	0.8992987039962707	1.0229981300976994
1	0.8468770381764038	0.8591253469115874	0.9857432809086425
1	0.8483734910468118	0.8682070759959323	0.9771556976469362
1	0.7924466576824145	0.8436778712792807	0.9392763336091966
1	0.9230956092413176	0.8814978123706102	1.0471899036922605
1	0.9273861354137527	0.9014244115309823	1.0288007774702672
1	0.860398676265185	0.8543596064016508	1.007068533926796
1	0.8950017899692013	0.8843650240475429	1.0120275741717784
1	0.7848404541600538	0.8566654653963613	0.9161574568631926
1	0.9087460402023049	0.890684138289853	1.0202786836949083
1	0.9433706016365613	0.8934441041550866	1.055880941235478
1	0.9286944661005571	0.9096340416069676	1.020953948095343
1	0.8415664645252938	0.869623319714946	0.9677367722856731
2	0.7575390317380476	0.7732604749446158	0.9796686320897312
2	0.8286731870869539	0.8103622797810086	1.0225959521596855
2	0.8777646296351999	0.8407328589964324	1.0440470123684373
2	0.8498873504316095	0.821733442414215	1.0342616067014134
2	0.7406731235088087	0.7670823474196615	0.9655718528790433
2	0.7310671374030946	0.7940181873889979	0.9207183777579355
2	0.7936649017384699	0.7901727382477044	1.0044194937660211
2	0.8708171588421127	0.7764959000043741	1.1214703887518367
2	0.8290453410090102	0.794892556670248	1.0429652838640555
2	0.8446063881769703	0.8016852992110813	1.0535385755584223
2	0.6618440801576528	0.7342393492385707	0.9014009952531228
2	0.8332064822934698	0.8195158030278785	1.01670581484214
2	0.8613095384402792	0.8339649156518515	1.0327886968327131
2	0.8995835542929908	0.8352960787795002	1.076963698437834
2	0.7520203628242836	0.7954528267689146	0.9453990702113019
2	0.7902636508401755	0.8059061604023667	0.9805901600821845
2	0.7928308121808033	0.7834445587777462	1.0119807500069955
2	0.7664860532187018	0.7900200827388785	0.9702108464906515
2	0.8746643233700984	0.7973044341163644	1.0970267891956105
2	0.7677580392936396	0.7925854857832584	0.9686753707518584
2	0.8445757414205626	0.8285378786185282	1.019356825096247
2	0.8367044208414698	0.8242832050285229	1.0150691118503585
2	0.8191525536517958	0.8131443335901405	1.0073888728156393
2	0.8299413472532069	0.8090406968378766	1.0258338678103835
2	0.7572320353563766	0.7926128192999866	0.9553618323069045
2	0.7758510425032538	0.7935180700280693	0.9777358220409642
2	0.8593280806032615	0.833669862503243	1.0307774327153618
2	0.8710096114955154	0.8102954376792639	1.0749284409031608
2	0.7998375248206444	0.7525041501416597	1.0629011476814767
2	0.8937927957191567	0.8335258107582536	1.0723036817613105
2	0.816468188900847	0.8074088550153196	1.0112202557963716
2	0.8084340448662851	0.7855182713500325	1.0291728077526043
2	0.8452808302424236	0.8010903100683736	1.0551629692915376
2	0.866399053286708	0.8324381881387434	1.0407968611145748
2	0.8444367864153896	0.8072149190046634	1.0461114711019248
2	0.7984056840746951	0.7836641512133317	1.018811033831954
2	0.8045881819750648	0.8193880214118165	0.9819379353248886
2	0.711442432548134	0.7605784290600744	0.9353965421124776
2	0.885165300391968	0.8190890772889687	1.0806703750972961
2	0.9322927472184491	0.8476747778628916	1.0998236252456295
2	0.7630511869794363	0.77737084734759	0.9815793704934874
2	0.7870401500987119	0.803599194237418	0.9793939015152697
2	0.7673677242590741	0.7753800416688952	0.989666593181099
2	0.8809247026060557	0.8154192045364373	1.0803335237938847
2	0.8397795001302262	0.8243111282878463	1.0187652105031129
2	0.8125257921927667	0.8005808359852737	1.0149203624051184
2	0.684418104118897	0.7602158161655419	0.9002944816000258
2	0.9236745697993152	0.8315026913409951	1.1108497656329543
2	0.8187781282349046	0.8198693024908414	0.9986690875574659
2	0.8123332987466496	0.7855024505374761	1.0341575614319403
2	0.8908670563831137	0.8225276708659438	1.083084603640414
2	0.8444016540711236	0.8082184320466262	1.0447691126430656
2	0.6972296118276375	0.7377311625857492	0.9450998509861591
2	0.8465967398660628	0.8172154333533992	1.035952951098952
2	0.8775151324569715	0.8275230508880975	1.0604117087919456
2	0.7803291751021678	0.8023316249624795	0.9725768632623193
2	0.7950509557521719	0.8092201883404129	0.9824902631046565
2	0.8312183139301732	0.8241459932825088	1.0085813929877836
2	0.7593471549658705	0.794985842576975	0.9551706638000238
2	0.7781815790714259	0.7706582305648594	1.0097622372774144
2	0.7621364857647974	0.7535433308227374	1.0114036639839648
2	0.7275658412249126	0.777905896499546	0.935287731458065
2	0.8390993116539153	0.7949474295076254	1.0555406313768907
2	0.8458299495446142	0.7992799058891474	1.058239977400261
2	0.7877116522413893	0.8099381031697513	0.9725578401097846
2	0.8712170837658126	0.8423937211302566	1.034216022641863
2	0.7802246152269973	0.7538001022433022	1.0350550668606384
2	0.5841682467927414	0.7185763679422823	0.8129522105848923
2	0.8835551844832777	0.8184887501223623	1.0794958200111953
2	0.88866604795336	0.844681047807979	1.052072909957582
2	0.8049258524562916	0.813048701436293	0.9900093943134624
3	0.7572692437536133	0.7728746021408748	0.979808680031619
3	0.8285353942189444	0.8100368928079339	1.0228366159310187
3	0.8772939219374938	0.840313538341743	1.0440078398221777
3	0.8489991403376829	0.8210886739219445	1.0339920246158354
3	0.7401293477029972	0.7666118967114661	0.9654550769143148
3	0.7307049997085758	0.7936688062793241	0.920667404246465
3	0.7935344033005702	0.7898993338001364	1.0046019402028683
3	0.8709818725199848	0.7763489383561901	1.1218948458462075
3	0.8285983320712706	0.794370887379962	1.0430874862549402
3	0.8445487321190973	0.8015734345176665	1.053613674993222
3	0.6611087305121415	0.7336017731831374	0.9011820236523629
3	0.8327527062928488	0.8190909314208648	1.0166791919528215
3	0.8608139081567515	0.8335134943923764	1.0327534154492326
3	0.8991853484815704	0.8348627499007413	1.077045716303041
3	0.7521634122764859	0.7952115433855721	0.9458658121010026
3	0.7897807600845761	0.8054330060220091	0.9805666693313966
3	0.7918576434598898	0.7826896476004679	1.0117134497530775
3	0.7661234133121512	0.7895165880261475	0.9703702555857868
3	0.8745287297217149	0.7969413796894826	1.097356407898487
3	0.7680083622213124	0.7923188657050848	0.9693172729616397
3	0.8440542048848109	0.8281260825409679	1.0192339339137468
3	0.8363199899350575	0.8238706701003261	1.0151107695498074
3	0.8188378674828084	0.8127634121163235	1.007473829746676
3	0.8294679663346999	0.8085424969160914	1.0258804818527432
3	0.7569101211985055	0.7922627288951768	0.9553776715636099
3	0.7757872156687777	0.7933911447205847	0.9778117903521514
3	0.8597141175779222	0.8335872008483	1.0313427517877363
3	0.8706989045212535	0.8098264875560571	1.075167233846476
3	0.7988473887847082	0.7515958395382089	1.0628682953800428
3	0.893375903236183	0.8330683215898231	1.0723921196898583
3	0.8161029285577627	0.807013614425619	1.0112629006124176
3	0.8083869141573361	0.7853109414666636	1.029384504241817
3	0.8453122248184688	0.8010047047972714	1.0553149310557561
3	0.8659193357086217	0.832006744344314	1.0407599957510363
3	0.8434329479695838	0.806468468662896	1.0458349963365263
3	0.7981161887660992	0.7832342181743428	1.0190006644837928
3	0.803238993698688	0.8186750955397125	0.981145020869545
3	0.7104364075727351	0.7598650999471596	0.9349507006205947
3	0.8848252479342094	0.8186030073901143	1.0808966494702066
3	0.9320730122288786	0.8473051603267956	1.1000440642535319
3	0.7617827117678091	0.7766676771414603	0.9808348334664375
3	0.7868483847931111	0.8031612596968598	0.9796891661459048
3	0.7677779912766183	0.7753734461835761	0.9902041333187989
3	0.8807283980857846	0.8150129800382824	1.0806311306163683
3	0.8396386877374435	0.8240470371274756	1.0189208260056593
3	0.8124142392193473	0.800425504049081	1.0149779524885445
3	0.6839516756511677	0.7597752884087149	0.9002025810600482
3	0.9233552347311013	0.8309512672492313	1.111202631398304
3	0.8182086064343886	0.8193054457407143	0.9986612571513741
3	0.8124436154808508	0.7853047477796256	1.0345583899472883
3	0.8908188938706318	0.8223351180957996	1.0832796438675918
3	0.8440273571589048	0.8076998280852019	1.0449765219832023
3	0.6968710899881064	0.7371790602037891	0.9453213304722197
3	0.846159175965127	0.8167547956917097	1.0360014785692377
3	0.8774761842092909	0.8273062248843723	1.0606425502623655
3	0.7798831490395004	0.8019304083299562	0.972507266140001
3	0.7945182435331243	0.8087846924759385	0.9823606343251375
3	0.8302737593860516	0.8235934346377657	1.0081111923278312
3	0.7581099359006997	0.7942983879533287	0.9544397261766124
3	0.7779103151862411	0.7702962779651902	1.0098845566814423
3	0.7612095355972726	0.752864483741459	1.011084401025722
3	0.7274128139660075	0.7775148618118841	0.9355612988166926
3	0.8389277515428898	0.7946666152165175	1.0556977422718492
3	0.8450081480959034	0.7986363937991368	1.0580636628343154
3	0.7871595363094156	0.8095321162452501	0.972363567192859
3	0.8710401955359369	0.8420705022482876	1.0344029308832237
3	0.7802338357559127	0.7538319579014422	1.0350235587357817
3	0.5841521112519225	0.718357902608886	0.8131769820175102
3	0.8834973823214964	0.8182763527754212	1.0797053823257379
3	0.8880530668732142	0.8442170783830378	1.0519250197758818
3	0.8045287671784732	0.8126485305335056	0.990008271657488
4	0.7572692437536133	0.7728746021408748	0.979808680031619
4	0.8285353942189444	0.8100368928079339	1.0228366159310187
4	0.8772939219374938	0.840313538341743	1.0440078398221777
4	0.8489991403376829	0.8210886739219445	1.0339920246158354
4	0.7401293477029972	0.7666118967114661	0.9654550769143148
4	0.7307049997085758	0.7936688062793241	0.920667404246465
4	0.7935344033005702	0.7898993338001364	1.0046019402028683
4	0.8709818725199848	0.7763489383561901	1.1218948458462075
4	0.8285983320712706	0.794370887379962	1.0430874862549402
4	0.8445487321190973	0.8015734345176665	1.053613674993222
4	0.6611087305121415	0.7336017731831374	0.9011820236523629
4	0.8327527062928488	0.8190909314208648	1.0166791919528215
4	0.8608139081567515	0.8335134943923764	1.0327534154492326
4	0.8991853484815704	0.8348627499007413	1.077045716303041
4	0.7521634122764859	0.7952115433855721	0.9458658121010026
4	0.7897807600845761	0.8054330060220091	0.9805666693313966
4	0.7918576434598898	0.7826896476004679	1.0117134497530775
4	0.7661234133121512	0.7895165880261475	0.9703702555857868
4	0.8745287297217149	0.7969413796894826	1.097356407898487
4	0.7680083622213124	0.7923188657050848	0.9693172729616397
4	0.8440542048848109	0.8281260825409679	1.0192339339137468
4	0.8363199899350575	0.8238706701003261	1.0151107695498074
4	0.8188378674828084	0.8127634121163235	1.007473829746676
4	0.8294679663346999	0.8085424969160914	1.0258804818527432
4	0.7569101211985055	0.7922627288951768	0.9553776715636099
4	0.7757872156687777	0.7933911447205847	0.9778117903521514
4	0.8597141175779222	0.8335872008483	1.0313427517877363
4	0.8706989045212535	0.8098264875560571	1.075167233846476
4	0.7988473887847082	0.7515958395382089	1.0628682953800428
4	0.893375903236183	0.8330683215898231	1.0723921196898583
4	0.8161029285577627	0.807013614425619	1.0112629006124176
4	0.8083869141573361	0.7853109414666636	1.029384504241817
4	0.8453122248184688	0.8010047047972714	1.0553149310557561
4	0.8659193357086217	0.832006744344314	1.0407599957510363
4	0.8434329479695838	0.806468468662896	1.0458349963365263
4	0.7981161887660992	0.7832342181743428	1.0190006644837928
4	0.803238993698688	0.8186750955397125	0.981145020869545
4	0.7104364075727351	0.7598650999471596	0.9349507006205947
4	0.8848252479342094	0.8186030073901143	1.0808966494702066
4	0.9320730122288786	0.8473051603267956	1.1000440642535319
4	0.7617827117678091	0.7766676771414603	0.9808348334664375
4	0.7868483847931111	0.8031612596968598	0.9796891661459048
4	0.7677779912766183	0.7753734461835761	0.9902041333187989
4	0.8807283980857846	0.8150129800382824	1.0806311306163683
4	0.8396386877374435	0.8240470371274756	1.0189208260056593
4	0.8124142392193473	0.800425504049081	1.0149779524885445
4	0.6839516756511677	0.7597752884087149	0.9002025810600482
4	0.9233552347311013	0.8309512672492313	1.111202631398304
4	0.8182086064343886	0.8193054457407143	0.9986612571513741
4	0.8124436154808508	0.7853047477796256	1.0345583899472883
4	0.8908188938706318	0.8223351180957996	1.0832796438675918
4	0.8440273571589048	0.8076998280852019	1.0449765219832023
4	0.6968710899881064	0.7371790602037891	0.9453213304722197
4	0.846159175965127	0.8167547956917097	1.0360014785692377
4	0.8774761842092909	0.8273062248843723	1.0606425502623655
4	0.7798831490395004	0.8019304083299562	0.972507266140001
4	0.7945182435331243	0.8087846924759385	0.9823606343251375
4	0.8302737593860516	0.8235934346377657	1.0081111923278312
4	0.7581099359006997	0.7942983879533287	0.9544397261766124
4	0.7779103151862411	0.7702962779651902	1.0098845566814423
4	0.7612095355972726	0.752864483741459	1.011084401025722
4	0.7274128139660075	0.7775148618118841	0.9355612988166926
4	0.8389277515428898	0.7946666152165175	1.0556977422718492
4	0.8450081480959034	0.7986363937991368	1.0580636628343154
4	0.7871595363094156	0.8095321162452501	0.972363567192859
4	0.8710401955359369	0.8420705022482876	1.0344029308832237
4	0.7802338357559127	0.7538319579014422	1.0350235587357817
4	0.5841521112519225	0.718357902608886	0.8131769820175102
4	0.8834973823214964	0.8182763527754212	1.0797053823257379
4	0.8880530668732142	0.8442170783830378	1.0519250197758818
4	0.8045287671784732	0.8126485305335056	0.990008271657488
5	0.5360445975852067	0.5756504954789188	0.9311980130221872
5	0.6382836213550832	0.6077036557601591	1.050320522684157
5	0.7165830061926353	0.645930244525753	1.109381411175066
5	0.654355661828925	0.6191258655106641	1.0569024786086152
5	0.5347546036030211	0.5646443721916676	0.9470644354912644
5	0.49840943822268235	0.5648651416600832	0.8823512046749884
5	0.5687623877684062	0.5740131726714103	0.9908525010348327
5	0.7097722996666461	0.5892671102994721	1.2045001108341715
5	0.675638701926715	0.5997518594841283	1.126530399602029
5	0.6846070948854637	0.6124708029137745	1.1177791522934764
5	0.47084795445335464	0.5383909483773379	0.8745465648567239
5	0.6570110045400568	0.6248649938987634	1.0514447295898632
5	0.6102763468129289	0.607444305839297	1.0046622232629523
5	0.7459966520652942	0.6372617490615948	1.170628322135791
5	0.5510950547411341	0.5846343598151627	0.9426319980840121
5	0.573859869428894	0.5989163501397696	0.9581636388703896
5	0.5778940728134592	0.5631653010699798	1.0261535497934544
5	0.6040590625809619	0.5997477420137846	1.0071885565632996
5	0.6522272326089826	0.5609269588168007	1.1627667780218078
5	0.6139171186523977	0.6020668907392381	1.0196825769618547
5	0.5881038963296453	0.6142438242851059	0.9574437268687498
5	0.6524874654431226	0.623831862033997	1.0459348185834791
5	0.6185772194153373	0.5977778931836278	1.0347944051944393
5	0.597285575195002	0.5983728645302233	0.9981829233916298
5	0.5008052039451719	0.5699177557963442	0.8787324115659434
5	0.538916128759329	0.5772399862235361	0.9336084499015178
5	0.6423430486707182	0.6384201070878307	1.0061447650838915
5	0.6763007183303382	0.6042175079179324	1.1193001021449986
5	0.6269749253479785	0.5363369630916119	1.1689944353898365
5	0.7044057179406199	0.6301516872897659	1.1178351691323956
5	0.5617330632462999	0.5819579102844343	0.9652468904009751
5	0.6150829909038008	0.5785523279789783	1.063141501914672
5	0.6181569943111246	0.5900161830186821	1.0476949821078916
5	0.6289226996549236	0.6143458588751487	1.0237274176576445
5	0.6399397477542369	0.5969013168476928	1.072103092574557
5	0.6073907572949134	0.6029924855930919	1.007294073818342
5	0.5806653558838155	0.6110907746790234	0.9502112942038948
5	0.4629779848272196	0.5344524982052393	0.8662659195755649
5	0.6333912644654492	0.6084813733668972	1.0409378038323813
5	0.7733607028390795	0.6607264327434154	1.170470355829406
5	0.5756228945331834	0.5900334896319761	0.9755766488648279
5	0.640526618088386	0.6172362424920276	1.0377333247677192
5	0.6604316747450467	0.601956248587458	1.0971423193875076
5	0.7110515078614881	0.6237206069889549	1.1400160583023349
5	0.6276210454602946	0.6130153420601335	1.0238259997720063
5	0.6604470915433602	0.6052521098611677	1.0911933734437589
5	0.5019660386337903	0.5624201088151616	0.8925108309005371
5	0.697265853781445	0.6180125723004052	1.1282389469619336
5	0.5699462696660942	0.6006045753429239	0.9489542588660352
5	0.5966634530714383	0.5618763741332241	1.061912336128883
5	0.7405516238378079	0.6236262171180406	1.187492769723688
5	0.5664305957629933	0.5982829020289496	0.9467604603809736
5	0.5182904384024548	0.5305011243430783	0.9769827331549127
5	0.6827125184696925	0.6230069184580641	1.0958345697980356
5	0.6634614013223198	0.6172631977816476	1.0748436059475142
5	0.5481065867376459	0.5973560632162989	0.9175542368926788
5	0.5946399120137146	0.6201479663121664	0.9588677933588324
5	0.6653731234402589	0.6273167237517171	1.0606653676645865
5	0.5470658012235762	0.5823802665619451	0.9393618442004462
5	0.5605415847306991	0.5536391075135333	1.012467466845263
5	0.5628463933974291	0.5178493773460351	1.0868920926042291
5	0.49050902727415774	0.5792698144979196	0.8467712540818392
5	0.626642194380719	0.561337438124691	1.1163377886823251
5	0.635680989597019	0.5917288730972635	1.0742774579676984
5	0.5626266589595249	0.59931558773964	0.9387819547319136
5	0.6811511325329215	0.6444223430076635	1.056994903922537
5	0.6818994351790342	0.5740108026246273	1.1879557528553348
5	0.42937091328875093	0.5251342648856939	0.8176402531688008
5	0.6960535786645113	0.6067538603163457	1.1471761849221809
5	0.7034059771764091	0.6468887266090787	1.0873678087784706
5	0.553616705147525	0.5970982766248505	0.9271785346239672
6	0.4353208588398216	0.5263128315089756	0.8271142802878781
6	0.5507632645476715	0.5586383152292345	0.985903131835253
6	0.6304105794096985	0.5764565428957016	1.0935960172174832
6	0.6442693335178066	0.5914045912395249	1.089388454302464
6	0.37412484071716945	0.4694890363143137	0.7968766292269713
6	0.474680337597882	0.5460461797667345	0.8693043833777221
6	0.6159105553018392	0.559130993631597	1.1015496588759188
6	0.5930987970307583	0.5540279627112673	1.0705214121834006
6	0.6029247424789986	0.5575792740257399	1.081325599005614
6	0.6018788792597118	0.5530389464408912	1.0883119229362277
6	0.41942643677932673	0.5095378285275705	0.8231507324811549
6	0.5122303602310168	0.549999623795907	0.9313285647284268
6	0.5829979265703464	0.5760532377116084	1.0120556372295137
6	0.6283130967103143	0.5741197556003732	1.094393792551642
6	0.4922277223763243	0.5443856937682238	0.904189305507161
6	0.6105733463499041	0.5763390869289631	1.0593995101102012
6	0.6155225862345659	0.5706706295054944	1.0785951727845837
6	0.4758885551772783	0.541324637474629	0.8791185958159579
6	0.6117070376688394	0.5505850779328402	1.1110127429633223
6	0.5376856990309753	0.5434720199569053	0.9893530472343566
6	0.5246479653263545	0.5483305465073011	0.9568096628360441
6	0.6082914094338393	0.5836294085325013	1.0422562683456082
6	0.5752203620715683	0.5389362921763642	1.0673253414585975
6	0.5677685830448485	0.5611360859419668	1.0118197657734804
6	0.5492203618846833	0.5473333447789634	1.0034476560284882
6	0.5375941462762641	0.5659017247629327	0.9499779250566392
6	0.5708084475346965	0.565092482686651	1.0101150962420695
6	0.6135136510468951	0.5616565436512544	1.092328858235185
6	0.6482736701847571	0.5558845983868653	1.1662018916624022
6	0.642914822073747	0.5841293192569099	1.1006378226171218
6	0.46723306670351605	0.5199339871029736	0.8986392086174201
6	0.537135011345905	0.5441010164291298	0.9871972209702128
6	0.6014437948155851	0.5728916040369498	1.0498387314064979
6	0.6549548461445059	0.5911909226835268	1.1078567363171659
6	0.6460273283186251	0.5766199901107485	1.1203692889567458
6	0.5219759605840764	0.5549942145525725	0.940507030338839
6	0.49845256424676554	0.5467923519933341	0.9115938846431454
6	0.5432259131534881	0.558415553551279	0.9727986795833471
6	0.577894648328347	0.5649582638850262	1.0228979471056174
6	0.6847656033819323	0.606220030039536	1.1295661137050748
6	0.5450244719751237	0.5553129703867756	0.9814726128142011
6	0.5718306236998169	0.5722123881473438	0.9993328273636946
6	0.5955898892236697	0.5542988720868441	1.0744923347604365
6	0.577967717212102	0.5627368355525768	1.0270657271699113
6	0.5652934865742274	0.5694887578617432	0.9926332675937839
6	0.6150075667957313	0.5644337410703427	1.0896009966191689
6	0.489658993758795	0.5258290126214848	0.931213345033271
6	0.6203850801518772	0.5661708943745902	1.0957558686183853
6	0.5114626773922999	0.5616624509619306	0.9106228777023351
6	0.53332602731413	0.5370208687630743	0.9931197432653694
6	0.6416263930867606	0.5664390005185689	1.132736962849236
6	0.6397766378638636	0.5822936235388778	1.0987182617175746
6	0.5510769296465159	0.5337816037905031	1.032401502287068
6	0.6586239917488544	0.5913933112289003	1.113681841244113
6	0.6037310386176821	0.577556635303764	1.0453191976578222
6	0.49228565554482173	0.5332398299734943	0.9231974580167647
6	0.4587085382521942	0.532132918587499	0.8620187216941897
6	0.6451144655154256	0.5959559946573386	1.0824867461671428
6	0.5665576449876967	0.5626330796277039	1.0069753548131042
6	0.44357169716998185	0.48659298269396056	0.9115867119870968
6	0.44949828716430046	0.4729545038498676	0.9504049195120616
6	0.46280013791120517	0.517697504272467	0.8939586034156947
6	0.5847380817831462	0.5448944935126211	1.0731216570269897
6	0.5788807690364165	0.5370217183096615	1.0779466626759737
6	0.552949921061443	0.5721508330388557	0.9664408214256524
6	0.6483318484971057	0.5931120744062421	1.09310175340157
6	0.5394223216287104	0.5149937791212301	1.0474346361021378
6	0.4417735576958012	0.5091392267157466	0.8676871364744484
6	0.6654260737977268	0.5753318653700941	1.1565951998324964
6	0.6156650255293631	0.5717520696202502	1.0768041923106275
6	0.5351305971064054	0.5531486805149186	0.9674263285022385
7	0.26323190326824286	0.335926187520395	0.7836004248768529
7	0.39303887567552065	0.3463736388859232	1.1347251394179176
7	0.4474940871878288	0.36098897939299945	1.2396336529172916
7	0.32742362355164256	0.3366011691221041	0.9727346592574302
7	0.273712348873248	0.33741567977096826	0.8112022211268874
7	0.3506372736971177	0.3578487236119085	0.9798477696329254
7	0.39637474099045483	0.36170246955930047	1.095858542169754
7	0.431163494493193	0.37430151233361364	1.1519149142761103
7	0.3746029411395575	0.3349008913957795	1.1185486535383953
7	0.3863289420707608	0.3405554816943848	1.1344082325400746
7	0.3548277210944572	0.3538841859344667	1.0026662258374135
7	0.27472993571613447	0.3261968571787061	0.8422212834675608
7	0.399761132058902	0.3626880428364899	1.1022175667344118
7	0.38603487951786875	0.3600003285414093	1.0723181311582186
7	0.26661466751445684	0.32674884555599615	0.8159620795623166
7	0.32594756047942836	0.3255915685351968	1.0010933696650475
7	0.35679658915736184	0.34775373826916134	1.02600360511783
7	0.23051688303887066	0.31840757734421404	0.723967956295433
7	0.41967194623659476	0.3385286460313498	1.2396940440831428
7	0.3248085800293215	0.33361802048025613	0.9735942307964867
7	0.2672079129385433	0.3323161794169844	0.8040773500927128
7	0.40595052009627247	0.3662204683224694	1.108486704623018
7	0.3569017355489435	0.3017689992203967	1.1826984762218093
7	0.2887957904998272	0.3370176740433237	0.8569158615185932
7	0.3176664031245115	0.31696860131249127	1.0022014856018255
7	0.3841853429857825	0.3559375671923381	1.0793616026997794
7	0.3545274740216138	0.32706047806254307	1.0839813973298793
7	0.329136676264816	0.3339628478764094	0.9855487769304824
7	0.35599823860626034	0.3382439007243196	1.0524897502775996
7	0.42692285420273945	0.36399856097426736	1.1728696208579805
7	0.3004731710709106	0.34394797515783526	0.8736006395531929
7	0.34972097615682374	0.33466105969830706	1.0450005043075314
7	0.397704260361714	0.3540844111851997	1.1231905381841267
7	0.34243019761258175	0.3493150904934324	0.9802903078961598
7	0.3573461889631122	0.3532032220942266	1.0117296972669756
7	0.36361924551833774	0.3464493213564953	1.0495596992212741
7	0.24969885781800033	0.3009528517213996	0.8296942740026053
7	0.3292223062689381	0.3440575821451166	0.9568814156523332
7	0.3534471971102084	0.322598685135402	1.095625039394871
7	0.40888330900222103	0.3588913398671012	1.1392955571277703
7	0.38959424396260056	0.35147296210424545	1.1084614919740212
7	0.27789326867210673	0.3326250026887897	0.8354551414528179
7	0.30854442879998534	0.32590990402795234	0.9467169453479461
7	0.3530740647249431	0.34783369448715895	1.0150657349211396
7	0.32475861449127813	0.33284187835864654	0.9757144025648766
7	0.40461554449148385	0.3426006445359952	1.1810122104104013
7	0.27125938463975585	0.31015962997780816	0.8745799208593471
7	0.3797670885908364	0.3383205139571876	1.1225068327925678
7	0.20465778084033956	0.3190901922363469	0.6413791016451913
7	0.36670612716908435	0.3602815436042259	1.0178321195712317
7	0.37405924364466986	0.32666796026866085	1.1450747827764716
7	0.3528999499402847	0.33168251072525884	1.0639691226668289
7	0.3665587562103097	0.335623029870148	1.0921740273667473
7	0.38502783555589787	0.3522919054420726	1.0929227427827122
7	0.3705335110324182	0.3473054864978965	1.066880672599632
7	0.3117035229445745	0.3379965735780527	0.9222091207755797
7	0.2749379175098358	0.3133028819896828	0.8775467233617392
7	0.3561314845946505	0.3457938645050693	1.029895325367838
7	0.40407016929919465	0.3541152743799676	1.1410695853396744
7	0.29085114465992334	0.3134873373469439	0.9277923220804019
7	0.343522277031473	0.2814283554007509	1.220638469575324
7	0.3622816105195751	0.3414351007237403	1.0610555556580048
7	0.3985401563342119	0.34526822257465734	1.1542914472762855
7	0.3795661893951078	0.320008777359715	1.1861118077034667
7	0.2830508849034144	0.32128154691742083	0.8810057335044117
7	0.4006421656614205	0.344216452652065	1.1639250900839153
7	0.38159210046948433	0.341629125974267	1.1169776563437028
7	0.26856349512388034	0.30935246800923677	0.8681472523951593
7	0.4270929965900232	0.34649189126998564	1.2326204663105185
7	0.38630563680168756	0.34351227440094834	1.1245759339323949
7	0.335055670407838	0.35139703614581747	0.9534960057796322
8	0.1393934845300121	0.1275060627113743	1.0932302477690528
8	0.11533151492475227	0.11370291630133077	1.014323279264935
8	0.1034261015312239	0.10897234899411773	0.9491040845307169
8	0.1285211645151905	0.1185717340058969	1.0839106435670307
8	0.10448538028918958	0.11284682313898471	0.9259044905544483
8	0.0852086605832283	0.11007547781660336	0.7740930339198197
8	0.1416505102341147	0.1188643067315358	1.1916992924885628
8	0.12318404299221443	0.11267442792496903	1.0932741817357516
8	0.09153249144924008	0.11210929608137211	0.8164576413253295
8	0.0894552074835672	0.09994499033504686	0.8950444357809768
8	0.10937209095305621	0.11407797188335432	0.958748557213921
8	0.1368627056023109	0.12399572467691065	1.1037695530142437
8	0.13359656128087596	0.1200220076579405	1.1131005378748753
8	0.14119396821888977	0.12432879638876218	1.1356497635301808
8	0.1197806491868019	0.12156146759141502	0.9853504696850264
8	0.1336952332742901	0.11990537742800317	1.1150061502001192
8	0.12437924792567534	0.11903717379557918	1.0448773602376518
8	0.0957718766509687	0.11540667640934585	0.8298642646225007
8	0.11019319142568924	0.11875157846591144	0.927930330267745
8	0.10694461908324703	0.10702477169543763	0.9992510835489685
8	0.07419373978926808	0.10561463623698282	0.7024948665522917
8	0.12486549400898085	0.11997944551095356	1.0407240463332632
8	0.12079201812425805	0.11405924326601623	1.059028752650403
8	0.12770179991033317	0.11965585111123546	1.067242418355438
8	0.10568176713285549	0.11604668403964037	0.9106832134622276
8	0.09846441303917683	0.10876348599427364	0.9053076235930958
8	0.10874454650882288	0.11635185325322817	0.9346180870205072
8	0.12341265746214161	0.1211458158530052	1.0187116789232484
8	0.13834454908565805	0.12116908267514034	1.1417479280301717
8	0.10963663967305731	0.10815752409603756	1.0136755680141716
8	0.12803469739144563	0.12313161646297492	1.039819837254756
8	0.11333649913739294	0.11080002153004426	1.0228923927299138
8	0.1168229888342438	0.11343241215307709	1.0298907218563873
8	0.10116582477201669	0.11247774942100144	0.8994296675812342
8	0.11813690773240061	0.12381192183552253	0.9541642354064993
8	0.10496638192131856	0.11349293707575331	0.9248714909127471
8	0.09572008531657039	0.11049987246301811	0.8662461157917246
8	0.12704150573305342	0.11785631880833874	1.0779354642804675
8	0.12659738400968643	0.12271306073488096	1.0316537070426226
8	0.13525987350318908	0.11892020714194562	1.137400251428591
8	0.1362379868390565	0.1212423247577502	1.1236833928355348
8	0.10215163761841785	0.10970021062623873	0.9311890746177348
8	0.10595150301822516	0.10792170921092138	0.9817441161087834
8	0.11489798157893753	0.11386652248809402	1.0090584929468744
8	0.0942892032066509	0.1048731861853727	0.8990782738305132
8	0.10392056608514919	0.11108430646403931	0.9355107790927316
8	0.13835854649837181	0.12263315310130303	1.1282311756599668
8	0.13176578106491113	0.11893397760551686	1.107890139703854
8	0.10719794088462944	0.111440944748479	0.9619259880340573
8	0.0948046840642683	0.11578541512854597	0.8187964257762113
8	0.14202953254656436	0.11946070139993552	1.1889226405181732
8	0.11999720425949204	0.1146662298023536	1.046491233437493
8	0.11391107910154688	0.11079954496463298	1.0280825533887084
8	0.09630844515434635	0.10365862358555773	0.9290924558230826
8	0.11573700087175402	0.11315642309039914	1.0228054025646718
8	0.13196549594446289	0.12133158112342435	1.087643420802546
8	0.11096193090524956	0.1123100340959192	0.987996591742477
8	0.11252239755498483	0.11302219735846662	0.9955778615602685
8	0.13758818286187396	0.11941987329775229	1.1521380743623988
8	0.14569368709443944	0.12625502114079884	1.1539635079698154
8	0.13673267890112525	0.12433068183470676	1.099750092924822
8	0.10812286216467351	0.11337287704033577	0.9536924967177607
8	0.10291022760012213	0.10880778064383334	0.9457984253624655
8	0.17589725389139282	0.1268047633392773	1.3871502083937042
8	0.11796947233931902	0.11907307643937677	0.9907317075105587
8	0.10036873498713614	0.10989083810917666	0.9133494358048275
8	0.13321463023335992	0.11855175095922667	1.123683363218956
8	0.08126385311964478	0.10701942791581906	0.7593373904368701
8	0.12289262007726341	0.11689953898059101	1.0512669352585509
8	0.10761492252055337	0.11649854906313512	0.9237447452004972
8	0.097291628246432	0.10932398818634806	0.8899385199942915
9	0.7400829450168187	0.7427866664634419	0.9963600296441828
9	0.7372456661899308	0.7384283628561804	0.9983983596436152
9	0.7432710882624369	0.7386858913681753	1.0062072349666364
9	0.7340372988096817	0.7370891468643084	0.9958595943684564
9	0.7355616860961668	0.7379716678726924	0.9967343166662851
9	0.743624231201938	0.7429487071887163	1.0009092471750545
9	0.7613333212688701	0.7487026532962949	1.0168700724072053
9	0.742923044550158	0.73670381730426	1.0084419641921434
9	0.7335948692472465	0.7363293868259573	0.9962862848778883
9	0.7309904991254583	0.7331864894775313	0.9970048679516206
9	0.7253635698532999	0.7328373277484315	0.9898016140661203
9	0.719199204217979	0.7318094049842669	0.9827684630992696
9	0.7416862759933701	0.739153686168082	1.003426337272858
9	0.7559939681196216	0.7453214823210466	1.0143193052283148
9	0.7270420986799659	0.7381304158028295	0.9849778346949661
9	0.7356602734581236	0.7389476422825831	0.9955512831541015
9	0.7508957559074732	0.7455049729806077	1.0072310489161629
9	0.735933929899788	0.7425394457156708	0.9911041549994475
9	0.7423853832129252	0.7366840032970736	1.0077392476154428
9	0.7481501596741108	0.74147831330919	1.0089980330444792
9	0.7353427087780102	0.7400270594862567	0.9936700278074988
9	0.750189079565293	0.7425723790217856	1.0102571826783284
9	0.7447923253016591	0.7366889454337436	1.0109997305078935
9	0.72682129156449	0.7362142129092114	0.9872415919442733
9	0.7318889714370984	0.7355311698784442	0.9950482065335888
9	0.7442706513484326	0.7415266861073232	1.0037004268255185
9	0.722646356279212	0.7343931757490683	0.9840047268169742
9	0.7394803356527534	0.740576807694154	0.99851943508086
9	0.7459017373577066	0.7384578164138654	1.010080360419219
9	0.7485418084631021	0.7374469989037987	1.0150448907864507
9	0.7350214705469219	0.7380283354518244	0.9959258137384905
9	0.7506645973734482	0.7443575709513298	1.0084731138208987
9	0.7367486919003254	0.7381016340684117	0.9981669974626274
9	0.7334883604466816	0.7374698090637081	0.9946012045942854
9	0.750168914731619	0.7423672751514327	1.010509137244223
9	0.7503569129672301	0.7433968301568591	1.009362540339192
9	0.7369482603698806	0.7351527566994829	1.002442354536571
9	0.7463694617415038	0.7428196465987311	1.0047788385229535
9	0.7431473002567387	0.7426356515627107	1.0006889632795724
9	0.7453750017518801	0.7359734075567945	1.012774366707482
9	0.7439961472206492	0.7416315429115218	1.003188381524125
9	0.7385150993904728	0.7400187881963926	0.9979680396904724
9	0.7653868117885968	0.7488153888737933	1.0221301847705435
9	0.7584464287488489	0.7480804105166109	1.013856823526604
9	0.74561536082031	0.7431572736482973	1.0033076271459276
9	0.7307933573543397	0.7356499974476025	0.9933981647385125
9	0.7283107021267969	0.7326265801201552	0.9941090343833137
9	0.7513150238226447	0.740671223588572	1.0143704789589412
9	0.7371279671884736	0.7402522698527457	0.995779408194326
9	0.7427594551842149	0.7410127024780159	1.0023572506926774
9	0.7560555268901141	0.7416263872639368	1.019456076366714
9	0.7454879780943385	0.739748061632118	1.0077592855729238
9	0.7512592497919391	0.7428137042495703	1.0113696684566436
9	0.7488621944333318	0.7446428436731669	1.0056662745046359
9	0.748644430929179	0.7406602074106327	1.0107798737378635
9	0.7449390690256873	0.7428316084698438	1.0028370636518613
9	0.7373243456372112	0.7397931176649174	0.9966628886255408
9	0.7556933866740059	0.7455682269818934	1.013580460279403
9	0.7483567980628942	0.7391018256537514	1.0125219179386502
9	0.7230656832856053	0.7295305504295865	0.9911383188268479
9	0.7365568621080648	0.7355609698407549	1.0013539221195022
9	0.763362255901055	0.7476505110108201	1.021014825321249
9	0.7396703719430269	0.7379208946892502	1.0023708195097436
9	0.7062378318530952	0.7185490096699234	0.9828666136183479
9	0.7280107168367269	0.7388580687304606	0.9853187610005097
9	0.731538730045431	0.7404658996378863	0.9879438477898563
9	0.7443224695367963	0.7404040088966005	1.0052923276928705
9	0.724043779997107	0.7281198189530963	0.9944019667506786
9	0.749622472630722	0.7406769020822249	1.0120775611111255
9	0.7327204613562415	0.7337049802420996	0.9986581542822113
9	0.7479196859877406	0.74341562251448	1.00605860750952
