0	1.0	0.9999908111549421	1.0000091889294935
0	1.0	0.9999908111549421	1.0000091889294935
0	1.0	0.9999908111549421	1.0000091889294935
0	1.0	0.9999908111549421	1.0000091889294935
0	1.0	0.9999908111549421	1.0000091889294935
0	0.9997357878090597	0.999861567307303	0.9998742030873513
0	1.0	0.9999908111549421	1.0000091889294935
0	1.0	0.9999908111549421	1.0000091889294935
0	1.0	0.9999908111549421	1.0000091889294935
0	1.0	0.9999908111549421	1.0000091889294935
0	1.0	0.9999908111549421	1.0000091889294935
0	1.0	0.9999908111549421	1.0000091889294935
0	1.0	0.9999908111549421	1.0000091889294935
0	1.0	0.9999908111549421	1.0000091889294935
0	1.0	0.9999908111549421	1.0000091889294935
0	1.0	0.9999908111549421	1.0000091889294935
0	1.0	0.9999908111549421	1.0000091889294935
0	1.0	0.9999908111549421	1.0000091889294935
0	1.0	0.9999908111549421	1.0000091889294935
0	1.0	0.9999908111549421	1.0000091889294935
0	1.0	0.9999908111549421	1.0000091889294935
0	0.9989410185026011	0.9994697018853685	0.9994710361086783
0	1.0	0.9999908111549421	1.0000091889294935
0	1.0	0.9999908111549421	1.0000091889294935
0	1.0	0.9999908111549421	1.0000091889294935
0	1.0	0.9999908111549421	1.0000091889294935
0	1.0	0.9999908111549421	1.0000091889294935
0	1.0	0.9999908111549421	1.0000091889294935
0	1.0	0.9999908111549421	1.0000091889294935
0	1.0	0.9999908111549421	1.0000091889294935
0	1.0	0.9999908111549421	1.0000091889294935
0	1.0	0.9999908111549421	1.0000091889294935
0	1.0	0.9999908111549421	1.0000091889294935
0	1.0	0.9999908111549421	1.0000091889294935
0	1.0	0.9999908111549421	1.0000091889294935
0	1.0	0.9999908111549421	1.0000091889294935
0	1.0	0.9999908111549421	1.0000091889294935
0	1.0	0.9999908111549421	1.0000091889294935
0	1.0	0.9999908111549421	1.0000091889294935
0	1.0	0.9999908111549421	1.0000091889294935
0	1.0	0.9999908111549421	1.0000091889294935
0	1.0	0.9999908111549421	1.0000091889294935
0	1.0	0.9999908111549421	1.0000091889294935
0	1.0	0.9999908111549421	1.0000091889294935
0	1.0	0.9999908111549421	1.0000091889294935
0	1.0	0.9999908111549421	1.0000091889294935
0	1.0	0.9999908111549421	1.0000091889294935
0	1.0	0.9999908111549421	1.0000091889294935
0	1.0	0.9999908111549421	1.0000091889294935
0	1.0	0.9999908111549421	1.0000091889294935
0	1.0	0.9999908111549421	1.0000091889294935
0	1.0	0.9999908111549421	1.0000091889294935
0	1.0	0.9999908111549421	1.0000091889294935
0	1.0	0.9999908111549421	1.0000091889294935
0	1.0	0.9999908111549421	1.0000091889294935
0	1.0	0.9999908111549421	1.0000091889294935
0	1.0	0.9999908111549421	1.0000091889294935
0	1.0	0.9999908111549421	1.0000091889294935
0	1.0	0.9999908111549421	1.0000091889294935
0	1.0	0.9999908111549421	1.0000091889294935
0	1.0	0.9999908111549421	1.0000091889294935
0	1.0	0.9999908111549421	1.0000091889294935
0	1.0	0.9999908111549421	1.0000091889294935
0	1.0	0.9999908111549421	1.0000091889294935
0	1.0	0.9999908111549421	1.0000091889294935
0	1.0	0.9999908111549421	1.0000091889294935
0	1.0	0.9999908111549421	1.0000091889294935
0	1.0	0.9999908111549421	1.0000091889294935
0	1.0	0.9999908111549421	1.0000091889294935
0	1.0	0.9999908111549421	1.0000091889294935
0	1.0	0.9999908111549421	1.0000091889294935
0	1.0	0.9999908111549421	1.0000091889294935
0	1.0	0.9999908111549421	1.0000091889294935
1	0.7517677409726581	0.7789497291681949	0.9651043101015475
1	0.8215057879529476	0.8116184229284993	1.0121822826406188
1	0.8970641335370633	0.8287740245546664	1.082398949483355
1	0.8566180739916058	0.823887957562163	1.0397264168374172
1	0.7185375616969857	0.7648818701032165	0.9394098484776781
1	0.7596370450026033	0.8025735210126635	0.9465015043657505
1	0.812945561646176	0.8021570370635803	1.013449392181472
1	0.8658891667704027	0.7954171585435948	1.088597545916462
1	0.8424921511755561	0.801124618360065	1.051636826365631
1	0.8701995587567418	0.814853120643987	1.0679219809197196
1	0.7045197567011965	0.7470286169777458	0.9430960751563608
1	0.8350225001889868	0.8098764609994189	1.0310492283706292
1	0.8543435466999241	0.8332432866681887	1.0253230483453482
1	0.8877232966206816	0.833848701883995	1.0646095564038927
1	0.780754958320373	0.7986289292883463	0.9776191791801223
1	0.7502361883467877	0.7873808812675117	0.9528250001944052
1	0.8568326475091226	0.8229535163351411	1.041167733658707
1	0.7930646859195855	0.782035975172426	1.0141025618990582
1	0.8120426481918716	0.8099878485104912	1.002536827787181
1	0.8828127920154866	0.806123876937236	1.0951329160099068
1	0.7887800158058961	0.8072517187829908	0.9771177904644878
1	0.8572504942052072	0.8380283526271015	1.0229373403869295
1	0.8140641597126681	0.8094582576010877	1.005690104546256
1	0.8126500959356613	0.8040150578892704	1.0107398959281433
1	0.8380414378733486	0.8120422996969529	1.0320169752069546
1	0.7758724024629977	0.7928249126871226	0.9786175863638445
1	0.7732312622487791	0.7903486827405098	0.9783419383551364
1	0.8402383483938826	0.8241419078769116	1.0195311515688328
1	0.8476910881914317	0.8110753091823131	1.0451447339039737
1	0.7720597034907177	0.7558691458846591	1.0214197889862398
1	0.8683402123412038	0.8253582154721145	1.0520767783773777
1	0.8407041982364066	0.8208613291996475	1.0241732291812384
1	0.8170611512764104	0.809927728515197	1.008807480606067
1	0.7695528132198303	0.774102773037875	0.9941222793968443
1	0.8322866110751349	0.8062254316078985	1.0323249285441929
1	0.851578998369384	0.8290931626547411	1.027121000060649
1	0.8163923492384135	0.7990010029762741	1.021766363493108
1	0.7649257559472908	0.7795316220628196	0.9812632795102292
1	0.7929888364452691	0.8106551410854809	0.9782073735860648
1	0.73330574522778	0.7589447686914085	0.96621753713668
1	0.8816042647288796	0.8243397093688635	1.0694671804708515
1	0.9358910448099889	0.852422152367803	1.0979196659898283
1	0.7887133575922906	0.7932108804535069	0.9943299783550058
1	0.8129946193130718	0.8033673699958197	1.011983620043346
1	0.7409870291416819	0.7491565148912581	0.9890950881595657
1	0.8565752257469283	0.8106714952274024	1.0566243303110705
1	0.8274244099919654	0.8214856206225517	1.0072293284511944
1	0.8489122780780809	0.8139357064479767	1.0429721553594722
1	0.6510012393203768	0.7587735536945239	0.8579651150868453
1	0.9011934956370262	0.8353845945951704	1.0787767711634029
1	0.7966911331760332	0.8120775520588929	0.9810530178505121
1	0.8159985466386483	0.797773839909113	1.0228444526729676
1	0.8625309558315917	0.8116086779259173	1.0627424019612597
1	0.8341111722533934	0.8002611646634696	1.0422987008299454
1	0.6415335719264977	0.6905512970088395	0.9290165331747768
1	0.8636401281423606	0.8187809721760125	1.0547877362698466
1	0.8917313105665936	0.8346722535160507	1.0683610325012987
1	0.8088133191287493	0.8142140495059133	0.993366940326759
1	0.8183604028218388	0.8167742223682624	1.0019420060160287
1	0.8313530326035535	0.8220465156227222	1.0113211561681292
1	0.7953496714720061	0.8020704405638314	0.9916207246247589
1	0.7917194149691927	0.7690868452706896	1.0294278465919375
1	0.7567866733098056	0.7557592891884105	1.001359406541332
1	0.6993088896031658	0.7785411965626708	0.8982297824324227
1	0.852380346871669	0.7763382620502949	1.0979496806205948
1	0.7755031929775954	0.7808257983569115	0.9931833638302981
1	0.8464514193721311	0.8161795854235764	1.0370896730195038
1	0.8935926389337984	0.8459649076397793	1.0562998900591507
1	0.7507282660723389	0.7561519609081441	0.9928272422526138
1	0.5757732866947243	0.7012672479056818	0.8210468810774461
1	0.8985343187687361	0.8353151381752008	1.0756830299180757
1	0.8735486077663956	0.8427313235130921	1.0365683384412907
1	0.8065482151173206	0.8116324652718053	0.9937357728133976
2	0.7517677409726581	0.7789497291681949	0.9651043101015475
2	0.8215057879529476	0.8116184229284993	1.0121822826406188
2	0.8970641335370633	0.8287740245546664	1.082398949483355
2	0.8566180739916058	0.823887957562163	1.0397264168374172
2	0.7185375616969857	0.7648818701032165	0.9394098484776781
2	0.7596370450026033	0.8025735210126635	0.9465015043657505
2	0.812945561646176	0.8021570370635803	1.013449392181472
2	0.8658891667704027	0.7954171585435948	1.088597545916462
2	0.8424921511755561	0.801124618360065	1.051636826365631
2	0.8701995587567418	0.814853120643987	1.0679219809197196
2	0.7045197567011965	0.7470286169777458	0.9430960751563608
2	0.8350225001889868	0.8098764609994189	1.0310492283706292
2	0.8543435466999241	0.8332432866681887	1.0253230483453482
2	0.8877232966206816	0.833848701883995	1.0646095564038927
2	0.780754958320373	0.7986289292883463	0.9776191791801223
2	0.7502361883467877	0.7873808812675117	0.9528250001944052
2	0.8568326475091226	0.8229535163351411	1.041167733658707
2	0.7930646859195855	0.782035975172426	1.0141025618990582
2	0.8120426481918716	0.8099878485104912	1.002536827787181
2	0.8828127920154866	0.806123876937236	1.0951329160099068
2	0.7887800158058961	0.8072517187829908	0.9771177904644878
2	0.8572504942052072	0.8380283526271015	1.0229373403869295
2	0.8140641597126681	0.8094582576010877	1.005690104546256
2	0.8126500959356613	0.8040150578892704	1.0107398959281433
2	0.8380414378733486	0.8120422996969529	1.0320169752069546
2	0.7758724024629977	0.7928249126871226	0.9786175863638445
2	0.7732312622487791	0.7903486827405098	0.9783419383551364
2	0.8402383483938826	0.8241419078769116	1.0195311515688328
2	0.8476910881914317	0.8110753091823131	1.0451447339039737
2	0.7720597034907177	0.7558691458846591	1.0214197889862398
2	0.8683402123412038	0.8253582154721145	1.0520767783773777
2	0.8407041982364066	0.8208613291996475	1.0241732291812384
2	0.8170611512764104	0.809927728515197	1.008807480606067
2	0.7695528132198303	0.774102773037875	0.9941222793968443
2	0.8322866110751349	0.8062254316078985	1.0323249285441929
2	0.851578998369384	0.8290931626547411	1.027121000060649
2	0.8163923492384135	0.7990010029762741	1.021766363493108
2	0.7649257559472908	0.7795316220628196	0.9812632795102292
2	0.7929888364452691	0.8106551410854809	0.9782073735860648
2	0.73330574522778	0.7589447686914085	0.96621753713668
2	0.8816042647288796	0.8243397093688635	1.0694671804708515
2	0.9358910448099889	0.852422152367803	1.0979196659898283
2	0.7887133575922906	0.7932108804535069	0.9943299783550058
2	0.8129946193130718	0.8033673699958197	1.011983620043346
2	0.7409870291416819	0.7491565148912581	0.9890950881595657
2	0.8565752257469283	0.8106714952274024	1.0566243303110705
2	0.8274244099919654	0.8214856206225517	1.0072293284511944
2	0.8489122780780809	0.8139357064479767	1.0429721553594722
2	0.6510012393203768	0.7587735536945239	0.8579651150868453
2	0.9011934956370262	0.8353845945951704	1.0787767711634029
2	0.7966911331760332	0.8120775520588929	0.9810530178505121
2	0.8159985466386483	0.797773839909113	1.0228444526729676
2	0.8625309558315917	0.8116086779259173	1.0627424019612597
2	0.8341111722533934	0.8002611646634696	1.0422987008299454
2	0.6415335719264977	0.6905512970088395	0.9290165331747768
2	0.8636401281423606	0.8187809721760125	1.0547877362698466
2	0.8917313105665936	0.8346722535160507	1.0683610325012987
2	0.8088133191287493	0.8142140495059133	0.993366940326759
2	0.8183604028218388	0.8167742223682624	1.0019420060160287
2	0.8313530326035535	0.8220465156227222	1.0113211561681292
2	0.7953496714720061	0.8020704405638314	0.9916207246247589
2	0.7917194149691927	0.7690868452706896	1.0294278465919375
2	0.7567866733098056	0.7557592891884105	1.001359406541332
2	0.6993088896031658	0.7785411965626708	0.8982297824324227
2	0.852380346871669	0.7763382620502949	1.0979496806205948
2	0.7755031929775954	0.7808257983569115	0.9931833638302981
2	0.8464514193721311	0.8161795854235764	1.0370896730195038
2	0.8935926389337984	0.8459649076397793	1.0562998900591507
2	0.7507282660723389	0.7561519609081441	0.9928272422526138
2	0.5757732866947243	0.7012672479056818	0.8210468810774461
2	0.8985343187687361	0.8353151381752008	1.0756830299180757
2	0.8735486077663956	0.8427313235130921	1.0365683384412907
2	0.8065482151173206	0.8116324652718053	0.9937357728133976
3	0.7895197051658585	0.7859284787230705	1.0045694061737307
3	0.7823582309065114	0.7838277987691887	0.9981251393928807
3	0.8619154057425176	0.8179514766327081	1.0537488229629433
3	0.8794785815953253	0.8241704430094213	1.0671076463066897
3	0.7237792317299341	0.7631366217130502	0.9484268100058301
3	0.7536348595707927	0.7949124995304172	0.9480727250055715
3	0.8049534798546422	0.7838782735749391	1.0268858150431799
3	0.8201466993284834	0.7668966679568335	1.0694357318222787
3	0.8137401996785912	0.7805487244221548	1.0425232585973518
3	0.7984635971307658	0.7713510225755075	1.0351494634242275
3	0.6935658611301687	0.7425229152261821	0.9340666084613692
3	0.8067654101692869	0.7994810522639578	1.0091113577797766
3	0.8456538064890902	0.8172438382633879	1.034763147662358
3	0.8421711862739649	0.8053804388167006	1.0456812031731473
3	0.7748865241104151	0.7935371143261063	0.9764968898379381
3	0.8096973449535342	0.803287041836087	1.0079800902835367
3	0.7909442944281244	0.7581555645721028	1.0432480237410475
3	0.8153555512135777	0.7828281485805278	1.0415511408117228
3	0.7547621156875647	0.7873401873923306	0.9586226230714014
3	0.8698356177737965	0.8088693864675144	1.0753721581336304
3	0.7584436370813141	0.7856583874596521	0.965360580612734
3	0.7840413353363012	0.7969120735864351	0.983849236726694
3	0.827679347122477	0.810240237379446	1.0215233815089637
3	0.8070497954615816	0.7935727686318286	1.0169827234029065
3	0.763580149052953	0.7756313371856857	0.9844627369280109
3	0.794042349124149	0.789261918866458	1.0060568363219102
3	0.8221952329585317	0.800131371284464	1.0275752988395497
3	0.7927108988259419	0.8054264971141679	0.9842125900578317
3	0.8435763303747424	0.8088292349388967	1.0429597422235495
3	0.8080892177088631	0.7635819658185458	1.0582874581677768
3	0.8413251042302278	0.8057076886815651	1.0442063741590277
3	0.8389606253947083	0.8103820802428566	1.035265519621667
3	0.7992981740914965	0.7957131453778137	1.0045054285385477
3	0.7698607319506343	0.7695499092632196	1.0004039019219848
3	0.8475134233138355	0.8087120806185989	1.0479791802609857
3	0.813016151167628	0.8036503132246303	1.0116541209390157
3	0.842087906704377	0.7983348311500837	1.0548054197901682
3	0.7917080003097327	0.792355271874968	0.9991831043621333
3	0.7656868803301574	0.7845429644603384	0.9759655175250326
3	0.7442637691478484	0.7419351876117809	1.0031385241931483
3	0.8436204893843707	0.8092618939663879	1.0424567073701976
3	0.9015599615400987	0.8350252707474533	1.0796798529619211
3	0.7772561220675052	0.7698078602089962	1.0096754816929083
3	0.7990298488589258	0.7952137884096682	1.0047987855654381
3	0.7343906381243205	0.7585866569255142	0.9681038170388363
3	0.8213505774419328	0.7964750803988933	1.0312319840949467
3	0.824460157026036	0.812393382090583	1.0148533643939848
3	0.8160978833445418	0.7919087960245574	1.0305452944094262
3	0.7087740766747436	0.7740693185638737	0.9156467769446385
3	0.8844656667593359	0.8123845669562739	1.0887278054445633
3	0.7590594716157142	0.7862530780868388	0.9654136724815199
3	0.8308613693919432	0.7885567698848157	1.0536481343167048
3	0.8267221745268191	0.784384473234124	1.0539757003579264
3	0.8069997734973596	0.792900929931305	1.017781343209266
3	0.7607988142345893	0.7499050023863583	1.0145269224949354
3	0.8386433161117028	0.8102928207637423	1.0349879631430507
3	0.8614879985099012	0.7928425482629441	1.0865814409145347
3	0.8091065358050854	0.8025997354845513	1.0081071548280611
3	0.7909153919016956	0.7960747504525992	0.9935190023952268
3	0.8121580535743805	0.8040047083694775	1.0101409172359674
3	0.7781276295369355	0.7869572491288982	0.98878005177316
3	0.7517383631600881	0.7479431295787873	1.005074227479619
3	0.7262541747636123	0.7358387876472815	0.9869745750773559
3	0.6931121673389619	0.7644106179343158	0.9067275507134827
3	0.8382618998264086	0.7823383258378537	1.0714825953703124
3	0.7695301690376825	0.7712774117986436	0.9977346117826963
3	0.8192639597123652	0.801142461106072	1.022619570783047
3	0.8684537382703688	0.8266242814242782	1.050602743938296
3	0.7493701080546016	0.736586828942954	1.0173547484279515
3	0.6478352013818522	0.7233480916979581	0.8956064290722743
3	0.8906905887524392	0.8163605718067043	1.0910504739115874
3	0.8559762599691528	0.8203692701111883	1.0434036124404544
3	0.8182533634360217	0.8051186992812377	1.0163139474545926
4	0.6028349241209665	0.6208851786021526	0.9709281923562355
4	0.7024873220101365	0.6551277363028043	1.0722906130865482
4	0.755430445367289	0.6875963692753321	1.0986539183786677
4	0.7155709618392332	0.6714528323028807	1.0657054783506394
4	0.5737843248799631	0.6197206656959767	0.9258757318276213
4	0.5349412956731144	0.6360208281220533	0.8410751221034831
4	0.657210075706137	0.6300646808502228	1.0430835050447258
4	0.7332589432442066	0.6179727768129677	1.1865554127251317
4	0.7072521465235401	0.6498412972187336	1.0883459539283207
4	0.6860687354891628	0.616324963101495	1.1131607132002255
4	0.4841922606459811	0.5905189252826919	0.8199436798984717
4	0.635961650917616	0.6497639197924681	0.9787580251004697
4	0.7272085196561495	0.6873876422477085	1.0579307438205168
4	0.7536447245445982	0.6661547336746703	1.1313358390284372
4	0.5346916313048634	0.6199535409303164	0.8624704852923221
4	0.6221641512293048	0.6450594141171232	0.9645067378496374
4	0.7764629433627388	0.6822260714753884	1.1381314432671166
4	0.6636064142233181	0.6449288632711346	1.0289606373909974
4	0.4779094674872816	0.5971391453912525	0.8003318341726697
4	0.7292510178454372	0.6397651962969682	1.139872912853689
4	0.6444783695925886	0.6509010045880518	0.9901327007483605
4	0.5683498557570703	0.654032115309111	0.8689938039028172
4	0.6836813951931137	0.6758864527101802	1.0115329171810992
4	0.6518487304924304	0.6360751548320983	1.0247982892280956
4	0.6449043568214858	0.6431874620437863	1.0026693536161977
4	0.5259802519977199	0.595073636168314	0.8838910347037264
4	0.623060804460382	0.6222448706609038	1.0013112744482917
4	0.6289517947264887	0.6599203240178843	0.9530723207570793
4	0.6951557839308541	0.642667541354479	1.0816724654644163
4	0.7336266463001452	0.6141913866840923	1.1944593529076695
4	0.7359920669854709	0.6722199793317797	1.0948678849401112
4	0.7284243149631813	0.6727511126281751	1.0827545303009798
4	0.6318452600170005	0.6456738631374911	0.9785826809632746
4	0.6594622356409006	0.6281757538598797	1.0498052998524352
4	0.6733608086551243	0.6325478027426478	1.0645216151815189
4	0.6937721138954204	0.676205637289724	1.0259780097014628
4	0.7105149699598453	0.6556156950939902	1.0837369746890892
4	0.6985482633421911	0.6575091305197472	1.062416065294794
4	0.6384125816491717	0.6472594528502494	0.9863318006989006
4	0.5977456697645266	0.6177309547447224	0.9676472664568757
4	0.7229395659561666	0.6645071550596913	1.087933456324073
4	0.8032908006933142	0.705493914735191	1.1386218703173812
4	0.6668246177442232	0.6389969039374329	1.0435490589004717
4	0.6393761633982666	0.6522629574811329	0.9802429465983601
4	0.5967451501994827	0.5961801067610986	1.000947773050419
4	0.7096259455741669	0.6706540137350483	1.0581103386261326
4	0.6685392653799616	0.66248449081438	1.0091394963195872
4	0.7032985577824828	0.6307493864965263	1.1150205974657037
4	0.4667705620810402	0.5868560903344526	0.7953748282905695
4	0.7388978354160171	0.6671811117923098	1.1074921372264992
4	0.5956819498558219	0.6394566960630245	0.931543845772962
4	0.6738871712765903	0.6284556758276181	1.0722906916054868
4	0.7550903971935728	0.6682286339104186	1.1299880892185754
4	0.665795720706153	0.6516676096046555	1.0216799345145733
4	0.5758522351615122	0.5936562620457492	0.9700095357827373
4	0.714312589114622	0.6613192135948164	1.0801328230458371
4	0.744431687538237	0.6703579482970536	1.1104987856552708
4	0.584619095838273	0.635759825434751	0.9195596708843525
4	0.48928283830537067	0.62262015610269	0.7858448421715926
4	0.7115116507071054	0.6705995495369727	1.0610082443365512
4	0.6235486624265172	0.6404033329843848	0.9736811635890118
4	0.6717171028125078	0.6240671135719881	1.0763539500868495
4	0.629287605984074	0.5699821633796712	1.1040478920476302
4	0.5657745179661112	0.6266540467231251	0.9028498593835582
4	0.7206912373705197	0.643147006943808	1.1205699934688287
4	0.659645734907085	0.6177406781622992	1.0678360001634475
4	0.6154377427334411	0.6612116412544278	0.9307726971743177
4	0.6941717529495193	0.6831463417547843	1.0161391645110975
4	0.6390770572898739	0.5772935257546222	1.1070227341532886
4	0.4184236213881976	0.5655710163503002	0.7398250781808747
4	0.7566536341824447	0.66318038279266	1.1409469486961719
4	0.7399437147465149	0.6858582259052068	1.0788581179002776
4	0.582700277108048	0.6381039424251257	0.9131745447199164
5	0.6028349241209665	0.6208851786021526	0.9709281923562355
5	0.7024873220101365	0.6551277363028043	1.0722906130865482
5	0.755430445367289	0.6875963692753321	1.0986539183786677
5	0.7155709618392332	0.6714528323028807	1.0657054783506394
5	0.5737843248799631	0.6197206656959767	0.9258757318276213
5	0.5349412956731144	0.6360208281220533	0.8410751221034831
5	0.657210075706137	0.6300646808502228	1.0430835050447258
5	0.7332589432442066	0.6179727768129677	1.1865554127251317
5	0.7072521465235401	0.6498412972187336	1.0883459539283207
5	0.6860687354891628	0.616324963101495	1.1131607132002255
5	0.4841922606459811	0.5905189252826919	0.8199436798984717
5	0.635961650917616	0.6497639197924681	0.9787580251004697
5	0.7272085196561495	0.6873876422477085	1.0579307438205168
5	0.7536447245445982	0.6661547336746703	1.1313358390284372
5	0.5346916313048634	0.6199535409303164	0.8624704852923221
5	0.6221641512293048	0.6450594141171232	0.9645067378496374
5	0.7764629433627388	0.6822260714753884	1.1381314432671166
5	0.6636064142233181	0.6449288632711346	1.0289606373909974
5	0.4779094674872816	0.5971391453912525	0.8003318341726697
5	0.7292510178454372	0.6397651962969682	1.139872912853689
5	0.6444783695925886	0.6509010045880518	0.9901327007483605
5	0.5683498557570703	0.654032115309111	0.8689938039028172
5	0.6836813951931137	0.6758864527101802	1.0115329171810992
5	0.6518487304924304	0.6360751548320983	1.0247982892280956
5	0.6449043568214858	0.6431874620437863	1.0026693536161977
5	0.5259802519977199	0.595073636168314	0.8838910347037264
5	0.623060804460382	0.6222448706609038	1.0013112744482917
5	0.6289517947264887	0.6599203240178843	0.9530723207570793
5	0.6951557839308541	0.642667541354479	1.0816724654644163
5	0.7336266463001452	0.6141913866840923	1.1944593529076695
5	0.7359920669854709	0.6722199793317797	1.0948678849401112
5	0.7284243149631813	0.6727511126281751	1.0827545303009798
5	0.6318452600170005	0.6456738631374911	0.9785826809632746
5	0.6594622356409006	0.6281757538598797	1.0498052998524352
5	0.6733608086551243	0.6325478027426478	1.0645216151815189
5	0.6937721138954204	0.676205637289724	1.0259780097014628
5	0.7105149699598453	0.6556156950939902	1.0837369746890892
5	0.6985482633421911	0.6575091305197472	1.062416065294794
5	0.6384125816491717	0.6472594528502494	0.9863318006989006
5	0.5977456697645266	0.6177309547447224	0.9676472664568757
5	0.7229395659561666	0.6645071550596913	1.087933456324073
5	0.8032908006933142	0.705493914735191	1.1386218703173812
5	0.6668246177442232	0.6389969039374329	1.0435490589004717
5	0.6393761633982666	0.6522629574811329	0.9802429465983601
5	0.5967451501994827	0.5961801067610986	1.000947773050419
5	0.7096259455741669	0.6706540137350483	1.0581103386261326
5	0.6685392653799616	0.66248449081438	1.0091394963195872
5	0.7032985577824828	0.6307493864965263	1.1150205974657037
5	0.4667705620810402	0.5868560903344526	0.7953748282905695
5	0.7388978354160171	0.6671811117923098	1.1074921372264992
5	0.5956819498558219	0.6394566960630245	0.931543845772962
5	0.6738871712765903	0.6284556758276181	1.0722906916054868
5	0.7550903971935728	0.6682286339104186	1.1299880892185754
5	0.665795720706153	0.6516676096046555	1.0216799345145733
5	0.5758522351615122	0.5936562620457492	0.9700095357827373
5	0.714312589114622	0.6613192135948164	1.0801328230458371
5	0.744431687538237	0.6703579482970536	1.1104987856552708
5	0.584619095838273	0.635759825434751	0.9195596708843525
5	0.48928283830537067	0.62262015610269	0.7858448421715926
5	0.7115116507071054	0.6705995495369727	1.0610082443365512
5	0.6235486624265172	0.6404033329843848	0.9736811635890118
5	0.6717171028125078	0.6240671135719881	1.0763539500868495
5	0.629287605984074	0.5699821633796712	1.1040478920476302
5	0.5657745179661112	0.6266540467231251	0.9028498593835582
5	0.7206912373705197	0.643147006943808	1.1205699934688287
5	0.659645734907085	0.6177406781622992	1.0678360001634475
5	0.6154377427334411	0.6612116412544278	0.9307726971743177
5	0.6941717529495193	0.6831463417547843	1.0161391645110975
5	0.6390770572898739	0.5772935257546222	1.1070227341532886
5	0.4184236213881976	0.5655710163503002	0.7398250781808747
5	0.7566536341824447	0.66318038279266	1.1409469486961719
5	0.7399437147465149	0.6858582259052068	1.0788581179002776
5	0.582700277108048	0.6381039424251257	0.9131745447199164
6	0.6748231039050026	0.6856600294052868	0.9841948997527481
6	0.6707090056726221	0.6730905621720109	0.996461759184821
6	0.7699718781447865	0.71564087914528	1.0759193620470597
6	0.7418155636416917	0.7155759872188995	1.0366691684621403
6	0.6102815776864648	0.6588447708789879	0.92629038684221
6	0.5992873062327173	0.663458564274769	0.9032776702306983
6	0.73078546280313	0.6931602854775989	1.054280630488815
6	0.7395437422279734	0.6634078466068566	1.1147648403776504
6	0.751417142689471	0.7072370866663752	1.0624685227288382
6	0.6951085836305643	0.6508586018791214	1.0679870890907595
6	0.6417178933381272	0.6597979806648854	0.9725975406767104
6	0.6573392426584677	0.6820815731590856	0.9637252617952675
6	0.7402471672955977	0.7091883774638932	1.0437948376181416
6	0.7559843699690293	0.7063209584424344	1.070312810250048
6	0.6161171389999008	0.6711762230426176	0.9179662774805706
6	0.7120846033052988	0.6956595262611431	1.0236107987084329
6	0.8048888188644822	0.7191991584478479	1.1191459408845346
6	0.6955172754230654	0.685986486161896	1.0138935525020243
6	0.554951519176022	0.6515352806542678	0.8517597368153925
6	0.7246258949276674	0.6717662015802819	1.0786876345118834
6	0.6242522894551444	0.675185794539899	0.924563719354518
6	0.6360682446004562	0.6859700596153395	0.9272536544191652
6	0.700395926317852	0.6996461857425648	1.0010715996035788
6	0.7225652542426957	0.6833226912431107	1.0574290353627718
6	0.6637646824883295	0.683746800555134	0.9707755589487497
6	0.6196921854251589	0.6515231255105249	0.9511438061996285
6	0.6575955546242115	0.6752569272321784	0.9738449590138091
6	0.6749244534374367	0.6940508487502034	0.9724423716976816
6	0.7184117055293227	0.6892172557860375	1.0423588491120837
6	0.7707736689159514	0.6969962914496406	1.1058504591363976
6	0.7664771852577763	0.7105572661772559	1.0786986802363803
6	0.7771802208554369	0.7249272440410343	1.0720803049463608
6	0.6864285187984365	0.6933831969769013	0.9899699355150418
6	0.6632132782839374	0.6645755660135695	0.9979501387061163
6	0.6928929442980112	0.6681110198840386	1.0370925245601754
6	0.7180632414074742	0.7118909491379212	1.008670277768003
6	0.7479909450380542	0.7077247165870866	1.0568953259752556
6	0.7237058904558542	0.7017980156898812	1.0312167807206425
6	0.6866463260032822	0.6948643328109895	0.9881732211315808
6	0.709415646712839	0.6901289622977923	1.0279464932913864
6	0.7259342410421022	0.7020783668778628	1.0339789335346228
6	0.8083022479222544	0.7313624249702179	1.1052006779746302
6	0.7441907918421538	0.7001001005790992	1.0629776959417434
6	0.6781711638776292	0.6907943531522207	0.9817265598408708
6	0.6300444072752928	0.6445126200640527	0.977551699783129
6	0.7433402574687736	0.7085041379200433	1.0491685477674115
6	0.6961130441037119	0.6960456092135981	1.0000968828611532
6	0.717490779234944	0.6586234408563325	1.0893793550713486
6	0.5848813792152706	0.6512532609307538	0.8980859126591916
6	0.7589453829333556	0.6965854368133968	1.0895223224953294
6	0.6488334608596443	0.6750401870018281	0.9611775318761684
6	0.6747762595210675	0.675065498235643	0.9995715397760195
6	0.751301565086282	0.7007896400632064	1.0720785841219338
6	0.6868334762474211	0.6883822697505	0.9977500967541766
6	0.6910682616493375	0.6749231821657269	1.023921358623071
6	0.7187816797168582	0.7007647789817143	1.0257103400107015
6	0.7490890008111993	0.7050257630467196	1.062498762561617
6	0.6440745442343474	0.6811630230950765	0.9455512445578651
6	0.5357663545787321	0.6486454236317488	0.8259772366526388
6	0.740598520977996	0.7078704082171468	1.0462346107153693
6	0.7334722183694221	0.6942333637109972	1.0565211306594013
6	0.7121298729033265	0.6838079294303547	1.0414179804796433
6	0.6843148365510869	0.6503789933122561	1.052178566017334
6	0.6186617208586109	0.6682273090056206	0.9258252581434191
6	0.7476539950349645	0.6994349660823804	1.0689399748237705
6	0.7093722203006715	0.6654013144414853	1.0660817838872076
6	0.6868443117788411	0.704093119665102	0.9755020928276288
6	0.716547631733595	0.7039861567922359	1.0178433550435089
6	0.6708663258973803	0.6386749754535661	1.050403337661622
6	0.547424323364304	0.6298125875541895	0.8691860629368626
6	0.7663528390186615	0.6931688816026708	1.1055788269761657
6	0.7534710049236526	0.7137970337144816	1.055581585990508
6	0.6493872343864123	0.6849549426236404	0.9480729227224931
7	0.5208206301509314	0.5677772546715717	0.9172974540027987
7	0.5376258031113302	0.5449418240206729	0.9865746753380684
7	0.639443210408795	0.5789828864753647	1.104425062200872
7	0.5942562496177306	0.5835484048935882	1.0183495398742373
7	0.4930333246061575	0.5361653134619743	0.9195546825337932
7	0.5236397925451947	0.560303435947741	0.9345646643402595
7	0.5997496718486114	0.5750948354760499	1.042870905547522
7	0.6189919640338843	0.5563862650864274	1.112522006519575
7	0.6395928592823953	0.5785265840318691	1.1055548300389983
7	0.5869375998491316	0.5381360771615502	1.0906862125746888
7	0.5593685140614687	0.5496511004227763	1.0176792398509127
7	0.49739052918302945	0.5493305967217585	0.9054484351523618
7	0.589946763818432	0.5727683200458713	1.0299919586529942
7	0.5737512100893233	0.5678743587089519	1.0103488584935096
7	0.505117673395619	0.5526506682372688	0.913990885068029
7	0.5593677062087715	0.56658480389338	0.9872621050988043
7	0.6714665152840188	0.5916831405224904	1.1348413860348887
7	0.57734169003994	0.5715493919059688	1.0101343789635666
7	0.4089191282487934	0.5269991786476047	0.775938834094902
7	0.6121925190869149	0.5511629753690103	1.1107286709108946
7	0.5661541006108581	0.5712826624009849	0.9910227246026119
7	0.4841915445010234	0.5634268938858701	0.8593688901884459
7	0.6054038189822876	0.5835199034647285	1.0375032888983227
7	0.6515946116756919	0.566729728332224	1.149744894437087
7	0.5351780827740855	0.5645541430859499	0.9479659113804573
7	0.5237533169167152	0.5344233207340553	0.9800345467658778
7	0.5590805211633412	0.5743458487260068	0.9734213669402737
7	0.5533401375159562	0.5687852018222185	0.9728455236585255
7	0.6146556570372484	0.5826778337311634	1.0548807959645827
7	0.6772528713033559	0.5848304972782534	1.1580327538581308
7	0.632139736211744	0.5773800431067402	1.0948416796852822
7	0.6441449799502484	0.5955213952439813	1.081648762067308
7	0.523494387353873	0.5579459584987881	0.9382528529508293
7	0.5281187393447153	0.5409131645973604	0.9763466188474653
7	0.611983725908533	0.5705417380998874	1.0726362070313429
7	0.6062643038642291	0.590175611381089	1.0272608562144587
7	0.5929138558117799	0.5724436977822018	1.0357592512746405
7	0.5707825990842291	0.5702413617111844	1.0009491373467203
7	0.5405520652184672	0.5648448998088278	0.9569920263092001
7	0.6230469051016158	0.5842198457550861	1.0664596720372395
7	0.6191047806183652	0.584134513813943	1.0598668046099409
7	0.638642485165154	0.5848431356551065	1.0919893664303415
7	0.6388543879149983	0.5892873210261107	1.084113581134883
7	0.5128943306794919	0.5614755116361775	0.9134758685821991
7	0.5972919712590662	0.5546149882307859	1.0769488454764256
7	0.6280486445327707	0.5852071999623523	1.0732073094336065
7	0.5497118483217832	0.5701168954143768	0.96420901177159
7	0.6370660118091426	0.5757794436231107	1.1064410493719334
7	0.45537324010116775	0.523604260955337	0.8696897142706994
7	0.6382674125922143	0.5744144782316966	1.111161777393017
7	0.5060103089032217	0.5606793237585256	0.9024950403221061
7	0.5993772298550236	0.5602157386463114	1.0699043038371985
7	0.6268334369751892	0.5736593081123599	1.0926928720773312
7	0.6267721607574868	0.5795361098845299	1.081506656905932
7	0.5902507544028966	0.5674479673647927	1.0401848069771034
7	0.6088774235375165	0.5836062548946461	1.0433017439942147
7	0.6036078060951771	0.5788487067143377	1.0427730063031098
7	0.5570455448127238	0.5705610981402066	0.9763118211677279
7	0.4139582211452735	0.5390659054093967	0.7679176460453208
7	0.6200001738084221	0.5815268188351244	1.066159210077989
7	0.6291592404286035	0.5750631929485611	1.0940697442357108
7	0.5762620897550307	0.5587899956025882	1.031267729003632
7	0.6091090916470142	0.527138056950438	1.1555020238356328
7	0.5412025769039994	0.559620354874124	0.9670887990229246
7	0.661851127030138	0.5908004470449805	1.1202617234643835
7	0.6113933511918838	0.5374313606479166	1.1376212777289365
7	0.5698342411152656	0.5835910049819413	0.9764273887890007
7	0.5310482014913489	0.5497798039156184	0.9659289004600385
7	0.6085433824966614	0.5504147834515104	1.1056087169037165
7	0.44649630895494946	0.5290610163351277	0.843941048705281
7	0.6278595944879877	0.5508270171839345	1.1398489451332234
7	0.605628699280172	0.5768267172499102	1.0499317752956707
7	0.5251591706905306	0.5690005269350856	0.922950236125956
8	0.5208206301509314	0.5677772546715717	0.9172974540027987
8	0.5376258031113302	0.5449418240206729	0.9865746753380684
8	0.639443210408795	0.5789828864753647	1.104425062200872
8	0.5942562496177306	0.5835484048935882	1.0183495398742373
8	0.4930333246061575	0.5361653134619743	0.9195546825337932
8	0.5236397925451947	0.560303435947741	0.9345646643402595
8	0.5997496718486114	0.5750948354760499	1.042870905547522
8	0.6189919640338843	0.5563862650864274	1.112522006519575
8	0.6395928592823953	0.5785265840318691	1.1055548300389983
8	0.5869375998491316	0.5381360771615502	1.0906862125746888
8	0.5593685140614687	0.5496511004227763	1.0176792398509127
8	0.49739052918302945	0.5493305967217585	0.9054484351523618
8	0.589946763818432	0.5727683200458713	1.0299919586529942
8	0.5737512100893233	0.5678743587089519	1.0103488584935096
8	0.505117673395619	0.5526506682372688	0.913990885068029
8	0.5593677062087715	0.56658480389338	0.9872621050988043
8	0.6714665152840188	0.5916831405224904	1.1348413860348887
8	0.57734169003994	0.5715493919059688	1.0101343789635666
8	0.4089191282487934	0.5269991786476047	0.775938834094902
8	0.6121925190869149	0.5511629753690103	1.1107286709108946
8	0.5661541006108581	0.5712826624009849	0.9910227246026119
8	0.4841915445010234	0.5634268938858701	0.8593688901884459
8	0.6054038189822876	0.5835199034647285	1.0375032888983227
8	0.6515946116756919	0.566729728332224	1.149744894437087
8	0.5351780827740855	0.5645541430859499	0.9479659113804573
8	0.5237533169167152	0.5344233207340553	0.9800345467658778
8	0.5590805211633412	0.5743458487260068	0.9734213669402737
8	0.5533401375159562	0.5687852018222185	0.9728455236585255
8	0.6146556570372484	0.5826778337311634	1.0548807959645827
8	0.6772528713033559	0.5848304972782534	1.1580327538581308
8	0.632139736211744	0.5773800431067402	1.0948416796852822
8	0.6441449799502484	0.5955213952439813	1.081648762067308
8	0.523494387353873	0.5579459584987881	0.9382528529508293
8	0.5281187393447153	0.5409131645973604	0.9763466188474653
8	0.611983725908533	0.5705417380998874	1.0726362070313429
8	0.6062643038642291	0.590175611381089	1.0272608562144587
8	0.5929138558117799	0.5724436977822018	1.0357592512746405
8	0.5707825990842291	0.5702413617111844	1.0009491373467203
8	0.5405520652184672	0.5648448998088278	0.9569920263092001
8	0.6230469051016158	0.5842198457550861	1.0664596720372395
8	0.6191047806183652	0.584134513813943	1.0598668046099409
8	0.638642485165154	0.5848431356551065	1.0919893664303415
8	0.6388543879149983	0.5892873210261107	1.084113581134883
8	0.5128943306794919	0.5614755116361775	0.9134758685821991
8	0.5972919712590662	0.5546149882307859	1.0769488454764256
8	0.6280486445327707	0.5852071999623523	1.0732073094336065
8	0.5497118483217832	0.5701168954143768	0.96420901177159
8	0.6370660118091426	0.5757794436231107	1.1064410493719334
8	0.45537324010116775	0.523604260955337	0.8696897142706994
8	0.6382674125922143	0.5744144782316966	1.111161777393017
8	0.5060103089032217	0.5606793237585256	0.9024950403221061
8	0.5993772298550236	0.5602157386463114	1.0699043038371985
8	0.6268334369751892	0.5736593081123599	1.0926928720773312
8	0.6267721607574868	0.5795361098845299	1.081506656905932
8	0.5902507544028966	0.5674479673647927	1.0401848069771034
8	0.6088774235375165	0.5836062548946461	1.0433017439942147
8	0.6036078060951771	0.5788487067143377	1.0427730063031098
8	0.5570455448127238	0.5705610981402066	0.9763118211677279
8	0.4139582211452735	0.5390659054093967	0.7679176460453208
8	0.6200001738084221	0.5815268188351244	1.066159210077989
8	0.6291592404286035	0.5750631929485611	1.0940697442357108
8	0.5762620897550307	0.5587899956025882	1.031267729003632
8	0.6091090916470142	0.527138056950438	1.1555020238356328
8	0.5412025769039994	0.559620354874124	0.9670887990229246
8	0.661851127030138	0.5908004470449805	1.1202617234643835
8	0.6113933511918838	0.5374313606479166	1.1376212777289365
8	0.5698342411152656	0.5835910049819413	0.9764273887890007
8	0.5310482014913489	0.5497798039156184	0.9659289004600385
8	0.6085433824966614	0.5504147834515104	1.1056087169037165
8	0.44649630895494946	0.5290610163351277	0.843941048705281
8	0.6278595944879877	0.5508270171839345	1.1398489451332234
8	0.605628699280172	0.5768267172499102	1.0499317752956707
8	0.5251591706905306	0.5690005269350856	0.922950236125956
9	0.36815669331342404	0.42112644267231486	0.8742188948697591
9	0.3934316649691654	0.40388928674617725	0.9741077019862031
9	0.44518175436172475	0.4208953507299888	1.0577017626581389
9	0.44845910109940657	0.4392655830794792	1.0209292928334517
9	0.2937362033204879	0.3809111783559939	0.7711409378644342
9	0.34549339647740984	0.4030107758357297	0.8572807904725496
9	0.4421200855772513	0.42182646959950654	1.0481089202320852
9	0.4818162057901999	0.41899787756190693	1.149925170489704
9	0.5372071119999583	0.4590117331408237	1.1703559478187553
9	0.39369819918682425	0.3660870132757744	1.0754224676368136
9	0.40177139292002984	0.39440892440892905	1.018667094113386
9	0.3467541981360984	0.40512776506371806	0.8559131909449882
9	0.4881749772794583	0.4403802656113549	1.1085305482564092
9	0.4226215398795469	0.41992993711747684	1.0064096472391229
9	0.31528869960662365	0.4058830151167994	0.7767969781043788
9	0.4170887405623967	0.4257636954533295	0.9796249539743022
9	0.5028994804712847	0.42851808744122405	1.1735781877358045
9	0.42527208610922296	0.42795041240429077	0.9937415031801919
9	0.2738029241559333	0.3821771646270077	0.7164293147215008
9	0.37558650999577947	0.36582761427957394	1.0266762139742343
9	0.4129685244456354	0.4229716099148256	0.9763504565443423
9	0.3740217711149649	0.4254660389629589	0.8790872522437149
9	0.444138907189621	0.4238778192663085	1.047799358688743
9	0.5241050308683374	0.4385303210564428	1.1951397787175595
9	0.39041473203759997	0.42734881167104566	0.9135739269075681
9	0.4375509109572291	0.4257811605051926	1.0276427224682079
9	0.41573841104080655	0.4293537089838657	0.9682888544848444
9	0.463073144016878	0.44407790274337405	1.0427745698584805
9	0.4469276658681452	0.4366357177871633	1.0235710173531856
9	0.5268574336241142	0.4529707944861732	1.1631156799452251
9	0.49125940360569353	0.4203874130920917	1.1685873275612948
9	0.49549820398697136	0.43854698371003964	1.1298634408453416
9	0.3492559702917331	0.4062471370363648	0.8597130624466895
9	0.3652242641355396	0.38330629295925306	0.952826162377575
9	0.4393529960944978	0.41757333562709614	1.052157689701843
9	0.43614438103756364	0.4373445789517205	0.9972557155800726
9	0.43934557711653915	0.42899766429018954	1.0241211402478636
9	0.45318341110510935	0.4273813989610816	1.0603723330185864
9	0.451600807129574	0.43569631070984044	1.0365036288552039
9	0.49141737794366414	0.4451437056200524	1.1039522108015791
9	0.46014034407210597	0.44013626532553735	1.045449739824945
9	0.47395094721169273	0.4415977672631343	1.073263911973722
9	0.4958593015700259	0.45288781795093785	1.094883284371635
9	0.3669946428688125	0.42593004776652793	0.8616312579806047
9	0.47029160985325463	0.42262246902272504	1.1127936736084099
9	0.47534898435491696	0.4379862752590253	1.0853056618584573
9	0.4007050690029798	0.4161760372567937	0.9628259032985413
9	0.49497339009888536	0.4237649032833895	1.1680377168183647
9	0.37481006357644114	0.41068013965649963	0.9126569010372382
9	0.5172244667193946	0.44299932046978496	1.16755137721407
9	0.338255899208627	0.4181477434743623	0.8089387172057436
9	0.37726659426580045	0.39744791551772723	0.9492227271449191
9	0.45511114862129176	0.41559946994216745	1.0950715328983036
9	0.5231273045455869	0.4521059364814295	1.1570901028570648
9	0.45556684901906414	0.4251002580130657	1.0716691896363468
9	0.4459886256501003	0.4334552017354482	1.028915154010083
9	0.42559410230272476	0.4327366614330581	0.9834944441576087
9	0.404009333837611	0.4168114378044566	0.9692856222125756
9	0.3002967544746461	0.39228468514750336	0.7655072090355279
9	0.5103566810664919	0.45272525865745755	1.1272988889109887
9	0.5232282633790065	0.4428196163932468	1.181583299404588
9	0.44628334010977794	0.4282798406747324	1.0420367659768481
9	0.5266042095294047	0.42838662163456004	1.2292732380859228
9	0.3670982351651778	0.40428973162051873	0.9080078133415216
9	0.4966408527483584	0.44223202749560236	1.1230323040166896
9	0.5301333405346382	0.4210256692960401	1.2591473137992453
9	0.429022607754725	0.441432281378315	0.9718877070230515
9	0.4144711348623046	0.4144485989316378	1.00005437569514
9	0.4901362902343289	0.42533380042023117	1.1523567836604396
9	0.38469059968022834	0.4096492226617157	0.9390731835902982
9	0.43020242485212157	0.3883075484205363	1.1078909658130396
9	0.490513877148691	0.44512454004023083	1.101969972503331
9	0.3981783189306815	0.4303361850946043	0.925272688475283
10	0.5733107232737664	0.6034802510941786	0.9500074314516318
10	0.5580013076231237	0.5791618039021356	0.9634635845519477
10	0.6165802251832804	0.5894921595272306	1.0459515283083227
10	0.6234484492189626	0.6097808957621441	1.0224138761181356
10	0.5252003542073971	0.5759133845707376	0.9119433030695406
10	0.5522008214723944	0.584183433002831	0.9452524503030854
10	0.6281537831483064	0.6032556893054634	1.041272870333819
10	0.6324993065002041	0.5917142538220305	1.068926939675245
10	0.6421061929811134	0.60543208318541	1.0605751013437328
10	0.5588288318252236	0.5582519640106136	1.0010333466817845
10	0.5836302853408306	0.5910633759401142	0.9874242071123746
10	0.5373195103070227	0.5656841067220961	0.9498578869761174
10	0.6015469962740945	0.5934180178276842	1.013698570320072
10	0.5733016013507624	0.5907041301093657	0.9705393480905892
10	0.5050030191212032	0.5758984169586189	0.8768960015347466
10	0.5845227603049296	0.5936239944374966	0.9846683519907393
10	0.6836111236871784	0.6147709816488384	1.1119768891070756
10	0.6033828027311096	0.6045884595423004	0.9980058223206847
10	0.4889614302502446	0.5575519065262076	0.8769792095173494
10	0.5979377148908178	0.5773702386026321	1.0356226817959369
10	0.6063623237962656	0.6012155895436283	1.0085605469022254
10	0.513915583971768	0.585411450529063	0.8778707411809575
10	0.6064621025315455	0.599104813953021	1.0122804698062424
10	0.6671954030881189	0.603073048199469	1.1063260165250182
10	0.5726268708704612	0.5947308160076111	0.9628336979651865
10	0.6120135568720021	0.5972986600916882	1.0246357438304903
10	0.5844884541481185	0.5944350715049895	0.9832671088337903
10	0.6093370593872202	0.609060606498452	1.0004539004588682
10	0.6064139345444	0.6034337458603661	1.004938717306545
10	0.6863712346880384	0.6243202093897248	1.0993897432200197
10	0.6535350587312811	0.601824543480037	1.0859229086142437
10	0.6058208301472615	0.5907761742304678	1.0254659151351027
10	0.5430724993132742	0.584363726366978	0.9293398525770693
10	0.5612408303692391	0.5702104688360194	0.9842696005124385
10	0.6068410786112232	0.5965668905786926	1.0172221894892024
10	0.6032458480207177	0.5977395106313972	1.0092119347832706
10	0.5920139752124954	0.5987621402141768	0.9887298067989609
10	0.5999549258867288	0.5926792322327604	1.0122759382449746
10	0.5956521710302443	0.5959022769220244	0.9995802904243428
10	0.6411806618587071	0.6141274029635112	1.0440515416909402
10	0.6402090449892129	0.6150619762108008	1.0408854225282063
10	0.6400690664809667	0.6056469659933439	1.056835256214263
10	0.6489915695574198	0.6171896775643294	1.0515269343430904
10	0.5607213129407539	0.5952088515325362	0.9420580885129913
10	0.6439705902684171	0.6060787567101574	1.0625196529968142
10	0.6485953099421315	0.6104258156829057	1.0625292923047893
10	0.6054033537771482	0.5999422139871275	1.009102776338619
10	0.6579420719047274	0.6110981163197936	1.0766553755181596
10	0.5528098794794105	0.582672331392972	0.9487491505866247
10	0.6769700485230336	0.6115312981703023	1.107008015041133
10	0.4830451429551943	0.5783124939223949	0.8352666560581263
10	0.5855645919192157	0.5800365069601581	1.0095305810801964
10	0.6240402954699016	0.5934717451426296	1.0515080129382157
10	0.6761501248277529	0.6153770718006295	1.0987574217695468
10	0.5939255215427044	0.5847904892790979	1.0156210342525709
10	0.6270825540420921	0.6108786394087817	1.0265255872246455
10	0.6075847228402405	0.5987660587361331	1.014728062780849
10	0.6061003618275959	0.6032980559876935	1.0046449774072528
10	0.5014789594721323	0.5723047815878933	0.8762445738802834
10	0.6411538486508844	0.6007169637631109	1.0673143715377407
10	0.6494291426345242	0.6005946505389622	1.0813102348676247
10	0.601641141091967	0.596896788704041	1.0079483630632806
10	0.6930348911577876	0.6034260140132138	1.1485001890266724
10	0.5989990806504488	0.5963038872333344	1.0045198320433886
10	0.622875287863583	0.5977268982745104	1.0420733777610975
10	0.6632503468154787	0.5769903075976978	1.1494999796043803
10	0.565916341611069	0.5941489254201583	0.9524823110819827
10	0.536398637866605	0.5723942645033488	0.9371139285122357
10	0.6085987326141445	0.5957113142208744	1.0216336639671273
10	0.570701562574076	0.5848312978236321	0.9758396390512308
10	0.6424454701237369	0.585396822549526	1.0974529505058672
10	0.6394490384666484	0.5977444856376293	1.0697698662741018
10	0.5909924784313724	0.6002879048387596	0.9845150529729829
11	0.7005966940674776	0.6955038064363877	1.007322587718369
11	0.6644398226559923	0.6541138257892155	1.0157862385102747
11	0.6963745819153445	0.667269814640169	1.0436176890316409
11	0.651033055112668	0.6671950429977276	0.9757762170827239
11	0.6497509592202674	0.6660970985680699	0.9754598250270985
11	0.6600428064900887	0.6740349772560238	0.97924118000093
11	0.7169854286404626	0.6893282100432917	1.0401219886176338
11	0.7267370715323116	0.6810862282348136	1.0670265252841955
11	0.7304117390585334	0.6942467642339244	1.052092392341959
11	0.6217545498505451	0.6367522660611781	0.9764465444255019
11	0.6362949274830325	0.6609908203508337	0.962638069837803
11	0.5829080400647622	0.6268034407682997	0.9299694324432343
11	0.6632993365480979	0.6618043100483697	1.0022590159614084
11	0.6595112146900761	0.6699306665537698	0.9844469698375014
11	0.6331326984267869	0.6653095526331662	0.9516362660373212
11	0.6665528885807384	0.6767297651618166	0.9849616832227783
11	0.7514094962185242	0.6951705137455605	1.0808995510611483
11	0.6927779782766491	0.6846761332126511	1.0118331057137664
11	0.5665951794064346	0.6239132572108257	0.9081313353387795
11	0.6645749072344408	0.6548649159755028	1.0148274720817403
11	0.7009341606494405	0.6912027296018889	1.0140789823749055
11	0.6464321099825504	0.6730680024044527	0.9604261496212138
11	0.661300756285044	0.6666066561654831	0.9920404336929964
11	0.7233785526704242	0.6758178200727661	1.0703750791781979
11	0.6300444014780163	0.6572316227192058	0.9586337292647209
11	0.7053264678169033	0.6711410815601578	1.0509362147482866
11	0.6800095258688198	0.6763201973268032	1.0054550027584552
11	0.6798253621093694	0.6814916337390784	0.9975549639244039
11	0.7027070586250325	0.6839217489437315	1.0274670453313022
11	0.7401502988536276	0.6915163555260552	1.0703294187316441
11	0.6761721158769821	0.6489664746043889	1.0419214895333042
11	0.6779938440713467	0.6649877131776409	1.0195584529397634
11	0.6233052719808292	0.6572021682534824	0.9484224217294742
11	0.6310759425251218	0.6531792048243997	0.9661604929611619
11	0.6789502432361573	0.6736605013380556	1.007852236976333
11	0.68211138177013	0.6807157550602141	1.0020502341829776
11	0.6339340192228439	0.657984494952636	0.9634482637291881
11	0.6355905777152169	0.6509954468792448	0.9763364410029653
11	0.664887167582353	0.6723020444876289	0.9889709142400023
11	0.6601955583875058	0.6679467310772051	0.9883955226830754
11	0.6809390519948504	0.6770745120122995	1.0057077026442263
11	0.7130829585664081	0.6837634686437731	1.0428795793679786
11	0.728042772540027	0.6938941606075515	1.049212997991763
11	0.6217439464830383	0.6615288608566092	0.9398591403524652
11	0.7180834547803693	0.6913868470784911	1.0386131263773484
11	0.7190414359886982	0.679713106396594	1.057860190162579
11	0.6868788582292766	0.6773994531107955	1.0139938186766304
11	0.7436886102115022	0.6897189661666726	1.078248745782333
11	0.6210276977164654	0.6539783568996481	0.9496150616674934
11	0.7380141307564348	0.6870360672331106	1.0741999815652
11	0.5678075584951021	0.6406890013491965	0.8862452099214801
11	0.6717053539165653	0.6571510906697585	1.022147514404904
11	0.7032133361232993	0.6739303947040934	1.0434509878903195
11	0.7304083802778042	0.6802858497633392	1.0736786316103766
11	0.6744002852705907	0.6631290599367708	1.0169970312187715
11	0.7353706124142636	0.6990874947233775	1.0519006819099848
11	0.689684676600868	0.6816203911310782	1.0118310507941348
11	0.6889108567139749	0.6819410359364318	1.010220562204432
11	0.6107857204132595	0.6582310621205799	0.9279199289768112
11	0.7414470579504371	0.6895625945660746	1.0752425723106576
11	0.7024888233877494	0.6763627451929984	1.0386273170431586
11	0.6898637310188984	0.6756796613567491	1.0209922992704383
11	0.7392487123608084	0.6743313258921252	1.0962692729464985
11	0.7008447191271417	0.6818831802221644	1.0278076061339414
11	0.7068876028739011	0.6838948449887461	1.0336203117389098
11	0.6773338463149459	0.6239754271508428	1.085513654612562
11	0.6362649288360991	0.6660147407550427	0.9553316013918595
11	0.6464295708077915	0.6557567340798546	0.9857764887688866
11	0.685577074452478	0.6781258234872457	1.0109880065131782
11	0.6477764064467622	0.6654062726893132	0.9735051096358049
11	0.728704633216905	0.6769130475421028	1.0765114306229722
11	0.7366739490656254	0.6899701358045458	1.0676896155898403
11	0.6724949017510748	0.6826934964534079	0.9850612394063885
12	0.6648593203875083	0.6707859013656053	0.9911647204181967
12	0.5876541198494195	0.6028270309771616	0.9748304068197683
12	0.6557887027454194	0.6302922304720121	1.0404518270109622
12	0.6349775499548336	0.6450060254277223	0.9844521212553966
12	0.5879671743294321	0.6221121569277683	0.945114426364922
12	0.6327773504333521	0.6441099326616301	0.9824058260032589
12	0.7050267260265783	0.6666309640164071	1.0575967275489866
12	0.7248094652282094	0.6579155865390423	1.10167547335527
12	0.7194476083996563	0.6674025386787752	1.0779815279455067
12	0.5662000681461214	0.5860567781268107	0.9661181122345237
12	0.5950867230881384	0.6262757323958595	0.9501992370223168
12	0.5082150714255609	0.5686446586681125	0.8937304935140151
12	0.6025728403776065	0.6206745032468077	0.9708354978744741
12	0.6140998962895912	0.6279660569563589	0.9779189328576539
12	0.6072397647989337	0.6321231988445225	0.9606351513580359
12	0.6647225840236373	0.656151299360872	1.013062969883797
12	0.7586377359936052	0.6795366357928004	1.1164044674479092
12	0.6620788179846386	0.6553871007631201	1.0102103279324948
12	0.427683634748356	0.53689027143134	0.7965941226838753
12	0.6218551411182347	0.6158072469182134	1.0098210831884291
12	0.6672769962422975	0.6589967775342077	1.0125648849742062
12	0.5742170886564626	0.6247791939968854	0.9190720404484614
12	0.6479121360625868	0.6349188772681756	1.0204644392529585
12	0.6688920836307752	0.6263098098552955	1.0679891534595602
12	0.5551334093894584	0.6080267416434118	0.9130082138969908
12	0.6440396138544422	0.6256195870412072	1.0294428550428707
12	0.6665346415043955	0.6493042866560444	1.0265366411441519
12	0.6522610979536068	0.6545182757450451	0.9965513907325675
12	0.7006054735561775	0.6642646368718486	1.0547083717348933
12	0.7189051153007157	0.6563367210095119	1.0953297176409196
12	0.5836103121556534	0.5923671079139887	0.9852172822539519
12	0.6896649448381598	0.6473568564529956	1.065355125173122
12	0.6037275971960506	0.6320953616971622	0.9551210684018552
12	0.595131235846171	0.6203245153956226	0.9593869355084506
12	0.6480781180563714	0.6386493302295149	1.0147636384797711
12	0.669201504529184	0.6591865884617029	1.0151928395431289
12	0.6231742128526511	0.6252074195961607	0.9967479484731276
12	0.5984201722146713	0.6195564531062919	0.9658848184283305
12	0.6363199546050491	0.6492200578216033	0.9801298449406519
12	0.6128520841729254	0.6283852777159498	0.9752807806072664
12	0.6850978447934706	0.6542037916827329	1.0472238979711084
12	0.7034229127635067	0.6554478766884972	1.073194281011928
12	0.710085102388997	0.6708625859077064	1.0584657980713306
12	0.5851949257868564	0.6331008458510357	0.9243312966992131
12	0.6746058137720804	0.6549886082916176	1.029950452927158
12	0.6872465722859316	0.6460789844623892	1.0637191253911447
12	0.650424375634031	0.6470919200185326	1.005149895265889
12	0.7078611297342187	0.6678879257895857	1.05985016707313
12	0.57562036750785	0.6068663373570868	0.9485126000145047
12	0.7328927333367821	0.6660327722322408	1.1003853922689975
12	0.5549271086451897	0.6227392696085926	0.891106656874193
12	0.6331093903619379	0.6144140634021146	1.030427895573067
12	0.6713592884389393	0.6427883403253987	1.0444484542129018
12	0.6704521639954051	0.633880387032567	1.0576950757761165
12	0.6485211865618109	0.6270121000245165	1.0343041012070635
12	0.7097373273847044	0.6677965491335006	1.0628047244413348
12	0.7036612552529731	0.6679633424042354	1.0534429220625317
12	0.6859990685500954	0.6579425677268329	1.0426427809956067
12	0.5525228111323421	0.616247186671855	0.8965928333341904
12	0.7560182965329352	0.6785049636056574	1.1142413645957172
12	0.7131125474003228	0.6593266944201708	1.0815769381633376
12	0.6519530905676447	0.6426780672838365	1.014431834157664
12	0.7118519425526821	0.6417991880786674	1.1091505813270492
12	0.7062167012984762	0.6462554711615008	1.0927825493364232
12	0.6858236701269803	0.6543980314377258	1.0480222084718251
12	0.5968933905168589	0.5512394230109459	1.082820577774617
12	0.6254557828058468	0.6438219657338565	0.9714731961543512
12	0.5938357595021414	0.6074901652380194	0.9775232480833199
12	0.6882617049876935	0.6582792812507051	1.0455466617148013
12	0.666838491030133	0.6447654024322037	1.0342342943877953
12	0.7138273609214503	0.6467026093832582	1.1037953930666942
12	0.7126020714464592	0.6661143681012294	1.0697893718727969
12	0.6459589023878539	0.6580850880344997	0.9815735292181395
13	0.5454384928452183	0.5593931585389571	0.975053921413365
13	0.5164315793236417	0.5186851312429701	0.9956552602270899
13	0.5964590735390997	0.5500338259940485	1.0844043499709297
13	0.5425488555236027	0.5426015918344052	0.9999028084111876
13	0.4805889171990889	0.5177458847878668	0.9282331957037149
13	0.5519242913286363	0.5527399114768993	0.9985244051834729
13	0.6121208275779605	0.5615243729159066	1.0901055361129108
13	0.5915702451140571	0.5461949636269409	1.083075246951761
13	0.6002335317298858	0.5554976775130996	1.0805329275489748
13	0.5060512130087218	0.5009932047528862	1.0100959617971874
13	0.5169499925858272	0.5278196965181983	0.979406407142299
13	0.4355192136134432	0.475466733066562	0.9159825142855442
13	0.4994828959353859	0.5081249342383555	0.9829922963416008
13	0.5506720953490961	0.5364250199129248	1.0265593044830086
13	0.490032858167211	0.5221368915008777	0.9385141447458655
13	0.5298494788688124	0.5400212290474453	0.9811641660892201
13	0.649135506602603	0.5727228386433252	1.1334199770001931
13	0.5609374926921821	0.5514577525775749	1.0171903288516624
13	0.37266443038081853	0.4630973787471933	0.8047215283078886
13	0.5585080559408153	0.5351542563230103	1.0436393793786984
13	0.5596136480250964	0.5499457904870941	1.0175796554955705
13	0.4901233096087555	0.5291457043648988	0.9262539704390504
13	0.5304416146826165	0.5186129288488375	1.022808312665932
13	0.5728110595249797	0.5224570331603702	1.096379267898865
13	0.46945411010722055	0.5091540384811596	0.9220276667305506
13	0.4685543199690575	0.50073727211998	0.9357288663281066
13	0.5989790968351074	0.5633204810622261	1.063300762126812
13	0.5638488853209057	0.5474389564131767	1.0299758150483973
13	0.5726469161806751	0.5522477939294843	1.0369383499136178
13	0.6135396603936659	0.554430661176308	1.1066120677596532
13	0.4898695596447799	0.4983179086422288	0.9830462665480593
13	0.5211331531733037	0.5046277753748311	1.032708024813364
13	0.48816165759513935	0.5315310451244047	0.9184066708293308
13	0.5296540203752418	0.5321878385412963	0.9952388649597864
13	0.5371643044269169	0.5354434341613704	1.0032139160847902
13	0.5591361543177814	0.5479084858806447	1.0204918681248214
13	0.5232894941855392	0.5227514165429432	1.0010293183826346
13	0.4821475932052741	0.5147553566480538	0.936653862807543
13	0.5147196435056189	0.5313249497251934	0.9687473621779612
13	0.4954782050180085	0.5107949881765329	0.9700138342915164
13	0.568643401020722	0.546348940730917	1.0408062661565318
13	0.566770597781105	0.5308194378872837	1.0677276627941708
13	0.6082102913826744	0.5676062787756058	1.0715355240513833
13	0.4829782904925474	0.5307321089778855	0.9100227446624529
13	0.5681557128804425	0.544483713969515	1.0434760458459789
13	0.5822361602331315	0.5468012496157671	1.0648040044573128
13	0.5647352940738273	0.5525193631300542	1.022109507392771
13	0.5806564244648598	0.5508424723989394	1.0541242797347843
13	0.442527285761949	0.49071172232300125	0.9018070399195889
13	0.6148965004353637	0.562667898372462	1.0928231417039693
13	0.4361450743692112	0.5060749868893692	0.8618190696402762
13	0.528568601488994	0.521908790602228	1.0127604880521006
13	0.5787422169000314	0.5325189393529348	1.086801189837985
13	0.5567088418027477	0.5336547982384342	1.0432002928492607
13	0.5892962980092574	0.5479687032925474	1.0754196260997888
13	0.6185823195456092	0.569938226617772	1.0853497636340512
13	0.5842190712486929	0.554968962306044	1.0527058465055539
13	0.5678936919058806	0.5474770905554522	1.0372921565169317
13	0.4494138488257602	0.5124365380963405	0.8770136698200632
13	0.6443777816834628	0.5700452107137979	1.130397676487076
13	0.5979809028926416	0.552246540072824	1.0828151187942012
13	0.5376801784325214	0.5362546227767673	1.002658355928705
13	0.6056826025672047	0.5333485273633329	1.1356225272833569
13	0.5917173484832275	0.5487440653116679	1.0783120691194215
13	0.5455849802325311	0.534137146535295	1.0214323863664847
13	0.4956393776815469	0.45861071469543047	1.0807409460782174
13	0.5206147586528873	0.5399363810761688	0.9642150018030443
13	0.5195620162992403	0.5199184175799759	0.9993145053749114
13	0.5532148164712817	0.5440662255862104	1.0168152156021337
13	0.5510989759495767	0.540606178972696	1.0194093175124634
13	0.6245485435994469	0.553286640499434	1.1287974403930792
13	0.6007591830426287	0.5494743554190783	1.0933343423906217
13	0.5613747705780154	0.555019385243672	1.0114507447907486
14	0.5454384928452183	0.5593931585389571	0.975053921413365
14	0.5164315793236417	0.5186851312429701	0.9956552602270899
14	0.5964590735390997	0.5500338259940485	1.0844043499709297
14	0.5425488555236027	0.5426015918344052	0.9999028084111876
14	0.4805889171990889	0.5177458847878668	0.9282331957037149
14	0.5519242913286363	0.5527399114768993	0.9985244051834729
14	0.6121208275779605	0.5615243729159066	1.0901055361129108
14	0.5915702451140571	0.5461949636269409	1.083075246951761
14	0.6002335317298858	0.5554976775130996	1.0805329275489748
14	0.5060512130087218	0.5009932047528862	1.0100959617971874
14	0.5169499925858272	0.5278196965181983	0.979406407142299
14	0.4355192136134432	0.475466733066562	0.9159825142855442
14	0.4994828959353859	0.5081249342383555	0.9829922963416008
14	0.5506720953490961	0.5364250199129248	1.0265593044830086
14	0.490032858167211	0.5221368915008777	0.9385141447458655
14	0.5298494788688124	0.5400212290474453	0.9811641660892201
14	0.649135506602603	0.5727228386433252	1.1334199770001931
14	0.5609374926921821	0.5514577525775749	1.0171903288516624
14	0.37266443038081853	0.4630973787471933	0.8047215283078886
14	0.5585080559408153	0.5351542563230103	1.0436393793786984
14	0.5596136480250964	0.5499457904870941	1.0175796554955705
14	0.4901233096087555	0.5291457043648988	0.9262539704390504
14	0.5304416146826165	0.5186129288488375	1.022808312665932
14	0.5728110595249797	0.5224570331603702	1.096379267898865
14	0.46945411010722055	0.5091540384811596	0.9220276667305506
14	0.4685543199690575	0.50073727211998	0.9357288663281066
14	0.5989790968351074	0.5633204810622261	1.063300762126812
14	0.5638488853209057	0.5474389564131767	1.0299758150483973
14	0.5726469161806751	0.5522477939294843	1.0369383499136178
14	0.6135396603936659	0.554430661176308	1.1066120677596532
14	0.4898695596447799	0.4983179086422288	0.9830462665480593
14	0.5211331531733037	0.5046277753748311	1.032708024813364
14	0.48816165759513935	0.5315310451244047	0.9184066708293308
14	0.5296540203752418	0.5321878385412963	0.9952388649597864
14	0.5371643044269169	0.5354434341613704	1.0032139160847902
14	0.5591361543177814	0.5479084858806447	1.0204918681248214
14	0.5232894941855392	0.5227514165429432	1.0010293183826346
14	0.4821475932052741	0.5147553566480538	0.936653862807543
14	0.5147196435056189	0.5313249497251934	0.9687473621779612
14	0.4954782050180085	0.5107949881765329	0.9700138342915164
14	0.568643401020722	0.546348940730917	1.0408062661565318
14	0.566770597781105	0.5308194378872837	1.0677276627941708
14	0.6082102913826744	0.5676062787756058	1.0715355240513833
14	0.4829782904925474	0.5307321089778855	0.9100227446624529
14	0.5681557128804425	0.544483713969515	1.0434760458459789
14	0.5822361602331315	0.5468012496157671	1.0648040044573128
14	0.5647352940738273	0.5525193631300542	1.022109507392771
14	0.5806564244648598	0.5508424723989394	1.0541242797347843
14	0.442527285761949	0.49071172232300125	0.9018070399195889
14	0.6148965004353637	0.562667898372462	1.0928231417039693
14	0.4361450743692112	0.5060749868893692	0.8618190696402762
14	0.528568601488994	0.521908790602228	1.0127604880521006
14	0.5787422169000314	0.5325189393529348	1.086801189837985
14	0.5567088418027477	0.5336547982384342	1.0432002928492607
14	0.5892962980092574	0.5479687032925474	1.0754196260997888
14	0.6185823195456092	0.569938226617772	1.0853497636340512
14	0.5842190712486929	0.554968962306044	1.0527058465055539
14	0.5678936919058806	0.5474770905554522	1.0372921565169317
14	0.4494138488257602	0.5124365380963405	0.8770136698200632
14	0.6443777816834628	0.5700452107137979	1.130397676487076
14	0.5979809028926416	0.552246540072824	1.0828151187942012
14	0.5376801784325214	0.5362546227767673	1.002658355928705
14	0.6056826025672047	0.5333485273633329	1.1356225272833569
14	0.5917173484832275	0.5487440653116679	1.0783120691194215
14	0.5455849802325311	0.534137146535295	1.0214323863664847
14	0.4956393776815469	0.45861071469543047	1.0807409460782174
14	0.5206147586528873	0.5399363810761688	0.9642150018030443
14	0.5195620162992403	0.5199184175799759	0.9993145053749114
14	0.5532148164712817	0.5440662255862104	1.0168152156021337
14	0.5510989759495767	0.540606178972696	1.0194093175124634
14	0.6245485435994469	0.553286640499434	1.1287974403930792
14	0.6007591830426287	0.5494743554190783	1.0933343423906217
14	0.5613747705780154	0.555019385243672	1.0114507447907486
15	0.5051956646418941	0.5213737285662441	0.9689703123921511
15	0.5283501727625562	0.5147912019637808	1.0263387772499837
15	0.5439109561103966	0.5172545928584683	1.0515343191147306
15	0.513039646528279	0.5129597305784142	1.0001557938081704
15	0.49969448666333394	0.5076249218933354	0.9843773721738827
15	0.514723372450698	0.5191986257479533	0.9913804600487756
15	0.5396188557008681	0.5256784551393073	1.0265188737055364
15	0.5323091763956127	0.5059644578062125	1.0520683186001385
15	0.5378346813728783	0.5195738956200531	1.0351456951682165
15	0.4600787228659206	0.47649708509743444	0.9655436250398959
15	0.49991290299472513	0.509165880969837	0.9818271837903059
15	0.45254246746283444	0.4730831281014741	0.9565812868426079
15	0.4670046520784016	0.482601440635359	0.9676818441809378
15	0.5295383279180534	0.5214557244898105	1.0155000761304345
15	0.44789556185257956	0.4946136642895531	0.905546276195022
15	0.5191888425137848	0.5170315467218294	1.004172464534579
15	0.5948109306352155	0.5371597296408291	1.1073259922759562
15	0.5399987869268127	0.5225044080151606	1.03348178243722
15	0.4504884390248809	0.4853559875034091	0.9281608770134245
15	0.5424882320785277	0.519148325873477	1.0449580689021405
15	0.5230839913598764	0.5241542731937417	0.9979580785875426
15	0.483282639788984	0.5111596972003243	0.9454631154137819
15	0.4853780404541549	0.49410911915994044	0.9823296547923874
15	0.5037915894873431	0.4894247984591907	1.0293544403009043
15	0.4989835030882757	0.5081985872270303	0.9818671590784296
15	0.4419660639628676	0.4752575000824675	0.9299507401486077
15	0.5622870526123892	0.5329213647150877	1.0551032288093782
15	0.5390493210667631	0.5206861726781244	1.0352672096018771
15	0.5342837359368192	0.5205200164434154	1.0264422482490643
15	0.5695140198704869	0.5280755427128864	1.0784707372447477
15	0.5150417160078948	0.5032423335138336	1.0234467208107738
15	0.49949158769680274	0.48811700984902706	1.0233029737097132
15	0.4848069973024618	0.5048558450117526	0.9602879754540148
15	0.4974710047044894	0.5027972171551691	0.9894068378484363
15	0.4819808922276287	0.4978850619850137	0.968056543624794
15	0.5274056001195468	0.5188458236384502	1.016497726475026
15	0.4955845129143304	0.5022179854571951	0.9867916467849596
15	0.47064076478842876	0.48794311201076124	0.9645402367685213
15	0.4811710759148831	0.4914616474191712	0.9790612928631821
15	0.454703674095066	0.48069713560207017	0.9459254911630636
15	0.5407138944692821	0.5153937350426782	1.0491277982346976
15	0.5139431052590377	0.49745709455840587	1.0331405680629935
15	0.5484792456390938	0.5277115007370344	1.0393543534166942
15	0.46975208057226125	0.5037347928003908	0.9325384851040149
15	0.5220107950994732	0.5079871147219904	1.0276063702622804
15	0.5393304851971419	0.5197237695947647	1.0377252624363607
15	0.5424160141342972	0.5247109466003403	1.0337425160436806
15	0.5042871176625261	0.50366265527387	1.001239842545635
15	0.4305467227484968	0.48615368433277956	0.8856185536049154
15	0.540257975416798	0.5149986086706202	1.0490474465773423
15	0.40970653538287993	0.4722149364214793	0.8676272260418145
15	0.5138811674285317	0.5103076512550713	1.0070026701827253
15	0.5530719977406152	0.5161291939682066	1.0715766598831151
15	0.5108547301535813	0.5025788002826517	1.0164669298949243
15	0.5432986215052087	0.5180038171527979	1.0488313087950654
15	0.5514923962627598	0.529020955050468	1.0424774122797236
15	0.5551828838932458	0.525629779148616	1.0562241827175358
15	0.525667704208689	0.5116218473909018	1.0274535907514826
15	0.4973177149809937	0.510657427997107	0.9738773739795892
15	0.5739842965008622	0.5342307608037796	1.074412666985464
15	0.5492118643283405	0.5168501689509205	1.0626133013424495
15	0.5063447284888422	0.510157108569623	0.9925270470277872
15	0.5757511707014836	0.5169448463461036	1.1137574438956843
15	0.5392264093862345	0.514119440122273	1.0488348957549443
15	0.4719276903444445	0.48612231337891015	0.9708003055119965
15	0.45786257334545455	0.45305165304206285	1.0106189223040867
15	0.515666649089903	0.5216251652113196	0.9885770156065942
15	0.4999828061391261	0.5032511873838836	0.9935054673954213
15	0.5190793055675128	0.509978750977464	1.01784496819251
15	0.5288848022079994	0.5147853042976925	1.0273890839396482
15	0.5842443111319455	0.5275281635909147	1.107513022916086
15	0.5270677839529964	0.5050416754196241	1.0436124573582397
15	0.5295764788691923	0.5234229115212646	1.0117563966201693
16	0.10250721735841316	0.10098868552193709	1.0150366531520625
16	0.10051215566451757	0.09301382231728937	1.0806152586832722
16	0.11621954880508335	0.10346619273076063	1.123261093674428
16	0.08557503652617239	0.09030137843321359	0.9476603570283617
16	0.08230054066187263	0.09191261700508875	0.8954215791431122
16	0.08529254060198004	0.09394538283320247	0.9078949707769531
16	0.15171131690095202	0.11595109356905176	1.3084078142877036
16	0.10002047324222187	0.09041809454732859	1.1061997462229973
16	0.12335334761303636	0.10299354707182792	1.1976803510516
16	0.0864420478068809	0.08818666883523668	0.9802167260494289
16	0.10039060268210205	0.09212635106095891	1.089705621963414
16	0.059740360164768844	0.07928508174417945	0.7534880314247082
16	0.11121166081905536	0.0991402398897322	1.1217610623370438
16	0.09193248458734532	0.0954488217650504	0.9631599729291512
16	0.0768393689299411	0.08901569126822956	0.8632115061422403
16	0.10237982441050984	0.09972408952999452	1.0266308260424533
16	0.13594272466402701	0.10866230066102889	1.2510569336102977
16	0.10998379634451898	0.10406532024820349	1.0568727034347225
16	0.07372424854644272	0.09317396795739682	0.7912537177782601
16	0.12725789739827348	0.10167778102169478	1.2515801989337347
16	0.09548046113896483	0.0989154433625487	0.9652735497429471
16	0.09012527243365112	0.0986441400397144	0.9136404088207007
16	0.11118751977479979	0.09994459584238363	1.1124915643277669
16	0.09201648140293102	0.088079030033113	1.0447036186517693
16	0.09437003338086163	0.09350405537089283	1.0092613952040241
16	0.07692566497926202	0.08466188170472819	0.9086221972664457
16	0.11943663838111034	0.10338244344214145	1.1552893741378216
16	0.09504120892551947	0.1021959970736326	0.9299895460390872
16	0.09162337562000382	0.09327237101963318	0.9823206445638414
16	0.1260153668330258	0.1047330729045573	1.203205094038088
16	0.08727485575852861	0.09397064603794758	0.9287459375695358
16	0.08696789505976095	0.08906894076550038	0.9764110172672756
16	0.07475914167885095	0.09588892343722143	0.7796431433271418
16	0.12832561124828176	0.1077113972565417	1.1913837766178275
16	0.08651744831909339	0.0927723318816721	0.9325781357899185
16	0.09268560070094754	0.09454129123213806	0.9803716396612986
16	0.08630579917824989	0.09397926682622702	0.9183493561173891
16	0.10455741766239442	0.10148704673343423	1.030253820835134
16	0.06909639749980469	0.08181966686958028	0.8444961968611244
16	0.08865041425644173	0.08769476046397402	1.0108975015999992
16	0.08882994563481345	0.09440647772693252	0.9409306201609492
16	0.10334048410981846	0.09201709631464065	1.1230574344191315
16	0.12798363901398976	0.11069235137388786	1.1562103200942653
16	0.0944176625960102	0.09599748290281704	0.9835431069749384
16	0.0963362222701818	0.10050047874671368	0.9585648095565112
16	0.12294218441783598	0.10535136841510587	1.1669728288048307
16	0.11537017612107141	0.1058035175253892	1.0904190977713621
16	0.09956198187482537	0.09034306117324528	1.1020434838255209
16	0.06781999576698636	0.0862607008562638	0.7862212466832933
16	0.09020871967713902	0.09539973077193095	0.9455867322392982
16	0.07869869198992539	0.09102435482192694	0.8645893963641431
16	0.09146957261269567	0.09480065350293426	0.9648622581474559
16	0.11185612988527469	0.10448448445133102	1.070552536796766
16	0.10187049549491724	0.09066730950598777	1.1235636752647833
16	0.1153833687350445	0.10195769372127743	1.1316788809530054
16	0.12042714819605127	0.10839061731499396	1.1110477196202135
16	0.1409791229626024	0.11091344658936636	1.2710733215653092
16	0.10871322160459382	0.09808840707604465	1.1083187590182
16	0.08325427221528293	0.09586118146261503	0.8684878586412095
16	0.10345775355520274	0.10126174582183979	1.0216864494636169
16	0.0962208605403314	0.09541039857933332	1.008494482499454
16	0.0812466268028175	0.08778134223937456	0.9255568977432894
16	0.10236382873209872	0.09021309094856449	1.1346892968168227
16	0.1131611297363268	0.09715835727134611	1.1647081415784726
16	0.11956560456106363	0.10990357113787406	1.0879137349510557
16	0.08695777108117006	0.06366451449602997	1.3658750368165082
16	0.11326313565422003	0.10450205647751858	1.0838364284112074
16	0.08589257464090849	0.09158771960875306	0.9378175917887983
16	0.10428866804628716	0.09640728493710819	1.0817509082878998
16	0.08291865804214373	0.09109461284223692	0.910247658505857
16	0.11793392564198908	0.097334814766907	1.2116314796962617
16	0.10853802001403112	0.09864315347241077	1.1003097142914011
16	0.09954486469785052	0.09727790283227077	1.023303975513211
17	0.6983933644009255	0.706023842100224	0.9891923229156115
17	0.7119192796134669	0.7105091591512799	1.0019846619062187
17	0.725798389986599	0.7150987450605105	1.014962471966278
17	0.7122553775003228	0.7107778214338456	1.002078787522515
17	0.6974895281350483	0.704136832563385	0.9905596410797921
17	0.7129429225498117	0.711392983843528	1.0021787376899751
17	0.7359755452445853	0.7209829490267174	1.0207946612858279
17	0.709195644088662	0.7088951376875313	1.0004239081144088
17	0.7059121974143178	0.7062858998880386	0.9994708906495513
17	0.7216832800259823	0.7141137982420915	1.010599825689581
17	0.7209338341988576	0.716291090168851	1.0064816442557065
17	0.6966666672201842	0.7053422951122335	0.9877001167345725
17	0.7079813632803996	0.7065186217970424	1.0020703509266844
17	0.7204726098779366	0.7159942998702764	1.0062546727096453
17	0.6898429614706321	0.7009396719144174	0.984168808117997
17	0.694379485602834	0.7031899013347528	0.9874707874569937
17	0.7301312314615492	0.7116286250010369	1.026000368465343
17	0.7179309765649464	0.7133675045901946	1.0063970841752505
17	0.6955160701044089	0.7067837052318294	0.9840578736549611
17	0.7182175774283646	0.7089845749590387	1.013022853804484
17	0.7102324930063202	0.7115667032203087	0.9981249681752248
17	0.7164495038415098	0.7149349821168967	1.0021184048374983
17	0.7159952085473555	0.7115785615533304	1.0062068297622455
17	0.6956414499626805	0.6958630072821158	0.9996816078493659
17	0.6944037619706991	0.7059902814237562	0.9835882734395567
17	0.6904594013688579	0.6975408921664653	0.9898479202049169
17	0.7199375743907876	0.7140095094296062	1.0083025014133455
17	0.6996129993988857	0.7015362308953773	0.9972585428780535
17	0.7085128071210984	0.7076116668522283	1.0012734954934799
17	0.710445019731539	0.7083081172633252	1.0030169108840232
17	0.7136419747186079	0.7093758014817912	1.0060139819090321
17	0.7270617766360229	0.7077429228137488	1.027296428123179
17	0.6947657068337415	0.7021049010540671	0.9895468694075382
17	0.7292037362813218	0.7179472261751718	1.0156787430827172
17	0.7197385252178955	0.711458806909962	1.0116376636672675
17	0.7173708053704522	0.7144465460411397	1.0040930414535787
17	0.700167635725973	0.7048125078282943	0.9934097762869826
17	0.7167461622350273	0.7127384288285382	1.0056230073255292
17	0.7140862997146717	0.709903578772012	1.0058919564117355
17	0.714905962948123	0.7111336089597661	1.0053047049679948
17	0.7321626539208518	0.7169903842133262	1.0211610504709523
17	0.7157626077315804	0.7080537053713513	1.010887454301487
17	0.7103011197659275	0.7083859365415929	1.0027035873039556
17	0.7146168698053483	0.71173368304222	1.0040509348255158
17	0.6938585891007532	0.7026678460795514	0.9874631278093222
17	0.7127003620529184	0.7109696976056427	1.0024342309568244
17	0.7147716955227049	0.7110695812978586	1.0052064021893456
17	0.723369068276381	0.7116751831910115	1.0164314920086668
17	0.7008194954722691	0.7049334576368496	0.994164041839677
17	0.6970638418344403	0.7011998621040604	0.9941015101497462
17	0.6843541650101119	0.6977586112734785	0.9807892786319009
17	0.6959933818423866	0.7068153649344315	0.9846890947354422
17	0.7247294594743607	0.7154850438949542	1.0129204875186235
17	0.7070770399996894	0.7059615026664862	1.0015801673731355
17	0.7242312110351089	0.7125123360463756	1.0164472590801157
17	0.7074490469973194	0.7078876678358045	0.9993803807321209
17	0.7210892544896826	0.7134831358449469	1.0106605443949674
17	0.7223569102684557	0.7156298469716932	1.0094001994539903
17	0.6956215539938263	0.7056706632358078	0.9857594912676375
17	0.7029512040795052	0.7046598681324555	0.9975751931815292
17	0.710989378892662	0.7062179311019774	1.0067563390570375
17	0.7011269235943981	0.7058450511653387	0.993315632711243
17	0.7095943687848557	0.7046712759216492	1.006986368015026
17	0.7287322386944894	0.7183880609050294	1.0143991504764547
17	0.7137612151310035	0.7124592502372825	1.0018274236642832
17	0.6954789863749317	0.6954193409576566	1.00008576899399
17	0.6959562345391869	0.7032471803972214	0.9896324563236552
17	0.7003960734055472	0.7055583211079933	0.9926834571317372
17	0.7157989137007869	0.7131630117018866	1.003696072224231
17	0.6774071921734426	0.6944495442647868	0.9754591932098006
17	0.7357789535132414	0.7182301225274882	1.0244334377455486
17	0.7142436900564888	0.7096996316360139	1.0064027910089228
17	0.7142701525609688	0.7109389856643813	1.0046855876014094
18	0.029248059789052313	0.022206228429931817	1.3171106422389494
18	0.024875510625629538	0.021019225390742465	1.1834646692825086
18	0.024860337358401364	0.02394326296536402	1.0383019805764975
18	0.03628918152962652	0.023884773401785228	1.5193437642960492
18	0.03241692460293151	0.02083283423786012	1.5560496585730657
18	0.035206660791781356	0.024192505276378704	1.4552713904399455
18	0.026005580958813602	0.02085670506162008	1.2468690947098993
18	0.017757351216767876	0.02062085924867118	0.8611353679605844
18	0.007682748232987352	0.01800169644312796	0.4267791236931004
18	0.014665729494319048	0.02004803397724525	0.7315295610015835
18	0.02367474367177	0.023027857084850736	1.0280914800077001
18	0.02745273349111675	0.022601089242830764	1.2146641781800391
18	0.023209672203356096	0.02135864849030359	1.0866638970107512
18	0.024143180268073237	0.023098381694126643	1.0452325443306818
18	0.026070539271099254	0.023889817421040356	1.0912824828932466
18	0.017680269521701784	0.021014575742832078	0.8413336409007638
18	0.022295509166051893	0.02064855486777843	1.0797612379568264
18	0.023055017758222288	0.022846922245160845	1.0091082514672416
18	0.01659247761887488	0.021873529712381948	0.7585642480684028
18	0.0354541229308942	0.025510057457946118	1.3898096070281727
18	0.015347423768036262	0.020157684927624663	0.7613683725656272
18	0.03427717142775081	0.023373899554616655	1.4664720941260576
18	0.019563179241761926	0.022852600683638865	0.8560592079906261
18	0.036827293128503046	0.022885126953184707	1.6092238947959228
18	0.008312271096998869	0.020427457587830655	0.40691657594975383
18	0.018436504180386296	0.022980639349758178	0.8022624566613853
18	0.030994319017664175	0.022484192414585515	1.3784937633587468
18	0.024559015953983968	0.02329138006056624	1.0544251087793597
18	0.018033863266701367	0.021514546352188926	0.8382172215714216
18	0.02559148922537475	0.021024990703037195	1.2171938426435496
18	0.028840519645052288	0.02382593165975401	1.2104676558679448
18	0.028334610102513876	0.022500472653032937	1.2592895509105908
18	0.016244899578586297	0.020340770019231912	0.7986373949082052
18	0.016880589207404095	0.020251659303879257	0.8335410424453751
18	0.010600406957836782	0.02101454134673566	0.5044319922539456
18	0.02310032519988885	0.021459858688175258	1.076443490870586
18	0.028775479927911886	0.02129535299632446	1.351256301451236
18	0.01427370924573868	0.022730499825336235	0.6279540421644706
18	0.03180057067736657	0.023768696488866224	1.3379181602265253
18	0.019031767241818168	0.02371729152131762	0.8024426914309334
18	0.03002963423912739	0.02395487023091375	1.2535920232360165
18	0.022939777232990708	0.02219458388166964	1.0335754594586708
18	0.02222040542345419	0.022581320123971297	0.9840171124391449
18	0.018508054112695783	0.020271211375251237	0.9130216132663852
18	0.024413530397607647	0.023245269882256305	1.050257988884143
18	0.019029441327589467	0.022322762533198648	0.8524680267188562
18	0.016007177369412217	0.020113027759871747	0.7958611483323627
18	0.006240385490666984	0.023387487742992777	0.26682581554902973
18	0.01776519037328177	0.023142644729856218	0.7676387284450243
18	0.02141844356117522	0.023470803697596136	0.9125568871494965
18	0.01814929699392651	0.023144232564355438	0.7841822770947412
18	0.018913345134642486	0.021621769553731806	0.8747362276543245
18	0.020628909825649397	0.022907853528646407	0.9005169253353581
18	0.01292797702721755	0.01996978501561691	0.6473768754699925
18	0.018978797272355515	0.02316561523369081	0.8192658421069596
18	0.023960067611473165	0.021879965962956965	1.0950687789934332
18	0.03138552575630937	0.0214305355833736	1.4645236295755073
18	0.027891963082184192	0.023693184442136826	1.1772146184191308
18	0.035194926593403376	0.023596945444364064	1.491503494652923
18	0.031882994601957884	0.021606592291311368	1.4756142094086235
18	0.025861806306391386	0.01721883516791865	1.501948654144499
18	0.021992019827476835	0.023288080521452013	0.9443466071503274
18	0.009210280906773623	0.022562918971337765	0.4082043160494292
18	0.027093830791036194	0.023178488478116717	1.1689213822815079
18	0.019450288234086902	0.020988054700430348	0.9267313484602309
18	0.019106449627174175	0.022743669897048697	0.8400776881506489
18	0.022661334806691347	0.023474892826540226	0.9653434831051034
18	0.025306675215978295	0.02210213387729342	1.1449878711474575
18	0.026882812635705675	0.021244825665977306	1.2653816537905211
18	0.016191431174479822	0.02095612595560807	0.7726347517083343
18	0.014251678826484848	0.022428399629077445	0.6354300379064125
18	0.028896156667756117	0.020353807563067063	1.4196929286188962
18	0.032123049569641106	0.023900281490568512	1.3440448214937322
