0	1.0	0.999990397723597	1.0000096023686076
0	1.0	0.9999945461442663	1.0000054538854783
0	1.0	0.9999905350952194	1.0000094649943658
0	1.0	0.9999905350952194	1.0000094649943658
0	1.0	0.9999905350952194	1.0000094649943658
0	0.9997357878090597	0.9998611882448749	0.9998745821547136
0	1.0	0.9999899605941704	1.0000100395066203
0	1.0	0.9999902563056824	1.000009743789258
0	1.0	0.9999902563056824	1.000009743789258
0	1.0	0.9999910345448308	1.0000089655355493
0	1.0	0.9999901106600274	1.0000098894377727
0	1.0	0.999990397723597	1.0000096023686076
0	1.0	0.999990397723597	1.0000096023686076
0	1.0	0.999990397723597	1.0000096023686076
0	1.0	0.9999905350952194	1.0000094649943658
0	1.0	0.9999905350952194	1.0000094649943658
0	1.0	1.0	1.0
0	1.0	0.9999901106600274	1.0000098894377727
0	1.0	0.9999902563056824	1.000009743789258
0	1.0	0.9999905350952194	1.0000094649943658
0	1.0	0.9999898059037879	1.0000101942001327
0	0.9989410185026011	0.999468920132245	0.9994718178634568
0	1.0	0.9999901106600274	1.0000098894377727
0	1.0	0.9999905350952194	1.0000094649943658
0	1.0	0.9999902563056824	1.000009743789258
0	1.0	0.999990397723597	1.0000096023686076
0	1.0	0.9999902563056824	1.000009743789258
0	1.0	0.9999902563056824	1.000009743789258
0	1.0	0.9999901106600274	1.0000098894377727
0	1.0	0.9999905350952194	1.0000094649943658
0	1.0	0.9999902563056824	1.000009743789258
0	1.0	1.0	1.0
0	1.0	0.9999905350952194	1.0000094649943658
0	1.0	0.999990397723597	1.0000096023686076
0	1.0	0.9999905350952194	1.0000094649943658
0	1.0	0.9999905350952194	1.0000094649943658
0	1.0	0.9999905350952194	1.0000094649943658
0	1.0	0.9999905350952194	1.0000094649943658
0	1.0	0.9999905350952194	1.0000094649943658
0	1.0	0.9999905350952194	1.0000094649943658
0	1.0	0.9999905350952194	1.0000094649943658
0	1.0	0.999990397723597	1.0000096023686076
0	1.0	0.999990397723597	1.0000096023686076
0	1.0	0.999990397723597	1.0000096023686076
0	1.0	0.9999944621095092	1.0000055379211592
0	1.0	0.9999944621095092	1.0000055379211592
0	1.0	0.9999902563056824	1.000009743789258
0	1.0	0.9999902563056824	1.000009743789258
0	1.0	0.9999902563056824	1.000009743789258
0	1.0	0.9999905350952194	1.0000094649943658
0	1.0	0.9999905350952194	1.0000094649943658
0	1.0	0.9999899605941704	1.0000100395066203
0	1.0	0.9999902563056824	1.000009743789258
0	1.0	0.9999901106600274	1.0000098894377727
0	1.0	0.9999902563056824	1.000009743789258
0	1.0	0.9999902563056824	1.000009743789258
0	1.0	0.9999905350952194	1.0000094649943658
0	1.0	0.999990397723597	1.0000096023686076
0	1.0	0.999990397723597	1.0000096023686076
0	1.0	0.9999898059037879	1.0000101942001327
0	1.0	0.9999898059037879	1.0000101942001327
0	1.0	0.9999905350952194	1.0000094649943658
0	1.0	0.9999909005320481	1.000009099550753
0	1.0	0.999990397723597	1.0000096023686076
0	1.0	0.9999909005320481	1.000009099550753
0	1.0	0.9999905350952194	1.0000094649943658
0	1.0	0.9999901106600274	1.0000098894377727
0	1.0	0.9999901106600274	1.0000098894377727
0	1.0	0.9999909005320481	1.000009099550753
0	1.0	0.9999902563056824	1.000009743789258
0	1.0	0.999990397723597	1.0000096023686076
0	1.0	0.9999905350952194	1.0000094649943658
0	1.0	0.999990811154942	1.0000091889294935
1	0.7252580897735877	0.7924934949353826	0.9151596756421616
1	0.8222811249155861	0.831372012186343	0.9890651992880424
1	0.948415116305812	0.8670453295145972	1.0938472119292406
1	0.9290683719124592	0.8673259848516333	1.0711870601586873
1	0.7844512534127256	0.8122316247709512	0.9657974763466521
1	0.864005609105165	0.8417140139347555	1.0264835737570805
1	0.883986521699883	0.8329940946258207	1.0612158326248013
1	0.6657606891883613	0.643272980341007	1.0349582673835194
1	0.780974211337095	0.8041952485089338	0.9711251251298821
1	0.930535634383568	0.8646043377706254	1.0762560326529773
1	0.9218525499336525	0.8595751090707047	1.0724514242045429
1	0.8361596641306641	0.8280073212860704	1.0098457376342174
1	0.8939025884327835	0.8586560933182151	1.0410484423145019
1	0.9502772606233266	0.8805083059417659	1.0792371340630773
1	0.7750366101176428	0.7857342543302859	0.9863851624723157
1	0.8862622899909128	0.8441833183143168	1.0498457749208077
1	0.8555293378468716	0.7663368804578433	1.1163880529092385
1	0.9509888014280549	0.8671780174989167	1.0966477265773666
1	0.8477577471622175	0.8391377074356132	1.0102724971720636
1	0.8689236276183518	0.8130499357426373	1.0687211073015825
1	0.7625797730741537	0.8180232776377667	0.9322225832940609
1	0.8876575796943397	0.8518378062339526	1.0420499926139102
1	0.7510725187927935	0.7836089640124209	0.9584787225339708
1	0.7806882956436503	0.8077334839800745	0.9665171880665884
1	0.8788911030050878	0.8483216179581979	1.0360352540826046
1	0.8777787851295571	0.8543668118173843	1.0274027185845054
1	0.891218566992817	0.8494558651905615	1.0491640631534007
1	0.7941333653583267	0.7992714641039101	0.9935715223471115
1	0.8522318780503184	0.834603442737716	1.0211219297811385
1	0.9237552498778118	0.8671464228111319	1.065281739712613
1	0.9272114989892363	0.8712253162309482	1.064261427802044
1	0.8864937658366995	0.8720778384251416	1.0165305512608727
1	0.8178580461697028	0.8236188483600976	0.9930054998111504
1	0.9109863781900513	0.8688036197662883	1.0485526964483762
1	0.8784313481203893	0.8398844057071795	1.045895532946291
1	0.8477615925135022	0.8380900253769573	1.011540009836288
1	0.927519438668931	0.8584082401064687	1.0805108750515844
1	0.7076341421485275	0.7971978003520548	0.8876518999877137
1	0.8718093799139025	0.8516712172303214	1.0236454658513312
1	0.8878108445198548	0.8425804720736734	1.0536807746503607
1	0.8460762746676287	0.8264575891076159	1.0237382847209333
1	0.9390779630024896	0.8727400720299894	1.0760110519712915
1	0.8692586488302442	0.841355055520977	1.0331650628663411
1	0.7457400704847488	0.7892375437667128	0.9448867155072627
1	0.8890956713377044	0.8330276113860049	1.067306364381383
1	0.8982522244444446	0.8401804174259788	1.069118258190756
1	0.8419685532558552	0.8391768832319494	1.0033266765084783
1	0.9056162171777545	0.863600501829542	1.0486517958931265
1	0.9100412137208164	0.8572129588190113	1.0616279237945574
1	0.907136705658237	0.8594073471930498	1.055537526670069
1	0.8853587535494769	0.8607032301650078	1.0286457893038723
1	0.873678372550992	0.849493451656384	1.0284698143905064
1	0.8908693543401311	0.8346391767847301	1.0673706424517668
1	0.8786046347321972	0.8457798875577488	1.038810035160841
1	0.8955854482333145	0.8492703559278869	1.0545351571288806
1	0.8896578635122787	0.8479345151873372	1.049205861511279
1	0.8752570322815028	0.7927609305774633	1.1040617650568976
1	0.7639653658735215	0.7791779970871777	0.9804760513380434
1	0.7965392110758226	0.8375598967576258	0.9510235795187866
1	0.8497089752654522	0.8094142026560212	1.0497826359819327
1	0.8935207042980393	0.8478114141119448	1.0539144548248074
1	0.7874060610314068	0.7946866685393038	0.9908383922920472
1	0.7790609844907334	0.8064487468677909	0.966039053959188
1	0.7029511203533719	0.7742605773326516	0.9078999253391633
1	0.8800398609615194	0.8280206443783146	1.0628235744318444
1	0.8910009048442	0.853960564336074	1.0433747670033495
1	0.7653604281897654	0.7734019868776751	0.9896023557938161
1	0.8563630446685984	0.8265418146094031	1.0360795177353341
1	0.6655311092282683	0.7830456607688165	0.8499263102675658
1	0.8649891644408142	0.84208558731496	1.0271986333347465
1	0.9139411469656001	0.8377563349565733	1.0909391058355602
1	0.8992110611557281	0.8645548340026337	1.0400856322700163
1	0.7803385019218421	0.8122377621436778	0.9607266964076547
2	0.7031747610366366	0.7118200654631766	0.9878546491648637
2	0.7675876415923364	0.7592170376522646	1.0110253109782104
2	0.856487101773888	0.8064495824281317	1.062046680209194
2	0.8637650821379159	0.8005177971219929	1.0790079686464293
2	0.7044274606818526	0.713530014973835	0.9872429272757136
2	0.6441111345275218	0.739098519748794	0.8714821059937223
2	0.7361176176937814	0.7392010240993201	0.9958287308796742
2	0.7965490330487113	0.7187484921979944	1.1082444578252904
2	0.7827052187632808	0.7469313302542283	1.0478944811390847
2	0.8062735517909735	0.7566040597093441	1.0656479322893275
2	0.5919222041927534	0.6823072400542493	0.8675302993204214
2	0.7725324991301694	0.7646891479528631	1.0102569144577291
2	0.8149729689384183	0.7883236985316664	1.0338049844960755
2	0.8767119886200099	0.798247000876526	1.098296627055691
2	0.720261104741277	0.7578025890147768	0.9504600738797848
2	0.7341204020333124	0.7682233726531319	0.9556080017429804
2	0.8838094104848387	0.8075171441288691	1.094477580953742
2	0.7725188774963705	0.7582325538311109	1.0188416121057786
2	0.7269274047708604	0.7483485898568956	0.9713753919278026
2	0.8588383868985939	0.7549583884238009	1.1375969855658843
2	0.6958277775601254	0.7355471563626055	0.9460002279134644
2	0.7883812042726811	0.7909761878209094	0.9967192646400933
2	0.7871182990103394	0.7790054938165253	1.0104143106283725
2	0.7864677721536323	0.7695410014094386	1.0219959309681899
2	0.7788428874497161	0.7677863318464502	1.0144005632096575
2	0.7162332709815926	0.7504622765851854	0.954389438787857
2	0.7373242424216303	0.7494458609276277	0.9838258917181906
2	0.8099224535602481	0.7922098548030307	1.0223584680875009
2	0.8467044925290689	0.7782694931262132	1.0879322651180385
2	0.7462901162762489	0.7049011265458172	1.0587160215408473
2	0.8771199625844123	0.7968157176894726	1.100781451861665
2	0.8046542461918429	0.8130505317644168	0.9896731073352194
2	0.7552888977780354	0.761614342831209	0.9916946875899691
2	0.7408228065616185	0.7324039832372712	1.011494780909213
2	0.8095858683658611	0.7593819010005703	1.0661116195937004
2	0.8348520666185384	0.7861759154045681	1.0619150882902861
2	0.8297093175313379	0.7725965470724372	1.0739231500261235
2	0.7447000359146717	0.7425570086710748	1.002886010391892
2	0.7298509513041891	0.7696254177929982	0.9483197077834726
2	0.6899489221467651	0.7222473755059937	0.9552806220491962
2	0.8463730522206069	0.7770884289031338	1.0891592523327993
2	0.9265135707276209	0.8160294689851987	1.1353922939570043
2	0.7187307212892406	0.7356681097326335	0.9769768619581071
2	0.7706821708429303	0.7660429573702409	1.0060560748298182
2	0.7143261408142847	0.7139484265737629	1.0005290497555046
2	0.8350607222955431	0.7663619809003237	1.0896426794483096
2	0.8022271944445418	0.783299853620957	1.0241635955069945
2	0.7987283165046271	0.7618139411055435	1.0484558937652328
2	0.5529753227169034	0.6984106006665988	0.791762499293561
2	0.896176700507733	0.7970543052157177	1.1243609057041457
2	0.7780015779553223	0.7825710873120298	0.9941609018902003
2	0.7720033174612607	0.7371115013231396	1.0473358726264468
2	0.8505184806873239	0.7724813550413707	1.101021371113577
2	0.817823041918845	0.7640938056430862	1.0703175917393266
2	0.6567453188903669	0.6814290829352947	0.9637764740850199
2	0.8316088156181475	0.7855834324594616	1.058587517578613
2	0.8473075247578447	0.7910318775635655	1.0711420725137046
2	0.7517937347533635	0.7644058504433835	0.9835007598611334
2	0.6931473541492983	0.7529430212007463	0.9205840742688741
2	0.8027396222987981	0.7873617732829429	1.0195308554944655
2	0.7668923826730645	0.7583258099679218	1.0112966914649852
2	0.7419888098984027	0.7146425823201423	1.0382656005320572
2	0.7436657477365556	0.7017865689929104	1.0596750929613021
2	0.6244979344344391	0.70210405673378	0.8894663525227755
2	0.8017554391358349	0.743857170266928	1.077835196302713
2	0.7656731143324825	0.7461108994836281	1.0262189104359596
2	0.7433649840731716	0.7703524204231361	0.9649674153874392
2	0.830029669770876	0.8031805047030885	1.0334285567323533
2	0.6688613331835431	0.6846393370309817	0.9769542838191833
2	0.5170256539117741	0.6785621294946	0.7619429841993394
2	0.8901227767857298	0.7990209698283601	1.1140167910448453
2	0.8644159556981569	0.810123892036259	1.0670169886305092
2	0.7523711748928923	0.7701065029423071	0.9769702917951552
3	0.7012455404767722	0.7094950682679994	0.9883726777532568
3	0.7664946147560658	0.7575362173371218	1.0118257018132208
3	0.8548572049587524	0.8045278759313294	1.062557594998385
3	0.8616537137985806	0.7982004357563106	1.0794954189446748
3	0.7012883784944851	0.7108785245393968	0.9865094447027705
3	0.6424157742676706	0.7371469733144733	0.8714894010608797
3	0.7348053373449739	0.7373500734445556	0.996548808779941
3	0.7965123479541374	0.7180811133063499	1.1092233637599196
3	0.7803562289423097	0.7443789197891121	1.0483319828070767
3	0.8058100806036785	0.7557240724035612	1.0662755230765908
3	0.5891504825135071	0.6795453304939962	0.8669774569493746
3	0.7706847414390227	0.762763391260756	1.0103850686451714
3	0.8128759298768148	0.7861607778263435	1.0339817920252088
3	0.8737109869755462	0.7957871435157531	1.0979204603828217
3	0.7198542135453357	0.7562862752915822	0.951827683594813
3	0.7319243943935928	0.7660002073206218	0.9555146165740318
3	0.8837441408016672	0.8065299250738877	1.0957363308257977
3	0.7692451652246858	0.7554522470823709	1.0182578292613258
3	0.7253299617092402	0.7462132124898695	0.9720143647538099
3	0.8584678663228309	0.7532836577994855	1.1396342631812997
3	0.6946813108030332	0.7333973805107117	0.9472099700155487
3	0.7849152162077074	0.7885042462514792	0.9954483060036342
3	0.7854922069059839	0.7769971027715489	1.0109332507214415
3	0.7840336932383813	0.7671390615122315	1.022022906372211
3	0.7771351896924762	0.765842202493622	1.0147458408038674
3	0.714351096697418	0.7483961817315782	0.9545092748129882
3	0.736390153257827	0.748200009729645	0.9842156424508931
3	0.8087616339295048	0.7906053775261959	1.0229650049435788
3	0.8450955874942601	0.7759987124121389	1.0890425125414682
3	0.7417340001508457	0.701110077780266	1.0579422884623142
3	0.8753338354091621	0.7946029857407356	1.101598975988202
3	0.8017345789396171	0.8111143320290242	0.9884359667693907
3	0.752473842400115	0.7592292121831011	0.9911023315823667
3	0.7402409884099409	0.731049239603767	1.0125733648408635
3	0.8092076882211455	0.7582967540259945	1.0671385363643608
3	0.8329685176773299	0.7839181270700442	1.0625708079880938
3	0.8268510457899082	0.7698523132336701	1.0740385286585967
3	0.7433721104332514	0.7404069112432455	1.0040048237597172
3	0.7242436874429755	0.7663987896697666	0.9449958653445222
3	0.6860871264348163	0.7192194515334271	0.9539329407346111
3	0.845164683872432	0.7752035306722773	1.090248754594142
3	0.9255598124941337	0.814114639369095	1.136891253068983
3	0.7139666055433996	0.7325840331547229	0.9745866320193315
3	0.7702694667546478	0.764285909150722	1.007828951878198
3	0.7136959037060882	0.7123691622788264	1.0018624352337453
3	0.832749512747909	0.7638989882879089	1.0901304040398214
3	0.8012095074664923	0.7816772508096533	1.0249876232634476
3	0.7981080012807515	0.760677799049449	1.0492063818321973
3	0.5492614472086853	0.6957053893077585	0.7895029356538578
3	0.8947855969063024	0.7946459307249713	1.1260179688958727
3	0.7763190993806728	0.7805206543859737	0.9946169842121523
3	0.771952825417617	0.7356415020820576	1.0493600799204352
3	0.8497735489200966	0.7707768493158405	1.102489714986089
3	0.8160357720115102	0.7615289071549208	1.07157556902236
3	0.6549642185661387	0.6789810710648932	0.9646280971263496
3	0.829968912001184	0.7835520666755491	1.059239005676511
3	0.8461898202769593	0.7894151301914316	1.0719199416304068
3	0.7496558227419402	0.7624070010494635	0.9832751033372318
3	0.6901553962384835	0.7507920448766419	0.9192364263154638
3	0.7995421847800307	0.7847494390911647	1.0188502787666822
3	0.7635958622391692	0.7555411535769572	1.0106608470287537
3	0.739100675378307	0.7117345043686314	1.0384499709395876
3	0.7387911796769343	0.6980943589927352	1.0582970198225345
3	0.6216123975922347	0.6994334098176547	0.8887370675562836
3	0.799913663831662	0.7416299342485949	1.0785886961832507
3	0.7603608064069423	0.7425864991844823	1.023935672466413
3	0.7414486752742232	0.7684139060626674	0.9649079349349451
3	0.8294934007175979	0.801582299239894	1.0348200072583573
3	0.6681143715073737	0.6829793186418553	0.978235143102076
3	0.5157342588098491	0.6766703052231301	0.7621647570891813
3	0.8898945739315727	0.7979470850460585	1.1152300579933905
3	0.8621261212715474	0.8079164701836306	1.0670980888353416
3	0.7506877277970837	0.7682893906515146	0.9770898009674395
4	0.7012455404767722	0.7094950682679994	0.9883726777532568
4	0.7664946147560658	0.7575362173371218	1.0118257018132208
4	0.8548572049587524	0.8045278759313294	1.062557594998385
4	0.8616537137985806	0.7982004357563106	1.0794954189446748
4	0.7012883784944851	0.7108785245393968	0.9865094447027705
4	0.6424157742676706	0.7371469733144733	0.8714894010608797
4	0.7348053373449739	0.7373500734445556	0.996548808779941
4	0.7965123479541374	0.7180811133063499	1.1092233637599196
4	0.7803562289423097	0.7443789197891121	1.0483319828070767
4	0.8058100806036785	0.7557240724035612	1.0662755230765908
4	0.5891504825135071	0.6795453304939962	0.8669774569493746
4	0.7706847414390227	0.762763391260756	1.0103850686451714
4	0.8128759298768148	0.7861607778263435	1.0339817920252088
4	0.8737109869755462	0.7957871435157531	1.0979204603828217
4	0.7198542135453357	0.7562862752915822	0.951827683594813
4	0.7319243943935928	0.7660002073206218	0.9555146165740318
4	0.8837441408016672	0.8065299250738877	1.0957363308257977
4	0.7692451652246858	0.7554522470823709	1.0182578292613258
4	0.7253299617092402	0.7462132124898695	0.9720143647538099
4	0.8584678663228309	0.7532836577994855	1.1396342631812997
4	0.6946813108030332	0.7333973805107117	0.9472099700155487
4	0.7849152162077074	0.7885042462514792	0.9954483060036342
4	0.7854922069059839	0.7769971027715489	1.0109332507214415
4	0.7840336932383813	0.7671390615122315	1.022022906372211
4	0.7771351896924762	0.765842202493622	1.0147458408038674
4	0.714351096697418	0.7483961817315782	0.9545092748129882
4	0.736390153257827	0.748200009729645	0.9842156424508931
4	0.8087616339295048	0.7906053775261959	1.0229650049435788
4	0.8450955874942601	0.7759987124121389	1.0890425125414682
4	0.7417340001508457	0.701110077780266	1.0579422884623142
4	0.8753338354091621	0.7946029857407356	1.101598975988202
4	0.8017345789396171	0.8111143320290242	0.9884359667693907
4	0.752473842400115	0.7592292121831011	0.9911023315823667
4	0.7402409884099409	0.731049239603767	1.0125733648408635
4	0.8092076882211455	0.7582967540259945	1.0671385363643608
4	0.8329685176773299	0.7839181270700442	1.0625708079880938
4	0.8268510457899082	0.7698523132336701	1.0740385286585967
4	0.7433721104332514	0.7404069112432455	1.0040048237597172
4	0.7242436874429755	0.7663987896697666	0.9449958653445222
4	0.6860871264348163	0.7192194515334271	0.9539329407346111
4	0.845164683872432	0.7752035306722773	1.090248754594142
4	0.9255598124941337	0.814114639369095	1.136891253068983
4	0.7139666055433996	0.7325840331547229	0.9745866320193315
4	0.7702694667546478	0.764285909150722	1.007828951878198
4	0.7136959037060882	0.7123691622788264	1.0018624352337453
4	0.832749512747909	0.7638989882879089	1.0901304040398214
4	0.8012095074664923	0.7816772508096533	1.0249876232634476
4	0.7981080012807515	0.760677799049449	1.0492063818321973
4	0.5492614472086853	0.6957053893077585	0.7895029356538578
4	0.8947855969063024	0.7946459307249713	1.1260179688958727
4	0.7763190993806728	0.7805206543859737	0.9946169842121523
4	0.771952825417617	0.7356415020820576	1.0493600799204352
4	0.8497735489200966	0.7707768493158405	1.102489714986089
4	0.8160357720115102	0.7615289071549208	1.07157556902236
4	0.6549642185661387	0.6789810710648932	0.9646280971263496
4	0.829968912001184	0.7835520666755491	1.059239005676511
4	0.8461898202769593	0.7894151301914316	1.0719199416304068
4	0.7496558227419402	0.7624070010494635	0.9832751033372318
4	0.6901553962384835	0.7507920448766419	0.9192364263154638
4	0.7995421847800307	0.7847494390911647	1.0188502787666822
4	0.7635958622391692	0.7555411535769572	1.0106608470287537
4	0.739100675378307	0.7117345043686314	1.0384499709395876
4	0.7387911796769343	0.6980943589927352	1.0582970198225345
4	0.6216123975922347	0.6994334098176547	0.8887370675562836
4	0.799913663831662	0.7416299342485949	1.0785886961832507
4	0.7603608064069423	0.7425864991844823	1.023935672466413
4	0.7414486752742232	0.7684139060626674	0.9649079349349451
4	0.8294934007175979	0.801582299239894	1.0348200072583573
4	0.6681143715073737	0.6829793186418553	0.978235143102076
4	0.5157342588098491	0.6766703052231301	0.7621647570891813
4	0.8898945739315727	0.7979470850460585	1.1152300579933905
4	0.8621261212715474	0.8079164701836306	1.0670980888353416
4	0.7506877277970837	0.7682893906515146	0.9770898009674395
5	0.6761347733957771	0.6856517687406253	0.9861197829879028
5	0.7179933110275912	0.7079847392231257	1.0141367055671964
5	0.8036985935730566	0.75441014491045	1.0653337564388894
5	0.7911206669338519	0.7407895835176465	1.0679424826375228
5	0.6351970743130892	0.6694801219921402	0.9487915375634507
5	0.6619176062504607	0.6958171619429271	0.9512809434050048
5	0.7107688592736671	0.6914965894281095	1.0278703758488474
5	0.7398915445154048	0.6952392133919889	1.064225852430795
5	0.7358389204159789	0.7069481330137697	1.0408669123702834
5	0.7223972580466165	0.6899119075473461	1.047086229624238
5	0.6229311363371495	0.6733127370524614	0.9251735516903099
5	0.6914094815376768	0.7044451353661964	0.9814951467842231
5	0.7640558721073474	0.7339761562107762	1.0409818706534837
5	0.7714306113552359	0.7298625212151465	1.0569533150858093
5	0.654466564706202	0.7057225761571149	0.92737087747707
5	0.7478524855803567	0.7328307742317599	1.0204981994162898
5	0.7752760176477531	0.7308401140900934	1.0608011283192673
5	0.7431713563458225	0.7193279932961139	1.0331467192600878
5	0.6625211184446006	0.7009242069426957	0.9452107829666742
5	0.7359173104174416	0.6977971891266026	1.0546292273526525
5	0.6708139173685842	0.6905698189839234	0.9713918838150105
5	0.7088825697635124	0.7229361061490888	0.9805604724040742
5	0.7686706790374279	0.7354049557145177	1.045234565071144
5	0.7427122672208014	0.716194864046894	1.0370254025895542
5	0.717395732007647	0.7126815041361324	1.0066147751052257
5	0.6637974406123813	0.6958475203838173	0.9539409441974332
5	0.717955602340909	0.7071960898269192	1.01521432692964
5	0.7380965283394723	0.7252268643093831	1.0177457078101273
5	0.7672105684489946	0.7265039467461907	1.056030833535203
5	0.7518237051565374	0.6913216144968017	1.0875165615988642
5	0.802503135232499	0.7433576948722195	1.079565249365511
5	0.7469909180265232	0.742495376737107	1.0060546387631015
5	0.6847423713063108	0.7014720095757693	0.9761506688205904
5	0.7364118220134647	0.707309832315193	1.041144613532395
5	0.7358804251004871	0.7164560968660119	1.027111679723912
5	0.7459980892722791	0.7250584971602421	1.0288798658233078
5	0.7867163428659809	0.7350043713334053	1.0703560054190733
5	0.704146827304811	0.706014717917169	0.9973543177430232
5	0.7023360874477704	0.7119273272666147	0.9865277824694987
5	0.7157880282057093	0.7095435301531215	1.0088007258007696
5	0.7411142960600496	0.7139615100544152	1.038031162217085
5	0.812062674984501	0.7497713957445025	1.0830803623525074
5	0.710100431799029	0.7025664802175904	1.010723471434483
5	0.6885678578392725	0.7110663920939988	0.9683594464527131
5	0.7267882033446788	0.6994751359960307	1.0390479460141997
5	0.7366127299405916	0.7130098541370495	1.0331031551199366
5	0.7087146678669138	0.7140010772058889	0.9925960765218136
5	0.7655144769490478	0.7222386843551933	1.0599189624306689
5	0.5920005018930107	0.6643961900309763	0.891035365307272
5	0.808559245493764	0.7419826449224312	1.0897279754815463
5	0.7004920635616734	0.7152425413835966	0.9793769568104979
5	0.7237083680794585	0.6888325913460778	1.0506302651348545
5	0.7828606277703684	0.7236769671137633	1.0817818769231347
5	0.7156217140543226	0.7060770703511611	1.0135178496851833
5	0.6699390354148251	0.6623410765007808	1.011471369032682
5	0.759005972863415	0.7288891092062709	1.04131885533307
5	0.7321098129176526	0.7117242792577844	1.028642459241558
5	0.6874245940770368	0.7054582794253218	0.9744369215384707
5	0.6180306767167841	0.6855119260707637	0.9015607945134223
5	0.7601835946665986	0.7349310335181826	1.034360450160241
5	0.7602848125299215	0.7281559621117023	1.0441235835315326
5	0.6504904327853447	0.6546972902576551	0.9935743472060885
5	0.6859480213762974	0.6653488102751834	1.0309600179379508
5	0.5998014976576274	0.6691902376481439	0.896309395913512
5	0.762097673098456	0.7016500945238823	1.0861506027667416
5	0.7025894441081658	0.690626196965643	1.0173223187812523
5	0.682061231142671	0.7100533853295663	0.9605773949322094
5	0.7506222747242752	0.7354873376139237	1.0205781069725177
5	0.7030406752426066	0.6756801091186808	1.040493372166325
5	0.5895432315510211	0.6705922723723763	0.879138122879607
5	0.7820683795373076	0.7214938499083717	1.0839570976753699
5	0.789576387485333	0.7434411240598142	1.0620563780136096
5	0.6958344969734793	0.7104158434144845	0.9794749137759617
6	0.4852111184861229	0.5401436266028181	0.8983001827454894
6	0.5708543307750474	0.5616546214039566	1.0163796557893434
6	0.6510323572281635	0.5904947330978927	1.1025201762811234
6	0.5997047575327508	0.5766453819360422	1.0399888325113928
6	0.3891332306634803	0.5010798854610364	0.7765892065402793
6	0.5171034545264153	0.5527475999248673	0.9355146084699472
6	0.6114891270278977	0.5697778041892452	1.0732062964404254
6	0.6065831922264169	0.5626141560087283	1.0781513151563973
6	0.6071375276234173	0.5633174662520928	1.0777892822370156
6	0.5535557442453496	0.5358652779220096	1.0330128990479484
6	0.5542650557696223	0.5554208327456106	0.997919096821999
6	0.5132825886321374	0.5453752655986146	0.9411548726338888
6	0.6140114379954436	0.5845889832711253	1.0503301560006861
6	0.6095453442466223	0.5831535089585768	1.0452570976297089
6	0.4593543760189291	0.542206966844145	0.8471937915009646
6	0.5794455056287773	0.5699316383516643	1.0166929972595111
6	0.6195381025245069	0.5720665807714832	1.0829825117366656
6	0.5839324921174722	0.5682223490702175	1.0276478795192783
6	0.4300758606015735	0.529064991564346	0.8128979755963813
6	0.609325726180649	0.5431061183427928	1.121927567378389
6	0.5625516893953691	0.5534083081900069	1.0165219442318583
6	0.4831671096052063	0.5449845150498525	0.886570345142758
6	0.6067819007480159	0.5850470020171077	1.0371506881600474
6	0.570402968864258	0.5509523935099964	1.035303549967986
6	0.5588612098322229	0.5626000701709918	0.9933543194588785
6	0.522527164776059	0.5354075348248584	0.9759428674215188
6	0.5811664560119802	0.572603521094042	1.0149543874644318
6	0.5704645226863755	0.5678832755602156	1.0045453832455509
6	0.6089379497903379	0.5788117159338824	1.0520484175201057
6	0.60818276886016	0.5627222579831195	1.0807867651085594
6	0.646914988477047	0.5925310217033032	1.0917824802107583
6	0.6151342031158986	0.5836778455940962	1.0538933553144965
6	0.5003156939186327	0.5445876628861329	0.9187055234911612
6	0.5791756962409151	0.5550345720955658	1.0434948116010199
6	0.5890810338035902	0.5656358014204932	1.0414493430653056
6	0.6115008238577088	0.5829615429495424	1.0489556837038847
6	0.6143522149546077	0.5813397684398831	1.0567868367294373
6	0.5591879149571498	0.5640438328984945	0.9913908854983997
6	0.5641409474827572	0.5576469737986544	1.011645313234404
6	0.6155664268766028	0.5831757583465363	1.0555418637803171
6	0.6118185131478027	0.566865093462492	1.079301795442596
6	0.6693592195046603	0.600112963830988	1.1153887015398227
6	0.6025749460196821	0.5720266956714039	1.053403539693935
6	0.5647127539240687	0.5697105071853175	0.9912275564550488
6	0.5501486961129667	0.5256628109347152	1.046580972952436
6	0.599576755126632	0.5735180868160153	1.0454365239905263
6	0.56243300915302	0.5671724758622517	0.9916436940949461
6	0.5954412409810411	0.5659188349400773	1.052167208826138
6	0.4530105384332293	0.5196417435932873	0.8717747256036289
6	0.616202222635529	0.5760671760914607	1.0696707748849348
6	0.5040350369473537	0.5585709536927513	0.9023652834347062
6	0.5792169703561013	0.5557954396167979	1.0421405594033872
6	0.6280610660585823	0.5646536017440188	1.1122944476378436
6	0.5889169431724389	0.5620970473940246	1.0477139951237173
6	0.5587728980102549	0.540010580544137	1.0347443515777268
6	0.5937922856450499	0.5717160889790044	1.0386139153534584
6	0.5902232569394535	0.567644382498428	1.0397764430287268
6	0.5294295189126724	0.5493052100517756	0.9638166709956569
6	0.45314611527772863	0.5387457725717478	0.8411130784648163
6	0.635602499367579	0.5878830876507585	1.0811716014956514
6	0.6006983404744721	0.5702678081211039	1.0533618274081253
6	0.49438745624185204	0.509314738449887	0.9706914387487264
6	0.555906429369721	0.5035652740003833	1.1039411533554195
6	0.5322360620117408	0.552903773492094	0.9626196953769773
6	0.6191266212841648	0.5596516604614831	1.1062713916968268
6	0.5811885718865285	0.5367887222667959	1.082713827206051
6	0.5452176207304626	0.5655917077684314	0.9639773943674746
6	0.5848812998994499	0.5807891580613946	1.0070458302832552
6	0.5800003377827657	0.5277289682393966	1.0990496498946347
6	0.45253029373174436	0.516839099686623	0.8755728697889319
6	0.6267991605494843	0.5611970921645785	1.1168966648274563
6	0.6180770143488477	0.5736763858051526	1.0773966466850105
6	0.5305915719821916	0.555296624657091	0.9555101695599982
7	0.2348029164341814	0.2945012892514945	0.7972899440642767
7	0.32216378618037617	0.3165546537663236	1.017719317493254
7	0.38776638422343934	0.33120231696017216	1.1707840324983871
7	0.2661575812612579	0.2864649121867336	0.9291105819192325
7	0.19049541757543076	0.2863321214410443	0.6652953102736456
7	0.3401291434879605	0.3268056538518338	1.0407688468026544
7	0.36061654517109665	0.31665067980678213	1.138846584479598
7	0.39628815600962014	0.318579115138931	1.2439238392535574
7	0.3263746898391004	0.29309298321879845	1.1135534063449641
7	0.4135350446631246	0.3238473364208289	1.2769444060696225
7	0.3398912185150985	0.3238746161135927	1.049453095749524
7	0.26116871390923607	0.29374413569768665	0.8891027331964295
7	0.28381482821294013	0.28463188980078546	0.997129409538695
7	0.3514542489779294	0.31436077601268353	1.1179965052756748
7	0.2518981143821938	0.3034215963982873	0.8301917772904304
7	0.304961263350368	0.3081429141486831	0.9896747559258172
7	0.3561868780590148	0.2964955967737917	1.2013226568445936
7	0.3143658876948902	0.3133810862490148	1.0031425044110445
7	0.2578712181737199	0.30894710413130655	0.8346775701257949
7	0.3522301041955288	0.2974861152090632	1.1840219969526757
7	0.3036613852586919	0.3099864993139222	0.9795955176459964
7	0.22841123879068462	0.2953499405312114	0.7733579982439409
7	0.3754142376654008	0.32541552000304835	1.1536457685296757
7	0.31762718808089235	0.28005365238903945	1.1341654906883958
7	0.2693532101610938	0.31673352514821296	0.8504095360131269
7	0.23473150465952183	0.2728744089074086	0.860218096667213
7	0.30675156441821233	0.30821421780265634	0.9952544259805025
7	0.26700153570387547	0.2912148445382929	0.9168541395174877
7	0.3218470344815163	0.31417765295110844	1.0244109708579476
7	0.31845853307084293	0.3047285680896886	1.0450563761291762
7	0.35530282790725204	0.3088746018446801	1.1503141591613244
7	0.3472062870579639	0.2699879162934214	1.2860067658754846
7	0.27728843393417324	0.30770309306899407	0.9011558225448154
7	0.38520705361994906	0.32514711576550315	1.1847161944310811
7	0.322801946576461	0.31800681882861664	1.0150786947446828
7	0.29507446148036454	0.2986108300178476	0.988157266307884
7	0.3268883755747784	0.3161384676745166	1.0340037958029502
7	0.32313210069125053	0.31695995480348926	1.0194729516906573
7	0.2892564715066496	0.30490523542566966	0.9486766309631475
7	0.3590396029568268	0.32286460504863934	1.1120438640300558
7	0.3185361941964143	0.294582796245549	1.0813129560047323
7	0.36069437682414857	0.2980680658477622	1.210107415560487
7	0.34108293457166794	0.3188595586842947	1.0696964393323292
7	0.25470430482546597	0.3165247264345647	0.8046900717505907
7	0.3277841403306603	0.29720558266451136	1.1028868885705498
7	0.35501968259553984	0.3215731436427561	1.1040091177201676
7	0.32850177598975383	0.31839471728513746	1.031743801501471
7	0.3347926605068411	0.2986029649607762	1.121196705300025
7	0.23654652686368874	0.2788520264780111	0.8482869206702417
7	0.3276091881900415	0.3072121893801679	1.0663938460613382
7	0.300181709639309	0.32310517913349257	0.9290526089502495
7	0.33229700332482565	0.3250877249571695	1.0221764090557588
7	0.3695156792178223	0.30091432906867344	1.227976349153825
7	0.3195367113330199	0.29369371141119244	1.0879930312353383
7	0.4030952045419315	0.32382775708812395	1.2447827455144196
7	0.36240425940024856	0.3318385554023637	1.0921101647179698
7	0.31319049874224975	0.3062384585533466	1.0227013949251973
7	0.31678535365711985	0.3076237867009979	1.0297817247956407
7	0.2148103997412737	0.2872389885759415	0.7478455512124225
7	0.33030187252227167	0.3024806984907266	1.0919766919686547
7	0.4180758636871348	0.3293200956307368	1.2695121531724531
7	0.26874052720870767	0.2704423735057884	0.9937071758577642
7	0.3478022785313446	0.265508309170964	1.3099487530817369
7	0.2529893367667972	0.28253047198201775	0.8954408881704599
7	0.3697744698673969	0.31997417314068494	1.155638488687698
7	0.3406422899804148	0.27093479856331565	1.257285117256021
7	0.2601937816663079	0.2982487320057139	0.8724053239606835
7	0.2741572791544973	0.2909125224992408	0.9424045304038527
7	0.31339177376938254	0.3000836523094023	1.04434803881372
7	0.3799585003867977	0.32164079192078765	1.1813131603045308
7	0.3283806160972534	0.3026626893034203	1.0849722403941597
7	0.3224521953085751	0.2863328077483843	1.1261447748311495
7	0.3180879165478791	0.32260126902454694	0.9860095017905077
8	0.4368102570015061	0.4407265100628081	0.9911140969016276
8	0.4453763928404617	0.445731696806076	0.999202874805269
8	0.45315477195622583	0.4472869973258528	1.0131185897767072
8	0.4415208223742086	0.4427522785136904	0.9972186339873489
8	0.4397200340372095	0.44143745982245775	0.9961094697628539
8	0.4511478220939215	0.44659518805792675	1.010194095587533
8	0.460514532924213	0.4489601446257373	1.0257358886680414
8	0.4376883311455332	0.4385424006676658	0.9980524813089171
8	0.4422124482832475	0.4428007732318401	0.9986713551914135
8	0.44800563837915797	0.44173604946564593	1.0141930660200729
8	0.4482803847804422	0.4474623460852125	1.0018281732583458
8	0.4405860836259859	0.44301095008093233	0.9945263961206751
8	0.4443863370827635	0.44379447076446815	1.0013336495997254
8	0.4513729049482464	0.44806980088372833	1.0073718515686694
8	0.4378872576527691	0.4417178849257947	0.9913278873150696
8	0.43033408042146803	0.4366029351784212	0.9856417484816236
8	0.4589909694564536	0.44756539026092035	1.0255282902658591
8	0.45081081179382415	0.44662107376318394	1.0093809680661459
8	0.44835382249485334	0.44644117439139497	1.004284210805748
8	0.4512421380670365	0.4475146324840364	1.0083293490590681
8	0.43237442466719783	0.4409816067459407	0.9804817662526644
8	0.4476727094716796	0.44395440933356917	1.0083754098617739
8	0.4492936373444277	0.44679453045075945	1.0055934142504988
8	0.4250648692558315	0.43091144624467687	0.9864320684915721
8	0.4461168878625479	0.4433964576730154	1.0061354350997966
8	0.44381271015771717	0.44361990011152813	1.0004346289382884
8	0.43765896598421855	0.4398656645497187	0.9949832443326553
8	0.44186458129195855	0.4417510053080066	1.0002571040757966
8	0.4517384977158858	0.4461169433655281	1.0126010778876686
8	0.45237662325115235	0.44770435782525686	1.0104360508094923
8	0.4478239615105916	0.44074059559702505	1.0160715077855977
8	0.43931785405168566	0.4323939791904351	1.0160128845323286
8	0.44022957397778845	0.4396346876133504	1.0013531379147254
8	0.4336538681823569	0.4404552259399145	0.984558344737439
8	0.4461425536081505	0.4425224398453152	1.0081806331993035
8	0.43622022170752295	0.44049264160204465	0.990300814381409
8	0.4381261314837538	0.4399214460372221	0.9959190110651791
8	0.4211270418133487	0.4360014468277844	0.9658845053780041
8	0.448870240417661	0.4447343907975574	1.00929959478215
8	0.43569656831551545	0.43762354482463794	0.9955967256974378
8	0.43455713723374445	0.43982034471212056	0.9880332787201531
8	0.44259214703407807	0.4393426390490176	1.007396295502058
8	0.4475789839160826	0.4459108922819137	1.0037408631702907
8	0.43996245858788763	0.44197416359214486	0.9954483651535033
8	0.44836654405445414	0.44227685157673025	1.0137689604509346
8	0.4496090262142608	0.44547959264732645	1.0092696357702822
8	0.44438282364143883	0.4423448488822647	1.0046072080737998
8	0.44640577645748264	0.4432363778543378	1.0071505832136063
8	0.4366241001083603	0.43819825388944683	0.9964076676090916
8	0.4429610356008039	0.43928422621933505	1.0083700009288132
8	0.4427205399546118	0.4447156323665376	0.9955137794430364
8	0.44587563854932033	0.4440637027594511	1.004080351036596
8	0.45926249190869634	0.44715367617920904	1.027079763344346
8	0.4429438307169759	0.44193514830539227	1.0022824217884716
8	0.4425747611138647	0.4417237960913919	1.0019264640709933
8	0.44135152498732205	0.44284728384869976	0.996622404797477
8	0.45960853852684047	0.4466320226899132	1.0290541546008594
8	0.4484047067305474	0.44672580274940477	1.0037582426866989
8	0.4406898698952718	0.4427818269002482	0.9952754226169999
8	0.4667841097874455	0.4521844120680981	1.032287043360417
8	0.4525179643572701	0.44480726727699915	1.017334917047273
8	0.43481427591661387	0.4393743618172854	0.9896214110404379
8	0.440548656413389	0.4388474389636924	1.0038765577707687
8	0.43320550602322916	0.4390824039621663	0.9866155011316656
8	0.43414210414855137	0.4359693263905252	0.995808828439602
8	0.43550495903540015	0.433991822548546	1.0034865552949097
8	0.4458216028227335	0.4432576024599677	1.0057844475730053
8	0.43230364217289696	0.43941309749694873	0.9838205657397339
8	0.43133257786562745	0.43818302764578776	0.984366236599885
8	0.42144393802961533	0.4328768709867686	0.9735884873426219
8	0.4505185173249327	0.4450666632488391	1.0122495224340031
8	0.43702661120487496	0.4411831611693534	0.9905786296252523
8	0.44689274789707567	0.44309335779074005	1.008574694338185
9	0.9321501363964144	0.9325743579522503	0.999545106990967
9	0.935203454948459	0.9335330788376057	1.0017893057554352
9	0.936607624547013	0.9340520916602845	1.0027359639891027
9	0.930293747343339	0.9316229204210272	0.9985732713863593
9	0.92998205983445	0.9315800940909152	0.9982845981074503
9	0.9318791302510189	0.931591772416119	1.0003084589660496
9	0.935827333767319	0.9340562206451728	1.0018961525901757
9	0.9359020017203608	0.9336941075294063	1.0023646868638774
9	0.9279020433421615	0.9302910547530128	0.9974319742207072
9	0.9337369437737657	0.9322037252313876	1.0016447247536986
9	0.9338649004279237	0.9331772159617248	1.0007369280501455
9	0.9314008742890558	0.9318979757949516	0.9994665708920853
9	0.930717439256541	0.9314364599500806	0.9992280518055111
9	0.9325088854865377	0.9322193860486263	1.000310548613603
9	0.9321986351987157	0.9328806578665185	0.9992689068402784
9	0.931831317331126	0.9319053135150012	0.999920596885969
9	0.9338737752590781	0.9317482602761342	1.0022812116464956
9	0.9333499068734156	0.9328025814670463	1.0005867537432287
9	0.9317917346816018	0.9325539391535806	0.9991826698274733
9	0.9322278509861163	0.9319668676707994	1.0002800349715963
9	0.9330439358834465	0.9328287543356666	1.0002306763666748
9	0.9293828678683315	0.9315099575483472	0.9977165142865311
9	0.9327308343756837	0.9323397309060513	1.0004194860056563
9	0.926169825803077	0.9280002967059918	0.9980275104335503
9	0.9336357074872693	0.932960177914901	1.0007240711751257
9	0.9292816371953018	0.9311005505699873	0.9980464909256341
9	0.9349924082399923	0.9332672377057345	1.0018485279077178
9	0.9290453034075975	0.9309149338974112	0.9979916204781609
9	0.9341109806008845	0.9327649569668099	1.001443046958423
9	0.9309212432259163	0.9314290923035121	0.9994547635651578
9	0.9320694253614932	0.9314281179395358	1.000688520573521
9	0.9347746908996062	0.9320785346512962	1.0028926277648038
9	0.9306775772957298	0.9311115341116728	0.9995339368055868
9	0.9347116815718853	0.9331099683369652	1.0017165321229766
9	0.932601454188722	0.9324037745829032	1.0002120107309809
9	0.9315757445196661	0.9316588435602673	0.9999108052897522
9	0.9337156661501956	0.9326920148872138	1.0010975233481607
9	0.9310719325041988	0.9320299191042812	0.9989721503779588
9	0.9289242982730284	0.9304766428334748	0.9983316673530684
9	0.9316264321380556	0.9316152852837486	1.0000119650831014
9	0.9316965476770441	0.9315011562042478	1.0002097597748483
9	0.9368565251578798	0.9337223946509156	1.0033565977692287
9	0.9302849254755179	0.9318441211294334	0.998326763437617
9	0.9324232400433994	0.9325849749831325	0.9998265735090403
9	0.9359954464668082	0.9335672555702546	1.0026009812170098
9	0.9334948842136829	0.9327625430600123	1.0007851313918203
9	0.9336508180177251	0.9327718369294468	1.000942332361976
9	0.9343124671198585	0.933321801394543	1.0010614406776261
9	0.9292432868895599	0.9311187362290835	0.9979858107601627
9	0.9335920011130593	0.9326443616813542	1.001016078014986
9	0.9337836972942977	0.933266819411014	1.0005538372012517
9	0.9325796214366779	0.9320384758951442	1.0005806042942744
9	0.9364060811097579	0.9336138194254342	1.0029908101467928
9	0.9319184097044441	0.9316961517579947	1.0002385519635666
9	0.9347987198534438	0.9327071051064203	1.0022425204392378
9	0.9332204883133484	0.9327257145795617	1.0005304600549259
9	0.9351393885765152	0.9332585795102444	1.002015313984317
9	0.9336249579858528	0.932918187872114	1.0007575906686426
9	0.9316136938495506	0.9323803014058935	0.9991777952031088
9	0.9351316349075551	0.9332030630196578	1.002066615471296
9	0.9332988598605616	0.9319005773254855	1.0015004632136715
9	0.9289408040805165	0.9303013635300136	0.998537506766265
9	0.9298469744077947	0.9299616073092228	0.9998767337269333
9	0.9339118935983981	0.9329420060548211	1.0010396011084102
9	0.9335653961337297	0.9325282322108528	1.0011122064587985
9	0.9278827349446633	0.9289106102686343	0.9988934615315959
9	0.9295512507016883	0.9311266419182131	0.9983080806137398
9	0.9298171638695989	0.9315236586055806	0.9981680607677359
9	0.9317697623261202	0.932230430719585	0.9995058427849118
9	0.9345636582734299	0.9326442205688772	1.0020580599356332
9	0.9367652360935552	0.9336558468661235	1.0033303376590728
9	0.9320909551084158	0.9316932974879514	1.000426811721772
9	0.9337835597182189	0.9331107977302666	1.0007209883216321
