0	1.0	0.9999906023175544	1.000009397770763
0	1.0	0.9999906023175544	1.000009397770763
0	1.0	0.9999906023175544	1.000009397770763
0	1.0	0.9999904669042627	1.0000095331866181
0	1.0	0.9999906023175544	1.000009397770763
0	1.0	0.9999905350952194	1.0000094649943658
0	1.0	0.999991422337862	1.0000085777357148
0	1.0	0.9999906023175544	1.000009397770763
0	1.0	0.9999906023175544	1.000009397770763
0	1.0	0.9999918127839794	1.0000081872830517
0	0.9994715756181195	0.9997318694230428	0.9997396363836301
0	1.0	0.9999902563056824	1.000009743789258
0	1.0	0.9999905350952194	1.0000094649943658
0	1.0	0.9999905350952194	1.0000094649943658
0	1.0	0.9999906023175544	1.000009397770763
0	1.0	0.9999918127839794	1.0000081872830517
0	1.0	0.9999906023175544	1.000009397770763
0	1.0	0.999991422337862	1.0000085777357148
0	1.0	0.9999906023175544	1.000009397770763
0	1.0	0.9999904669042627	1.0000095331866181
0	1.0	0.9999904669042627	1.0000095331866181
0	1.0	0.9999905350952194	1.0000094649943658
0	1.0	0.9999906023175544	1.000009397770763
0	1.0	0.9999905350952194	1.0000094649943658
0	1.0	0.9999906023175544	1.000009397770763
0	1.0	0.9999905350952194	1.0000094649943658
0	1.0	0.9999906023175544	1.000009397770763
0	1.0	0.9999905350952194	1.0000094649943658
0	1.0	0.9999906023175544	1.000009397770763
0	1.0	0.9999918127839794	1.0000081872830517
0	1.0	0.9999906023175544	1.000009397770763
0	1.0	0.9999905350952194	1.0000094649943658
0	1.0	1.0	1.0
0	1.0	1.0	1.0
0	1.0	0.9999906023175544	1.000009397770763
0	1.0	0.9999905350952194	1.0000094649943658
0	1.0	0.9999906023175544	1.000009397770763
0	1.0	0.9999906023175544	1.000009397770763
0	1.0	0.9999906023175544	1.000009397770763
0	1.0	0.9999906023175544	1.000009397770763
0	1.0	0.9999906023175544	1.000009397770763
0	1.0	0.9999906023175544	1.000009397770763
0	1.0	0.9999906023175544	1.000009397770763
0	0.9983882828890931	0.9989397393442419	0.9994479582366893
0	1.0	0.9999903275315181	1.0000096725620395
0	1.0	0.9999905350952194	1.0000094649943658
0	1.0	0.9999906023175544	1.000009397770763
0	1.0	0.9999906023175544	1.000009397770763
0	1.0	0.9999906023175544	1.000009397770763
0	1.0	0.9999906023175544	1.000009397770763
0	1.0	0.9999906023175544	1.000009397770763
0	1.0	0.9999905350952194	1.0000094649943658
0	1.0	0.9999906023175544	1.000009397770763
0	1.0	0.9999905350952194	1.0000094649943658
0	1.0	0.9999905350952194	1.0000094649943658
0	1.0	0.9999906023175544	1.000009397770763
0	1.0	0.9999905350952194	1.0000094649943658
0	1.0	0.9999906023175544	1.000009397770763
0	1.0	0.9999906023175544	1.000009397770763
0	1.0	0.9999906023175544	1.000009397770763
0	1.0	0.9999906023175544	1.000009397770763
0	1.0	0.9999905350952194	1.0000094649943658
0	1.0	1.0	1.0
0	1.0	1.0	1.0
0	1.0	0.9999906023175544	1.000009397770763
0	1.0	0.9999906023175544	1.000009397770763
0	1.0	0.9999904669042627	1.0000095331866181
0	1.0	0.9999918127839794	1.0000081872830517
0	1.0	0.9999906023175544	1.000009397770763
0	1.0	0.9999906023175544	1.000009397770763
0	1.0	0.9999906023175544	1.000009397770763
0	1.0	0.9999906023175544	1.000009397770763
0	1.0	0.9999906023175544	1.000009397770763
0	1.0	0.9999906023175544	1.000009397770763
0	1.0	0.9999906023175544	1.000009397770763
0	1.0	0.9999906023175544	1.000009397770763
0	1.0	0.9999906023175544	1.000009397770763
0	1.0	0.9999906023175544	1.000009397770763
0	1.0	0.9999906023175544	1.000009397770763
0	1.0	0.9999906023175544	1.000009397770763
0	1.0	0.9999906023175544	1.000009397770763
0	1.0	0.9999904669042627	1.0000095331866181
0	1.0	0.9999906023175544	1.000009397770763
0	1.0	0.9999906023175544	1.000009397770763
0	1.0	0.9999906023175544	1.000009397770763
0	1.0	0.9999906023175544	1.000009397770763
0	1.0	0.9999906023175544	1.000009397770763
0	1.0	0.9999906023175544	1.000009397770763
0	1.0	0.9999906023175544	1.000009397770763
0	1.0	0.9999905350952194	1.0000094649943658
0	1.0	0.9999906023175544	1.000009397770763
0	1.0	0.9999906023175544	1.000009397770763
0	1.0	0.9999906023175544	1.000009397770763
0	1.0	0.9999906023175544	1.000009397770763
0	1.0	0.9999906023175544	1.000009397770763
0	1.0	0.9999905350952194	1.0000094649943658
0	1.0	0.9999906023175544	1.000009397770763
0	1.0	0.9999914845850473	1.0000085154874656
0	1.0	0.9999906023175544	1.000009397770763
0	1.0	0.9999906023175544	1.000009397770763
0	1.0	0.9999906023175544	1.000009397770763
0	1.0	0.9999906023175544	1.000009397770763
0	1.0	0.9999904669042627	1.0000095331866181
0	1.0	0.9999905350952194	1.0000094649943658
0	1.0	0.9999906023175544	1.000009397770763
0	1.0	0.9999906023175544	1.000009397770763
0	1.0	0.9999906023175544	1.000009397770763
0	1.0	0.9999906023175544	1.000009397770763
0	1.0	0.9999906023175544	1.000009397770763
0	1.0	0.9999906023175544	1.000009397770763
0	1.0	0.9999905350952194	1.0000094649943658
0	1.0	0.9999914845850473	1.0000085154874656
0	1.0	0.9999906023175544	1.000009397770763
0	1.0	0.9999906023175544	1.000009397770763
0	1.0	0.9999906023175544	1.000009397770763
0	1.0	0.9999906023175544	1.000009397770763
0	1.0	0.9999906023175544	1.000009397770763
0	1.0	0.9999906023175544	1.000009397770763
0	1.0	0.9999906023175544	1.000009397770763
0	1.0	0.9999906023175544	1.000009397770763
0	1.0	0.9999906023175544	1.000009397770763
0	1.0	0.9999906023175544	1.000009397770763
0	1.0	0.9999906023175544	1.000009397770763
0	1.0	0.9999906023175544	1.000009397770763
0	1.0	0.9999906023175544	1.000009397770763
0	1.0	0.9999906023175544	1.000009397770763
0	1.0	0.9999906023175544	1.000009397770763
0	1.0	0.9999918127839794	1.0000081872830517
0	1.0	0.9999906023175544	1.000009397770763
0	1.0	0.9999906023175544	1.000009397770763
0	1.0	0.9999906023175544	1.000009397770763
0	1.0	0.9999906023175544	1.000009397770763
0	1.0	0.9999905350952194	1.0000094649943658
0	1.0	0.9999906023175544	1.000009397770763
0	1.0	0.9999906023175544	1.000009397770763
0	1.0	0.9999905350952194	1.0000094649943658
0	1.0	0.9999906023175544	1.000009397770763
0	1.0	0.9999906023175544	1.000009397770763
0	1.0	0.9999906023175544	1.000009397770763
0	1.0	0.9999906023175544	1.000009397770763
0	1.0	0.9999906023175544	1.000009397770763
0	1.0	0.9999906023175544	1.000009397770763
0	1.0	0.9999906023175544	1.000009397770763
0	1.0	0.9999906023175544	1.000009397770763
0	1.0	0.9999905350952194	1.0000094649943658
0	1.0	0.9999908745262873	1.0000091255569876
1	0.8986974661314212	0.8500751602854965	1.05719765512216
1	0.9114451849544813	0.7343160914946703	1.241216412811099
1	0.8387452606045649	0.8383800039823455	1.0004356695299081
1	0.8008851652624299	0.8236159546187355	0.9724012275031413
1	0.9643784344087358	0.8750019608295084	1.1021443123333092
1	0.9538217571136354	0.8610457018658098	1.1077481195792374
1	0.9226967604837306	0.8605258804943842	1.0722475423442563
1	0.934928142296284	0.8753969233319787	1.0680048300120986
1	0.8807383190818167	0.8281591406261395	1.0634892207021034
1	0.7877787571011574	0.7982834563641026	0.9868408906896425
1	0.8722467910675833	0.8292317252995954	1.0518733961275382
1	0.8954656121682458	0.8580794033265106	1.0435696378409742
1	0.8937270380978137	0.8388618939466216	1.0654042632608645
1	0.8822979518141659	0.8247475146874297	1.069779461110043
1	0.7506076366264576	0.6242573786577391	1.2024009043199348
1	0.6600696342764927	0.66269519603754	0.9960380552375415
1	0.8288823036157149	0.820563741584461	1.0101376183344286
1	0.8087603469126193	0.785183921751832	1.0300266275297458
1	0.9374095892437466	0.8698925177688096	1.0776154181071838
1	0.9236571193084048	0.8602882119262508	1.0736600903088815
1	0.95882969697616	0.8571280316186421	1.1186539952093966
1	0.9260875389537293	0.8628373674951246	1.0733048588776635
1	0.8695583243932419	0.8513039188452769	1.0214428773835853
1	0.841781240847325	0.8051863721491712	1.0454489419641768
1	0.8756262544897959	0.850017268227473	1.0301276070728833
1	0.9371897717751463	0.8685573332170506	1.0790188925167299
1	0.9613806357222707	0.8748507290854579	1.0989081951469235
1	0.9667773668685538	0.8864478451988556	1.0906195689963891
1	0.7792273467772388	0.7810039033053261	0.9977252911021717
1	0.836994867501333	0.7918567844494249	1.0570028367986928
1	0.8956132392820771	0.8308545159900539	1.077942313661082
1	0.8892801890198954	0.8580289594614793	1.0364221151440274
1	0.9293673774772202	0.8022231808288562	1.1584898064364069
1	0.928574981054996	0.7096476563301204	1.3085014412039895
1	0.9538180754210537	0.8697073578654725	1.0967115165749715
1	0.9523749767785488	0.8656566264631601	1.100176383642665
1	0.9411498276729902	0.8185841871680549	1.1497288152229754
1	0.9480613073638141	0.8627941312395035	1.0988267919739028
1	0.8328322019529534	0.8104664363216006	1.027596165157514
1	0.8990288118051669	0.8168031155737041	1.1006677064076933
1	0.8493042218049085	0.7860784342235114	1.0804319070829764
1	0.9116058910913587	0.8488971878855621	1.0738707868287227
1	0.9006430589926724	0.854783419676692	1.053650595297375
1	0.8677869694749756	0.8498831419861003	1.0210662226421336
1	0.8952544935840585	0.8608314906333335	1.03998808515404
1	0.8192996831444198	0.7052659528204471	1.1616889768575067
1	0.7543489912233721	0.7928931976405931	0.9513878962110953
1	0.8095984052382672	0.8228280124357868	0.9839217831702685
1	0.9234621029994319	0.8635376854629467	1.0693940965695774
1	0.945549081129607	0.8360726440153059	1.1309412978620275
1	0.943418339637695	0.8626200565735543	1.093666130816715
1	0.8722757649045796	0.8476029775762254	1.0291088964775792
1	0.8536817940760321	0.8329393874129288	1.02490266035747
1	0.9262186575554315	0.8694575021007412	1.065283415598286
1	0.9421376741404298	0.836019256545306	1.1269329824215275
1	0.8381228643157964	0.7630865114752166	1.0983326945401222
1	0.8420464933382632	0.831392919414642	1.0128141263593176
1	0.8858010932644284	0.8398153145819405	1.0547570136957785
1	0.9509572480866266	0.8758498416637203	1.0857537477888175
1	0.907180139773725	0.8596125461780886	1.0553360857832126
1	0.9351438848663651	0.8756899491595164	1.0678938199118448
1	0.918132310186515	0.8681040996915496	1.0576292756971672
1	0.9121944005626869	0.7982167173528785	1.1427903985621748
1	0.9664039905040459	0.8207246324974182	1.1775008964496823
1	0.8056922676949885	0.7970452564596813	1.0108488334448102
1	0.8719389230549878	0.8509040315287192	1.0247206391635937
1	0.901861421019742	0.8673859145657407	1.0397464448927114
1	0.9465982965792156	0.8742411533163275	1.0827656568080901
1	0.921024666802501	0.8506604932905141	1.0827171051988145
1	0.853466816134992	0.8306061460067427	1.027522876200899
1	0.8166462088715674	0.8107223258842368	1.0073069197654938
1	0.9599697832720555	0.8663227777710361	1.1080971295040447
1	0.9563139349442265	0.8614517676427209	1.1101189536833695
1	0.9174337080035462	0.8573596029530806	1.0700687376026896
1	0.8346434072773814	0.7426447219034393	1.1238798077472958
1	0.8915741448382193	0.8514553443734454	1.0471179149087328
1	0.8736546362300945	0.8306973720868174	1.0517122908856242
1	0.9436598892119342	0.8739416296313064	1.0797745034871953
1	0.8093907134948845	0.8116074065911124	0.9972687618690687
1	0.9612167523847119	0.8751455326175455	1.0983507503143264
1	0.8787397030608675	0.8318293428705329	1.0563942118565488
1	0.8487509280863431	0.8223147742840817	1.0321484602113309
1	0.9448493824331361	0.8716933142894282	1.0839240899803642
1	0.9440584342004833	0.8769200685998529	1.0765615567537732
1	0.8818916899654603	0.8437161572844979	1.0452468906176107
1	0.8823516066125109	0.8412217586793468	1.0488929910678189
1	0.7904342341990773	0.7525861026696041	1.0502907659272696
1	0.8329051041628016	0.8270685917422376	1.0070568662367765
1	0.8651864715105173	0.8204353617556869	1.0545455642709811
1	0.9389688065123526	0.845270756233293	1.1108497479512933
1	0.8645374341692864	0.828197893077925	1.0438778477886592
1	0.9423415398398749	0.8517829824820661	1.106316467011262
1	0.866724439246199	0.8491815160619698	1.0206586258089831
1	0.8087974713958725	0.8310765212431526	0.9731925409059153
1	0.9357044427219581	0.8699137360444033	1.0756290008440523
1	0.9132600852568045	0.8585092074060462	1.0637743630219016
1	0.9227992598300807	0.8656682091962525	1.0659964753550009
1	0.8996738310888759	0.8510563853400227	1.0571259984488912
1	0.9246418429728607	0.8700874071412886	1.0626999487451647
1	0.907255858201489	0.8502885735919119	1.0669975892642278
1	0.9376191304534343	0.8679341768543245	1.0802882931188063
1	0.8798203522939708	0.854674634952131	1.0294213918531092
1	0.9321064107533029	0.8597410826976384	1.0841710713981487
1	0.8946583125657052	0.8386394397274307	1.0667973269376425
1	0.9194178755757653	0.8418693998922805	1.0921146150381607
1	0.8554073372123334	0.8242543092841899	1.037795408015759
1	0.9390124792511363	0.8655133092059567	1.0849197456161703
1	0.8526432210831093	0.8272674434867334	1.0306742127907549
1	0.8914320235833934	0.838655228918566	1.062930263647056
1	0.9051026314484769	0.8618648420269428	1.0501677146034256
1	0.841399150895939	0.8344686050578592	1.0083053404239206
1	0.9751121671910079	0.8633417815501322	1.1294625002860301
1	0.8814100777237825	0.8051591251461467	1.0947029601928628
1	0.8976600136420003	0.7811455657779918	1.149158432139296
1	0.7229559956884998	0.7648833427516957	0.9451846514105527
1	0.7826836156852431	0.7940233521640668	0.9857186360477713
1	0.9288691608510167	0.8656095827364293	1.0730809586402759
1	0.9375537715227498	0.8085647055930351	1.1595284397617984
1	0.8575462751025424	0.8097566173158341	1.0590173105903358
1	0.8421376290442307	0.8117385243375065	1.037449380305726
1	0.937174220168675	0.8397619367611693	1.1159998794220296
1	0.912135128029084	0.8566189970294101	1.0648084284754287
1	0.7751083336128624	0.774661938757912	1.000576244723816
1	0.8602880970424984	0.8146667765086792	1.0559999767381372
1	0.785817261273311	0.8107310978408091	0.9692699137434715
1	0.803377922212747	0.8004508314364477	1.0036568027183461
1	0.8990592070497879	0.8517307574344544	1.0555673834744377
1	0.8647484867611354	0.6969331600355245	1.240791135145667
1	0.8829464054030545	0.8229521124768142	1.0729013171199928
1	0.8930962987556047	0.8312885627680384	1.074351721839836
1	0.9195540830524639	0.8692423721770978	1.057879956713748
1	0.9027424528146643	0.8398916095188311	1.0748320885499023
1	0.8188142163699428	0.7801623943364379	1.049543303181615
1	0.6952954228783806	0.7670934016446407	0.9064025598286651
1	0.9076110594489606	0.8554245287585589	1.0610065867133103
1	0.8949414520177792	0.7981662939305808	1.1212468614912663
1	0.9097743936252971	0.7509968577100985	1.2114223705267357
1	0.8472773649756593	0.8116538108757663	1.0438900841991434
1	0.9116420243136154	0.8416656655865018	1.083140327077916
1	0.9352908647122593	0.8456098273283467	1.1060548665420014
1	0.9199535664611066	0.8421032442621676	1.0924474792484022
1	0.9318828324431168	0.8341213990828924	1.117202883738161
1	0.8790089033025165	0.8502732804270763	1.033795749598302
1	0.9451320033007702	0.8801083607116168	1.0738814053948744
1	0.7838395704547405	0.7730376142428476	1.0139733901855124
1	0.8838101987293582	0.8603947524165206	1.027214771181568
2	0.813539644161905	0.6399527183371158	1.2712496108710125
2	0.8150997117858783	0.7838352536381551	1.0398865169722973
2	0.7792731966768018	0.745015455585341	1.0459825911457707
2	0.8136594572138188	0.7743225427207172	1.0508017167560233
2	0.8956802506071346	0.800986944693932	1.1182207856700914
2	0.8920632476265513	0.8129827515831519	1.0972720465340784
2	0.9049000281038992	0.8132568722295854	1.112686604938326
2	0.8622768700695126	0.7897057906735884	1.0918963495683929
2	0.8749751557022553	0.7591405128584912	1.152586564518335
2	0.6946135294316644	0.6681336822433367	1.0396325584116917
2	0.8465967208179332	0.7464898957323767	1.1341033892861234
2	0.7810447651383956	0.7316067316476523	1.067574601698106
2	0.7294586173438734	0.7332444529510969	0.9948368711253299
2	0.7668035699691285	0.7433926480093532	1.0314920009263808
2	0.8673765452653447	0.746049808240398	1.1626255186783077
2	0.7442814607219997	0.6932124637960125	1.0736700500829641
2	0.8010165038409542	0.744907171403038	1.075323925707728
2	0.8038213449987086	0.7472141948505862	1.0757575947274953
2	0.8150699866501581	0.7745425969772131	1.0523242876907095
2	0.8155904779834533	0.7376717653303326	1.1056278907709425
2	0.8386171035471021	0.6028245446304478	1.3911462481362686
2	0.8607290708914697	0.7631520916733847	1.1278604622626733
2	0.7777562758552466	0.7370417806685646	1.0552404168319336
2	0.8447742982887224	0.792432338344632	1.0660522765305505
2	0.8476838863626284	0.7840884595319603	1.081107464416234
2	0.8804755843677128	0.7917643780253029	1.1120424318200066
2	0.8556926222724579	0.7754574047024073	1.1034682460745113
2	0.9406812172326081	0.8219022600020973	1.1445171317940015
2	0.8442902120870773	0.7612478067944596	1.109087217790881
2	0.7551167392029651	0.7549439604047635	1.0002288630776104
2	0.9039294815740906	0.7917849995701208	1.141635017163568
2	0.7962071966384539	0.7444279693103121	1.0695557252854342
2	0.9344568767174521	0.8129149405389716	1.1495137192310636
2	0.9053677258929292	0.7692971467271718	1.176876490111323
2	0.7335835244206533	0.7226994766358584	1.0150602679767526
2	0.8558388349616954	0.7947020573205764	1.0769304383673652
2	0.9292796403556626	0.7357170264186993	1.2630938349750873
2	0.785745997668943	0.759401473031797	1.0346911687331466
2	0.8960185552265252	0.7789477476692215	1.150293531122729
2	0.8734259625393263	0.7329034498054703	1.1917340036687696
2	0.8232793560321106	0.7368971849318524	1.1172241838707073
2	0.7780884208036433	0.7353840551533231	1.0580708343498373
2	0.936932450249589	0.8044770811053976	1.1646477845735395
2	0.8447161527641718	0.7771344236633981	1.0869627274805234
2	0.7941373938111138	0.7537146329482101	1.05363138659626
2	0.9011242432919688	0.8043578967554108	1.1203026002814052
2	0.8131538850047138	0.7616821840331077	1.0675763488375996
2	0.8041008739028769	0.7777410226974522	1.0338928389221393
2	0.8846144206405961	0.7924840580621353	1.116255162032846
2	0.8873266667552524	0.7440112642954488	1.1926253127303361
2	0.8648939108096527	0.7754810202357564	1.115299908367472
2	0.8881431628843786	0.7253164372490342	1.224490604753024
2	0.8676278070897375	0.7698777939220736	1.126968220072546
2	0.7798782591139917	0.7282537851970212	1.070888026902605
2	0.9075665045196203	0.8104734884374022	1.1197978927964862
2	0.8503092082780812	0.7744583402196009	1.0979405400127429
2	0.8162155932072779	0.760794469363481	1.0728463810865567
2	0.8821966750201575	0.7957997387941892	1.108566178165475
2	0.819603897120625	0.7117806216607634	1.1514838591816152
2	0.6984153775623948	0.6981225938924535	1.0004193871857219
2	0.9119360954895545	0.80604268702658	1.131374442281222
2	0.8432483293683216	0.7895582839587211	1.0680001039827067
2	0.8280513535344808	0.7423467244852772	1.115450942561414
2	0.8893024074620349	0.8143447452348097	1.0920465965622603
2	0.7515720816883181	0.7435542972801858	1.0107830516714922
2	0.8002457705895927	0.7797164066777756	1.0263292701500135
2	0.859968144807052	0.7716646711339762	1.1144324432312187
2	0.6941062099252608	0.693856349279888	1.0003601042861856
2	0.7717703297927756	0.7612921557489629	1.013763670050566
2	0.8876464394082513	0.7586389498544213	1.1700512339612748
2	0.8405745782060784	0.7839333021037685	1.07225267245352
2	0.9172314157284763	0.7892956570479628	1.162088512128655
2	0.8707385463452681	0.7854448670259403	1.1085928279629471
2	0.836572314377149	0.7609234239732047	1.0994172186327755
2	0.8421565835629572	0.7915093825268961	1.0639881246566778
2	0.7719946907800374	0.6936852929537661	1.1128889405926767
2	0.8167801268402017	0.760375798593435	1.0741795416833428
2	0.8874025092326487	0.7790276581375676	1.1391155371224873
2	0.891761351179702	0.8063659507843619	1.105901545461183
2	0.6961079793844285	0.6383085449936099	1.090550933156311
2	0.8598195566790119	0.7835579328255999	1.0973273585252385
2	0.8812872791318445	0.7720721571644094	1.1414571435506102
2	0.9256456455689872	0.8183277942550671	1.1311428648364714
2	0.9177912784966609	0.8148615572795973	1.126315593486448
2	0.7257664817209847	0.683411773656087	1.061975385408288
2	0.8336158582072786	0.7888445445078203	1.0567555597755858
2	0.8262861534277166	0.7602138925802796	1.0869127248164039
2	0.9022076054765324	0.773418220023667	1.166519720015032
2	0.7020550272880911	0.6877053336756298	1.0208660496142519
2	0.753122167793286	0.742416236974881	1.0144203888401315
2	0.825329250324059	0.7700047744092953	1.0718495232152367
2	0.8684535059163586	0.7617531008445578	1.1400721637411146
2	0.8187164900987032	0.7840494715591645	1.0442153458385728
2	0.8144446555670989	0.7833080569051432	1.0397501320042293
2	0.8623409475340533	0.7846403925500549	1.0990269628249372
2	0.8332651809260376	0.7355796086697308	1.1328008159891323
2	0.853425638798108	0.7851111987612227	1.0870124386770617
2	0.8610543868840248	0.6050083022117081	1.4232108612994199
2	0.9175569713114491	0.809451871379419	1.133553462230934
2	0.9036220430882738	0.7862689373436795	1.1492531374074861
2	0.8913034194071907	0.7861499433349682	1.1337575318343793
2	0.8950997370202124	0.7794146509167906	1.1484255985788137
2	0.8751717620401906	0.7652159410453846	1.1436925384024177
2	0.7580147943737838	0.710320276251697	1.0671450889361724
2	0.8744959277471451	0.7961473768353838	1.0984096075568193
2	0.8069842670344624	0.7500805690784775	1.0758634476105609
2	0.8665257461193739	0.7786705305326711	1.1128271998769532
2	0.8452119492914569	0.7489370292590052	1.1285487514587251
2	0.7522147658572662	0.7431840395925654	1.0121513996313103
2	0.6473054006247969	0.6211700823037908	1.0420743352997228
2	0.8092164775571415	0.7757644244100622	1.0431214065694212
2	0.8705742513479742	0.7953390711841335	1.0945951014978146
2	0.8720457724156135	0.8006392079437455	1.0891869443357127
2	0.898668008957458	0.7818017929764983	1.1494831772334817
2	0.761069399014896	0.7490525426458224	1.0160427415767488
2	0.8049662353970094	0.7791128348930597	1.0331831274573962
2	0.8361415580554057	0.7704867529138517	1.0852121141515523
2	0.8817606920191888	0.7335949759619304	1.2019720975637482
2	0.90977016943312	0.7952550112105111	1.1439980341001532
2	0.8397378983112539	0.7781780627769139	1.0791076470527385
2	0.9203521162148018	0.786950244462457	1.1695175428066202
2	0.7881806042169888	0.7289619726290713	1.081236928415264
2	0.6836728651533818	0.6668596251826456	1.0252125624881416
2	0.8264056349650033	0.7624120259143002	1.0839357288127252
2	0.77685980701572	0.6827106266025639	1.1379049581836442
2	0.751399745587411	0.7221843427386145	1.040454218015871
2	0.8041397765205482	0.718316455933243	1.1194784274791572
2	0.8550326026813118	0.6827278225229855	1.2523769714285011
2	0.850636018681677	0.7249532768862746	1.1733666786571662
2	0.8162676100149738	0.764090772948999	1.0682861760842877
2	0.8582711209789375	0.7788609462930183	1.1019568063643084
2	0.7161882167992036	0.7133759234300981	1.0039422319659783
2	0.8332134653118473	0.759258176064327	1.0974046662636854
2	0.8590115515178954	0.7803004844127684	1.1008727646303624
2	0.8580301086141949	0.7966339416312185	1.0770694842065847
2	0.9219059469615516	0.8092831312052158	1.139163676362083
2	0.9058890363641637	0.6917533695042023	1.309554931425109
2	0.7273116730910131	0.6777800620493885	1.0730791798328458
2	0.7528987121294847	0.6496062457345426	1.1590078098435523
2	0.8313206213282186	0.7058689313709965	1.1777266067137415
2	0.8716713584193764	0.778702893011847	1.119388878918824
2	0.9360408577484749	0.8208643682999084	1.1403112303279876
2	0.8821493018194879	0.8061634696267326	1.094256109406617
2	0.8859280045541714	0.815081446372749	1.0869196060058803
2	0.8538283351026935	0.780522440371326	1.0939190098064226
2	0.7617131634921812	0.7566410042959661	1.0067035214420272
3	0.8123204199746177	0.6372013949084951	1.2748252380886116
3	0.8137175282822973	0.7819188845116348	1.0406674456910232
3	0.7792041002625076	0.7437250498687431	1.0477045252140238
3	0.8120240394305217	0.772226990195028	1.0515354290134857
3	0.8948598830700618	0.799176022529894	1.1197281422899406
3	0.8902408448785163	0.8109414311198617	1.0977868569979792
3	0.9035462893317556	0.8112064648655078	1.1138302373879096
3	0.8603004383443448	0.7871398968969419	1.092944776063081
3	0.8742872198805991	0.7572622429279142	1.1545369230350295
3	0.6911993234624676	0.6646706680968152	1.039912480930764
3	0.846492068624871	0.7456299043919891	1.135271082394594
3	0.7778812684785503	0.7285460217277234	1.0677174060107142
3	0.7280587236399733	0.7314773901803415	0.9953263537789933
3	0.7659763971555502	0.7414830612169846	1.033032900169513
3	0.8669117239734734	0.7448446272302326	1.1638826303911967
3	0.7442469140355197	0.6931187890504581	1.0737653138145409
3	0.7993435081400542	0.7426151740868924	1.076389947354515
3	0.801416199757311	0.7444625032075011	1.0765031096991806
3	0.8149657290467804	0.7736136239206776	1.0534531759103856
3	0.8153201633787027	0.7368448460159263	1.1065018202774812
3	0.8368669436142874	0.5981727889374314	1.399038804658537
3	0.8604659137702736	0.7622740509443445	1.1288143846747556
3	0.7766143855186565	0.7351422268182803	1.056413789315122
3	0.8432662766342531	0.7904814729125651	1.0667755102813479
3	0.8451716899790028	0.7814738960306847	1.081509816606615
3	0.8795353372062792	0.7900554126499875	1.1132577830916441
3	0.8520270202609435	0.7725843738050129	1.1028271463279433
3	0.9393244535755934	0.8198205976385728	1.145768301359153
3	0.8442284713512851	0.7608528523621663	1.1095817919723485
3	0.7512357169377669	0.7523015000476331	0.9985833032237758
3	0.9037525678683596	0.7906854332425783	1.1429988840974294
3	0.7925519781318284	0.7410803450041158	1.069454862046607
3	0.9337520900185693	0.8113291987686623	1.1508917606265197
3	0.904805824213951	0.7689155707580154	1.1767297459225226
3	0.729395453616019	0.7191517608528174	1.0142441322135594
3	0.8542604739200218	0.792674269429519	1.0776942142133943
3	0.9292796388928437	0.7347654269481992	1.2647296740029628
3	0.7810892660929598	0.7561042016427489	1.0330444724363745
3	0.8962104052644682	0.7775318396639576	1.1526349913230594
3	0.8728226060542529	0.7309857229997316	1.1940350934249004
3	0.8234246535123422	0.7359540635757442	1.118853328306401
3	0.7733646405489129	0.7320593873762323	1.0564233638485565
3	0.9360942883307249	0.8023001671508609	1.1667631725106022
3	0.8424120692366127	0.7743485298769057	1.0878978092339462
3	0.7913099207086921	0.7511206926762268	1.0535056861358352
3	0.9005412204968394	0.8029936229605928	1.1214799155896082
3	0.8103654964170797	0.7590421210064446	1.067615978073237
3	0.8024298893257379	0.7755747459604447	1.0346261188946226
3	0.8829050438013357	0.7899560447911546	1.11766350751168
3	0.8868879746734049	0.7426586482748457	1.194206755329108
3	0.8646527726036751	0.7741972562395404	1.1168378157312242
3	0.8867915659138544	0.7224568206060824	1.2274665289614244
3	0.8673938733782091	0.7689695111889523	1.1279951425344246
3	0.778929466527195	0.7266876611463504	1.0718903157078972
3	0.9060717318091523	0.8083763936128165	1.1208537742668527
3	0.8492896060060563	0.7733475563588997	1.0981991202050336
3	0.8138017879969082	0.758020877833607	1.073587564398913
3	0.8814342524038794	0.7940380039494198	1.1100655737128002
3	0.8158259057692885	0.7076981617775265	1.1527879395930283
3	0.6938260087429201	0.6946065678023098	0.9988762573007921
3	0.9109511078797023	0.8040823363904854	1.1329077466978685
3	0.8407391409045204	0.7870967015926457	1.0681522857399
3	0.8263031168506156	0.739996016902112	1.116631843925074
3	0.8870309783780319	0.8117291036184193	1.0927672476247825
3	0.7487461970255733	0.7408838228451667	1.0106121552907084
3	0.7981590330425117	0.777606583558898	1.0264303954186584
3	0.8595649010803195	0.7700882629610604	1.116190107579634
3	0.6937743544692159	0.6927151838381826	1.0015290131582861
3	0.770823274639419	0.7596760301673242	1.0146736819768285
3	0.8874834925136774	0.7580959160508016	1.1706744143101349
3	0.8394178212916543	0.7820613381962762	1.0733401336878043
3	0.915697632825718	0.7866561507967507	1.164037975039374
3	0.8685427921814725	0.7829295659437773	1.1093498444326768
3	0.8338364375976172	0.757947137868605	1.1001247922677269
3	0.8418489124489558	0.7900635756795785	1.0655457843691043
3	0.7703330117334642	0.6908366659206026	1.115072563073828
3	0.8126825996634175	0.7566339038889365	1.0740763736417345
3	0.8854532581437148	0.7762899130120541	1.1406218776025312
3	0.8909559481016996	0.8044374391562289	1.1075515692509534
3	0.6918303304124394	0.6341709635558247	1.0909208559996442
3	0.8583704708729808	0.7815412489361783	1.0983047561998567
3	0.8808046881029593	0.7703182960102591	1.1434295312274767
3	0.9245310099957222	0.8160983954054862	1.1328670846563302
3	0.9170346901267947	0.8132477784312472	1.1276202830775046
3	0.720990536058751	0.6796978892089731	1.0607514713600683
3	0.8309771227560241	0.786377346682004	1.05671548940493
3	0.8231004904501493	0.7570664248043402	1.0872236087644163
3	0.9021934789208373	0.7730682064688911	1.1670295989040165
3	0.7008159727743439	0.6856788182625045	1.0220761588497025
3	0.7531933981126532	0.7413308049305866	1.0160017540120667
3	0.8225984546178984	0.7674929423823235	1.0717993732483397
3	0.867099638959505	0.759397402736623	1.14182592123012
3	0.8182506877940947	0.782396573823635	1.0458260109642834
3	0.8135330341984239	0.7817097837521454	1.0407098019082344
3	0.8618121198044454	0.783345338975566	1.1001688232823288
3	0.8328937371236396	0.7345958651774241	1.133812177015826
3	0.8525025015434388	0.7835325927332703	1.0880243010307642
3	0.8594976304531746	0.6011433878436067	1.4297714120025908
3	0.9157017629938349	0.8065524493582001	1.1353282278449324
3	0.9026944649250541	0.784366479415469	1.1508580346240271
3	0.8888314970048746	0.7830662338120876	1.1350655393195865
3	0.8950528757006533	0.7784032726005695	1.1498575445480448
3	0.8734806155842548	0.7626343004244966	1.1453466164556971
3	0.757508346631614	0.7099635483358032	1.0669679428010899
3	0.8742791278708786	0.794693646183968	1.100146115511394
3	0.8057685743666404	0.7481824714083533	1.0769679926474207
3	0.8633010180968432	0.7753123182663738	1.1134880715260855
3	0.8445012343232132	0.7471620771967314	1.1302785032822964
3	0.7483970289029893	0.7401735990727425	1.0111101366497655
3	0.6466036352156197	0.619294001308386	1.0440980113638054
3	0.8073714251733805	0.7735626455500224	1.0437052898273276
3	0.8692857970767733	0.793460878592344	1.0955622646688619
3	0.8706874534237354	0.7987887681783447	1.0900096347240302
3	0.8982816735984983	0.7804242089690384	1.151017181777527
3	0.759935755944398	0.7471653662205524	1.017091784899564
3	0.8032982273851136	0.7770357584821823	1.0337982758402662
3	0.8336421889636302	0.7676383157303307	1.0859830363867435
3	0.8817494552396831	0.7321403617295084	1.2043448242038708
3	0.9082386589146774	0.7924839151112268	1.14606573281327
3	0.8377407439030862	0.7757272982868647	1.0799423273528899
3	0.9196773126041424	0.7848905705177647	1.1717267949817052
3	0.784338256077303	0.7254592928175677	1.0811609470616317
3	0.67895105508989	0.6626672753725172	1.0245730856533075
3	0.8251744230980222	0.7607888349182056	1.0846300382243896
3	0.772441031819579	0.678469461655742	1.138505231959163
3	0.7473371901994608	0.7191048889920927	1.0392603382893681
3	0.7999266757339566	0.7146817109137263	1.1192768242400437
3	0.855203870370552	0.6810061452130655	1.2557946449998414
3	0.849247789827858	0.7225379990803833	1.1753676497412533
3	0.8147153228913542	0.7620805399295649	1.069067218232149
3	0.8550395347293772	0.7757780567274338	1.1021703015631847
3	0.7097663298712161	0.7093728656866501	1.0005546648365033
3	0.8310150373035412	0.756816533500606	1.098040278612486
3	0.8586838756092119	0.7788701492080097	1.1024737261819064
3	0.8553259133762434	0.7942314092806502	1.076922800309456
3	0.9217468661614024	0.8085099214382184	1.1400563452848573
3	0.905889604692223	0.6910637707810579	1.3108625325103695
3	0.7254244201683171	0.6751654301844278	1.0744395191711174
3	0.7493484399911132	0.6456448192409038	1.1606202321458037
3	0.8311167966441296	0.7060726582766798	1.1770981171720296
3	0.8714058656931682	0.7776451826527135	1.120570004331046
3	0.9360144653086129	0.8197941233103395	1.141767717886259
3	0.8797211377572722	0.8036646667022206	1.0946370721598895
3	0.8846507278543523	0.8131642298069777	1.0879115133536352
3	0.853735959651489	0.7796470231983931	1.0950288197717428
3	0.757938937993479	0.753641232574517	1.0057025879598978
4	0.8123204199746177	0.6372013949084951	1.2748252380886116
4	0.8137175282822973	0.7819188845116348	1.0406674456910232
4	0.7792041002625076	0.7437250498687431	1.0477045252140238
4	0.8120240394305217	0.772226990195028	1.0515354290134857
4	0.8948598830700618	0.799176022529894	1.1197281422899406
4	0.8902408448785163	0.8109414311198617	1.0977868569979792
4	0.9035462893317556	0.8112064648655078	1.1138302373879096
4	0.8603004383443448	0.7871398968969419	1.092944776063081
4	0.8742872198805991	0.7572622429279142	1.1545369230350295
4	0.6911993234624676	0.6646706680968152	1.039912480930764
4	0.846492068624871	0.7456299043919891	1.135271082394594
4	0.7778812684785503	0.7285460217277234	1.0677174060107142
4	0.7280587236399733	0.7314773901803415	0.9953263537789933
4	0.7659763971555502	0.7414830612169846	1.033032900169513
4	0.8669117239734734	0.7448446272302326	1.1638826303911967
4	0.7442469140355197	0.6931187890504581	1.0737653138145409
4	0.7993435081400542	0.7426151740868924	1.076389947354515
4	0.801416199757311	0.7444625032075011	1.0765031096991806
4	0.8149657290467804	0.7736136239206776	1.0534531759103856
4	0.8153201633787027	0.7368448460159263	1.1065018202774812
4	0.8368669436142874	0.5981727889374314	1.399038804658537
4	0.8604659137702736	0.7622740509443445	1.1288143846747556
4	0.7766143855186565	0.7351422268182803	1.056413789315122
4	0.8432662766342531	0.7904814729125651	1.0667755102813479
4	0.8451716899790028	0.7814738960306847	1.081509816606615
4	0.8795353372062792	0.7900554126499875	1.1132577830916441
4	0.8520270202609435	0.7725843738050129	1.1028271463279433
4	0.9393244535755934	0.8198205976385728	1.145768301359153
4	0.8442284713512851	0.7608528523621663	1.1095817919723485
4	0.7512357169377669	0.7523015000476331	0.9985833032237758
4	0.9037525678683596	0.7906854332425783	1.1429988840974294
4	0.7925519781318284	0.7410803450041158	1.069454862046607
4	0.9337520900185693	0.8113291987686623	1.1508917606265197
4	0.904805824213951	0.7689155707580154	1.1767297459225226
4	0.729395453616019	0.7191517608528174	1.0142441322135594
4	0.8542604739200218	0.792674269429519	1.0776942142133943
4	0.9292796388928437	0.7347654269481992	1.2647296740029628
4	0.7810892660929598	0.7561042016427489	1.0330444724363745
4	0.8962104052644682	0.7775318396639576	1.1526349913230594
4	0.8728226060542529	0.7309857229997316	1.1940350934249004
4	0.8234246535123422	0.7359540635757442	1.118853328306401
4	0.7733646405489129	0.7320593873762323	1.0564233638485565
4	0.9360942883307249	0.8023001671508609	1.1667631725106022
4	0.8424120692366127	0.7743485298769057	1.0878978092339462
4	0.7913099207086921	0.7511206926762268	1.0535056861358352
4	0.9005412204968394	0.8029936229605928	1.1214799155896082
4	0.8103654964170797	0.7590421210064446	1.067615978073237
4	0.8024298893257379	0.7755747459604447	1.0346261188946226
4	0.8829050438013357	0.7899560447911546	1.11766350751168
4	0.8868879746734049	0.7426586482748457	1.194206755329108
4	0.8646527726036751	0.7741972562395404	1.1168378157312242
4	0.8867915659138544	0.7224568206060824	1.2274665289614244
4	0.8673938733782091	0.7689695111889523	1.1279951425344246
4	0.778929466527195	0.7266876611463504	1.0718903157078972
4	0.9060717318091523	0.8083763936128165	1.1208537742668527
4	0.8492896060060563	0.7733475563588997	1.0981991202050336
4	0.8138017879969082	0.758020877833607	1.073587564398913
4	0.8814342524038794	0.7940380039494198	1.1100655737128002
4	0.8158259057692885	0.7076981617775265	1.1527879395930283
4	0.6938260087429201	0.6946065678023098	0.9988762573007921
4	0.9109511078797023	0.8040823363904854	1.1329077466978685
4	0.8407391409045204	0.7870967015926457	1.0681522857399
4	0.8263031168506156	0.739996016902112	1.116631843925074
4	0.8870309783780319	0.8117291036184193	1.0927672476247825
4	0.7487461970255733	0.7408838228451667	1.0106121552907084
4	0.7981590330425117	0.777606583558898	1.0264303954186584
4	0.8595649010803195	0.7700882629610604	1.116190107579634
4	0.6937743544692159	0.6927151838381826	1.0015290131582861
4	0.770823274639419	0.7596760301673242	1.0146736819768285
4	0.8874834925136774	0.7580959160508016	1.1706744143101349
4	0.8394178212916543	0.7820613381962762	1.0733401336878043
4	0.915697632825718	0.7866561507967507	1.164037975039374
4	0.8685427921814725	0.7829295659437773	1.1093498444326768
4	0.8338364375976172	0.757947137868605	1.1001247922677269
4	0.8418489124489558	0.7900635756795785	1.0655457843691043
4	0.7703330117334642	0.6908366659206026	1.115072563073828
4	0.8126825996634175	0.7566339038889365	1.0740763736417345
4	0.8854532581437148	0.7762899130120541	1.1406218776025312
4	0.8909559481016996	0.8044374391562289	1.1075515692509534
4	0.6918303304124394	0.6341709635558247	1.0909208559996442
4	0.8583704708729808	0.7815412489361783	1.0983047561998567
4	0.8808046881029593	0.7703182960102591	1.1434295312274767
4	0.9245310099957222	0.8160983954054862	1.1328670846563302
4	0.9170346901267947	0.8132477784312472	1.1276202830775046
4	0.720990536058751	0.6796978892089731	1.0607514713600683
4	0.8309771227560241	0.786377346682004	1.05671548940493
4	0.8231004904501493	0.7570664248043402	1.0872236087644163
4	0.9021934789208373	0.7730682064688911	1.1670295989040165
4	0.7008159727743439	0.6856788182625045	1.0220761588497025
4	0.7531933981126532	0.7413308049305866	1.0160017540120667
4	0.8225984546178984	0.7674929423823235	1.0717993732483397
4	0.867099638959505	0.759397402736623	1.14182592123012
4	0.8182506877940947	0.782396573823635	1.0458260109642834
4	0.8135330341984239	0.7817097837521454	1.0407098019082344
4	0.8618121198044454	0.783345338975566	1.1001688232823288
4	0.8328937371236396	0.7345958651774241	1.133812177015826
4	0.8525025015434388	0.7835325927332703	1.0880243010307642
4	0.8594976304531746	0.6011433878436067	1.4297714120025908
4	0.9157017629938349	0.8065524493582001	1.1353282278449324
4	0.9026944649250541	0.784366479415469	1.1508580346240271
4	0.8888314970048746	0.7830662338120876	1.1350655393195865
4	0.8950528757006533	0.7784032726005695	1.1498575445480448
4	0.8734806155842548	0.7626343004244966	1.1453466164556971
4	0.757508346631614	0.7099635483358032	1.0669679428010899
4	0.8742791278708786	0.794693646183968	1.100146115511394
4	0.8057685743666404	0.7481824714083533	1.0769679926474207
4	0.8633010180968432	0.7753123182663738	1.1134880715260855
4	0.8445012343232132	0.7471620771967314	1.1302785032822964
4	0.7483970289029893	0.7401735990727425	1.0111101366497655
4	0.6466036352156197	0.619294001308386	1.0440980113638054
4	0.8073714251733805	0.7735626455500224	1.0437052898273276
4	0.8692857970767733	0.793460878592344	1.0955622646688619
4	0.8706874534237354	0.7987887681783447	1.0900096347240302
4	0.8982816735984983	0.7804242089690384	1.151017181777527
4	0.759935755944398	0.7471653662205524	1.017091784899564
4	0.8032982273851136	0.7770357584821823	1.0337982758402662
4	0.8336421889636302	0.7676383157303307	1.0859830363867435
4	0.8817494552396831	0.7321403617295084	1.2043448242038708
4	0.9082386589146774	0.7924839151112268	1.14606573281327
4	0.8377407439030862	0.7757272982868647	1.0799423273528899
4	0.9196773126041424	0.7848905705177647	1.1717267949817052
4	0.784338256077303	0.7254592928175677	1.0811609470616317
4	0.67895105508989	0.6626672753725172	1.0245730856533075
4	0.8251744230980222	0.7607888349182056	1.0846300382243896
4	0.772441031819579	0.678469461655742	1.138505231959163
4	0.7473371901994608	0.7191048889920927	1.0392603382893681
4	0.7999266757339566	0.7146817109137263	1.1192768242400437
4	0.855203870370552	0.6810061452130655	1.2557946449998414
4	0.849247789827858	0.7225379990803833	1.1753676497412533
4	0.8147153228913542	0.7620805399295649	1.069067218232149
4	0.8550395347293772	0.7757780567274338	1.1021703015631847
4	0.7097663298712161	0.7093728656866501	1.0005546648365033
4	0.8310150373035412	0.756816533500606	1.098040278612486
4	0.8586838756092119	0.7788701492080097	1.1024737261819064
4	0.8553259133762434	0.7942314092806502	1.076922800309456
4	0.9217468661614024	0.8085099214382184	1.1400563452848573
4	0.905889604692223	0.6910637707810579	1.3108625325103695
4	0.7254244201683171	0.6751654301844278	1.0744395191711174
4	0.7493484399911132	0.6456448192409038	1.1606202321458037
4	0.8311167966441296	0.7060726582766798	1.1770981171720296
4	0.8714058656931682	0.7776451826527135	1.120570004331046
4	0.9360144653086129	0.8197941233103395	1.141767717886259
4	0.8797211377572722	0.8036646667022206	1.0946370721598895
4	0.8846507278543523	0.8131642298069777	1.0879115133536352
4	0.853735959651489	0.7796470231983931	1.0950288197717428
4	0.757938937993479	0.753641232574517	1.0057025879598978
5	0.7634960247688365	0.6651942428671105	1.1477790629666713
5	0.7289078867729076	0.706329167958527	1.0319662840480437
5	0.7171086896243507	0.6866794952323033	1.0443135328829838
5	0.7849338625725256	0.7303477688121919	1.0747398651591835
5	0.8487981148964984	0.7607039519485858	1.1158061065967313
5	0.8206207872497586	0.7489994112580587	1.0956227400384746
5	0.8201965321113548	0.7516557219259834	1.0911864410607397
5	0.807091345377524	0.7314862573026956	1.103358179760775
5	0.7620503106959251	0.7011996236531414	1.086780832433653
5	0.6680393994582168	0.6377706271764332	1.0474602795926662
5	0.7875125492884443	0.7005716609543047	1.124099921792027
5	0.7312236735217279	0.6914278481526611	1.0575560059887554
5	0.7381236082784557	0.7066840011589235	1.0444889187642183
5	0.7267692525114835	0.6754886866866435	1.0759162467640688
5	0.7716364876967801	0.6981784926922271	1.1052137752357476
5	0.7750872170870295	0.6932667864271795	1.1180215643699303
5	0.753722880400081	0.7009346717223306	1.0753111677983336
5	0.762708252500472	0.7110665559743439	1.0726256861502448
5	0.7409391000575335	0.6876985138484697	1.0774184982764046
5	0.7402940211649319	0.6923667781595804	1.0692223320315133
5	0.7380386348718695	0.6421998934952368	1.1492350627076888
5	0.8110210872972999	0.7056125737156559	1.1493858209280168
5	0.7123848633335111	0.6892267405357712	1.033600151351844
5	0.7538738335624224	0.7192209041387556	1.0481812044453334
5	0.7755701341409627	0.7300301015717602	1.062381033975386
5	0.8067479513677054	0.7375762334316462	1.093782465866926
5	0.7800964267852567	0.7209874653488952	1.0819833412884063
5	0.8230422501293237	0.7391966009723012	1.1134280772486458
5	0.7625927925909174	0.6909525755940207	1.103683262104214
5	0.771973333139808	0.7215083748627651	1.0699436902401052
5	0.8119637518866742	0.7451969648445751	1.0895961607358728
5	0.792895445088212	0.7204802692512001	1.100509589127643
5	0.8169187041123491	0.7105855528286307	1.1496415890534752
5	0.8035882054479042	0.719194723098129	1.1173444126317098
5	0.7645469543975233	0.7087722159615916	1.0786920496880117
5	0.8098009557154195	0.731140380034152	1.107586146011513
5	0.8517187224812108	0.6795351925296295	1.2533842718441308
5	0.7604459661622107	0.7210709280296413	1.0546063315021774
5	0.7741782003139341	0.7086182829574257	1.0925179591512846
5	0.802019541425891	0.6878384202485028	1.1659999177366929
5	0.7412585639494566	0.6864673938204688	1.0798161291012711
5	0.7022620945805107	0.6952557417252632	1.0100773750359278
5	0.7987992496090224	0.7105102200353423	1.124261449144656
5	0.8019550894126193	0.7353033196120231	1.0906452725329248
5	0.793243359961749	0.7364838834948797	1.0770681853858435
5	0.7864644892028416	0.7351710219577282	1.0697707957918705
5	0.7337088203221285	0.705012949333508	1.0407026154849333
5	0.7508041761378029	0.728200581743476	1.031040341028304
5	0.8106960899897772	0.7371717165204361	1.0997384623170126
5	0.7615946914407126	0.6886927134526559	1.1058555965004677
5	0.7889610262139701	0.7180850809807714	1.0987013198163027
5	0.8273318774495951	0.6738940692986434	1.2276883194871302
5	0.7891990960197781	0.7102162169638025	1.1112096248571033
5	0.749295679785655	0.7049490564734837	1.062907557510632
5	0.8096246443656099	0.732039903627345	1.105984305437208
5	0.7753495892300204	0.7190963821155052	1.0782276319469501
5	0.7570401732655657	0.7230782138124714	1.0469685834870173
5	0.7699672657719017	0.7306148483233931	1.0538620554164948
5	0.7965407027400836	0.7007922852210524	1.1366288121862373
5	0.7218549296616917	0.6825374932700128	1.0576048008781327
5	0.8380015787050498	0.7451833968113598	1.124557501268626
5	0.8129771656856812	0.7432213509157253	1.0938560425962058
5	0.7443534068760963	0.6893185897987897	1.0798394499898387
5	0.8446169549733298	0.749629799212383	1.126712086233428
5	0.7030283769448731	0.7001676967802664	1.0040857071495324
5	0.7162527914915792	0.7024694332668306	1.0196212925032895
5	0.8201599910501057	0.7302343413187566	1.1231462896814044
5	0.7461993932668435	0.6845916079211782	1.089992025366397
5	0.7327440301485307	0.7165227638817403	1.0226388707860616
5	0.8011928974743086	0.7169721392800238	1.117467267666577
5	0.7525255411395347	0.7207997845826002	1.044014658765896
5	0.8209245642404985	0.7296313266292015	1.1251224204326034
5	0.8257470787612295	0.7450260897410642	1.1083465265601908
5	0.7930119119636678	0.7261970473546794	1.092006521993411
5	0.7891017136100343	0.7301359139373135	1.0807600318613877
5	0.7332164148610435	0.6819173359013516	1.0752277090769151
5	0.7555864896637121	0.6884972179061127	1.0974430542531952
5	0.8077206494256703	0.7357907290388588	1.0977586663544558
5	0.8212369033208102	0.7520763091869397	1.0919595435849312
5	0.740601175660695	0.6676504357365435	1.1092648727828258
5	0.7873057382462341	0.7118519924681299	1.1059963961279244
5	0.7634588990049739	0.7169034296283425	1.0649396661427142
5	0.8210986183314244	0.7472516045208837	1.0988248313737503
5	0.8381702300337981	0.7531288820750164	1.1129173903468903
5	0.7348316487282904	0.677743639889677	1.084232452329477
5	0.7612555533801795	0.7280847936740642	1.0455589238977632
5	0.7155976036122078	0.704775803949211	1.0153549534509512
5	0.8134884482858087	0.717745513999202	1.1333939849420127
5	0.7690106266303658	0.6881787520833416	1.1174576725920697
5	0.7652895582563491	0.7127673552870978	1.073687722339775
5	0.7689477901902929	0.7215180933453756	1.065735977077173
5	0.7609782724939972	0.7039535325735136	1.0810063978399433
5	0.7391762291015505	0.7120617801826186	1.0380787870849886
5	0.7230127167495267	0.7163771378835179	1.0092626893225727
5	0.805501924916312	0.7386243730763231	1.0905433861618297
5	0.771089617278259	0.7048427101903632	1.093988213441271
5	0.7567993355985843	0.7195714755560498	1.0517361531233107
5	0.8032201392795859	0.6058090205396541	1.3258636171578926
5	0.8427206572961137	0.7471142404644511	1.1279676007409896
5	0.8072287791968247	0.7379225067823879	1.0939208003244643
5	0.8101013105897726	0.7132367896903877	1.1358097651432608
5	0.7856076141878606	0.7174460917952816	1.0950057755865905
5	0.8166453724545176	0.7146723000852724	1.1426850772823827
5	0.7214255187233146	0.6642051834864205	1.0861485827866382
5	0.7866143384260681	0.7266507737069852	1.0825204718535986
5	0.7804712635558207	0.7210071107291952	1.0824737397755844
5	0.7881005984161924	0.7025947441958338	1.1217001051128352
5	0.783742848976065	0.709724854835239	1.1042911117407734
5	0.7214233814168669	0.7007059472736623	1.0295665167732813
5	0.6530264332392607	0.6254099900752779	1.0441573425468607
5	0.769296145949151	0.7186468244770325	1.0704787382995486
5	0.8152173936625502	0.7386467245917345	1.103663451717244
5	0.7640953589332842	0.7208232898630832	1.0600314524776526
5	0.7822148955046556	0.7026388219170842	1.1132531694882095
5	0.6853480372999311	0.6986204489506225	0.9810019708546643
5	0.7305534541636319	0.7115211555147944	1.0267487459808098
5	0.7862477048379762	0.7196722158037674	1.092508071830804
5	0.8033285611873143	0.649509023449908	1.236824327582678
5	0.8418614189735253	0.7337933060261554	1.1472732335657445
5	0.8010929879902584	0.7363661335882112	1.0879003683760442
5	0.8395027327439146	0.7401588317336244	1.1342197062995298
5	0.7721897626617599	0.7155836247007145	1.0791048537265233
5	0.5885661220928504	0.6175219636381358	0.9531096167419021
5	0.7297299415937196	0.6915245111106499	1.0552481218947805
5	0.7272425111236446	0.6517594875983527	1.1158142304969534
5	0.7457831324740315	0.679313620143488	1.0978480489122293
5	0.7546618225294939	0.6845727913554097	1.1023836063295949
5	0.7338300506347293	0.6520318719715523	1.1254511967579797
5	0.7858779396543035	0.707272376334846	1.111139026419778
5	0.7326121121451379	0.6967298555885567	1.0515009601910483
5	0.7808824587214614	0.705812632125088	1.106359426255025
5	0.6660492334829247	0.6753841943583446	0.9861782953267233
5	0.7125051965075124	0.6764382006447137	1.0533189814360324
5	0.7950676187685117	0.7425950966176323	1.0706610135050458
5	0.7787934979741375	0.7275318884059558	1.0704596051184745
5	0.8410941103929671	0.7431082237907963	1.1318595104523514
5	0.7965684680111706	0.6621907103198211	1.202929089153861
5	0.7461110352168319	0.689531912509192	1.0820543932502698
5	0.7195412553827278	0.662784560346464	1.0856337012536845
5	0.7514243274848793	0.6780570896100903	1.108202154359861
5	0.7985294589246354	0.7033969618345809	1.135247239115069
5	0.826924242025132	0.7402583218410481	1.1170752393144907
5	0.7973637717907465	0.738474157417707	1.079744990100892
5	0.8050525204213701	0.7492911037496682	1.0744188959306413
5	0.7318081952873163	0.7064564100009141	1.0358858450818917
5	0.7588623917651752	0.7153361427939413	1.0608472665748863
6	0.6312044287195707	0.5265622962107429	1.1987269754440366
6	0.6117235957697055	0.5530962713801577	1.105998408275748
6	0.5947304246045899	0.5316666956920745	1.1186151576231889
6	0.6758892657546685	0.5918789266461627	1.1419383852446716
6	0.6671659498834309	0.5903671300960255	1.1300865442405539
6	0.6802093809846758	0.5917002822043154	1.14958434437555
6	0.6645480771632375	0.5935553514213223	1.1196059062931816
6	0.6336571833204969	0.5606626699758023	1.1301932824381637
6	0.6558114210548371	0.5280005952878538	1.2420656849776917
6	0.5765372249071804	0.473729842083627	1.2170169022313881
6	0.643413448212826	0.5470118694959939	1.1762330656657498
6	0.5825410148075717	0.5590726485708647	1.0419773106352068
6	0.6474105209495683	0.5769304023960334	1.1221639876505483
6	0.6371473444819855	0.5606078127272306	1.1365295488523561
6	0.6444539007332949	0.5544983964967577	1.162228610226582
6	0.6627493684574401	0.5725066194680477	1.1576274333268717
6	0.637339422426243	0.5741987855707079	1.109963027512812
6	0.6360086450306499	0.5508406385548262	1.1546146026902966
6	0.6486395918656619	0.5408257013515501	1.199350530577004
6	0.5591773983704375	0.5316332803558347	1.0518103719845509
6	0.6797378653876542	0.5601020944320501	1.2135963642073437
6	0.6232286575344151	0.552333283632224	1.1283561501779737
6	0.5627685513677889	0.5377970823165604	1.0464328830934968
6	0.586694188016439	0.5525155819948271	1.0618599857368944
6	0.6451536533285728	0.5840380334389698	1.1046432190892401
6	0.6624091075583589	0.5849250606969871	1.1324683315312958
6	0.6554622357006258	0.5782619604160504	1.1335039836081056
6	0.692780560797391	0.5886377940281806	1.176921644899044
6	0.6712909321287206	0.5437328037815429	1.2345970805146183
6	0.5995802753341117	0.5405553348516493	1.1091931513332698
6	0.63763696395963	0.584692044429162	1.0905518042102973
6	0.6325783897661663	0.5548047315243336	1.1401820385131693
6	0.6935231806874139	0.5636323617532406	1.2304530891912124
6	0.6506433840071377	0.5619220590422044	1.1578890231078645
6	0.6146727603181367	0.545646521305961	1.1265035811956923
6	0.6795689386561328	0.5923953770817528	1.1471543583000474
6	0.66739816314529	0.492471145406333	1.355202572517475
6	0.6436928895132755	0.5634327176875239	1.1424485467495755
6	0.6024264465817175	0.5413917002357215	1.1127367603149838
6	0.709066443640538	0.5459431849073201	1.2987916384759155
6	0.6298047608890723	0.5512599598862956	1.142482325433136
6	0.5711696033132789	0.5551435464779361	1.0288683115151367
6	0.6067713269596913	0.5064757793578154	1.1980263453645215
6	0.672735736794275	0.582406962778376	1.1550956286390963
6	0.6453880184528644	0.5827126769559704	1.1075578822556313
6	0.6396941684457585	0.5867753474348328	1.090185828771211
6	0.6113712687773549	0.5382021530606584	1.1359509903492524
6	0.5975270554507037	0.5641914553567119	1.0590856167307874
6	0.6555987180889338	0.5877574385945878	1.1154239402848973
6	0.6296936902171234	0.5375135628051022	1.1714935841450478
6	0.6237520641920625	0.566676118695316	1.1007205767346524
6	0.6537203740603313	0.5046680298430533	1.2953473083358022
6	0.688648478509104	0.5833864238437997	1.1804328149629482
6	0.6273147912709991	0.5620972164141111	1.1160254364413016
6	0.633814195185866	0.5654459062962361	1.1209103967830512
6	0.6693834943317759	0.5705669186498664	1.1731901595622463
6	0.6115740813754315	0.579685278954043	1.0550105437883934
6	0.6209163089773082	0.578281400093664	1.0737269240835665
6	0.6516834545297137	0.5584786529631675	1.1668905356937487
6	0.625583127519446	0.5674953688483975	1.1023581193075187
6	0.7154731041382781	0.5861848179792087	1.2205589128097396
6	0.698676660939378	0.6010601959930894	1.1624071359192298
6	0.6372487929332206	0.5406095955842412	1.1787596782194378
6	0.6817058886763597	0.5962571037212521	1.1433086237829624
6	0.544720213808881	0.530681330266627	1.0264544515541947
6	0.5998336687972998	0.5575153272094546	1.0759052523267159
6	0.623780341939298	0.5682573921484609	1.097707395553477
6	0.6527399027142998	0.5411415590702142	1.2062276344767036
6	0.5929818505059113	0.5696648790290645	1.0409310321475114
6	0.6281440354706816	0.5619304570251243	1.1178323360440257
6	0.6501877265874472	0.5879257920319084	1.1059010089357666
6	0.6823191805494299	0.5781830683494588	1.1801092385794845
6	0.6702311412562845	0.587603389777116	1.1406182348786484
6	0.6400817198153185	0.5758511694786806	1.1115401925723027
6	0.6467982215573713	0.5719825724475537	1.1308005745519067
6	0.6239844793819416	0.5559003267307693	1.1224754679522728
6	0.6072705236797313	0.537048171860532	1.1307561509350703
6	0.6882077552630996	0.5788516685551782	1.1889190144011776
6	0.6691824394164723	0.5987309917172865	1.1176679488347783
6	0.6389175484018315	0.5683392112119312	1.1241834731751104
6	0.6515805230979366	0.5562393084686422	1.171403230907528
6	0.6332917314921778	0.5783844431057408	1.094932166729109
6	0.6879917864867746	0.5970323671775555	1.1523525763590101
6	0.6959797519569827	0.6048416943405959	1.1506808450362311
6	0.6519692638186212	0.5560754161133877	1.1724475582385394
6	0.6491954692909836	0.5889646718318987	1.1022655523152938
6	0.5954550179303968	0.5657599890182892	1.052486972370801
6	0.6807569995346959	0.574331746797003	1.185302751121137
6	0.6014683112305356	0.5028614531913006	1.1960915027657182
6	0.6504828817635826	0.5493338782616248	1.1841302848862068
6	0.6129103351893084	0.5669174813279235	1.081127951379543
6	0.6484180744553221	0.5800992484216843	1.1177709266466342
6	0.6190443071888267	0.5719505849914973	1.082338795401406
6	0.5982043411586396	0.5631028672751964	1.0623358109563463
6	0.6633130566632204	0.5783412696119795	1.1469232640241118
6	0.6316819423027283	0.5511143761183388	1.146190282227531
6	0.6023892010161109	0.5586116679622101	1.0783684544463585
6	0.6463132964079813	0.47749606919197934	1.3535468417607606
6	0.6962963999840603	0.5858201346800371	1.1885839334702333
6	0.6758531602088844	0.5669045908995181	1.1921814906040815
6	0.6401514666763386	0.5420180275050569	1.1810519838666549
6	0.6797293390965746	0.5746432787326915	1.1828718167480148
6	0.7095934213420086	0.5798584899823911	1.2237355037494704
6	0.6233485165099839	0.5335002850733307	1.168412714951602
6	0.6183327234836259	0.5608544248993371	1.1024834538741584
6	0.6601448610906594	0.5693635641967302	1.1594434603872226
6	0.718271234996321	0.5679664783988891	1.2646366683842758
6	0.5946810548946253	0.556384203195578	1.0688316661024708
6	0.6028612662812876	0.5709843981436373	1.0558279144601623
6	0.5394747409796272	0.509523626883801	1.0587825814457406
6	0.6166289036964813	0.5671476390030888	1.087245826819219
6	0.656484489396496	0.5762286568252719	1.1392777530596847
6	0.6244052866040606	0.5768884276683235	1.0823675023744044
6	0.6104914859931952	0.5583396394081738	1.093405237429141
6	0.5592854323396367	0.5529104327740159	1.0115298955992504
6	0.5647469801280749	0.5445601384805456	1.0370699950676805
6	0.6532277236474308	0.5670281886576027	1.1520198408370121
6	0.6805237107809401	0.5091268460536759	1.3366486486732903
6	0.7031162387706926	0.5885810478499456	1.1945954449928993
6	0.6614986146866741	0.5882916388608204	1.1244399392920377
6	0.6712010485298766	0.5737308688017047	1.1698883309725836
6	0.6324472253364327	0.5672948267593088	1.1148475105075597
6	0.5145222747771817	0.4668807908710284	1.1020420733465426
6	0.5782911099099506	0.5511746168288822	1.0491976449080327
6	0.6037226276656215	0.47062607830363173	1.2828074250405657
6	0.6201707872337163	0.5378172263019356	1.1531255543784806
6	0.6429741023607602	0.568242151383321	1.131514268688996
6	0.6206531391227106	0.5364421828289557	1.1569804892107178
6	0.6345085407705777	0.5489488014045352	1.1558610550694897
6	0.6431594192298974	0.571579985682629	1.1252308256766237
6	0.6623576998873467	0.5599851832497829	1.182812902376205
6	0.5269640581275842	0.5139045957030938	1.025412231246197
6	0.5938927101623207	0.5471280709761109	1.0854729297708647
6	0.6461771691906041	0.5825538853504444	1.109214418511493
6	0.6408730239804334	0.5767680898956985	1.1111450775585168
6	0.6909262620749459	0.5840135956406366	1.1830653725056366
6	0.6864277893668549	0.5172218932615776	1.3271437236314043
6	0.610509271485569	0.5394817757048013	1.1316587491541756
6	0.5871898816328418	0.5089546480720469	1.1537174949814388
6	0.6269792349259161	0.5233975550315787	1.197902490943214
6	0.6675011292323714	0.5478845680522754	1.218324384651555
6	0.6636633775540302	0.5756216798745026	1.1529506284383215
6	0.631210208156584	0.5661094045308455	1.1149968594492612
6	0.6243507806797306	0.5820439869535666	1.0726865918632693
6	0.5648460520668642	0.5555037367697905	1.0168177361891362
6	0.6376718189508377	0.5541991846733114	1.1506184718166477
7	0.3921509510522457	0.27115352502002893	1.446232170587785
7	0.4367319527010928	0.31684929449957533	1.378358608596107
7	0.41623563608707537	0.3048134245819148	1.365542336785161
7	0.4425603344808562	0.32789876131106804	1.3496858991211986
7	0.43845732385014485	0.3365046426922911	1.3029755558263785
7	0.45622127364234144	0.3267391032354926	1.3962861167355485
7	0.40905452688033817	0.3237431624764136	1.2635155712675166
7	0.35057514339954376	0.24929751308020545	1.4062520683339295
7	0.5104636507078089	0.3300775030886678	1.5464963408023735
7	0.38926601744933825	0.24250747209799464	1.6051712307323878
7	0.5232020568357157	0.3266305104031501	1.6018162424261695
7	0.3651596261857989	0.3279471895125428	1.1134708204957275
7	0.434647324396074	0.3084983668914337	1.4089128859117575
7	0.41363238302723015	0.324126150819219	1.2761462843457303
7	0.5280408643853021	0.33389914433182993	1.5814382077617233
7	0.3971971445974674	0.3050367327787304	1.3021288976550538
7	0.32729719904620147	0.2767172537460193	1.182785657979268
7	0.42015361733373136	0.30933904254892286	1.3582301602529945
7	0.5673533434541905	0.3425763021298785	1.6561371581362154
7	0.36553834918129435	0.30812679367719276	1.186324450460639
7	0.6009631453173302	0.3191366905749872	1.8830901086132636
7	0.46080998055880357	0.32902353568641923	1.400538048433062
7	0.4082303291073493	0.31489839888478743	1.2963874397364257
7	0.3290357546070739	0.27089067577153975	1.2146440761385666
7	0.34607483716763604	0.2677978749931808	1.2922986680773643
7	0.38545455822320324	0.30147191110775845	1.2785753631469365
7	0.4068323304565097	0.3150299514712705	1.2914084154744607
7	0.5071840711053481	0.3140928373756845	1.6147584750514652
7	0.5722349180554136	0.321584880030691	1.7794210909443298
7	0.4216365879591645	0.2852591107881425	1.4780828096751217
7	0.38135949439702344	0.3139933464353718	1.2145464186627832
7	0.41725280291084665	0.3024373583835862	1.3796338029828912
7	0.4901464219293194	0.32144287896374235	1.5248321055032805
7	0.4146005901600562	0.3282139769045737	1.2632021161018345
7	0.37263071915649276	0.29116601053606905	1.2797878381148888
7	0.5021851634831046	0.3370482450869434	1.4899503878252303
7	0.6142326584137244	0.3116176325083126	1.971110086003684
7	0.4310566404947588	0.30530823016653885	1.4118736342601277
7	0.3823126170833925	0.2975094306142759	1.2850436918722914
7	0.5872456165597544	0.29836128759331315	1.9682366345067204
7	0.3903162128976108	0.30483705436221786	1.2804093443109565
7	0.3595968119768644	0.31498573943389857	1.1416288642880852
7	0.3841869605494181	0.27517922734394323	1.3961335826749284
7	0.438054419821583	0.314459082146738	1.3930410813104483
7	0.47727271465902776	0.33604562432104834	1.4202616553133722
7	0.39433017207567544	0.3164826985136681	1.2459770278995055
7	0.3924451474556726	0.2662618007671133	1.473907058109796
7	0.3310356267374365	0.2945923260404544	1.1237075696668948
7	0.4137657564947608	0.32063433795367524	1.290459902502835
7	0.5049714727885588	0.3113436321606019	1.6219103929772263
7	0.38429716574159495	0.30132699382860667	1.2753492837093159
7	0.4942673222642022	0.24475433637759925	2.0194425544381867
7	0.4358021141070118	0.29896856472292316	1.4576854075307304
7	0.42752244097406916	0.31903793827302285	1.3400363708726346
7	0.45057050256131354	0.30909057182454763	1.4577296871322094
7	0.38498430575442216	0.2727601968945362	1.4114387294685737
7	0.3798932324332567	0.3197323311455577	1.1881602059827687
7	0.3771085270382454	0.30874795788474463	1.2214122147457884
7	0.46925504826994124	0.30020804164481574	1.5630995282435824
7	0.39037234077070926	0.3090253308067796	1.2632373525871008
7	0.49574663239738437	0.3054428829592971	1.6230420155621923
7	0.42808315227757443	0.3124077242363275	1.3702707041703672
7	0.41735025593645114	0.27033750561357406	1.5438118916914922
7	0.4092209633188649	0.329550405007981	1.2417553038933589
7	0.42209422989288115	0.29228823934994425	1.444102680393944
7	0.4046611671397198	0.32246555140866734	1.254897353754492
7	0.3861127959112025	0.31395574913749086	1.2298319013808277
7	0.5465904753273152	0.33562350476523506	1.6285822284993097
7	0.45139473971510763	0.33529040306932684	1.3462799280353226
7	0.37023816890270533	0.3006344247612934	1.2315228676711858
7	0.3690198846932251	0.2940047810065234	1.2551492646816422
7	0.4219647984873519	0.3028502801592592	1.3933115672386178
7	0.4494285391853167	0.32001213968439485	1.4044109065004722
7	0.3636960819964525	0.31274939788887446	1.1628993835047456
7	0.42938105890260186	0.3266745472245427	1.3144001041729858
7	0.41834690621027076	0.3076752372338947	1.3597028801256548
7	0.406770546062878	0.3049173631217785	1.334035365839174
7	0.4826259245594442	0.30510567104196584	1.5818320351477875
7	0.41748594768258407	0.31208466184243944	1.337732989560884
7	0.45072221541266444	0.3344823725643404	1.347521580755244
7	0.402137026870352	0.2650353676912516	1.5172957117889816
7	0.4136666475162095	0.3243242318684221	1.2754725267769493
7	0.44202130788814803	0.27313756669462613	1.618310191590517
7	0.45435500339422064	0.3236627535386228	1.4037914416371122
7	0.42803659232766067	0.32490411561761423	1.3174243469153988
7	0.36630068680815464	0.31356602397890687	1.168177222009216
7	0.401653056879504	0.29935570224433455	1.3417250911481693
7	0.5388786556860679	0.33301789082872435	1.6181672832803464
7	0.37915889463582975	0.27996704108005366	1.3542983244496027
7	0.44096259097129076	0.3150611992461511	1.3996093204316644
7	0.44478625855619514	0.33631932861330616	1.3225117342797812
7	0.36596088713727004	0.3070749031872672	1.1917642351712854
7	0.3539614826761689	0.31244491581457834	1.132876436005855
7	0.45155050996944546	0.3247637708876169	1.3903968066859975
7	0.4003955245389587	0.29295731333285324	1.3667367439434288
7	0.41488865467467306	0.3041445974253313	1.3641164702145658
7	0.37591169434339466	0.3236515708336338	1.1614703224679361
7	0.46621008076472226	0.23427125343203664	1.9900439082252672
7	0.3978577387985133	0.28549222925460177	1.3935851768620438
7	0.4770303290975616	0.32964307009514715	1.4471116561311999
7	0.4704808018429471	0.3088226627081016	1.523465919622759
7	0.5573054165417023	0.3375835874136552	1.6508664441047392
7	0.48436896443913663	0.31584557360921667	1.5335626170225432
7	0.5489000786899434	0.33471869019414685	1.6398847592632635
7	0.3919142735071053	0.30919235762716474	1.267541916348688
7	0.4307904177003968	0.29413062607624274	1.4646227883414287
7	0.4906668245458995	0.2923200415413103	1.6785261180135644
7	0.3578095842228041	0.2965701040440579	1.2064924257154679
7	0.42723040952288943	0.3245052714617101	1.3165592275233666
7	0.4396448236955889	0.32481711715546063	1.3535149487986207
7	0.3666335375659463	0.3131908094378286	1.1706395159680654
7	0.482660664713364	0.35094814249088513	1.3753047994146306
7	0.38628954895921364	0.3091160735513496	1.2496585652154517
7	0.408148046412359	0.3026766098456098	1.3484624617030976
7	0.37420410944219407	0.29861388091884555	1.2531370219319835
7	0.37163308385824634	0.3166055503881253	1.17380470242124
7	0.3435290551040951	0.275951658991178	1.24488852996922
7	0.5204871915432752	0.298080664188052	1.7461286627263826
7	0.39782133357185934	0.2840900662466342	1.4003352487041514
7	0.4840789794210374	0.3228399442340127	1.4994395460251644
7	0.510799085427178	0.3389725208638728	1.506904111653076
7	0.46136658632909144	0.3219366347480438	1.433097499730558
7	0.37256072556962144	0.2540323536628557	1.4665877011243738
7	0.3567091115038353	0.28628607479492596	1.2459883414146327
7	0.4413697905164711	0.2545032447710684	1.7342403273227167
7	0.41671957634776896	0.2771689112736676	1.503485994994271
7	0.37358408953317357	0.25731624282271476	1.4518480661578943
7	0.4209408661588731	0.3065899794971411	1.3729765951558057
7	0.40812485134007465	0.3161713283276052	1.2908344773033644
7	0.4040804658652638	0.32397061338726924	1.2472750588098327
7	0.42011692035009485	0.2765277187540881	1.519257896615053
7	0.33978150508859983	0.2663172507147956	1.2758524060181087
7	0.370303224953752	0.26818196123023785	1.3807909497531106
7	0.4159768570794471	0.3274067559343806	1.2705200779754766
7	0.40716409065301934	0.27571098284469003	1.4767786413585773
7	0.44877700543179017	0.30660203408594444	1.4637117681547809
7	0.4596725650347203	0.2854992316153541	1.6100658570388922
7	0.3799576267938682	0.31493337514065134	1.2064698656475408
7	0.5468136056581188	0.329099248644957	1.6615461989341676
7	0.4897781761914962	0.3158427872332395	1.550702425348758
7	0.4470666165503439	0.30328864633711905	1.4740631472679961
7	0.419045643661531	0.30259309931061934	1.3848486453135214
7	0.374796284832337	0.29189559858976255	1.2840080036941057
7	0.3586641451926626	0.28138710938731387	1.2746289123677699
7	0.390679392563526	0.3182603868893121	1.2275464011781039
7	0.5073573447820574	0.3285028705458466	1.5444533070259716
8	0.4434384380293853	0.4371080753758121	1.014482374063052
8	0.4419418968139787	0.4442669424229166	0.9947665572498875
8	0.45551997082734896	0.4448281596173169	1.0240358236745402
8	0.45557479164439396	0.44673411212231157	1.0197895779216024
8	0.44692967969585257	0.4433392326567165	1.0080986449532567
8	0.46334418885927187	0.4512868128611638	1.026717767181505
8	0.4620495779160059	0.4499852416103316	1.0268105155237992
8	0.44231181505426953	0.4355505418268792	1.015523510082276
8	0.4334090073511871	0.4376835221837646	0.9902337771107983
8	0.4622577669143377	0.44510450073583324	1.0385376156613721
8	0.45922832983775336	0.45076991647406106	1.0187643697029614
8	0.44596451172923024	0.4423158596367671	1.0082489741504168
8	0.4722587588912561	0.45521215849172625	1.0374475946688486
8	0.44530477864204626	0.4423204421196918	1.0067470011289845
8	0.44782922451033186	0.43964152772244647	1.0186235745979266
8	0.4314081843959414	0.43758835088800246	0.985876757277657
8	0.4582847716623856	0.4458063177007473	1.0279907517372031
8	0.44654601988746323	0.4396708486589767	1.0156370868104088
8	0.4615412112992054	0.44406360412919343	1.0393583419300607
8	0.4421353808350979	0.43958077823843406	1.005811452008664
8	0.46290913562108144	0.44744964550907984	1.0345502343496389
8	0.46786343032323535	0.44786697029324896	1.0446482133230173
8	0.4537371356106644	0.4435042439096261	1.0230728157431646
8	0.4530228143976217	0.4424675608007641	1.0238554292607462
8	0.4478802750878783	0.44032554053476636	1.0171571572794458
8	0.45313024062342694	0.4473640511193675	1.0128892553830189
8	0.45132383683939564	0.44643613971216933	1.0109482559596934
8	0.4636160845425256	0.4498618352247031	1.0305743858243774
8	0.4482812308776135	0.4399398849827147	1.01896019474394
8	0.45434270477060934	0.44342435868141183	1.024622792761464
8	0.4320701191054047	0.438215524406975	0.9859762948611036
8	0.4266190905134596	0.4348797308212488	0.981004770463343
8	0.5205065074645562	0.4573487895137919	1.1380952992526936
8	0.46055944139680055	0.45223785025676977	1.0184009169849582
8	0.4519141746198979	0.441956920450716	1.0225299202443245
8	0.4693081148941335	0.4516220763461595	1.039161147061416
8	0.458241690117673	0.4441987732616266	1.0316140379067984
8	0.46692410381123217	0.44872705360188003	1.0405526033326642
8	0.4412366652016176	0.44029823293985404	1.0021313559572966
8	0.4823033802973624	0.4547441470675908	1.0606038217478704
8	0.44133041248420757	0.43952351864438965	1.0041110287917945
8	0.44865683529208267	0.4422707952951563	1.014439207980406
8	0.44182939237146857	0.4383235999168942	1.007998183203549
8	0.4699341213087337	0.4496190932217596	1.0451827522301291
8	0.46525561523297787	0.44685335249281793	1.0411818835810474
8	0.4494653610329885	0.4467819558907953	1.0060060732238907
8	0.441661511565316	0.4315145571173581	1.0235147442434909
8	0.4121084074967919	0.4301981548557176	0.9579501977060019
8	0.4549556765927904	0.4440491551912649	1.0245615181878405
8	0.44665658861758795	0.44266027121806883	1.0090279558825608
8	0.47790177380997784	0.45435219627531287	1.051831107514654
8	0.45343103158257875	0.43286444199813534	1.0475127721036785
8	0.4518262289136487	0.44397084171543655	1.017693475472083
8	0.43254762701597027	0.43577826316883916	0.9925865137710708
8	0.4553103502049015	0.4469321578402971	1.0187460047741703
8	0.43343079575532395	0.4368058021552651	0.9922734396308649
8	0.45202002173940786	0.44611849408235044	1.013228610190655
8	0.4533933701333569	0.44629382266381673	1.015907787894452
8	0.4627491699445877	0.44873830721299696	1.0312227917839436
8	0.45454968656397465	0.44672752196714105	1.0175099231907385
8	0.4723800305164986	0.44558021579728896	1.0601458811883198
8	0.45552722450093536	0.4358635886463109	1.0451141971177154
8	0.46160628642805374	0.446479110120683	1.0338810393688562
8	0.4387885433182458	0.44159048810228113	0.993654879668997
8	0.44655173714103	0.4435370767946535	1.00679686209812
8	0.4319377526398684	0.43569088152437224	0.991385798868747
8	0.43871265813698235	0.4379674984951061	1.001701403972753
8	0.4509595239629668	0.44263240304652074	1.0188127232871627
8	0.44639945176471035	0.44427578312606525	1.0047800684153936
8	0.4322912200256952	0.4407347979416432	0.9808420438881116
8	0.43585973031343467	0.4352303939953259	1.0014459843034664
8	0.45976853944306395	0.4456369862896732	1.031710907281392
8	0.4374566084299982	0.4409577672165245	0.9920601040579762
8	0.4387162556394342	0.4388702351492972	0.9996491456983622
8	0.4513756334979745	0.4365677167209609	1.0339189459271867
8	0.4310244442099873	0.4351333773991071	0.9905570719173973
8	0.45854985872804477	0.44479183944578965	1.0309313662305442
8	0.4661093883970048	0.44470960556309674	1.0481208019035508
8	0.44596069713837083	0.43901347173900623	1.0158246291892716
8	0.4321733066725876	0.43620647259781037	0.9907539979835617
8	0.42985099056943604	0.43345508083449497	0.9916852047088242
8	0.45671169040896087	0.4460626674632534	1.0238733786135212
8	0.44887119084627597	0.43742793614952397	1.026160319794574
8	0.4472965952141861	0.4413527707168591	1.0134672871491728
8	0.4429631677637159	0.441389981814462	1.0035641632435492
8	0.4633418839996895	0.4504692915692549	1.02857595994078
8	0.4530018239899568	0.4475219971456352	1.0122448212138684
8	0.43588198078017193	0.43638934281407427	0.9988373638305863
8	0.4463567456804056	0.4431162565062889	1.0073129548431965
8	0.45612825195964	0.44147690236466236	1.0331871260229046
8	0.44984889325668415	0.44451532650445413	1.011998611598326
8	0.4538982189480582	0.44655627777670476	1.016441245004789
8	0.4312363977830402	0.4390724145421679	0.9821532473924637
8	0.4624623633785278	0.44544354147180354	1.0382064623734175
8	0.4450123300409821	0.4442385549496754	1.0017418008470569
8	0.445350995524349	0.44212659228530277	1.0072929411967275
8	0.4531402899542315	0.44537426949310766	1.0174370658411913
8	0.43714837182109223	0.43091556361362543	1.0144641055783619
8	0.4448460973498147	0.4391363716486078	1.0130021698721319
8	0.456616283722037	0.43946605881771367	1.039025140986911
8	0.45814969319486687	0.4417833079137669	1.0370461830221402
8	0.45031375930912254	0.44756927399553414	1.0061319788310932
8	0.4612841176434307	0.4424492330847643	1.0425695947698885
8	0.45547128901725265	0.4461717350053841	1.0208429922432365
8	0.46436348672185945	0.45304170621924816	1.0249905921401685
8	0.4402374800762329	0.44137371350466725	0.9974256884955558
8	0.45400662297893923	0.4434104039112538	1.023897091665459
8	0.44365712706799715	0.4404542003181663	1.0072718724160588
8	0.4488809300451789	0.44461237331089776	1.0096006251524097
8	0.4399458955879784	0.43883263353250335	1.0025368716235015
8	0.44067009270446666	0.4409949549255279	0.9992633425452313
8	0.452487686885493	0.4446102953281457	1.0177175194549495
8	0.46563324361663766	0.44710263759121904	1.041445977874908
8	0.450097009814099	0.4463152907288936	1.0084732008151218
8	0.45076543185060525	0.4446603177848203	1.0137298378596027
8	0.45081614586154356	0.4485992878037931	1.004941733342029
8	0.4417616998505275	0.44139165773061106	1.0008383532253848
8	0.4461844655414492	0.4441410269303335	1.0046008778455773
8	0.4657445952734335	0.4496763767473174	1.0357328500161465
8	0.48286848789605735	0.45509988880114377	1.0610164928144974
8	0.45781895426087826	0.4431999185492772	1.0329851949419429
8	0.45821622026737047	0.4467137684990823	1.0257490424056894
8	0.4317043554298512	0.4309900987429269	1.0016572461618205
8	0.45128693771518485	0.4475892408559455	1.0082613622529624
8	0.441772386265447	0.43617198231544135	1.0128398984278533
8	0.4440368700973011	0.44142558547937577	1.0059155715115369
8	0.44771577508283417	0.4370447053970079	1.0244164259492234
8	0.44153280012538776	0.44075290357656643	1.0017694643472401
8	0.43273623841605635	0.4328454373660481	0.9997477183757412
8	0.44050884547714036	0.4389848919954602	1.0034715397032294
8	0.447943076439213	0.4349557633376975	1.0298589286456523
8	0.42793625343936287	0.4330092411155898	0.9882843431628455
8	0.46608071438232856	0.4485659086480566	1.0390462257532238
8	0.4369345542282451	0.4379126091933649	0.9977665521736829
8	0.46166706993369455	0.4472939964908225	1.0321333922557285
8	0.43384207646854345	0.43149415375983313	1.0054413777991003
8	0.4522749271345532	0.4382619656572607	1.0319739392768825
8	0.430631146321743	0.4380753634655028	0.9830069943105896
8	0.4485342894735306	0.4424860581799609	1.013668749967959
8	0.4242205492606696	0.42301920375363655	1.002839931370427
8	0.4429025429723712	0.44294711858517244	0.9998993658363924
8	0.4563471662502076	0.4473254548860547	1.0201681153299245
8	0.44715473778506654	0.4428201567783456	1.0097885810760205
8	0.449320486701356	0.43939432497330533	1.0225905551435006
8	0.44026640256256433	0.43784561519996845	1.0055288605813497
8	0.4698574925269128	0.4496947390591659	1.044836534022903
9	0.9334262274823004	0.9312876164188161	1.0022964023420693
9	0.9365152547433061	0.9338816572655196	1.0028200548295358
9	0.9376849995006975	0.9336390648410436	1.0043335104667483
9	0.9381710218128472	0.9333078656682354	1.0052106666229903
9	0.9397475703037059	0.9350562636967037	1.00501713831471
9	0.9361488050953308	0.9330781510953928	1.003290886188186
9	0.9359145535070024	0.9334812190380716	1.0026067310400077
9	0.929590711553012	0.9297679230599807	0.9998094024298176
9	0.9356998544027892	0.9334817314559026	1.0023761824919992
9	0.931354547147458	0.929661464429038	1.001821181992802
9	0.9365752247265394	0.9327793770248558	1.004069394966461
9	0.9294284261819419	0.9303970021586137	0.9989589648564811
9	0.9378418449327853	0.9336675012859178	1.004470910298493
9	0.9376052028512729	0.9344168343966013	1.0034121479165456
9	0.9382522832744801	0.9337816952039475	1.0047876158779876
9	0.9371276320711821	0.9336832244332668	1.0036890537901717
9	0.9302558901958229	0.9298955101903186	1.0003875489251803
9	0.9313036602934124	0.9307039565062337	1.000644355042209
9	0.935348573402987	0.9327168120946655	1.0028216080960428
9	0.9328735883242103	0.9317548026943373	1.0012007296626084
9	0.9409489420682231	0.9321764469458079	1.0094107667611185
9	0.9381795425516429	0.9342309583176044	1.0042265611077044
9	0.9362755932114307	0.9332931659722244	1.0031955952833957
9	0.9329304621056369	0.9304499893478201	1.0026658850945396
9	0.9305874176901376	0.929905747804878	1.0007330526635294
9	0.9359818203809368	0.9329689433172826	1.0032293433615715
9	0.9327061961249647	0.9316593005640217	1.0011236892717212
9	0.9387069306743809	0.9327901695850137	1.0063430783066674
9	0.9412120584982414	0.9349786673739334	1.0066668805843622
9	0.9336472781054646	0.9307692559121928	1.0030920898761866
9	0.9331097381552258	0.9321874109646153	1.0009894224914022
9	0.9342617939030065	0.9316153701549528	1.002840682789093
9	0.9439207655464262	0.9330701196662465	1.0116289715547433
9	0.9369841962969737	0.9337909037386044	1.0034197083582463
9	0.9353164365231695	0.9331433071154782	1.0023288270848867
9	0.9374757460455806	0.9325180021545172	1.0053165127961163
9	0.9384094580912894	0.9334543870430653	1.0053083162037735
9	0.9346537766037841	0.9316541844632055	1.0032196411400298
9	0.932192483556532	0.9316323023660159	1.0006012900036778
9	0.9426320249128203	0.9323066490490043	1.0110750855143513
9	0.9382751229690282	0.9338966894261459	1.0046883489281588
9	0.9324626073231645	0.9317396085413608	1.0007759665631641
9	0.9373985319281448	0.9331786227375857	1.0045220808618391
9	0.9327174505728388	0.9298065119597846	1.0031306928652486
9	0.9367094100126273	0.9329433058143646	1.004036798565134
9	0.9329792782639459	0.9318355549107279	1.001227387544069
9	0.9233285894274573	0.9256170898832111	0.9975275948545391
9	0.929368073856158	0.9303555058858579	0.9989386508453457
9	0.9341949191116438	0.9317872548956408	1.0025839205283749
9	0.9386673190640629	0.934116292455149	1.0048720128807007
9	0.9386745999885953	0.9347719226919572	1.0041750048347613
9	0.9308297120896407	0.9273937239494073	1.003704993954025
9	0.9363281974887429	0.9334647844278516	1.0030675105356506
9	0.9354014501905764	0.9331703615529948	1.0023908695877017
9	0.9347547931774558	0.930701416299475	1.0043551850324859
9	0.9338175916277554	0.9311096309100887	1.0029083156566858
9	0.9360554316438836	0.9339122416341269	1.0022948516083339
9	0.9328339408923497	0.9316723434578444	1.001246787502776
9	0.9364326867327067	0.930993048415903	1.005842834515316
9	0.9329139899602612	0.9318614138657537	1.0011295414520287
9	0.9365994559028573	0.9309494621137314	1.0060690660654097
9	0.9353413547947182	0.9319617307346364	1.0036263549764193
9	0.9358832447835759	0.932847207205319	1.0032545925579308
9	0.9364395676924623	0.9347808360158094	1.0017744605074732
9	0.9312234145231617	0.9295238556728771	1.0018284187543034
9	0.9347072065818558	0.9326870531029717	1.0021659499530557
9	0.9367364780540489	0.9331600927262965	1.0038325528016352
9	0.9382606319283153	0.9330815433590529	1.0055505208586786
9	0.9346909258840584	0.9332276911481557	1.0015679289735846
9	0.9325763024608744	0.9315837076488486	1.0010654918112845
9	0.9327025826522035	0.9308782366263839	1.0019598116639092
9	0.9364251645749115	0.9324325611841889	1.0042819218857522
9	0.9383334159953598	0.9337366716559414	1.0049229557743151
9	0.9344134195940518	0.9316717516379508	1.0029427402422375
9	0.9326683910662112	0.9306771795280708	1.0021395297767484
9	0.9378129192971268	0.9333860168033972	1.004742842097518
9	0.9340136200738239	0.9312455761027156	1.0029724103310027
9	0.934140437683691	0.9296799543205915	1.0047978697855857
9	0.9304365398732966	0.9298168990937704	1.0006664116130068
9	0.9369089026948993	0.933425005700262	1.0037323801841196
9	0.9310759226761188	0.9299497189882547	1.0012110371828375
9	0.9362032901654033	0.9330518529592718	1.0033775584884552
9	0.9401843072290565	0.9330203230103159	1.0076782724256494
9	0.9391985839758963	0.9344458663234047	1.0050861348139848
9	0.9329030449235667	0.931575327069518	1.001425239393389
9	0.9349028148608397	0.9321172069558892	1.0029884738573251
9	0.9343545524282793	0.9319018217301359	1.0026319625532973
9	0.936027830018428	0.9332862259624275	1.0029375811832788
9	0.9368834021340213	0.9335636279906891	1.0035560234394278
9	0.9375108905383126	0.9335738157205081	1.0042172078431377
9	0.9360727344334941	0.9333081506232356	1.0029621340051649
9	0.9330483476082307	0.932218621264674	1.0008900555348605
9	0.935804525110815	0.9334435981551014	1.0025292657857205
9	0.9350178193141797	0.9320914957781815	1.0031395239085998
9	0.9379297728446673	0.9335951976409046	1.004642885069156
9	0.9367417853110925	0.9330794867996182	1.003924958766413
9	0.9337457151940238	0.9324510606334048	1.0013884423700903
9	0.9321265750261161	0.9298326465506899	1.0024670337011028
9	0.9360462358220382	0.9320893477375463	1.0042451811021083
9	0.9388856238121148	0.9332099608895045	1.0060818713477946
9	0.9383922813331628	0.9328678050152938	1.005922035564062
9	0.9370450422119136	0.9336774593772232	1.0036067946172083
9	0.9358780032089739	0.9302603633998535	1.0060387822916472
9	0.9378945605964851	0.9339094507206839	1.0042671266178171
9	0.9351667161974913	0.9322063746595102	1.0031756289363096
9	0.9404264967363154	0.9350969220223089	1.005699489099462
9	0.9336274301461474	0.930188298177378	1.0036972427792394
9	0.9365471960390572	0.9332627911789463	1.0035192711968748
9	0.9357409235790293	0.9326629250722995	1.0033002260773807
9	0.935931722245774	0.9328028171174967	1.0033543049729912
9	0.9320913837664506	0.9316809787532163	1.0004404995085159
9	0.936575037030444	0.9338013255541988	1.0029703443337896
9	0.9376168209699316	0.9333410764673717	1.004581116818241
9	0.9381587443354611	0.9331581028653122	1.0053588362516428
9	0.9365537489692344	0.9333422087048726	1.0034409032768572
9	0.9339639947161448	0.932493821540981	1.0015766036634262
9	0.9324121996985852	0.9310426530328336	1.0014709816583487
9	0.9392032420826592	0.93372870439876	1.0058630924144334
9	0.9397432028750181	0.9341837580472716	1.0059511255466136
9	0.9369819631028189	0.9322921469237935	1.00503041476269
9	0.9379317129384322	0.9323859315574117	1.0059479462241103
9	0.9347382727189583	0.93148931395151	1.0034879184535845
9	0.9299475874249182	0.928699673602869	1.0013437216115388
9	0.9350597084056533	0.9318750373751873	1.00341748721957
9	0.931975579674005	0.9300238085470627	1.0020986249050887
9	0.9310908853598734	0.9298728736479027	1.0013098690654265
9	0.9372024311193357	0.9327347689227099	1.0047898527485855
9	0.9361479492554112	0.9331550327284689	1.0032073089915094
9	0.9347644519297124	0.9329035013296407	1.0019947943141163
9	0.9346208680543227	0.9320767108494659	1.0027295577448105
9	0.9326305836326343	0.9293552897101156	1.0035242645722071
9	0.9265371480774572	0.928433268941944	0.9979577198190586
9	0.9317623011732066	0.9294678660501015	1.0024685470115882
9	0.9348148394118599	0.9327645434419413	1.0021980852341932
9	0.9353596292166733	0.9315118628797137	1.004130668100205
9	0.9332245615394419	0.9315611589094042	1.0017856075407707
9	0.9361747501826464	0.9314992199380393	1.0050193603435524
9	0.935474541703018	0.9329344293508617	1.002722712628286
9	0.9390174540620185	0.9333514642646781	1.0060705854271137
9	0.9357892756064926	0.9320126375909717	1.0040521317664561
9	0.9392053919000733	0.934080652580637	1.0054863991725747
9	0.9364970997452925	0.9333153568961644	1.0034090758558922
9	0.9333058740339432	0.9310198245898157	1.002455425098101
9	0.9338247819248784	0.9323703368492757	1.0015599435311484
9	0.93517169504682	0.932668590675252	1.0026838090148997
9	0.9388851236736858	0.9336977198061175	1.0055557636669024
