1.0	0.999990397723597	1.0000096023686076
1.0	0.9999945461442663	1.0000054538854783
1.0	0.9999905350952194	1.0000094649943658
1.0	0.9999905350952194	1.0000094649943658
1.0	0.9999905350952194	1.0000094649943658
0.9997357878090597	0.9998611882448749	0.9998745821547136
1.0	0.9999899605941704	1.0000100395066203
1.0	0.9999902563056824	1.000009743789258
1.0	0.9999902563056824	1.000009743789258
1.0	0.9999910345448308	1.0000089655355493
1.0	0.9999901106600274	1.0000098894377727
1.0	0.999990397723597	1.0000096023686076
1.0	0.999990397723597	1.0000096023686076
1.0	0.999990397723597	1.0000096023686076
1.0	0.9999905350952194	1.0000094649943658
1.0	0.9999905350952194	1.0000094649943658
1.0	0.9999901106600274	1.0000098894377727
1.0	0.9999902563056824	1.000009743789258
1.0	0.9999905350952194	1.0000094649943658
1.0	0.9999898059037879	1.0000101942001327
0.9990535175879102	0.999468920132245	0.9995843767265121
1.0	0.9999901106600274	1.0000098894377727
1.0	0.9999905350952194	1.0000094649943658
1.0	0.9999902563056824	1.000009743789258
1.0	0.999990397723597	1.0000096023686076
1.0	0.9999902563056824	1.000009743789258
1.0	0.9999902563056824	1.000009743789258
1.0	0.9999902563056824	1.000009743789258
1.0	0.9999905350952194	1.0000094649943658
1.0	0.999990397723597	1.0000096023686076
1.0	0.9999905350952194	1.0000094649943658
1.0	0.999990397723597	1.0000096023686076
1.0	0.9999905350952194	1.0000094649943658
1.0	0.9999905350952194	1.0000094649943658
1.0	0.9999905350952194	1.0000094649943658
1.0	0.9999905350952194	1.0000094649943658
1.0	0.9999905350952194	1.0000094649943658
1.0	0.9999905350952194	1.0000094649943658
1.0	0.9999905350952194	1.0000094649943658
1.0	0.999990397723597	1.0000096023686076
1.0	0.999990397723597	1.0000096023686076
1.0	0.999990397723597	1.0000096023686076
1.0	0.9999944621095092	1.0000055379211592
1.0	0.9999944621095092	1.0000055379211592
1.0	0.9999902563056824	1.000009743789258
1.0	0.9999902563056824	1.000009743789258
1.0	0.9999902563056824	1.000009743789258
1.0	0.9999905350952194	1.0000094649943658
1.0	0.9999905350952194	1.0000094649943658
1.0	0.9999899605941704	1.0000100395066203
1.0	0.9999902563056824	1.000009743789258
1.0	0.9999901106600274	1.0000098894377727
1.0	0.9999902563056824	1.000009743789258
1.0	0.9999902563056824	1.000009743789258
1.0	0.9999905350952194	1.0000094649943658
1.0	0.999990397723597	1.0000096023686076
1.0	0.999990397723597	1.0000096023686076
1.0	0.9999898059037879	1.0000101942001327
1.0	0.9999898059037879	1.0000101942001327
1.0	0.9999905350952194	1.0000094649943658
1.0	0.9999909005320481	1.000009099550753
1.0	0.999990397723597	1.0000096023686076
1.0	0.9999909005320481	1.000009099550753
1.0	0.9999905350952194	1.0000094649943658
1.0	0.9999901106600274	1.0000098894377727
1.0	0.9999901106600274	1.0000098894377727
1.0	0.9999909005320481	1.000009099550753
1.0	0.9999902563056824	1.000009743789258
1.0	0.999990397723597	1.0000096023686076
1.0	0.9999905350952194	1.0000094649943658
1.0	0.9999905486165118	1.0000094514728177
0.8883745901709894	0.8790022956264816	1.0106624232850587
0.886389245559623	0.8963437073660575	0.9888943697326931
0.9681581159043702	0.9172842693754554	1.0554613746549397
0.9572097276561872	0.9194702136567242	1.0410448467377462
0.8782885601016004	0.8813698017406031	0.9965040308473043
0.9348471486288122	0.908859115396553	1.0285941272877261
0.9231831444823012	0.8935201349532227	1.0331979195193306
0.8091088914510924	0.7610935896476414	1.0630872503152737
0.8898114157868419	0.8907381539525	0.9989595840690714
0.9442688026339523	0.9125615850210232	1.034745290765443
0.9572982034569535	0.9163411283939066	1.0446963186459102
0.9070822495704287	0.8978667005688219	1.01026382757682
0.9381310297123526	0.9166661401218849	1.0234162566401914
0.9762172807875317	0.9305844017070289	1.0490367977335484
0.8665847229681154	0.8664396684704597	1.0001674144235706
0.9420695421830902	0.9096425652381206	1.0356480426314276
0.9754364682787501	0.9223549411566473	1.0575500002803018
0.9360587897916097	0.9019283749266057	1.0378416022977228
0.9271764869902853	0.8914329013649288	1.0400967762919984
0.8641920407745463	0.8788895620402717	0.9832771693958837
0.9431759862548248	0.9161866809557797	1.0294583034877667
0.8852479547033945	0.8739720405341698	1.012901916361458
0.871165640717507	0.8856392405767956	0.9836574541910967
0.934811784536558	0.9037254475850277	1.0343979878342482
0.9392022559481428	0.9127951982453475	1.0289298823586683
0.934160363132138	0.9088474073511937	1.0278517114932617
0.9046928758030582	0.8821964468406002	1.0255004755947774
0.9206530146096823	0.9046001700187397	1.0177457899334796
0.9593685729010534	0.9219132932149626	1.0406277683180747
0.9597132071046853	0.9233386042576113	1.039394651842073
0.892436618544896	0.8926887557951487	0.9997175530120482
0.9584375938848789	0.9240954841842929	1.0371629450509654
0.9259303203741581	0.9042089114446064	1.0240225556888713
0.9171963375956895	0.9004462362379262	1.0186020005233687
0.964352085767428	0.9139449391890074	1.0551533734878489
0.8790000030571569	0.8848585035055174	0.9933791669231282
0.9383398569384935	0.9130339249012362	1.027716310804108
0.9297717590882126	0.905462760218912	1.026847044337222
0.9161556860852643	0.8984200391474898	1.0197409298156392
0.9673758346584859	0.9238091075496822	1.0471598804912852
0.9240186676350757	0.9059919802685057	1.0198971820492577
0.8658909590819022	0.8719500574888284	0.9930510946643251
0.9291251782133023	0.8968656160267056	1.0359692261695939
0.942944472277186	0.9058908010395598	1.0409030218599251
0.908149866254184	0.9048699146020467	1.0036247769974536
0.9517763935902591	0.9187520394200055	1.035944795497925
0.9447561487943018	0.9111048291893568	1.0369346298327557
0.946055449044467	0.9157008768491179	1.0331490041811444
0.9294985069295887	0.9125919059528591	1.018525915983308
0.9403974848895236	0.911140249258555	1.032110573157949
0.9203312122678552	0.893501383069792	1.0300277422133184
0.931613893863401	0.9056469533477415	1.0286722551427707
0.9375347443979957	0.9088183483600278	1.0315975091059582
0.9474333735126529	0.9100718748628952	1.0410533493910976
0.9281206709192478	0.8807612695287395	1.053770985429285
0.8440567636169877	0.8619312080978607	0.9792623305515077
0.9184715744255895	0.9044217371370089	1.0155346081497953
0.9117179628935886	0.8880060261095397	1.0267024503064848
0.9523094657543102	0.912058746793979	1.0441317175037446
0.8784570175568763	0.8722194910423934	1.007151326676991
0.874228099537344	0.8828996035331594	0.9901783804623832
0.862742423397194	0.8559662827790857	1.0079163639438087
0.9359351090436278	0.8925653537054226	1.0485900053796158
0.9391588887421511	0.91030665925456	1.0316950658267379
0.8611668473377214	0.8629597158905807	0.9979224191815153
0.9246677195193201	0.8966914301991559	1.031199461016317
0.8563629739967982	0.8675154362071495	0.9871443645324505
0.9285524748114911	0.9003709666392877	1.0312998855098507
0.9617157930937434	0.9087582159772862	1.0582746611644178
0.9409394589530996	0.9185082614267716	1.0244213345359403
0.8763823147116248	0.8853023636488535	0.9899242910631527
0.9074234562474166	0.8966639461749387	1.0119994900189493
0.9042977380450464	0.9100330219782523	0.9936977188797629
0.9637213831926036	0.921938432985367	1.0453207597300587
0.9571432917737281	0.925729934203872	1.0339336089384121
0.885315361735661	0.8905556719932254	0.9941156848219993
0.9406175240579094	0.9191410963731663	1.0233657571938486
0.9276924773135472	0.9070263292676388	1.022784507328023
0.8625955104803825	0.8048567109836356	1.0717379860400031
0.9162731041325148	0.9099750802290928	1.006921094918156
0.9490091480767147	0.9209085017053347	1.0305140481593376
0.9561263424139667	0.9197967951880728	1.0394973622608301
0.9220847967428766	0.912707457585926	1.010274200214988
0.9401727926553695	0.9237187991018236	1.0178127732915525
0.9758265360652674	0.9367887588448581	1.0416719103979708
0.8880409738555352	0.8866447702664364	1.0015747045896173
0.9413754855163675	0.9183957469430257	1.025021608222634
0.9747044130702731	0.927652516101251	1.0507214675240384
0.9473548091769175	0.9181148007108998	1.0318478783300051
0.9400658262969215	0.9109361002301972	1.0319777930190308
0.8833564279913843	0.8939347858601799	0.9881665217238227
0.9409877693466813	0.9221292948981781	1.0204510089342576
0.9122630731560593	0.8958161600679789	1.0183596968007724
0.8820096417882771	0.8959499382687588	0.9844407640594088
0.9350586764939058	0.9115960451503478	1.025737969650459
0.9380433933987373	0.917828114984096	1.022025124404684
0.9364265360487972	0.9158171231197748	1.0225038519249514
0.9119912692509942	0.8949087342671855	1.0190885777841883
0.9278128866187424	0.9137322990421607	1.0154099702848876
0.9628251497517769	0.9290415281845836	1.0363639520325953
0.9642920530170082	0.9319090096179922	1.0347491472502133
0.9094266871010921	0.9087786079133275	1.0007131320897316
0.9575720962620896	0.9306136370777993	1.0289684764011646
0.9285491462188137	0.9157486769216268	1.0139781466463231
0.932949430040754	0.9175834012269507	1.0167461930907387
0.9612797218598329	0.9182056950895292	1.0469110864816666
0.9002503313454873	0.9024951189628838	0.9975126872486844
0.936423024723076	0.9167300505106936	1.0214817592173528
0.9335145632510671	0.9143004480206621	1.021015099874446
0.9319586848735457	0.9120938413522395	1.021779385651651
0.9642567488461183	0.9279750076925619	1.0390977567852524
0.9321911171657108	0.9181946286583533	1.0152434876773444
0.9035739977959363	0.8937611073175821	1.01097932142942
0.9255682615152625	0.9006096134497151	1.0277130597906292
0.940987983269258	0.9148948317405491	1.028520383571375
0.9291997546911531	0.920485313138171	1.0094672249829522
0.9527334474464366	0.9273943128838608	1.0273229350348076
0.9435689098105505	0.918588715501187	1.0271941010027912
0.9463553168617642	0.9227401607604201	1.0255924225535855
0.9271862829485632	0.9174547279188553	1.010607122873281
0.9513854702133355	0.9208238006406104	1.033189487013111
0.9241463451860014	0.9009727070889908	1.0257206882236019
0.9324238737202187	0.9133968774127789	1.0208310284148707
0.9316849998255149	0.9113697905066238	1.0222908522210266
0.9404262540065196	0.9122059940883306	1.0309362798546315
0.92747148435562	0.9016974367586166	1.0285839202223475
0.8755923290336344	0.8859587223613885	0.988299236673099
0.9315043808732345	0.9181409895613278	1.0145548357647025
0.9248087208242459	0.9039383864337266	1.0230882267018864
0.9516225896625331	0.9228258791951148	1.0312049229617777
0.8773177892955385	0.8825112087426958	0.9941151801861459
0.8958149423740511	0.9001591205517938	0.9951739885998381
0.8680779369445277	0.8734262083750014	0.9938766762673357
0.928266843645252	0.8960646024564777	1.035937410205129
0.9402128600622999	0.9164914463507162	1.0258828533599933
0.8993180960667027	0.8905520294441844	1.0098434076086373
0.9234921131248623	0.9066902882743548	1.0185309416763306
0.8775794195280804	0.8848998353741099	0.991727407381724
0.9296752646828315	0.9084638255483704	1.0233486887842314
0.9640358176558946	0.9235999182089518	1.0437807525203728
0.9496928313762033	0.9287382789166538	1.0225623869880676
0.8915027828388473	0.8965849983840982	0.9943315853439323
0.90896873180283	0.897813775586178	1.012424576810897
0.9049744451313322	0.9107394885463963	0.9936699314265317
0.9637208743016774	0.9224148406904172	1.044780322029883
0.9571427628899605	0.9262322609325995	1.033372301161523
0.886562994931249	0.8916613642599202	0.9942821686202555
0.9406166521768162	0.9196078763405597	1.0228453630909053
0.9295336944785828	0.9087390557627983	1.0228829591772408
0.8645664267898489	0.8072061207422716	1.071060296216326
0.9181308855042084	0.9115776777389146	1.0071888637966087
0.9491107466793979	0.9213472781972858	1.0301335545663457
0.9561258069082963	0.9202669777786818	1.038965680607349
0.9224380534789157	0.9132477512609405	1.0100633176542575
0.9401718885755325	0.9242648822199487	1.0172104411425624
0.9758261365299472	0.9372189096453754	1.041193393013357
0.888235200979719	0.8871511716671996	1.0012219217503622
0.9413746476782036	0.9188343568451639	1.0245313974876082
0.9747040907306709	0.9281574694343063	1.0501494873760309
0.9473540373164296	0.9185700796489966	1.0313356142390704
0.9400649329600034	0.9113339060390669	1.0315263447684178
0.8853470700237724	0.8954285255194597	0.9887411946254016
0.9428666102067068	0.92335929845993	1.0211264583345974
0.912616036754808	0.8963215808990567	1.0181792519593327
0.883923542326106	0.8973073333527092	0.9850844961039203
0.9352975200730245	0.9121154435728158	1.0254157263354766
0.9381744292536339	0.9182854129328866	1.0216588612218334
0.9373643204359209	0.9165934679817511	1.022660921313246
0.913299536941588	0.8959027005478873	1.0194182207320748
0.9278721334286936	0.914132707683563	1.0150300121958733
0.962824653637298	0.9295030490648641	1.0358488383722435
0.9642915659746071	0.9323536532500759	1.0342551483690758
0.9094250961274479	0.9092250912855029	1.0002199728580545
0.9575715075269315	0.9310445340012959	1.0284916269382218
0.929066995438812	0.9164935069283858	1.0137191244841068
0.933973108533752	0.9184613161754271	1.0168888902397302
0.9612793333748227	0.9186758085490362	1.0463749283798764
0.9002488355346383	0.9029351203580016	0.9970249414794075
0.9365730354741024	0.9171942488764345	1.0211283341793813
0.9336793080650777	0.9147804784296544	1.0206594151067432
0.9320887436119042	0.912571866877824	1.0213866736883455
0.9642562857268988	0.9284701594010578	1.0385431087509869
0.9330497482116592	0.9190978026555674	1.015180044512978
0.903572365834138	0.8941885707534392	1.010494201544974
0.9289544338715018	0.90215053773775	1.0297111125167266
0.9424746880081198	0.9159280880799731	1.0289832796631397
0.9317079039567152	0.9219055845025442	1.010632671738788
0.9527326969474205	0.9278447183504575	1.026823430801233
0.9442068184870875	0.9192189730043621	1.0271837790739409
0.9470519911641101	0.9234145582677071	1.025597856006024
0.9271852442206288	0.917933591510789	1.010078782163983
0.9513849373449201	0.9212962361506902	1.0326590948856416
0.9257330938242087	0.9022851266257901	1.0259873143272407
0.93242290743351	0.9138118358520336	1.0203664155478174
0.9316840711386465	0.9118697107569476	1.021729376629092
0.9404255148941366	0.9126894729022372	1.0303893523650518
0.9276143388960629	0.9021426847221173	1.0282346180990112
0.8762564378318121	0.8866299345491433	0.9883000829172249
0.9315679944719799	0.918582418954937	1.0141365382671013
0.9248074976312162	0.9044159953268515	1.0225465962673463
0.9516290856667742	0.9232761117575815	1.0307090950888125
0.879290608288669	0.8840221132748455	0.9946477526804746
0.8967610672256094	0.9009315060627758	0.9953709701468961
0.8710045812839599	0.8750105604463503	0.9954217933548746
0.9328934288360876	0.8983535825188119	1.0384479418676469
0.9413566972653103	0.9174275094862959	1.0260829193931773
0.9005924518354602	0.8915169227276688	1.0101798730640177
0.923490854151164	0.907147363432152	1.0180163569645149
0.8812423424163321	0.887263306723959	0.9932140050625354
0.929875626073633	0.9089912127218738	1.02297537430447
0.9640352400574694	0.9240536563564348	1.043267599696194
0.9497781782758351	0.929213379791847	1.0221314059087212
0.8915374069556982	0.8969594458516177	0.9939550902540844
0.90896873180283	0.897813775586178	1.012424576810897
0.9049744451313322	0.9107394885463963	0.9936699314265317
0.9637208743016774	0.9224148406904172	1.044780322029883
0.9571427628899605	0.9262322609325995	1.033372301161523
0.886562994931249	0.8916613642599202	0.9942821686202555
0.9406166521768162	0.9196078763405597	1.0228453630909053
0.9295336944785828	0.9087390557627983	1.0228829591772408
0.8645664267898489	0.8072061207422716	1.071060296216326
0.9181308855042084	0.9115776777389146	1.0071888637966087
0.9491107466793979	0.9213472781972858	1.0301335545663457
0.9561258069082963	0.9202669777786818	1.038965680607349
0.9224380534789157	0.9132477512609405	1.0100633176542575
0.9401718885755325	0.9242648822199487	1.0172104411425624
0.9758261365299472	0.9372189096453754	1.041193393013357
0.888235200979719	0.8871511716671996	1.0012219217503622
0.9413746476782036	0.9188343568451639	1.0245313974876082
0.9747040907306709	0.9281574694343063	1.0501494873760309
0.9473540373164296	0.9185700796489966	1.0313356142390704
0.9400649329600034	0.9113339060390669	1.0315263447684178
0.8853470700237724	0.8954285255194597	0.9887411946254016
0.9428666102067068	0.92335929845993	1.0211264583345974
0.912616036754808	0.8963215808990567	1.0181792519593327
0.883923542326106	0.8973073333527092	0.9850844961039203
0.9352975200730245	0.9121154435728158	1.0254157263354766
0.9381744292536339	0.9182854129328866	1.0216588612218334
0.9373643204359209	0.9165934679817511	1.022660921313246
0.913299536941588	0.8959027005478873	1.0194182207320748
0.9278721334286936	0.914132707683563	1.0150300121958733
0.962824653637298	0.9295030490648641	1.0358488383722435
0.9642915659746071	0.9323536532500759	1.0342551483690758
0.9094250961274479	0.9092250912855029	1.0002199728580545
0.9575715075269315	0.9310445340012959	1.0284916269382218
0.929066995438812	0.9164935069283858	1.0137191244841068
0.933973108533752	0.9184613161754271	1.0168888902397302
0.9612793333748227	0.9186758085490362	1.0463749283798764
0.9002488355346383	0.9029351203580016	0.9970249414794075
0.9365730354741024	0.9171942488764345	1.0211283341793813
0.9336793080650777	0.9147804784296544	1.0206594151067432
0.9320887436119042	0.912571866877824	1.0213866736883455
0.9642562857268988	0.9284701594010578	1.0385431087509869
0.9330497482116592	0.9190978026555674	1.015180044512978
0.903572365834138	0.8941885707534392	1.010494201544974
0.9289544338715018	0.90215053773775	1.0297111125167266
0.9424746880081198	0.9159280880799731	1.0289832796631397
0.9317079039567152	0.9219055845025442	1.010632671738788
0.9527326969474205	0.9278447183504575	1.026823430801233
0.9442068184870875	0.9192189730043621	1.0271837790739409
0.9470519911641101	0.9234145582677071	1.025597856006024
0.9271852442206288	0.917933591510789	1.010078782163983
0.9513849373449201	0.9212962361506902	1.0326590948856416
0.9257330938242087	0.9022851266257901	1.0259873143272407
0.93242290743351	0.9138118358520336	1.0203664155478174
0.9316840711386465	0.9118697107569476	1.021729376629092
0.9404255148941366	0.9126894729022372	1.0303893523650518
0.9276143388960629	0.9021426847221173	1.0282346180990112
0.8762564378318121	0.8866299345491433	0.9883000829172249
0.9315679944719799	0.918582418954937	1.0141365382671013
0.9248074976312162	0.9044159953268515	1.0225465962673463
0.9516290856667742	0.9232761117575815	1.0307090950888125
0.879290608288669	0.8840221132748455	0.9946477526804746
0.8967610672256094	0.9009315060627758	0.9953709701468961
0.8710045812839599	0.8750105604463503	0.9954217933548746
0.9328934288360876	0.8983535825188119	1.0384479418676469
0.9413566972653103	0.9174275094862959	1.0260829193931773
0.9005924518354602	0.8915169227276688	1.0101798730640177
0.923490854151164	0.907147363432152	1.0180163569645149
0.8812423424163321	0.887263306723959	0.9932140050625354
0.929875626073633	0.9089912127218738	1.02297537430447
0.9640352400574694	0.9240536563564348	1.043267599696194
0.9497781782758351	0.929213379791847	1.0221314059087212
0.8915374069556982	0.8969594458516177	0.9939550902540844
0.697916604597882	0.6949555608297616	1.0042607670691706
0.7380949409871461	0.7338208062863842	1.005824493751263
0.8962007732336841	0.778130838379123	1.1517353239726438
0.81760794442356	0.7507750843911557	1.0890184842596404
0.6990433540794263	0.6986257898752485	1.0005976936583638
0.759777360086101	0.7303034237353188	1.040358480314977
0.8214454531343045	0.7539473292795291	1.0895263120293515
0.6698382188995909	0.5822200110821576	1.1504898597603672
0.7307118092528415	0.7118518034793406	1.0264942867059101
0.8300569495398784	0.7483769635628787	1.109142838374042
0.8624672884946293	0.7687811809619282	1.121863164516433
0.7397675568548291	0.7234896231195855	1.0224991944805724
0.7905413812728869	0.7467706589692222	1.0586133396886295
0.9019159802746268	0.7971526987779892	1.1314218488593673
0.6790396365813783	0.6831425727049426	0.99399402659489
0.7524247982269752	0.7224221897345589	1.0415305743909116
0.8583027885837031	0.7634121691440552	1.1242980178663384
0.780260690285322	0.7274522897689314	1.0725936274572243
0.745820763741167	0.6703533577160928	1.1125785455631834
0.7366208949089459	0.7228355677696292	1.0190711798837633
0.8151761767929746	0.7639370330673881	1.0670724699912102
0.6890109651888696	0.677145762527593	1.0175223760051118
0.6467186122605819	0.6860085039089998	0.9427268154482968
0.8183025791090054	0.7460057538382582	1.0969118869375662
0.7806509900413382	0.7451857707388165	1.0475924537144068
0.838939402915997	0.7702900407842591	1.0891214458151939
0.749574497471118	0.6952780726505275	1.0780931068537838
0.781828405556467	0.7423898820916246	1.0531237351372942
0.8285933533478352	0.754955418498371	1.0975394480854674
0.8237505303163474	0.7600866916689158	1.083758654565633
0.6914458692585309	0.7090215251572332	0.975211393060592
0.8172200133993701	0.763761371825902	1.06999390587883
0.7855964497376111	0.7477347752410709	1.050635166037762
0.7647664961789364	0.7342961198808564	1.0414960333755052
0.8440634298201789	0.7625001915391897	1.1069681544818302
0.6533970660229285	0.6749667188802999	0.9680433830972388
0.7933077940237491	0.7462037384823511	1.0631249256901332
0.8178942748730266	0.7623931599659334	1.0727985478117001
0.7606066977974688	0.7374157932902462	1.0314488850364163
0.8513181260604884	0.7692053574152556	1.1067501257676553
0.804618966948463	0.7514642037595831	1.0707349237966972
0.7323898512350606	0.69477536108255	1.0541390674734095
0.8172052006773424	0.729162131026482	1.1207455323096898
0.8490123131803677	0.7564178365039258	1.1224118102560916
0.7430667873451223	0.738244988517424	1.0065314345545124
0.843998172950441	0.7654460891164281	1.1026226209146712
0.8231358859026839	0.7602830014838601	1.0826703797088093
0.8365020123771312	0.760662787137346	1.0997015057423751
0.7585819921943835	0.7355760570835586	1.031276079324876
0.7787436309469541	0.7412388331605232	1.0505974540304595
0.8039056391915753	0.7406812550140645	1.085359773518651
0.7899766251529556	0.750371793142823	1.0527802782194857
0.7402240524793023	0.7110591423480352	1.0410161523765236
0.8355281062285249	0.7482837744578572	1.1165925745668848
0.7650592099070253	0.7135538004160207	1.0721815362219016
0.6413020974738616	0.6557834102340643	0.9779175372017508
0.7692135389654386	0.735173730489201	1.046301720347906
0.7068459812777002	0.6913864957944981	1.0223601206810338
0.8044300679781053	0.749812079112338	1.072842236591369
0.6581802113909403	0.6639658418492008	0.991286252855799
0.650234963483254	0.6725977560688496	0.9667516098830005
0.6779633533300733	0.6771749426874597	1.0011642643472374
0.8617677925900423	0.7498431078677653	1.1492641374547579
0.8003102891561847	0.7464907550292189	1.072096718900235
0.6687020803439706	0.6585448197229438	1.0154237954909433
0.7109821422193554	0.6870285204057166	1.0348655421167863
0.6923991376659284	0.7032270230688662	0.9846025749185731
0.8109661741637919	0.7377565186309686	1.0992328141927856
0.7587740780854909	0.7114065231720863	1.0665829639882942
0.7457656114679695	0.7343736809334022	1.0155124439101466
0.6664132860361927	0.6880990511549743	0.9684845298327587
0.5664747516127245	0.5425092083878985	1.0441753667113618
0.5884106844642724	0.556062196223686	1.0581742266607412
0.7225353604160263	0.5912654398637092	1.2220152095860293
0.6628077679995652	0.5820236609241928	1.1387986648980828
0.4910106016216641	0.44288074824194623	1.1086745214615301
0.6367900124835593	0.5692970463681843	1.1185549205743197
0.7155078435031093	0.5951283914469355	1.202274759171706
0.5854614591382957	0.5127621608741231	1.1417797642092773
0.5963812869304804	0.5495233374925896	1.0852701718760447
0.5807136647775998	0.5254803655764504	1.1051101103284013
0.6936917614884247	0.5976300704217526	1.1607377135472459
0.5568525123269545	0.5270393313883087	1.056567279068363
0.6452110032058157	0.5768569663444464	1.1184939089745767
0.7226449920935285	0.6076354359422199	1.1892739451131102
0.589080874230411	0.5445666788768967	1.081742414804592
0.6288250415682499	0.5733517303314477	1.0967526708338942
0.7103292053231992	0.5969418498949292	1.1899470701346002
0.5322380190043672	0.5082620351770988	1.0471724861742118
0.6109878404565237	0.48870845386062056	1.2502092722766305
0.5419373482177776	0.5300295938453411	1.0224662066245138
0.5597282228841572	0.5304179622007189	1.0552588011194592
0.5996987223819837	0.5672054735074777	1.0572865573274084
0.5291266473238477	0.5024051488530045	1.053187150911667
0.6666687477207788	0.568309083322081	1.1730742430223553
0.5784502507058409	0.5510781202237	1.0496701456247794
0.6731567674014428	0.5893917981838415	1.1421210296371882
0.6326184980385489	0.5660710409340735	1.1175602570918757
0.6740206670624888	0.5940472446996087	1.134624683602935
0.6872688263168584	0.5482786022426908	1.2535029153164814
0.6925271226735121	0.5872225867673428	1.1793264398869092
0.5291833567942941	0.5292303882327785	0.9999111323923756
0.631080067654412	0.5832613008978842	1.0819851525944113
0.6851272097515165	0.5984176100420342	1.1448981417899644
0.6442348136439596	0.5527270538017681	1.1655568679202197
0.6803180303634513	0.5831142185990676	1.166697721756667
0.5699689918567993	0.5327813809795195	1.0697990061306388
0.5894459653615062	0.5496108981027242	1.0724786706309755
0.7133191531628804	0.6131585017109512	1.163351973710618
0.6092240851887706	0.5219575161442224	1.16719094245294
0.706512933636322	0.6023661335548967	1.1728961744027628
0.66925279747386	0.5921996221079114	1.1301135166072562
0.5557776737956627	0.5366806923695786	1.0355835074702728
0.685375522591738	0.5259871742297461	1.3030270625807552
0.6889284952550987	0.5755662568026254	1.1969577561447418
0.5688323679362532	0.5564140871269919	1.0223184155408112
0.6612068934948062	0.5610323025858758	1.1785540519631612
0.6305750946098639	0.559857075233598	1.1263144157761322
0.6497991105189391	0.5658833685816781	1.1482915855038933
0.5975442226207829	0.5427623904983006	1.1009315182509019
0.6685141258974685	0.5863800845282529	1.140069629812365
0.670648905943941	0.5469325082186336	1.2262004833617466
0.6443870187119477	0.5725872616202119	1.1253953098582195
0.620913266513709	0.5324055320758397	1.1662411998101883
0.6689871674328518	0.565906300007449	1.1821518287109474
0.6216715842700209	0.5398456826620711	1.151572762802237
0.5496515988383692	0.5240776551694643	1.0487980042969691
0.6054326794665972	0.5497894276603034	1.101208297225886
0.6447575795876836	0.5654586267132232	1.1402382935342104
0.6606683515256896	0.5824329587897731	1.1343251468778148
0.46099618711606943	0.4412573568972519	1.0447331470179064
0.4839491028713801	0.48143459699847047	1.0052229438610902
0.6201178995130023	0.5443571669554226	1.1391746764009885
0.7515550390714115	0.611925112994784	1.2281813952581118
0.6161582560278309	0.5472318369076162	1.1259546950150323
0.5115475226257562	0.5134925813266938	0.9962120997037343
0.6441937680257641	0.5606716836174306	1.1489679019804468
0.6710563672917137	0.5823041236375848	1.1524156193497381
0.5504831452452074	0.4873685680771581	1.1295007132221486
0.683880737054658	0.5712743140423128	1.1971144514017216
0.6156033259895454	0.5716066688840659	1.0769701606025226
0.4780538165962672	0.49832891764996035	0.9593138179712563
0.36658347270425523	0.3340212854067854	1.0974853661131632
0.41729960395094867	0.35815338068476665	1.1651421610291606
0.5095474799515894	0.38146306573417615	1.3357714696989023
0.544214439424217	0.40288848306043756	1.3507818225287394
0.38802364837826675	0.3064505787470979	1.2661867044424413
0.5122579662999921	0.3912643153100765	1.3092376336288891
0.4932891695240815	0.37357739689456976	1.3204470442393939
0.5631736070807195	0.36047377550847975	1.5623150568618034
0.5229031847470819	0.3966627914766125	1.318256201446393
0.44620132664065604	0.3313550189283405	1.3465959504212381
0.520461913485183	0.3828336168964933	1.359498984714031
0.3137038344422292	0.3042894885212729	1.030938781246458
0.45067389193909985	0.3629814163296809	1.2415894358893886
0.5806417566950549	0.40231499445790997	1.4432515931389214
0.4323448704032305	0.33547131932514324	1.2887685041837993
0.4655032487868395	0.3583309725337911	1.299087392572357
0.5758683101697718	0.42035784247910923	1.3699478205842943
0.4141088307417382	0.33172886627843257	1.2483352304775341
0.4789448812925317	0.29883582296816724	1.6027023685963853
0.4069448807145699	0.352377045688964	1.1548563837888914
0.4293545914734435	0.33153455943597193	1.2950522932025228
0.4636474406579543	0.3672456882559426	1.2624993444029953
0.4609080407051337	0.33851942689404524	1.361540886837775
0.44991903269237354	0.34896091315172706	1.289310681327654
0.46089959857098306	0.35181834570287024	1.3100499283236295
0.5082074266134626	0.3802943954620014	1.3363526590920853
0.49198344226384993	0.358260826815609	1.373254917755956
0.47938797372338954	0.3898506305850845	1.2296708947319852
0.5259849259881978	0.3658939713142405	1.4375337316953671
0.5383814077539508	0.3680957301825709	1.4626124771589182
0.3929975906745989	0.33559040004501967	1.1710632682635678
0.4190930476726935	0.36025096595360595	1.1633363607043468
0.4861516574371252	0.3862157015735577	1.2587568435369112
0.447607661438207	0.35407177449875943	1.264172107680318
0.5211160204812246	0.3758884599121394	1.3863581249688561
0.41051777820410174	0.3362703809927185	1.2207967201636798
0.4273768950709705	0.34246030639036645	1.2479603828415917
0.5238561104543276	0.40426450342360076	1.295825149173226
0.5259782645650976	0.32770059671815627	1.605057390290543
0.5857273682827527	0.3651867180918937	1.6039120243561633
0.5028782910874511	0.405383346944602	1.2405006147333733
0.4029655600092248	0.3543078227723924	1.1373318174464642
0.5681020852899615	0.345813429556603	1.6427993731139183
0.4679478964859779	0.37178235405047744	1.2586608573209581
0.33196002275878295	0.3292799730316707	1.0081391215579771
0.5475189759499236	0.3718872221109642	1.472271547384745
0.4720534100816163	0.37000127357018636	1.2758156357861061
0.5348613474162331	0.37149801235695507	1.4397421510355481
0.4327001081476054	0.35372203671550684	1.2232772155375193
0.49239293594174555	0.3451463124921178	1.4266208796682145
0.583967045797488	0.34758890232764494	1.6800508931295737
0.5187511874486119	0.39468419625770995	1.314344968375405
0.5159723449928743	0.33686563319620005	1.531685913155639
0.5285894668122673	0.39192375882462016	1.3487048307495002
0.4258066313223838	0.3162803669893113	1.3462948566035209
0.3639895838469667	0.3194890853316759	1.1392864437578294
0.49150605513657364	0.3648173109822437	1.3472662627034606
0.47679205458961865	0.3447739773672865	1.3829119535947278
0.5049350484139917	0.3599702190796996	1.4027133958606615
0.37202650951833605	0.2837232299791721	1.3112303477781717
0.3862055631070479	0.3065999170797714	1.2596401420635892
0.5067735095682571	0.3631332173564877	1.39555811847077
0.5908808478925504	0.41248059626977895	1.4325058032695688
0.5131297317691612	0.36822632939221434	1.3935172224542471
0.3498663431587572	0.3246191731228201	1.077774734600734
0.40413881359691894	0.310487202558551	1.3016279262611712
0.565012499251417	0.40418546776987047	1.3979040423420568
0.4554576123633723	0.284467381962233	1.60108905710617
0.4390186121199106	0.31283838951833554	1.4033399570808736
0.44605200391124605	0.36388841499814245	1.2257933628184425
0.4020976554842096	0.3470438221876308	1.1586365460982437
0.34280543813581676	0.2591149484565996	1.3229859573047167
0.3594607450262648	0.26524680925257743	1.3551934744820002
0.4306571820402602	0.2144694315754828	2.0080119524571494
0.5087561706286906	0.3471280558012004	1.465615245228275
0.38280358878030857	0.3040797278281965	1.2588921711893621
0.43574224851565174	0.33059115166283715	1.3180699069648905
0.530581922083906	0.33043469317793656	1.6057088829900548
0.6307688469737419	0.3620633462772304	1.7421505199556013
0.4417069577274055	0.31360309109158513	1.4084904462832883
0.36902211314752914	0.20510700387782393	1.7991687566522325
0.5340889967733555	0.32508404855429013	1.6429258807023897
0.3037399382506518	0.2423040412435948	1.2535487922188382
0.3868668800554682	0.28297920876414673	1.3671212162371555
0.4846830072361714	0.3105734294657516	1.5606068042263728
0.5464717975918115	0.3590851653094704	1.521844538247203
0.5468131641861252	0.3686208130958748	1.4834028485632587
0.5853156852261301	0.3760360779299793	1.5565412990375893
0.4034131185992487	0.2609168893352686	1.5461364713760548
0.502271293200303	0.31566348505008146	1.591160577602491
0.39157345392343257	0.31944034728010806	1.225810882242978
0.44847820932073984	0.2968353627936957	1.5108651647830713
0.44692174656824973	0.3374247075431395	1.3245080652877534
0.47549029747037497	0.3268784191279418	1.4546396141382028
0.4840126429295367	0.33604039195930524	1.44034066889242
0.43586338324250995	0.2874026793545875	1.5165599159385592
0.5668896273877876	0.3188744374341307	1.7777832301307908
0.4735950611681413	0.30487681048125737	1.5533981099466274
0.5786573864158289	0.397411575730455	1.4560657558910768
0.4799652045815576	0.2633947114693996	1.8222279479492076
0.5228119975327274	0.29560990762102624	1.7685875339570003
0.42050752135558717	0.28055224189370837	1.498856393080983
0.4944481515649277	0.3466451076244228	1.4263814509121648
0.46840686190650643	0.3352433495164056	1.3972144789216296
0.5148369637573847	0.3137677731364463	1.6408216771628126
0.4816987693140381	0.30735753148008765	1.5672261779121077
0.3387669047396998	0.27433668992336396	1.2348581767693356
0.38838185476943593	0.2857571574486563	1.3591325523988627
0.5484337566582482	0.35098119613867723	1.5625730457695373
0.6369988149774136	0.3101800046271945	2.053642418836839
0.5273594501376918	0.27088382447047565	1.946810412798089
0.4435470557761129	0.3536894163863242	1.2540580385691835
0.5110576071921293	0.35269831462050566	1.4489936186454824
0.5055370595923984	0.25576218883068125	1.9765902923479912
0.41233882065010175	0.2998961223533788	1.3749388201966397
0.3665886427963959	0.25741955310010434	1.424090122065585
0.5064487025105602	0.24136040677107348	2.098308953344277
0.34600171098241717	0.26183348359402037	1.3214570811688158
0.4725891134683011	0.2599494879420424	1.8180036329737577
0.5125232122235316	0.33926905231717513	1.5106689181434236
0.5767487992525661	0.2989206384449805	1.929437867699198
0.4915436331797418	0.27323818809577916	1.7989565682796844
0.5411474993119293	0.3627676287533737	1.4917193719063244
0.5653634762593401	0.25478335058659324	2.218996943708023
0.4905572631633545	0.27646836783533263	1.7743703086334108
0.5342903780017025	0.26996706690959593	1.9790946507583487
0.4706047879943638	0.33145532821022117	1.4198136157156265
0.4072304149741687	0.2771664289764146	1.4692631300193353
0.47029489574923955	0.3003324216068132	1.5659145064429187
0.5335782858470602	0.3060919303516037	1.7431961869564676
0.4093997700527339	0.2899743304964748	1.4118483155105033
0.47237438489729305	0.318866045130382	1.4814195243151167
0.5143359223682755	0.32718045256192135	1.5720252183187307
0.6488365185499693	0.38093234464970616	1.7032854459933553
0.5710217140722671	0.3248103682108339	1.758015660699654
0.39095938361644395	0.28936439086643706	1.3510970802101923
0.4096864711161038	0.28207440769297143	1.452405677164565
0.5953162901339479	0.36329894890332665	1.6386402766399437
0.4872557276536787	0.2173535814123807	2.2417653506671136
0.478632750369284	0.29967809952404795	1.5971562524236966
0.4902809786387941	0.3148042103917188	1.557415569597132
0.3749101566643169	0.29269589318746736	1.2808862897990594
0.42165035409625756	0.3526956442146056	1.1955076877549837
0.4179142336859931	0.33541771094881123	1.2459516001818158
0.4963158626712275	0.2954579872145195	1.679818736160528
0.607694498253341	0.45204352009736787	1.3443274181265703
0.47131901207235216	0.39945895622023575	1.17989346523125
0.5405019198948177	0.4355758812435926	1.2408903779329001
0.6153446144899729	0.43205827248471645	1.424216717229364
0.7168024892710534	0.4502289591813588	1.592084370970715
0.5608141692152107	0.42654715644440516	1.3147764807296412
0.4195446141826007	0.25574332579061304	1.640490960558236
0.6095837864267338	0.41892441939861386	1.455116384243775
0.3910058923906448	0.33538935154736477	1.1658267938045306
0.49584980977579646	0.3859214307597397	1.2848465264021423
0.575815106626193	0.40971570298487014	1.405401605140471
0.6605363855066598	0.46850903089889867	1.4098690568233667
0.6830354579730158	0.4903586501691169	1.3929303739975785
0.6899109811371938	0.4843658808062332	1.424359164169095
0.45551341557302494	0.33514902552843817	1.3591369238051791
0.5794889939432106	0.40712984077963627	1.423351805491619
0.5067884882984569	0.42566838659329564	1.190571121229793
0.564810294035998	0.41204346537840614	1.3707541594363017
0.5771564382496414	0.45864624175703017	1.258391295301167
0.6071781036247393	0.438027844219978	1.3861632579681715
0.5926911005250056	0.44453546092138463	1.3332819372756903
0.5560869244876991	0.3961946848004603	1.4035698756730346
0.6441028535278955	0.4014019209485717	1.604633211534678
0.5664877602708667	0.4101730896805611	1.3810944075147444
0.6763605956431141	0.5036497735208374	1.3429184945620376
0.576247149104666	0.3588378777840104	1.6058704634618237
0.594196367673621	0.38199458596448116	1.555509919527684
0.46169200341209476	0.34798614935424405	1.3267539649749107
0.6031454731199337	0.4517801241037014	1.335042072327839
0.5988089988858261	0.4504329862696532	1.3294075192959935
0.6023263868705278	0.4205067671149681	1.4323821492885738
0.5821985719679849	0.4100952704394629	1.4196666334242138
0.4645661014286603	0.39355557029033145	1.180433302178758
0.48708058283653977	0.38874943348480373	1.2529422318903
0.6335995952943408	0.4451056876072518	1.4234812381310449
0.7158245914667157	0.41418761393703085	1.7282617040681059
0.6111415645918833	0.36341620595344953	1.6816574345893789
0.5847794854684627	0.47482194213752343	1.2315763733157303
0.6159799909012875	0.4598170686862915	1.3396196723648326
0.6058258301576274	0.3399193048499498	1.7822636770366906
0.5064308640770834	0.39363372740249625	1.2865535365043819
0.4379100595014162	0.34360316810735586	1.2744645572202493
0.5784785927898152	0.3287834532916158	1.7594516603508368
0.4398011056594634	0.3608663647558347	1.2187367641122127
0.6180815879369957	0.38428518984880533	1.6083929442614642
0.6098869198046482	0.44400815345878514	1.373593964556015
0.6366404161895444	0.3712398912715471	1.714903034824637
0.5495317045349866	0.35136530781907327	1.5639896492511836
0.646024602010672	0.46708430049946736	1.3831006551062803
0.6573725559735285	0.3411058001594913	1.9271808209246513
0.6193037530859431	0.3864519679478092	1.6025374547182556
0.6400937740273958	0.36856902718639023	1.7366998494523302
0.5643313648988308	0.43247685507595435	1.3048822342174111
0.437338877685928	0.3310305954583592	1.3211433737125409
0.5885478629325488	0.4294521162443285	1.3704621322618091
0.6561683110675808	0.4328700622110688	1.5158551453429716
0.5197324000280487	0.4051542194122649	1.2828014003704467
0.5949143597375971	0.432123694970124	1.3767223752419502
0.6009363252898718	0.42808806216465156	1.4037680057023858
0.7560199460371748	0.48236341985081227	1.5673243760295927
0.6501789074432195	0.4259940108032384	1.5262630247248463
0.5118368826847588	0.4079622299590821	1.2546183080136981
0.5049639798881955	0.38404060512968996	1.3148713264777558
0.6599695472583715	0.45039361094142033	1.4653172940861485
0.5541765557819728	0.28416307181288897	1.9502060990770744
0.5744072690171863	0.4001143678923901	1.4356077039744595
0.5800712668632461	0.42632941871083735	1.3606174976554593
0.4542438368962244	0.38549682840174887	1.1783335255428617
