1.0	0.9999906023175544	1.000009397770763
1.0	0.9999906023175544	1.000009397770763
1.0	0.9999906023175544	1.000009397770763
1.0	0.9999904669042627	1.0000095331866181
1.0	0.9999906023175544	1.000009397770763
1.0	0.9999905350952194	1.0000094649943658
1.0	0.999991422337862	1.0000085777357148
1.0	0.9999906023175544	1.000009397770763
1.0	0.9999906023175544	1.000009397770763
1.0	0.9999918127839794	1.0000081872830517
0.9994715756181195	0.9997318694230428	0.9997396363836301
1.0	0.9999902563056824	1.000009743789258
1.0	0.9999905350952194	1.0000094649943658
1.0	0.9999905350952194	1.0000094649943658
1.0	0.9999906023175544	1.000009397770763
1.0	0.9999918127839794	1.0000081872830517
1.0	0.9999906023175544	1.000009397770763
1.0	0.999991422337862	1.0000085777357148
1.0	0.9999906023175544	1.000009397770763
1.0	0.9999904669042627	1.0000095331866181
1.0	0.9999904669042627	1.0000095331866181
1.0	0.9999905350952194	1.0000094649943658
1.0	0.9999906023175544	1.000009397770763
1.0	0.9999905350952194	1.0000094649943658
1.0	0.9999906023175544	1.000009397770763
1.0	0.9999905350952194	1.0000094649943658
1.0	0.9999906023175544	1.000009397770763
1.0	0.9999905350952194	1.0000094649943658
1.0	0.9999906023175544	1.000009397770763
1.0	0.9999918127839794	1.0000081872830517
1.0	0.9999906023175544	1.000009397770763
1.0	0.9999905350952194	1.0000094649943658
1.0	0.9999906023175544	1.000009397770763
1.0	0.9999905350952194	1.0000094649943658
1.0	0.9999906023175544	1.000009397770763
1.0	0.9999906023175544	1.000009397770763
1.0	0.9999906023175544	1.000009397770763
1.0	0.9999906023175544	1.000009397770763
1.0	0.9999906023175544	1.000009397770763
1.0	0.9999906023175544	1.000009397770763
1.0	0.9999906023175544	1.000009397770763
0.9983882828890931	0.9989397393442419	0.9994479582366893
1.0	0.9999903275315181	1.0000096725620395
1.0	0.9999905350952194	1.0000094649943658
1.0	0.9999906023175544	1.000009397770763
1.0	0.9999906023175544	1.000009397770763
1.0	0.9999906023175544	1.000009397770763
1.0	0.9999906023175544	1.000009397770763
1.0	0.9999906023175544	1.000009397770763
1.0	0.9999905350952194	1.0000094649943658
1.0	0.9999906023175544	1.000009397770763
1.0	0.9999905350952194	1.0000094649943658
1.0	0.9999905350952194	1.0000094649943658
1.0	0.9999906023175544	1.000009397770763
1.0	0.9999905350952194	1.0000094649943658
1.0	0.9999906023175544	1.000009397770763
1.0	0.9999906023175544	1.000009397770763
1.0	0.9999906023175544	1.000009397770763
1.0	0.9999906023175544	1.000009397770763
1.0	0.9999905350952194	1.0000094649943658
1.0	0.9999906023175544	1.000009397770763
1.0	0.9999906023175544	1.000009397770763
1.0	0.9999904669042627	1.0000095331866181
1.0	0.9999918127839794	1.0000081872830517
1.0	0.9999906023175544	1.000009397770763
1.0	0.9999906023175544	1.000009397770763
1.0	0.9999906023175544	1.000009397770763
1.0	0.9999906023175544	1.000009397770763
1.0	0.9999906023175544	1.000009397770763
1.0	0.9999906023175544	1.000009397770763
1.0	0.9999906023175544	1.000009397770763
1.0	0.9999906023175544	1.000009397770763
1.0	0.9999906023175544	1.000009397770763
1.0	0.9999906023175544	1.000009397770763
1.0	0.9999906023175544	1.000009397770763
1.0	0.9999906023175544	1.000009397770763
1.0	0.9999906023175544	1.000009397770763
1.0	0.9999904669042627	1.0000095331866181
1.0	0.9999906023175544	1.000009397770763
1.0	0.9999906023175544	1.000009397770763
1.0	0.9999906023175544	1.000009397770763
1.0	0.9999906023175544	1.000009397770763
1.0	0.9999906023175544	1.000009397770763
1.0	0.9999906023175544	1.000009397770763
1.0	0.9999906023175544	1.000009397770763
1.0	0.9999905350952194	1.0000094649943658
1.0	0.9999906023175544	1.000009397770763
1.0	0.9999906023175544	1.000009397770763
1.0	0.9999906023175544	1.000009397770763
1.0	0.9999906023175544	1.000009397770763
1.0	0.9999906023175544	1.000009397770763
1.0	0.9999905350952194	1.0000094649943658
1.0	0.9999906023175544	1.000009397770763
1.0	0.9999914845850473	1.0000085154874656
1.0	0.9999906023175544	1.000009397770763
1.0	0.9999906023175544	1.000009397770763
1.0	0.9999906023175544	1.000009397770763
1.0	0.9999906023175544	1.000009397770763
1.0	0.9999904669042627	1.0000095331866181
1.0	0.9999905350952194	1.0000094649943658
1.0	0.9999906023175544	1.000009397770763
1.0	0.9999906023175544	1.000009397770763
1.0	0.9999906023175544	1.000009397770763
1.0	0.9999906023175544	1.000009397770763
1.0	0.9999906023175544	1.000009397770763
1.0	0.9999906023175544	1.000009397770763
1.0	0.9999905350952194	1.0000094649943658
1.0	0.9999914845850473	1.0000085154874656
1.0	0.9999906023175544	1.000009397770763
1.0	0.9999906023175544	1.000009397770763
1.0	0.9999906023175544	1.000009397770763
1.0	0.9999906023175544	1.000009397770763
1.0	0.9999906023175544	1.000009397770763
1.0	0.9999906023175544	1.000009397770763
1.0	0.9999906023175544	1.000009397770763
1.0	0.9999906023175544	1.000009397770763
1.0	0.9999906023175544	1.000009397770763
1.0	0.9999906023175544	1.000009397770763
1.0	0.9999906023175544	1.000009397770763
1.0	0.9999906023175544	1.000009397770763
1.0	0.9999906023175544	1.000009397770763
1.0	0.9999906023175544	1.000009397770763
1.0	0.9999906023175544	1.000009397770763
1.0	0.9999918127839794	1.0000081872830517
1.0	0.9999906023175544	1.000009397770763
1.0	0.9999906023175544	1.000009397770763
1.0	0.9999906023175544	1.000009397770763
1.0	0.9999906023175544	1.000009397770763
1.0	0.9999905350952194	1.0000094649943658
1.0	0.9999906023175544	1.000009397770763
1.0	0.9999906023175544	1.000009397770763
1.0	0.9999905350952194	1.0000094649943658
1.0	0.9999906023175544	1.000009397770763
1.0	0.9999906023175544	1.000009397770763
1.0	0.9999906023175544	1.000009397770763
1.0	0.9999906023175544	1.000009397770763
1.0	0.9999906023175544	1.000009397770763
1.0	0.9999906023175544	1.000009397770763
1.0	0.9999906023175544	1.000009397770763
1.0	0.9999906023175544	1.000009397770763
1.0	0.9999905350952194	1.0000094649943658
1.0	0.9999906156476005	1.0000093844404665
0.9393699958062965	0.9103825285865235	1.0318409748754511
0.9513058243567245	0.8471847404468903	1.1229024543748396
0.8918163712186942	0.8971898249269024	0.9940107950860388
0.8792151313865549	0.8948819442412292	0.982492871874895
0.98016366560602	0.9222977739435619	1.0627410076195185
0.9684941354143671	0.9126579236871222	1.061179780811706
0.9537280964370751	0.9145943995756941	1.0427880346517935
0.9637908725362625	0.9244483533165629	1.0425578336297034
0.9310026535439647	0.9027211059406582	1.031329219420251
0.8480831336618501	0.8609612490231441	0.9850421660952735
0.9410847740408215	0.9078201911243848	1.0366422593831457
0.9346545559975528	0.9121964683746319	1.0246197923380882
0.9265385494628486	0.8988814899719239	1.0307683046090854
0.9238217233057437	0.8862683370607998	1.042372478711679
0.8627374627961177	0.7392203681078149	1.1670910326841644
0.7866468648124485	0.7840930216279761	1.0032570665903517
0.9070435480069033	0.9006290153322392	1.0071222807232099
0.8865302766846268	0.8784094570975043	1.0092449136578696
0.9485176964772511	0.9173762775850505	1.0339461785235813
0.9333876845802933	0.907724889848099	1.0282715556433502
0.975447382911366	0.9195846166531475	1.0607478259711787
0.9461948073435356	0.9132941051262687	1.0360242139225437
0.9182011058622865	0.9074854715193161	1.0118080505741103
0.9133356803213502	0.8883801324457601	1.0280910693116088
0.925300353680171	0.9105441064055837	1.0162059664883651
0.9591570888991943	0.9232257340561411	1.0389193601495388
0.97925593963847	0.9277642755401987	1.0555008049520875
0.9801928439608243	0.9330585431002903	1.050515909434707
0.8538935900579542	0.8628209588493335	0.989653277774702
0.8959924335385928	0.8710295727682499	1.0286590278341614
0.9507623880876931	0.9022834916162022	1.053729118311423
0.9409528095429707	0.9174266713991377	1.0256436169530083
0.9787555078708019	0.9241990310898217	1.0590310906479168
0.9737338333966902	0.9207447881646653	1.0575501983971571
0.9649450176487928	0.8850209258607628	1.0903075729088514
0.9705985837802935	0.920093949800809	1.0548907358758508
0.899708753084127	0.8811143407668734	1.0211032909770485
0.9482638829714322	0.9022467254756367	1.0510028534285194
0.899862096658729	0.8541719343780523	1.053490591813866
0.9270703194326323	0.9019403171577605	1.0278621565050587
0.9586580379260422	0.9229509999444425	1.0386879021570474
0.9277199912948179	0.9096546804413151	1.0198595260838303
0.9467515152331363	0.9231501690689013	1.0255660963459927
0.9019884737971176	0.8241182485251611	1.0944891408621429
0.864890287272545	0.8803192179101458	0.9824734819782435
0.8816167252172569	0.8906236723924745	0.989886921429988
0.9599113299996074	0.9205598659854278	1.0427473165713728
0.966623536234249	0.8877914350137015	1.0887957442609602
0.9676831804140281	0.9151757966102858	1.057374095772882
0.9283709930027282	0.9110425683933098	1.0190204335237358
0.9144203050344579	0.8978924220446568	1.0184074200695048
0.9582399793658434	0.9212044544844005	1.0402033714678158
0.9707989823408507	0.909455960128032	1.0674502393762784
0.9145718510333086	0.8552876136790892	1.0693149724210356
0.9151580883057534	0.9032148785725196	1.0132229993289188
0.9381399045170575	0.9057056676252164	1.0358110123975315
0.9723722501793948	0.9259176429271722	1.050171424647836
0.9487935630317121	0.9183367496122186	1.0331651906910557
0.9682177663646989	0.928016106539894	1.0433200022515738
0.9498762772326341	0.9194536692827016	1.0330877008448576
0.8757729695171104	0.876689343880365	0.9989547330880074
0.9203247756222599	0.9086381731603684	1.0128616679412046
0.9504490593078941	0.9234534104081095	1.0292333631513195
0.97345773305999	0.9268590873466	1.0502758686293856
0.9456160016669145	0.9107572797559413	1.0382744367635628
0.9076431145403309	0.8978700618453818	1.0108847071644895
0.8814131340363284	0.8816857011767582	0.9996908567984419
0.9760856758871738	0.9194009587406544	1.061653967844631
0.9771553654369285	0.9114374240318636	1.0721036240912216
0.9601972520515385	0.9170439781688886	1.0470569295584018
0.9131808281760169	0.8578866143528491	1.0644539883220805
0.9329051191784086	0.9112396097180195	1.0237758644700414
0.9208586608042101	0.8986475532609701	1.024716149799375
0.9733644856353235	0.9276882904368602	1.0492365761962499
0.8779521815201361	0.8862007167429066	0.9906922494340936
0.9774409969294773	0.9249706198632237	1.0567265337292686
0.9406990861229871	0.9084672715259626	1.035479334927371
0.9035723501230031	0.888528870965267	1.0169307713562457
0.9687854502953392	0.9220333495196321	1.0507054335942017
0.9729923407710096	0.9269277473738315	1.0496959914380468
0.9391745461652207	0.9104357645891333	1.0315659629090437
0.9124635927504354	0.9021568099819115	1.0114246023024873
0.8797350020408767	0.853049398796016	1.0312826001431152
0.891596175405682	0.8912664333977869	1.0003699701857256
0.9073045901688968	0.8865752693497762	1.023381343396059
0.9581190465507465	0.9063560145908038	1.0571111474151935
0.9252948667096931	0.9009359275821721	1.0270373712289316
0.9618638458466175	0.9101046944143268	1.0568716453721831
0.9289083410669285	0.9100684122295248	1.020701662187405
0.8897438107630908	0.9002145044329343	0.9883686681137857
0.9601589636614513	0.9181717427525147	1.0457291582324963
0.9530518743211841	0.9199717853935536	1.035957721152806
0.9588249044355077	0.9178993947354154	1.0445860515159062
0.9391180886962157	0.9050534502073952	1.0376382615645678
0.9576103062982625	0.9224360598310465	1.0381319074556328
0.94271333420136	0.9092476069950689	1.0368059557691778
0.9522401191232394	0.9144696362811926	1.0413031568720479
0.9174211874019049	0.9107860593351489	1.007285056681258
0.9612866752183002	0.917893432121069	1.0472748159848557
0.9343135923682986	0.9054175858467183	1.0319145629301618
0.9417598128152331	0.8970715639163023	1.0498157011062055
0.9040875499196211	0.8874335730105354	1.0187664490228703
0.9591010478556278	0.9161810090006423	1.0468466803320908
0.91276987583154	0.8955023149885506	1.0192825418248195
0.9324899837614804	0.9011384932669331	1.0347909791100893
0.947541198738542	0.9171340281007729	1.0331545550662176
0.915780562023464	0.9022305587688583	1.0150183377440634
0.9848437634751027	0.918398553882121	1.0723489919622742
0.9298192846908547	0.8843576539162125	1.0514063858364588
0.9482426860870194	0.8776937561745968	1.0803798926631405
0.8122848805695732	0.8454945604470484	0.9607215925080395
0.8643421220237764	0.8784169801809558	0.9839770194853473
0.9551857265640425	0.9177556968644609	1.0407843065725033
0.9599743426599308	0.890637401870798	1.0778509196262018
0.9183826206617287	0.889021735534974	1.0330260599411405
0.9106107945268154	0.8892630765530992	1.0240060770952761
0.9724908085751134	0.9063872743709703	1.0729307836432487
0.9571726097522923	0.9196275863624738	1.0408263344277497
0.8827327806349619	0.8586601065582149	1.0280351607031541
0.9112209620010046	0.8855150421754998	1.0290293429260686
0.8628701034146683	0.882691156709708	0.9775447469430598
0.9008313349911969	0.8813091659219117	1.022151328755175
0.9438957436423892	0.9135072409622504	1.0332657491013741
0.8953606397387748	0.7990398047915095	1.1205457279720852
0.9384620152533838	0.8849873432760446	1.0604242223164309
0.9344619208242347	0.8987771179109816	1.0397037287689244
0.9620354726617799	0.9223604925458465	1.043014613523206
0.9326261131464282	0.8984666785275802	1.0380197011588999
0.8972148247850231	0.8677029790726247	1.0340114606313093
0.8192784474488416	0.8583181430377441	0.9545160545590544
0.9458841084349727	0.9163163344722596	1.0322680856494197
0.9374054740355128	0.8770468292698291	1.0688203215054484
0.9416603373984678	0.8491940531255241	1.1088871076435527
0.9126487479800641	0.8833229936918261	1.0331993557256693
0.9400499394637418	0.8999386324593489	1.0445711580297168
0.956979808275302	0.9022481987346797	1.0606613674789027
0.9626167811559195	0.9132158518019232	1.0540955670628365
0.9684432700530685	0.9044891868060939	1.0707074049970762
0.9334571804104916	0.9118095246299697	1.0237414231764106
0.9657414990923474	0.925339745858385	1.0436615344956182
0.8580355869077552	0.8622445770649942	0.9951185658116098
0.9255137999866166	0.9139460023905034	1.0126569814473247
0.9364518654626591	0.9154678494990226	1.0229216306996687
0.9480137796068335	0.8776189979458094	1.0802110959605398
0.9049351623833448	0.9083628877171523	0.9962264802094437
0.9061581597827271	0.9115144929659068	0.9941236993766811
0.9668429549744566	0.9236917869902328	1.0467159810144335
0.9680739873259337	0.9205881396263166	1.0515820763440342
0.9552175424512044	0.9206676440056766	1.0375270040936888
0.9653584130239246	0.9309046718787355	1.037011030437365
0.9454099703068725	0.9184454742865308	1.0293588424955638
0.8456455967272596	0.8632088588386082	0.9796535196186716
0.9400319205637118	0.9179639075692907	1.0240401750139128
0.9465676903333422	0.9222533134332818	1.026364098177696
0.9330899991902409	0.9061565828791408	1.029722695635587
0.930466217505154	0.9066797387391283	1.0262347086294266
0.885273964145439	0.791151090258526	1.118969530657104
0.855098652540042	0.82021034786384	1.042535801659983
0.9213357164444533	0.9131460136782087	1.0089686672706986
0.9155280292671719	0.9052443403211736	1.0113601250932425
0.9582513744200227	0.9275455692326047	1.0331043629617271
0.9344337431362806	0.9144277903102882	1.0218781111400868
0.9763310158998768	0.9226273411867467	1.0582073306477702
0.9458628602107586	0.9171453821491367	1.0313118057622757
0.9359131265760524	0.9201032059987136	1.0171827687092756
0.9162568148260931	0.9054634545441002	1.011920260533792
0.9305464747119272	0.9179339149241018	1.013740161010249
0.961652719480331	0.9298093379730644	1.034247216291335
0.9771021246183678	0.9339275696374243	1.0462290185926355
0.9801008052859587	0.9394795400905912	1.043238051987221
0.8815291342839858	0.8838179053140547	0.9974103590611738
0.8989940521975305	0.8902492334737956	1.0098228882372773
0.9521277993683113	0.9152912470475177	1.040245716802841
0.9382095988108844	0.9218356141202318	1.0177623693854347
0.9761328037480508	0.9291617051483084	1.0505521249309828
0.9754913441788962	0.9264168289170928	1.0529723918326996
0.959096753946525	0.9083684058427697	1.055845566377543
0.970718940932666	0.9290150767585745	1.044890406213428
0.914198319881708	0.9039382409160528	1.0113504203066546
0.9614048795815368	0.918337233877161	1.0468974186340532
0.9180655798562881	0.8773387642246002	1.0464208550817684
0.9243120466909837	0.9093256933581935	1.016480732307744
0.9578708518344407	0.9291245577563575	1.0309391177298117
0.9231433367771704	0.9152887166392715	1.0085815764961457
0.9529104623135727	0.9313080380141442	1.0231957885228737
0.9288375461653459	0.8598713013869428	1.0802053105705038
0.8889484211567318	0.8983086263549263	0.9895801900108925
0.8818017913560612	0.8931923157216647	0.9872473999550697
0.9602469305540252	0.9252910304984218	1.0377782761352112
0.9650947991304266	0.8983917956995803	1.0742471199649641
0.9629363565587681	0.9138213376398101	1.0537468506106573
0.9398487887730808	0.9222208219662753	1.019114691825349
0.9188984197156381	0.90442569961695	1.0160021106264647
0.9627303676952128	0.9281734927750802	1.0372310512949614
0.9687430353487283	0.9185202267334288	1.0546779560793222
0.9207022977715645	0.8717846409304263	1.056112088404001
0.9256548315406082	0.9156301442125474	1.0109484024651485
0.9360899968210667	0.9114247258646512	1.0270623236965797
0.9720125692444533	0.9310032640421139	1.0440485085135904
0.9559134053732452	0.9274617149241992	1.030676943307974
0.9731561763959414	0.9364920734369744	1.0391504680060002
0.9531483980996278	0.9279500463219463	1.0271548580417216
0.8866755111941005	0.8929645143318407	0.9929571634294495
0.9409762304550444	0.9245436421899497	1.0177737291299427
0.9500638104964523	0.9307866003703547	1.0207106657083669
0.9714084832978507	0.9322586187137194	1.0419946394683357
0.9475309604825931	0.9218864302152128	1.0278174506391136
0.9112210650279984	0.9096860641759702	1.0016873962485273
0.9070944209714977	0.9051937975114707	1.0020996867911072
0.9763532092724386	0.9301442344489536	1.0496793648899632
0.9760560406442398	0.9149411721061405	1.0667965005852962
0.9575188300335131	0.9219442716941465	1.0385864519489834
0.9262643778873659	0.8856517312911181	1.045856226732648
0.9370062100988694	0.918890815884964	1.0197144142707084
0.9263165415030457	0.8986878513468138	1.0307433666927024
0.9745488047126715	0.9349352146077129	1.0423704118595853
0.8906507905514601	0.8979765735560803	0.9918418996437632
0.9728519894132402	0.9307962990007723	1.0451824856390335
0.9517642116426173	0.9160567840244167	1.0389794914910524
0.9263658282023798	0.9084017087680665	1.0197755236047226
0.9644054336553255	0.9250294287707401	1.042567299655441
0.9707176455810949	0.9320738637473983	1.0414599994021176
0.9416980441838139	0.9183662677706412	1.0254057419484832
0.9333291045489218	0.9184662604807609	1.016182242840778
0.9079506555691286	0.8781435239642746	1.0339433484293015
0.9302720533348563	0.9098413511134503	1.0224552359555907
0.9033149848746167	0.8914414449304303	1.0133194838670676
0.9573986852281153	0.9090838613878286	1.0531467182428342
0.9233746577416607	0.9109700090027955	1.0136169672066857
0.9596088885882607	0.9179019144866066	1.0454372884982828
0.9415147620835238	0.9229008039258256	1.0201689694911071
0.9216831124093618	0.9183855037022232	1.003590658491282
0.9567264215864565	0.9268147393910852	1.0322736367086947
0.9537779579619062	0.9285155492876621	1.0272073081529167
0.960127991848356	0.9257488164888463	1.037136612812428
0.9377949978914446	0.9119634580960048	1.0283251917235487
0.9514936353353172	0.9267883056254902	1.0266569286209901
0.9476437479882538	0.9188872633188722	1.031294899621873
0.944482849972427	0.9151381741743441	1.0320658416687276
0.9264054421742856	0.9197307908808979	1.0072571793393965
0.9683618564296212	0.9250128850794646	1.0468631000166368
0.9415336894446206	0.9178457216202717	1.0258082238293083
0.9498605879827192	0.9095939014358632	1.0442688616131792
0.9016440065628568	0.8911443072340363	1.0117822660635176
0.9543034334337943	0.9208771956986176	1.0362982576735633
0.9203496102255608	0.9057991859790885	1.0160636314005347
0.9344097445795055	0.9038775005975804	1.0337791835306658
0.938179701853587	0.9191281189145724	1.0207278860769848
0.9061369759497968	0.9032740314902152	1.0031695192818266
0.9807888176714226	0.9213323995945931	1.0645330806807527
0.9349718615240852	0.9042352818900409	1.0339917942261647
0.9445986972685144	0.8993460608590536	1.0503172676002335
0.8585411024467607	0.8760731093498627	0.9799879636573795
0.8847624441327667	0.8958872052570231	0.9875824087463502
0.9456558335698618	0.9198798381129464	1.0280210462159847
0.9662664371596286	0.9162301782971687	1.0546110137470621
0.9388488925442868	0.9078436139572181	1.0341526647435666
0.9161124459268001	0.9017659807857599	1.0159092995818486
0.9681030130616988	0.9206879937411514	1.0514995521206698
0.9553979496507544	0.926800505872389	1.0308560942696583
0.8717113073282713	0.8624811217158884	1.0107018987198464
0.9069285255458741	0.9022768918847811	1.005155439203786
0.8788975730971987	0.8973220955616011	0.9794672141079162
0.9220191748432075	0.9015995115179224	1.0226482635188066
0.9498412768441671	0.9231598147873019	1.0289023218184736
0.8895055534176958	0.8237115723947991	1.079875023282254
0.925217912568877	0.8836347608529463	1.0470592076705896
0.932168384684072	0.9075038047311128	1.027178486552205
0.9618696521418112	0.927585940834262	1.0369601454682622
0.9302600692388978	0.9055734736423506	1.0272607318070548
0.924502514753058	0.8954964617322981	1.0323910302946915
0.873038344780572	0.8860315395245312	0.9853355166668991
0.9457379398038807	0.9229947476850849	1.02464065172184
0.9266001367458567	0.8904064438102475	1.0406485074172738
0.9454733829187593	0.8749584846477223	1.0805922789575872
0.9089620782868726	0.8930719433288641	1.017792670654034
0.9535652220803652	0.9168022246714708	1.0400991581603853
0.9448756514153803	0.9013678527733812	1.0482686380572945
0.9661136919878558	0.9275259713544208	1.041602846524165
0.967316983492643	0.9199346304476035	1.051506217373277
0.9466991660247102	0.9241923056453824	1.0243530055831949
0.9684209338691453	0.9334071802569015	1.0375117680181194
0.8812404648024874	0.8770016380025468	1.0048333168562773
0.9375863678011551	0.920822002228175	1.018205869899301
0.9393329695658087	0.9173153679663647	1.0240022159971611
0.9480127764133401	0.8780820310921734	1.0796403329586253
0.9062598524104224	0.9093480850826053	0.9966039047941665
0.9064130502929393	0.9119648010486332	0.9939123190398246
0.9668425347842217	0.9241932195196936	1.0461476175801128
0.96807351437259	0.9210326320538854	1.0510740669565684
0.955217013659601	0.9211550950603594	1.036977398031989
0.9653579541137738	0.9313952629690139	1.0364643159516367
0.9457674462946872	0.9189328326182208	1.02920193154924
0.8482681828602594	0.8649360926931516	0.9807293163348134
0.9400309273461052	0.9184470679773058	1.0235003846398394
0.9465669854015634	0.9226739677578282	1.0258954066969042
0.9361200594654393	0.9082337919028878	1.0307038427893391
0.9318064024420247	0.9080645015936508	1.0261456105890132
0.8860362075319472	0.7915461842623663	1.1193739861908818
0.857273546583869	0.8245214875667861	1.0397225051268661
0.9228086465017176	0.9141801173896404	1.0094385438361044
0.9167923889001832	0.9074181209322544	1.0103307039518872
0.9584809192104149	0.9280014242552952	1.0328442329488654
0.934432654102255	0.9148688719357225	1.0213842472584498
0.97633076073554	0.9230509831615468	1.0577213811002122
0.9458621401168014	0.9176254281825026	1.0307715011671221
0.93665915500677	0.9207779447800528	1.017247600593334
0.9162553370477673	0.9058610484957751	1.0114744844910293
0.9305455511746995	0.9183981569832205	1.013226718824634
0.9616520213849995	0.930425532853478	1.0335615129087812
0.9771017273813765	0.9343544169414381	1.0457506377289567
0.9801005418143809	0.9399031459433665	1.0427675937084653
0.8815269644396949	0.8842510020151846	0.9969193842367363
0.8994361956504328	0.8907959025941632	1.0096995204301091
0.9521271198517237	0.9157552367701377	1.039717908914034
0.9382087085706399	0.9222386717707647	1.0173165984996178
0.9761324422104621	0.9296119360326723	1.050042931221738
0.9754910704747572	0.9269306570612027	1.0523883993302299
0.9590961208360301	0.9088362824786711	1.0553013114972536
0.9707185360560869	0.9294552074975866	1.0443951771162758
0.914197069169304	0.904306322009788	1.0109373858379471
0.9614042798237925	0.9187590786248887	1.0464160868622177
0.919078877208468	0.8798899961479492	1.0445383868802725
0.9243039957598645	0.9098071221154295	1.015934007650685
0.957870196701006	0.9295387079657101	1.0304790844023044
0.9272408920907627	0.9173534924415052	1.010778178456532
0.9529095513555269	0.9317380171198362	1.0227226257238442
0.9293324560474057	0.8604660030541655	1.0800339034300057
0.8890314498724848	0.8986862764811302	0.9892567330098224
0.8861568250003025	0.8955447984833911	0.9895170252800449
0.9602463936427024	0.9257847079709515	1.037224297803839
0.9656382333840983	0.8989508013571138	1.0741836282100299
0.9629358066654901	0.914339253522986	1.0531493676502017
0.9400098833336928	0.9226239820365193	1.0188439728813437
0.9209147974323765	0.9055887016697194	1.01692390346125
0.9627954379443047	0.9285962504666408	1.0368289097231203
0.9687426409715286	0.9190126004357154	1.05411246865629
0.9227861866926947	0.8732761913739795	1.0566945438427884
0.9257746066262313	0.9160453034435259	1.0106209847331042
0.936089004064035	0.9118413204229672	1.0265919991757122
0.972012176753787	0.9314770073287432	1.0435170907130484
0.9559128491242344	0.9279043975975554	1.0301846306572056
0.973155792830499	0.9369383256392271	1.0386551240355788
0.95314778275684	0.9283783035962558	1.0266803727151257
0.8866735545045558	0.8934707162223258	0.9923924068306245
0.9409752324254846	0.9249239053758197	1.0173542136346263
0.9500628633350197	0.9311554695057399	1.0203053028720497
0.9714081697987282	0.9327251502740344	1.0414731172557412
0.9481921972571381	0.9226101942177009	1.027727856466109
0.9116961543940325	0.9104471493205537	1.0013718589534943
0.9083965563433083	0.9064879127792748	1.0021055366951135
0.9763528412751932	0.9306096555063882	1.0491539986697365
0.9760558245879057	0.9153853824417744	1.0662785787383824
0.9575183816790773	0.9224335682881221	1.0380350570459689
0.92626311052584	0.8860288378861684	1.0454096649220357
0.9370053751060577	0.9193873022361205	1.0191628411955296
0.9268742305197495	0.8993291793887297	1.0306284414676081
0.9745484008823428	0.9352155435785361	1.0420575316288077
0.8908891875042066	0.8984338572752028	0.9916024204676817
0.9728516354954848	0.9312950948161526	1.0446223124234708
0.9517634206957031	0.916448707166614	1.0385343044874509
0.9266912513378525	0.908964042141567	1.0195026517820431
0.9644050283917854	0.9255759814192056	1.041951225779479
0.970717192745141	0.9324964008643486	1.0409876025745137
0.9427419870811449	0.9196851932772985	1.025070310985092
0.933328131171951	0.918951385560668	1.0156447292394162
0.907949023493957	0.8785908360260867	1.0334150850020916
0.9302709273274623	0.9102306806253706	1.022016668003679
0.9095027902408251	0.8940213136644412	1.0173166750498688
0.9573981142698816	0.9096536438157604	1.0524864279703707
0.9261639549760752	0.912723024966645	1.0147261870707396
0.9596081799030973	0.9182528393506206	1.0450369863073037
0.941513937521918	0.9233685219788877	1.019651325674545
0.9269649370426866	0.920791791440973	1.006704170974475
0.9567257853934981	0.9272789715301051	1.031756154045856
0.9537770753526132	0.9289792558479885	1.0266936202810997
0.960127417646621	0.9262102046049018	1.036619347177445
0.9390991628761178	0.9127758565746421	1.0288387407618982
0.9529012716772136	0.9277349583886668	1.0271266195813693
0.9476428379898515	0.9192895690853103	1.0308425874262368
0.944481930238964	0.9156246705958345	1.0315164723820196
0.9264045372369732	0.9201951524869153	1.0067478998702357
0.9683614835785583	0.9254759734961765	1.0463388691987032
0.9415330892695369	0.9182776262081859	1.0253250894910497
0.9501780213543316	0.9102273000795759	1.043890928421135
0.9047769181901465	0.8931464783026378	1.0130218728618978
0.9543028736080938	0.9212713860924469	1.0358542423158819
0.9203483296446742	0.9062263152207632	1.0155833197367157
0.9344086948248714	0.9043822624523833	1.0332010407756853
0.9381789849107234	0.919604335533097	1.0201985230603101
0.9061357769620951	0.903792290932497	1.0025929475755764
0.9807885825993793	0.9217483562294942	1.0640524346703422
0.9352078343594498	0.9047019513182923	1.0337192630088898
0.9446934477458667	0.8997647003445449	1.049933885363715
0.8597661677164279	0.8769653079140346	0.9803878898715881
0.8851044288026877	0.8963338346574444	0.9874718487458991
0.9456908367563746	0.9203595066435247	1.0275232992433914
0.9663284647888315	0.9166415498090562	1.0542053924897092
0.9388479353135673	0.9082846154864654	1.0336494963208558
0.9161110280357434	0.9022142513939644	1.0154029673332114
0.9681128950859609	0.9211263021466759	1.05100993515198
0.9553972932568421	0.927201804802115	1.0304092251640349
0.8728798899918937	0.863645228696487	1.010692655952427
0.9104241459915221	0.9041490470397445	1.0069403368530032
0.8797098459297367	0.8981621439598593	0.979455493471625
0.9233132306028219	0.9023463429406567	1.0232359645785631
0.9498405526628868	0.9236395462507672	1.0283671336058255
0.8952357883897285	0.8264303227732284	1.0832562210273355
0.9307282432015791	0.885786998000089	1.0507359504067655
0.9372284735483806	0.9099715313614734	1.0299536207974838
0.9622050206831242	0.9281418800937711	1.036700359416937
0.9319261468836034	0.9068942014017847	1.0276018365131532
0.9252009419048111	0.8960631746860274	1.0325175367562598
0.8750564736402235	0.8874140200166106	0.9860746550114728
0.9457369536476824	0.9234904231972569	1.0240896168402103
0.9265991814187228	0.8908527216436737	1.0401261161430757
0.9454720635147092	0.8755081435127616	1.0799123577780037
0.9127327382505118	0.8973399355470245	1.0171538143948802
0.9536252502424185	0.9173602760262611	1.0395318776754174
0.94487482335376	0.9018695645602073	1.0476845660209457
0.9661131086817225	0.9280076299816216	1.0410616006474598
0.9673165114512134	0.9203537099559319	1.0510269051857575
0.9468574247413294	0.924681748611956	1.0239819550484925
0.9684204706305314	0.9338619768146316	1.0370059973249768
0.8812383280722427	0.877364624964609	1.0044151576179516
0.9376484596086098	0.9211985628532805	1.017857058639321
0.9393329695658087	0.9173153679663647	1.0240022159971611
0.9480127764133401	0.8780820310921734	1.0796403329586253
0.9062598524104224	0.9093480850826053	0.9966039047941665
0.9064130502929393	0.9119648010486332	0.9939123190398246
0.9668425347842217	0.9241932195196936	1.0461476175801128
0.96807351437259	0.9210326320538854	1.0510740669565684
0.955217013659601	0.9211550950603594	1.036977398031989
0.9653579541137738	0.9313952629690139	1.0364643159516367
0.9457674462946872	0.9189328326182208	1.02920193154924
0.8482681828602594	0.8649360926931516	0.9807293163348134
0.9400309273461052	0.9184470679773058	1.0235003846398394
0.9465669854015634	0.9226739677578282	1.0258954066969042
0.9361200594654393	0.9082337919028878	1.0307038427893391
0.9318064024420247	0.9080645015936508	1.0261456105890132
0.8860362075319472	0.7915461842623663	1.1193739861908818
0.857273546583869	0.8245214875667861	1.0397225051268661
0.9228086465017176	0.9141801173896404	1.0094385438361044
0.9167923889001832	0.9074181209322544	1.0103307039518872
0.9584809192104149	0.9280014242552952	1.0328442329488654
0.934432654102255	0.9148688719357225	1.0213842472584498
0.97633076073554	0.9230509831615468	1.0577213811002122
0.9458621401168014	0.9176254281825026	1.0307715011671221
0.93665915500677	0.9207779447800528	1.017247600593334
0.9162553370477673	0.9058610484957751	1.0114744844910293
0.9305455511746995	0.9183981569832205	1.013226718824634
0.9616520213849995	0.930425532853478	1.0335615129087812
0.9771017273813765	0.9343544169414381	1.0457506377289567
0.9801005418143809	0.9399031459433665	1.0427675937084653
0.8815269644396949	0.8842510020151846	0.9969193842367363
0.8994361956504328	0.8907959025941632	1.0096995204301091
0.9521271198517237	0.9157552367701377	1.039717908914034
0.9382087085706399	0.9222386717707647	1.0173165984996178
0.9761324422104621	0.9296119360326723	1.050042931221738
0.9754910704747572	0.9269306570612027	1.0523883993302299
0.9590961208360301	0.9088362824786711	1.0553013114972536
0.9707185360560869	0.9294552074975866	1.0443951771162758
0.914197069169304	0.904306322009788	1.0109373858379471
0.9614042798237925	0.9187590786248887	1.0464160868622177
0.919078877208468	0.8798899961479492	1.0445383868802725
0.9243039957598645	0.9098071221154295	1.015934007650685
0.957870196701006	0.9295387079657101	1.0304790844023044
0.9272408920907627	0.9173534924415052	1.010778178456532
0.9529095513555269	0.9317380171198362	1.0227226257238442
0.9293324560474057	0.8604660030541655	1.0800339034300057
0.8890314498724848	0.8986862764811302	0.9892567330098224
0.8861568250003025	0.8955447984833911	0.9895170252800449
0.9602463936427024	0.9257847079709515	1.037224297803839
0.9656382333840983	0.8989508013571138	1.0741836282100299
0.9629358066654901	0.914339253522986	1.0531493676502017
0.9400098833336928	0.9226239820365193	1.0188439728813437
0.9209147974323765	0.9055887016697194	1.01692390346125
0.9627954379443047	0.9285962504666408	1.0368289097231203
0.9687426409715286	0.9190126004357154	1.05411246865629
0.9227861866926947	0.8732761913739795	1.0566945438427884
0.9257746066262313	0.9160453034435259	1.0106209847331042
0.936089004064035	0.9118413204229672	1.0265919991757122
0.972012176753787	0.9314770073287432	1.0435170907130484
0.9559128491242344	0.9279043975975554	1.0301846306572056
0.973155792830499	0.9369383256392271	1.0386551240355788
0.95314778275684	0.9283783035962558	1.0266803727151257
0.8866735545045558	0.8934707162223258	0.9923924068306245
0.9409752324254846	0.9249239053758197	1.0173542136346263
0.9500628633350197	0.9311554695057399	1.0203053028720497
0.9714081697987282	0.9327251502740344	1.0414731172557412
0.9481921972571381	0.9226101942177009	1.027727856466109
0.9116961543940325	0.9104471493205537	1.0013718589534943
0.9083965563433083	0.9064879127792748	1.0021055366951135
0.9763528412751932	0.9306096555063882	1.0491539986697365
0.9760558245879057	0.9153853824417744	1.0662785787383824
0.9575183816790773	0.9224335682881221	1.0380350570459689
0.92626311052584	0.8860288378861684	1.0454096649220357
0.9370053751060577	0.9193873022361205	1.0191628411955296
0.9268742305197495	0.8993291793887297	1.0306284414676081
0.9745484008823428	0.9352155435785361	1.0420575316288077
0.8908891875042066	0.8984338572752028	0.9916024204676817
0.9728516354954848	0.9312950948161526	1.0446223124234708
0.9517634206957031	0.916448707166614	1.0385343044874509
0.9266912513378525	0.908964042141567	1.0195026517820431
0.9644050283917854	0.9255759814192056	1.041951225779479
0.970717192745141	0.9324964008643486	1.0409876025745137
0.9427419870811449	0.9196851932772985	1.025070310985092
0.933328131171951	0.918951385560668	1.0156447292394162
0.907949023493957	0.8785908360260867	1.0334150850020916
0.9302709273274623	0.9102306806253706	1.022016668003679
0.9095027902408251	0.8940213136644412	1.0173166750498688
0.9573981142698816	0.9096536438157604	1.0524864279703707
0.9261639549760752	0.912723024966645	1.0147261870707396
0.9596081799030973	0.9182528393506206	1.0450369863073037
0.941513937521918	0.9233685219788877	1.019651325674545
0.9269649370426866	0.920791791440973	1.006704170974475
0.9567257853934981	0.9272789715301051	1.031756154045856
0.9537770753526132	0.9289792558479885	1.0266936202810997
0.960127417646621	0.9262102046049018	1.036619347177445
0.9390991628761178	0.9127758565746421	1.0288387407618982
0.9529012716772136	0.9277349583886668	1.0271266195813693
0.9476428379898515	0.9192895690853103	1.0308425874262368
0.944481930238964	0.9156246705958345	1.0315164723820196
0.9264045372369732	0.9201951524869153	1.0067478998702357
0.9683614835785583	0.9254759734961765	1.0463388691987032
0.9415330892695369	0.9182776262081859	1.0253250894910497
0.9501780213543316	0.9102273000795759	1.043890928421135
0.9047769181901465	0.8931464783026378	1.0130218728618978
0.9543028736080938	0.9212713860924469	1.0358542423158819
0.9203483296446742	0.9062263152207632	1.0155833197367157
0.9344086948248714	0.9043822624523833	1.0332010407756853
0.9381789849107234	0.919604335533097	1.0201985230603101
0.9061357769620951	0.903792290932497	1.0025929475755764
0.9807885825993793	0.9217483562294942	1.0640524346703422
0.9352078343594498	0.9047019513182923	1.0337192630088898
0.9446934477458667	0.8997647003445449	1.049933885363715
0.8597661677164279	0.8769653079140346	0.9803878898715881
0.8851044288026877	0.8963338346574444	0.9874718487458991
0.9456908367563746	0.9203595066435247	1.0275232992433914
0.9663284647888315	0.9166415498090562	1.0542053924897092
0.9388479353135673	0.9082846154864654	1.0336494963208558
0.9161110280357434	0.9022142513939644	1.0154029673332114
0.9681128950859609	0.9211263021466759	1.05100993515198
0.9553972932568421	0.927201804802115	1.0304092251640349
0.8728798899918937	0.863645228696487	1.010692655952427
0.9104241459915221	0.9041490470397445	1.0069403368530032
0.8797098459297367	0.8981621439598593	0.979455493471625
0.9233132306028219	0.9023463429406567	1.0232359645785631
0.9498405526628868	0.9236395462507672	1.0283671336058255
0.8952357883897285	0.8264303227732284	1.0832562210273355
0.9307282432015791	0.885786998000089	1.0507359504067655
0.9372284735483806	0.9099715313614734	1.0299536207974838
0.9622050206831242	0.9281418800937711	1.036700359416937
0.9319261468836034	0.9068942014017847	1.0276018365131532
0.9252009419048111	0.8960631746860274	1.0325175367562598
0.8750564736402235	0.8874140200166106	0.9860746550114728
0.9457369536476824	0.9234904231972569	1.0240896168402103
0.9265991814187228	0.8908527216436737	1.0401261161430757
0.9454720635147092	0.8755081435127616	1.0799123577780037
0.9127327382505118	0.8973399355470245	1.0171538143948802
0.9536252502424185	0.9173602760262611	1.0395318776754174
0.94487482335376	0.9018695645602073	1.0476845660209457
0.9661131086817225	0.9280076299816216	1.0410616006474598
0.9673165114512134	0.9203537099559319	1.0510269051857575
0.9468574247413294	0.924681748611956	1.0239819550484925
0.9684204706305314	0.9338619768146316	1.0370059973249768
0.8812383280722427	0.877364624964609	1.0044151576179516
0.9376484596086098	0.9211985628532805	1.017857058639321
0.8658609659094196	0.7705723788895871	1.123659489530556
0.7174790999265724	0.6185639793168702	1.159910896717494
0.7757443445529815	0.7452684327420961	1.0408925300898015
0.7137591209953055	0.7211118575801357	0.9898036115929307
0.9135971833255063	0.7861010834385649	1.162187920323488
0.9037988407349195	0.7709990527869915	1.172243775745101
0.8262812093183101	0.7465877081879461	1.1067436555093966
0.8129036399404743	0.7546617384090206	1.077176168562937
0.8162755650631395	0.7450979217952344	1.095527904703331
0.6470817521161827	0.6530824115487515	0.9908117883341269
0.7636232200278232	0.7280770902668013	1.0488219314083844
0.7659421915601566	0.7348789862641767	1.0422698238439128
0.8013428843848324	0.7462451624814488	1.0738332717898902
0.8547876921445864	0.7579406167346873	1.1277766005299066
0.6912692993292451	0.53458803166159	1.2930878702627577
0.6665869558590816	0.6326068598490324	1.0537143969924043
0.7536763830110516	0.7229575112586965	1.042490563102211
0.7277663988552444	0.698539937810309	1.0418393558663956
0.8171070797912581	0.7489604045029848	1.0909883551634425
0.8532244612889224	0.7482243921880323	1.1403323256995652
0.8894505102899627	0.7698447541682879	1.1553634748747394
0.8699396796100857	0.7671508450126681	1.133987774719482
0.8063818185961491	0.7537507747482858	1.0698255253740063
0.7066749631785584	0.6932526918487963	1.0193612970963977
0.7191194557727718	0.7153524052040776	1.005266006714019
0.8687014339894837	0.7793857406961485	1.114597546028438
0.9192512876428787	0.7988145437920338	1.1507693428804169
0.8932782393578741	0.7957366437529845	1.1225802485918555
0.7203608848448422	0.7098580638846786	1.0147956633790804
0.6814165367237226	0.6571067007573852	1.0369952641455606
0.82058366649762	0.7438601226504296	1.1031424343246399
0.7282861422400124	0.7010454370469297	1.0388572605333986
0.8721788475633983	0.7661269718758229	1.1384259784352881
0.8503751874754177	0.7596675478921756	1.1194043892422754
0.8565635362732387	0.6976128081239205	1.227849498028544
0.8230882736471518	0.7588470579767229	1.0846563414790222
0.7055212354774628	0.6854620581143285	1.02926373112221
0.7893626785392016	0.6560903222234847	1.2031311113751197
0.7855125615140504	0.7034602187786044	1.1166410559475712
0.7979714052009605	0.7392441801451728	1.0794422555267935
0.8245921384923847	0.7610492852343851	1.0834937427717706
0.8272360651385627	0.7672006510720439	1.0782525588092615
0.8161828453625821	0.7687142108998962	1.0617506919861892
0.6859538468971778	0.5846248787940644	1.173323051718445
0.5843178061385936	0.6463089488255406	0.904084350372069
0.744161248955573	0.7249975402308059	1.0264327913701146
0.8524242922922699	0.7625133074802052	1.117913987769189
0.881880698131328	0.7313288772412025	1.2058606265597678
0.8551037909859595	0.7581779225646942	1.1278405312744975
0.7470619580243472	0.7330440665553574	1.0191228496464901
0.8067120211785909	0.7525038696888824	1.0720370401711297
0.8858397669621851	0.7913127470636407	1.1194559549929026
0.8577570359689446	0.7244285255387758	1.184046466600703
0.7753175506730303	0.6671521762217533	1.1621299881892677
0.7367390095863332	0.7295385343179684	1.009869903959352
0.8228159388613131	0.7560067390318466	1.0883711697001848
0.8329768466537406	0.7438039241107611	1.1198876742275705
0.8560831104378984	0.7668342061988597	1.1163861803732504
0.8534357333455489	0.7786015363881913	1.0961136004232686
0.8022803050109311	0.7426873666043984	1.0802396015957487
0.7177233770049485	0.7064310266754897	1.0159850712993188
0.6863634902062244	0.7111364506355249	0.965164265722617
0.8016745106682756	0.7524687972011668	1.0653923639759297
0.8730246790813586	0.7772339549659261	1.1232456759041516
0.8528665397332759	0.7698481072801265	1.1078374184051103
0.7183398196951802	0.7258253628398248	0.9896868537145671
0.7246908127526421	0.7095857023073101	1.021287224920423
0.8612258172938769	0.7590884892494747	1.134552597610046
0.8788891448867456	0.7715338867869646	1.1391452273688971
0.8202160389060836	0.7542642140463988	1.0874386238024913
0.7135439713732723	0.5876825246634951	1.2141657126555618
0.8451542951598892	0.7603327530768124	1.1115584482449723
0.7642819581209285	0.7068605655717306	1.0812343980495696
0.8873517994065365	0.7857866425185367	1.1292528421741452
0.7763163168583084	0.7424802266292578	1.045571705502059
0.8820139889352703	0.7826683649609628	1.1269319528192028
0.846527775555663	0.7448025173869723	1.1365801750047495
0.7448133190280037	0.7298480907172746	1.0205045796530368
0.8510691151675782	0.7693660837347426	1.1061952601760447
0.8605308143549927	0.7709602805242699	1.1161804778967508
0.8121012053575619	0.7457136032924416	1.0890256014802582
0.8069148647498479	0.7585610799884818	1.0637440886923704
0.7288242557656315	0.6562372181978489	1.110610973524361
0.8002556038909837	0.7346194702399481	1.0893471195768838
0.7850153003537791	0.7031687909954952	1.116396675174408
0.8700902606196902	0.7539487319375497	1.1540443318787366
0.8141262734986929	0.7564458933185797	1.0762518253976705
0.878901183303561	0.7548404522506186	1.164353580525587
0.7135361859158994	0.719782536791731	0.991321891603993
0.7879989069355355	0.7572933201167522	1.0405464910400233
0.8451007375954542	0.7576320810486241	1.115450043279274
0.8653134973425411	0.7749741310949879	1.1165708152347094
0.8510227147957071	0.7712715048421728	1.103402251286146
0.8141805470627531	0.7503547508043229	1.0850608278151286
0.8750516424840281	0.7730701973927218	1.1319174448002935
0.823406875542849	0.7489282140852778	1.099446996463523
0.8234285917147656	0.7309413120466859	1.1265317449483174
0.7623883065809445	0.7399285219744998	1.0303539922295613
0.8040502477784855	0.7262840568683104	1.1070740713289204
0.8106840571723414	0.7563456465497504	1.0718433574258919
0.8571090147715953	0.7651454931257197	1.1201908950285946
0.7642387013050786	0.7142876678711361	1.0699312555441658
0.8334970985432296	0.7576880512506544	1.1000531117884773
0.7732723551330644	0.7420331568692917	1.042099464120409
0.7252358614901876	0.6853279037653803	1.058231917167741
0.762797644770259	0.7377263847801995	1.033984496836899
0.7757423205483823	0.7140424269069411	1.0864092823009275
0.9139345481146333	0.7831220251325233	1.1670397700281425
0.7850244278360847	0.7089767090760322	1.1072640578830313
0.8339688060959396	0.718340397666191	1.1609660389495184
0.6544427976895154	0.6619438571037524	0.9886681335074898
0.6148590533919333	0.649345745679639	0.9468900928093243
0.830396853967712	0.7599477955337756	1.0927024972609523
0.8475785778866454	0.7099454672684647	1.1938643416482788
0.7542747675877649	0.6880182805342588	1.0963004747520033
0.6604492057606072	0.6971853850298111	0.947307875268164
0.8505039690054073	0.7414863811213713	1.147025745394225
0.827786300307635	0.7611734108546424	1.0875134213873812
0.6228534343662133	0.6181182245506541	1.0076606863015591
0.752861079522485	0.7093537239964054	1.0613337944868535
0.6362244284459688	0.6812002683736685	0.9339755986369804
0.7031241164261758	0.6622009986167073	1.0617986349989716
0.7596299161021985	0.7292482750111992	1.0416615878735302
0.7344468628219186	0.6252484050447743	1.1746481188853646
0.8695195420144411	0.7318796319507088	1.1880635886762896
0.8693224826300892	0.7647632467872185	1.1367210522761462
0.7985068038916365	0.752589573781411	1.0610123123012625
0.8092404096226004	0.7409376276730352	1.0921842533008814
0.6448791245489034	0.5944190954472636	1.0848896502284668
0.7447244451805821	0.7229978149489044	1.0300507550402669
0.8011153937967324	0.7471928555533139	1.072166827938267
0.7145911464503861	0.6261721395116323	1.1412055908583127
0.7710668767575957	0.6635850090686094	1.1619715126474075
0.7942148719621995	0.7395058534363101	1.0739805077561853
0.8666581964785237	0.745510734624939	1.1625026390995337
0.8559207611684247	0.7333300387144791	1.1671699180206037
0.8068071276405675	0.7435884347206734	1.0850183918522645
0.7817209527536846	0.6786075450549403	1.1519485134672298
0.6957549288497115	0.6981454995372852	0.9965758274039463
0.8239193295463039	0.770383621839966	1.069492271367964
0.6277928773299177	0.6227671322947922	1.0080700229259154
0.7929228407158414	0.7689736745284297	1.031144325196956
0.7131485826303212	0.5307221681761247	1.3437324185668023
0.7142050114437855	0.5535914140275171	1.2901302176053706
0.5938074083996405	0.5070209040022535	1.17116947982287
0.7094714647100975	0.6049428224640108	1.1727909454654375
0.786092718980173	0.6182547403178591	1.2714705892526186
0.7246961474306092	0.5649258759993512	1.2828163449737988
0.7627712688991274	0.6024064148822721	1.2662070822207219
0.612813357433207	0.5613951730971078	1.0915900007697519
0.6557470733641395	0.5090085319585875	1.288283068342537
0.47060010954404374	0.37675238436192754	1.2490965660139295
0.7149935145501202	0.5847510682241087	1.2227314380486012
0.6277355788428878	0.5562022361659328	1.1286103111883468
0.6945501522150581	0.5920869071268302	1.1730544010598758
0.7800933870487594	0.5986767734082199	1.3030293168177363
0.6218019984935388	0.4550806891395556	1.3663554910871119
0.6600761341479011	0.5732244651949626	1.1515142395804738
0.6303975239875289	0.5587720624881035	1.1281836840240207
0.6386513474467177	0.5390147299163276	1.1848495263679657
0.6241906879600625	0.5426138076012783	1.1503405907037445
0.6478519771208155	0.5091454501381671	1.2724300628533702
0.8278876845493187	0.6037392474656345	1.3712669633862806
0.6893636515932167	0.5930207092580273	1.1624613454996053
0.617945902449701	0.5548673385523972	1.1136822435104408
0.590932211250507	0.49960327445039826	1.1828029187770588
0.6293623250395537	0.553894631287034	1.1362491880037948
0.7182795864121173	0.6013194323800978	1.1945058611677932
0.7174472540217135	0.6038803542021163	1.1880619215865182
0.7662769248197737	0.6121498953985306	1.251779883619683
0.7138310429963168	0.580648763441262	1.2293680585242948
0.5674752942772272	0.508975902722351	1.1149354836682472
0.6806700392394743	0.5965120444541205	1.1410834794834166
0.6053164849216337	0.5503307743936878	1.0999139301059893
0.6805115881544426	0.5920068129065236	1.14949958905607
0.7529969861267265	0.6036407174179516	1.2474257690031916
0.6555856949047308	0.435985292056508	1.5036876400402985
0.6495636991633024	0.5783547679254266	1.1231232717131459
0.5639986073839914	0.5047963488344501	1.117279490404866
0.7322256215454711	0.4737742020992383	1.5455160249356437
0.643141667294292	0.522854270325682	1.230059126979462
0.6138436826665717	0.5349739388508405	1.1474272634385678
0.5946336286785057	0.46008992354026756	1.29242914972569
0.7395270564093337	0.5998554221737106	1.232842163415797
0.6962923850379885	0.6088777137349625	1.1435668761249433
0.6039229053720077	0.5221940711501375	1.1565104598791434
0.5264953037042049	0.45791283731908916	1.1497718797023486
0.6181658463148411	0.5465888085803315	1.130952256268141
0.7479007685831945	0.6147115356288557	1.2166694867993406
0.7423079017387536	0.5234975939955947	1.4179776760253844
0.6944113416856362	0.592987999589558	1.171037764956929
0.5481648803515535	0.5098200341588079	1.075212513482358
0.7882568761142945	0.6068364327937851	1.2989610272495944
0.700158734078071	0.5731143939424916	1.2216736160849722
0.7929642029769213	0.5674311920779951	1.3974631885726967
0.6989551655971045	0.5648833347025317	1.2373442844887168
0.6798533451647313	0.5959962194766849	1.1407007678029857
0.6968407166626779	0.5915555357218423	1.1779802141693458
0.7175094382720311	0.5346952874362362	1.3419034263652379
0.7526920692827463	0.5631072288489464	1.3366762682506002
0.728843489412613	0.6004107982982602	1.2139080300993397
0.6867161371811502	0.574944497665079	1.1944042250512696
0.5938869237426276	0.5455183927792828	1.0886652615265986
0.5421950851672906	0.5123697072416472	1.058210658249507
0.6282297538571647	0.5681441538443812	1.1057576666171969
0.7067382110298922	0.599585177238376	1.1787119459574558
0.750248091496134	0.6206625162737681	1.208785888988996
0.6377913402236818	0.5771934621411721	1.104987117937397
0.7140823482089974	0.5897616795100883	1.210798146129436
0.7512214260135204	0.5159027773960366	1.4561298347824936
0.7924011463854569	0.5823621440896637	1.360667334625814
0.6475940564549674	0.5847801996389144	1.1074144727452107
0.6413980055111417	0.4680177770862408	1.3704565016831667
0.7718793206325646	0.5964030108566378	1.2942243861644545
0.626778682829641	0.4874584935165116	1.2858093379562998
0.7547218698665852	0.6112196957628581	1.2347800227946242
0.7335990923177043	0.6082970937342738	1.2059881591973658
0.7495819564870363	0.6189255973515249	1.211101883157862
0.7263962968344624	0.5193304905475233	1.3987168287936114
0.5426679458052918	0.5257195882905907	1.032238398363298
0.7121865003129761	0.5858004246810679	1.2157493752257311
0.7619548702813311	0.6204849744446065	1.2279989067637838
0.7079752283529179	0.5838309763243614	1.2126373163858732
0.683695596903856	0.601952241588503	1.1357970776878226
0.5711325306591201	0.5116436333370266	1.1162701799572816
0.6312826460804886	0.5626116538740397	1.122057536017239
0.6666209173863695	0.48630528478323337	1.3707869074125123
0.7626411345441566	0.5667153295076489	1.345721731590928
0.6477467110926443	0.5502690075579053	1.1771455455348014
0.7791934918251984	0.6008867609470712	1.2967393233911393
0.5213971239857536	0.5216994961349956	0.9994204093515863
0.7166912154319659	0.5913216272070385	1.212015902102346
0.7602754884467142	0.5768948495369942	1.317875326945453
0.7231366580669034	0.541859227851922	1.334547094332258
0.6941610530386286	0.560432674564832	1.2386163129721777
0.674873300840444	0.5564253208014335	1.2128730947549382
0.7703109198875181	0.5958911391641806	1.292704101906911
0.6365043713127682	0.536228778981123	1.187001511784162
0.6751659848575725	0.48211365848431315	1.4004290751276047
0.7159346672447452	0.6031401991707792	1.1870120217969888
0.767261154292363	0.5777238554217324	1.3280759433627165
0.6659422654316758	0.5970592039345788	1.1153705713657245
0.67507702967079	0.5427531645285552	1.2438011858616682
0.6875257363375361	0.5529835358572328	1.2433023621069235
0.7906803460386455	0.6036985565548125	1.309727077286553
0.6481217476271202	0.5404377517664217	1.1992532821934314
0.5641641236344125	0.5180431198659897	1.0890292757490025
0.6950487431110629	0.5491978851601854	1.2655706838862588
0.6382162200807681	0.5173569052019564	1.2336091654785835
0.804069397948355	0.6144163812437092	1.3086718103458566
0.6579039450871565	0.5436847301064712	1.2100835441126285
0.6444105801764266	0.536969389924916	1.2000881098018157
0.6084392896143317	0.5534991916689538	1.099259581174307
0.5448624105934654	0.49411351071134524	1.1027069666827367
0.7838322147101223	0.602552622010141	1.3008527157266778
0.6864874511940698	0.4966579279421221	1.3822138187514637
0.6683417674673475	0.55380466488635	1.2068185947919063
0.6886714147620587	0.5817878039182711	1.1837157983098636
0.6802240845694648	0.5541572367946641	1.227492919706313
0.7368793952289714	0.614320084507908	1.1995039944351449
0.5028342131999616	0.3935483020314804	1.2776937687301704
0.5698534457219182	0.4883214499357851	1.166963781330627
0.4680738324445512	0.4603640492283187	1.0167471444157206
0.6619512421508063	0.5030092573374553	1.3159822259627343
0.6454350272923943	0.5362998402568405	1.2034965868781309
0.6930542510601126	0.5537637849528267	1.2515340834705388
0.7666903574575258	0.6089459067254108	1.25904509577933
0.7858413910533077	0.614520985730527	1.27878690769058
0.6817294220640668	0.5694265082299063	1.1972210850935978
0.5708498914021598	0.5256032689443765	1.0860851237638929
0.5621192168810165	0.46039909095341264	1.2209390242647045
0.6329427059354739	0.5645823766023275	1.1210812313068304
0.6741918934457173	0.5736270621287856	1.175313959114352
0.73776696573604	0.5476294601095361	1.347201017250739
0.7921750047657266	0.5912654192465973	1.339795934244104
0.6774567054719874	0.572489162895394	1.1833528901153598
0.7162166963142982	0.4798477590359786	1.4925915205964249
0.6651194709838922	0.49404567379541364	1.3462712179508345
0.7858922595392528	0.5936649623284012	1.32379761213618
0.7056868744012548	0.5500314600161338	1.2829936570910967
0.6200978859090138	0.5526559714050086	1.1220323637009635
0.6513626156225909	0.590931403675382	1.1022643433253816
0.44003075755084603	0.4523789364715058	0.9727039039063713
0.6609086269133044	0.5544012318155054	1.1921124791678723
0.6522270776822623	0.3690542085937626	1.767293428701156
0.577168280661651	0.29713569704055914	1.9424400582299182
0.5573887882102888	0.32155218246710937	1.7334318303602323
0.5898273670689129	0.3932289894093248	1.4999590135887526
0.6069496182872495	0.4231787836066745	1.434262873753571
0.5424752135922242	0.34009230723721207	1.5950822822165496
0.6286711439280441	0.4138754770666887	1.518986213881778
0.5204325728973846	0.39229696208380693	1.3266291182397787
0.5872556573283834	0.30967680669579517	1.8963501451539515
0.4861542790683139	0.3032254641388445	1.6032765600639258
0.6144306684619819	0.38966191622358043	1.5768301773413071
0.5386482856231469	0.3952676456640797	1.3627431729661983
0.596524812069509	0.38574503175740255	1.5464225406917675
0.5431486140612226	0.36381243583397216	1.4929358113230948
0.6549303061986688	0.3439214038038964	1.9043022590478529
0.5448167517446314	0.3808179248848765	1.4306489168264145
0.5928696727548569	0.39569656644001117	1.4982937003693657
0.6388284757609055	0.3958794828420168	1.6136943273108248
0.4894610947417112	0.32937078447355217	1.4860489084483872
0.5778230228554904	0.3352511158857078	1.723552869701645
0.8092518438942339	0.39972314972379586	2.024530839540861
0.56504583835278	0.3651144168951087	1.5475856668653767
0.4162172724751324	0.3111948062400912	1.337481423626379
0.4084526240660923	0.2960863672486532	1.379505000049779
0.4424993846241353	0.3468985473538741	1.275587309314207
0.5479834478222672	0.3795941456401579	1.4436035279156714
0.5703789148674911	0.405562325845711	1.4063902845958174
0.6858924237354481	0.40062688847570205	1.7120479015902283
0.5848238311338682	0.3612318534872681	1.618970822999364
0.456992365537205	0.31039755182777534	1.4722808309737188
0.49712151973594787	0.3555368476591391	1.3982278433557724
0.5296228218851435	0.36192703599375803	1.4633414175068085
0.6309320144325928	0.43191423326939815	1.4607807889467286
0.6597982854412539	0.41067480776033893	1.6066198193152819
0.6477059710110735	0.28133805962399583	2.302233732175174
0.5104173945376701	0.3801048451423895	1.342833171059592
0.41445895067228944	0.29878125929640925	1.387165151014779
0.7063617439944686	0.30034916884974155	2.3518018934417184
0.5936688374806319	0.3466041322791107	1.712815232689052
0.4707183968198903	0.3560549226680897	1.3220387273192922
0.6565063132069285	0.3010698966968378	2.1805777343059884
0.5523790150921375	0.3613104482185968	1.528821039678161
0.5271712403187582	0.3874596372073556	1.3605836316742164
0.5486928974467087	0.34456278632956094	1.5924322626120895
0.5693483409135818	0.28831253349123737	1.9747609790640124
0.5270881429512443	0.38939803708980847	1.3535973290735408
0.5477797233564522	0.38606679946730316	1.4188729103675357
0.6079104128613059	0.312784674465129	1.9435428347020218
0.5681876573626944	0.36954611000601145	1.5375284490302215
0.6103810474595003	0.3351774302306605	1.8210684622751947
0.6536931997606189	0.4074286868040779	1.6044358704544615
0.5602388364520868	0.35597024401491645	1.573836144654301
0.6568739167640322	0.3578418101006703	1.8356544658077723
0.5506698333775125	0.35962825006426985	1.5312196227051165
0.5188981104672159	0.3898197004747307	1.3311233625065404
0.5516636495493094	0.38898861667578344	1.41819998298077
0.6349154825728075	0.31734646374514014	2.000701300023642
0.6245642029581223	0.4156071306041377	1.5027754746417346
0.6376090227769492	0.3513941649413163	1.8145122668255789
0.5652563645871513	0.3851672921520854	1.4675606576789932
0.48045628769076176	0.3536545772652597	1.358546781455607
0.393834906171078	0.3177621287393628	1.2394016484390817
0.4662341348838063	0.3417628886604177	1.3642035175652605
0.5666736521297399	0.38027477811088795	1.4901689113983208
0.5302491544658892	0.3853049131150108	1.3761806206390457
0.5439979005893814	0.3878171848593081	1.402717367428502
0.6088065128316715	0.41766097597382207	1.4576571617977303
0.5034893677193903	0.2903535045902638	1.7340564510488552
0.6852074949720389	0.36396401555871283	1.8826242861404652
0.5321636352136424	0.3888350988959538	1.3686100784745285
0.4383503265306343	0.26299232457107463	1.6667799231234544
0.7123444872965218	0.4086552781908411	1.743142754573351
0.53874786500099	0.3039206775889041	1.7726594625776764
0.6499983274680361	0.3801504514860861	1.7098449440926855
0.47571227758252166	0.38143897517744113	1.2471517294771088
0.6574401022974105	0.4283391729011741	1.5348586911734412
0.6433024145316655	0.3158937334415627	2.0364519660554463
0.5173529686927857	0.34173396535730943	1.5139056141283846
0.7053930165087907	0.3396788302422931	2.0766469785757136
0.5895609382320496	0.3935612349976521	1.4980157744335942
0.5336798569216114	0.3978606072642524	1.341373956550441
0.5496604954689476	0.4137472135708958	1.3284935280289518
0.4510996198012568	0.34302439191892253	1.3150657225212106
0.5135434946683783	0.36645587994453654	1.4013787819316847
0.5843610434067035	0.32395578759570826	1.8038296143545887
0.6703099118329783	0.3698866534823899	1.8122035643140375
0.4774704687863272	0.34444007299239643	1.3862221797777503
0.5877839677706188	0.39912437184956556	1.472683727748305
0.32231551329809927	0.3174419502686649	1.0153526117934624
0.5608076311947018	0.33983175695994117	1.6502508070804252
0.6422016156408326	0.4084830712796162	1.5721621305604379
0.660230478011537	0.33305853775549027	1.9823256369912814
0.4899736083985429	0.36446833709440535	1.3443516446577606
0.6725859445069255	0.37287861780179876	1.803766460174003
0.619856690916853	0.3873482489947304	1.6002568554925511
0.6158373861471762	0.3567832933801203	1.7260824639876207
0.6229831171574851	0.3094765995785018	2.013021721209197
0.6122920264785119	0.3969192770601328	1.5426109586150192
0.6602171230726123	0.32646910842992816	2.02229584982102
0.543396326506968	0.3682051890263716	1.4757975789093207
0.5889145525590372	0.331522711237975	1.7763927857609132
0.6096758830319768	0.3690155653044675	1.6521684729719877
0.7394463349084799	0.4066457313360317	1.8184042716470528
0.5364317462126845	0.38202036921999755	1.4041967115731588
0.5629207722502414	0.3486748615105857	1.6144575775020455
0.5226766833611215	0.3290947946312994	1.588225313459306
0.5309631649649658	0.3504715875776712	1.5149963186310906
0.6851145096803236	0.43368278544078837	1.579759521660478
0.5103689346905821	0.325707721085484	1.566953749176344
0.520253973442526	0.30740339945259987	1.69241450930261
0.49840081823840815	0.36482162075006697	1.3661493450243016
0.3932638750013188	0.2729695210449173	1.4406878595673216
0.6907759714431002	0.43299688568560346	1.595337043473954
0.6890975957972373	0.29677821573712104	2.321927821035299
0.6074988096145546	0.3935776225192389	1.5435298524495222
0.5441688134114587	0.30089745748764873	1.8084859139555733
0.6499185856243429	0.36232927937417664	1.7937236172215976
0.47593691987450615	0.36236376890521094	1.3134230315365891
0.5169362718821301	0.29158550126893734	1.7728462822482574
0.5112212624191008	0.2754730631216218	1.8557940171209983
0.4606333033227221	0.33243768000003215	1.3856230236075453
0.5031976328301921	0.28245360792586977	1.7815231199392463
0.6469669864549324	0.37722734432804456	1.715058561322948
0.6259857418893293	0.34942748785619315	1.7914610717373034
0.5927643321474967	0.41208257987342345	1.43846005897549
0.6779765194769058	0.4137644727929954	1.6385566283649844
0.6751512120547251	0.394805397134438	1.7100860752033349
0.41377281932494514	0.34316382464046125	1.2057588522288507
0.49505533744188124	0.2866469774716312	1.727055843422859
0.5129660266135841	0.3591985778246546	1.4280847928746319
0.5350150463350912	0.2754387911105028	1.9424099422526493
0.5669571030908246	0.3453456438798119	1.641709148901668
0.7632654715448443	0.4070909323776944	1.8749262408937548
0.5811189287314292	0.4040754260260446	1.438144691070556
0.6699701044243135	0.25726616186411044	2.6041905378065064
0.626113271059209	0.3127617018308638	2.0018859962521893
0.5353777821394147	0.32353359660370345	1.6547826493432127
0.4995271274393051	0.3041316556699876	1.642470022855301
0.5079085619111501	0.3781294551238601	1.3432134287046735
0.4682293560479668	0.3503042650868716	1.3366361837811225
0.32919854090413014	0.3115204896547992	1.0567476356656997
0.6560400678829289	0.3910477996516424	1.6776467441252705
0.5778888771923183	0.24047609357967356	2.403103229888648
0.5686227461907887	0.2778884429815368	2.0462266803537728
0.6455500357597128	0.15935781411097294	4.050946854166607
0.5682079208133313	0.37176117825239047	1.5284218849434896
0.5611534706950347	0.3082971807997705	1.820170619917172
0.6420108827906038	0.12173220580409987	5.273960810533356
0.6802902969598691	0.3362658319938226	2.0230729150393323
0.5822382277155131	0.35865227630675406	1.62340591759559
0.5909677352906467	0.33262647181196636	1.776670786517318
0.5540505830636586	0.2745699999471008	2.0178846311337844
0.6127575256367166	0.3392456438065513	1.8062355016889486
0.4315585320469985	0.32184228341067583	1.3409006656105624
0.7224562738945377	0.30964720983653327	2.3331593211381807
0.5839230794339834	0.3539758922231594	1.6496125647614919
0.6944419664393454	0.35656023143608545	1.9476147512088047
0.7099091957428497	0.3700624166630607	1.9183498884979102
0.45411270104056456	0.30602800039166	1.4838926518468347
0.6609849469130712	0.32284346490199517	2.0473852463258777
0.5058463525750072	0.21406534249611944	2.3630464729907277
0.5447590003468524	0.1979517215165187	2.7519790996179503
0.8267777925601486	0.26263452125933656	3.1480164473266363
0.6655177703888009	0.38559870354693065	1.725933630655482
0.49019427175234853	0.19406918693820954	2.525873784942601
0.507778658809136	0.2899891251472811	1.7510265550518243
0.5529841591700748	0.2851522357998094	1.9392594191626689
0.41730894680098307	0.2814239784554659	1.482847869223128
0.5394680902229041	0.34444627485031687	1.5661893584343052
0.5514681339318134	0.2788964779619392	1.9773219725172426
0.6558153579434359	0.3467509651160937	1.8913151625226656
0.6718681194520852	0.37100089036292366	1.8109609354167444
0.6208476309184541	0.3850379014204409	1.6124325128203976
0.5697652946123444	0.3537309426292313	1.6107307163386972
0.6317802765090219	0.38172719038891745	1.6550570470637456
0.7345279974390628	0.3720749769250731	1.974139737935075
0.7008307486841282	0.16597129056239246	4.22260227241331
0.6399508483910819	0.35110132633139673	1.8226956163277106
0.4416615951074486	0.3137641074497854	1.4076230665680327
0.7251934311935596	0.3194613014335855	2.270050951208323
0.6055402462778379	0.33430423803005943	1.8113448092853368
0.48608099792474196	0.30286533648633607	1.6049410063362328
0.7232244549771547	0.2799666130567607	2.5832525067213195
0.6846622939677627	0.3130362152640776	2.187166406258078
0.4721769684590721	0.30532453491118516	1.5464756823306782
0.629394688028384	0.3650435139945285	1.7241634596959796
0.5545971039221493	0.2926871765572647	1.894845925419768
0.4971405103160717	0.36253891724892806	1.3712748801936838
0.6344287798969053	0.37286231635727957	1.7015095172261674
0.7878419401614126	0.2988366565011824	2.636363120192704
0.7261481553536882	0.3173824112058313	2.2879281576910095
0.6106076960842918	0.2596347938378297	2.351794561347132
0.7651600332841184	0.34583217312443926	2.212518362219568
0.5558195085986067	0.29411285491948463	1.8898171205429495
0.7873572966180891	0.2491858542765671	3.1597190735562974
0.669685027169935	0.3568175845037088	1.8768274217802017
0.6674998469155925	0.39499905085482334	1.689877090770335
0.6715605350738899	0.3988377823132169	1.6837936746586792
0.6796237217937868	0.23794178859095244	2.85626045688903
0.5938121021379326	0.28999658793342564	2.047652030562007
0.6914304670949697	0.23675729580962693	2.920418839599092
0.5940686630862395	0.3547929260471613	1.6744095484228234
0.6837884830933861	0.2914099166026998	2.346483232503183
0.45568247132542294	0.2700380198863329	1.6874752359583785
0.5861035441593444	0.3589606481453327	1.6327793789865461
0.6056208633382312	0.33737359248916926	1.795104527505879
0.5962627457148727	0.32266707305872533	1.8479194051707688
0.5998120676846174	0.3482754858047949	1.7222345302270465
0.6749806577886364	0.40421600799274926	1.6698513775850856
0.7355951119433755	0.22382106475679367	3.286532090903423
0.6616352643414484	0.26318204670247297	2.51398327747419
0.5876465265580529	0.35251095737545407	1.667030525613306
0.603565355609619	0.2767947276147271	2.1805522121423015
0.5204622701052669	0.26999716870353113	1.9276582513972862
0.5416552058436199	0.2787065751175429	1.9434604498124237
0.5935434907945527	0.2922933631761428	2.0306430647105373
0.5247716633768251	0.3749345330884758	1.399635448498395
0.6713566295546199	0.3292247360860287	2.039204701129109
0.7768310618195727	0.34174188600546673	2.2731514445002685
0.6848006289947588	0.28211438597603444	2.4273864185463143
0.7873610807292117	0.19220287691188045	4.096510382049039
0.5685276921532589	0.35064511783255087	1.6213763239240564
0.5182556408074086	0.34038452365261146	1.5225593550672953
0.5594174492481525	0.36688176544089196	1.5247894606478605
0.6441332972656404	0.3537224142479899	1.8210135160223333
0.6073853295488565	0.3521949264789702	1.7245714911941636
0.6353527565091819	0.23238446275435476	2.7340586757764025
0.7212099639719174	0.28049083688829113	2.5712425117799764
0.4915674483671456	0.28389475508990747	1.7315129622999539
0.5884075872980343	0.3159955935694166	1.862075292416302
0.3570000822152739	0.2833660215570621	1.2598549404533457
0.7475844390476126	0.2307966107473656	3.239148255369889
0.6913587959554051	0.279995332761329	2.4691797150230594
0.779441566496272	0.19993589163689887	3.898457451110411
0.4491009097928152	0.2335790511162583	1.922693442098479
0.6467438979697455	0.2876308489391067	2.248520631062996
0.6256051179538982	0.2569829213809887	2.4344229359367056
0.5584464366838258	0.26453356131783506	2.1110608192843126
0.7158107722811323	0.3079798849822684	2.3242127398104078
0.610376589581924	0.37176484366797524	1.6418351546093313
0.8281006448774356	0.2526759665151197	3.2773225578139167
0.6558748540498863	0.34830739172165026	1.8830345540700684
0.6052929982909415	0.26319359781144225	2.2998013755812816
0.5433515138228482	0.28814202218903895	1.8857072970299904
0.7174525459074903	0.4041459506260707	1.775231311351926
0.5599650251338328	0.3201921738006475	1.7488404494310612
0.6399876571139828	0.24435367364433064	2.619103889739418
0.593168031411506	0.27151626080196034	2.1846501187792704
0.5912979736854377	0.23688041271848664	2.496187704587242
0.6220176677185728	0.3183935018663406	1.9536129477280966
0.6563770609751085	0.29576386146179395	2.2192605199668645
0.6664628720025572	0.24658899038714432	2.702727607409445
0.5986270228573181	0.38126531675363357	1.5701061611228055
0.5945434716091237	0.28086419857442185	2.1168360888530433
0.6530119128226051	0.38458649996246785	1.697958490187079
0.8022401815278363	0.1695862741994328	4.730572596838851
0.6275803760097288	0.27178827332371047	2.3090781965499154
0.651273089475751	0.3317722185608956	1.963012732954951
0.6895893672150365	0.2775742743087262	2.4843417817893854
0.584075014360533	0.33964010891541463	1.719687984513023
0.6766163826214818	0.3124297410847663	2.165659326388863
0.6185192739074068	0.26655014458753473	2.320461220775237
0.5357741616751759	0.3236053862424515	1.655640432615554
0.6471026092047072	0.31951804633240527	2.025245887149375
0.6720327795990697	0.34931837416938344	1.9238403396243995
0.751112063014806	0.3048464679906185	2.463902790036331
0.673252418948082	0.40327088076506135	1.6694793774120953
0.743503297391287	0.3617344678629145	2.0553841655837184
0.7643657396568091	0.35911448435076193	2.1284737123279647
0.45142310703104976	0.2932906527566156	1.5391663620649338
0.6486694372217515	0.23568501113822685	2.752272764776346
0.5653439190080277	0.3411732660761198	1.657058085207335
0.6679041578609773	0.24465016360720343	2.7300376505503867
0.6167203688361529	0.32064574004361585	1.9233699120788676
0.8135191903629686	0.3821176708628802	2.128975581071448
0.6757845621738665	0.35038458167687075	1.9286937768200196
0.7235256218957599	0.2633494786090514	2.7473972066215895
0.7744182013326182	0.17053845132082293	4.5410181418603095
0.6271602938502241	0.3071358824640457	2.0419636052249333
0.598662690353563	0.29627017669530625	2.0206647089195444
0.5305930674523422	0.3551995388636663	1.493788728301238
0.5042615626107507	0.27684706249181923	1.8214445118977975
0.405323000060541	0.3044448941742108	1.3313509532158727
0.735438864521982	0.2767573766594685	2.6573415075649116
0.6943200164545879	0.36502842244254247	1.902098504572963
0.6095099939075993	0.3401735122963049	1.7917620622286765
0.6921791727862416	0.19708169638678555	3.512143367326184
0.6781666717121058	0.4750535513189595	1.4275583664814506
0.6673366928219592	0.40215458912451263	1.6594034007537894
0.6988158751333591	0.18921770066464424	3.6931844784008327
0.7811486630899911	0.4416929474458786	1.7685332482826355
0.6836170011177677	0.46258151173651285	1.4778303580519168
0.6483087681650099	0.41293881965909185	1.5699874589175982
0.6409512139027183	0.3850388733038957	1.6646402697029534
0.6640968988696159	0.4232227465623158	1.5691427369247828
0.5873756402559419	0.4478890127022072	1.3114312331802538
0.8045238353819542	0.4227260517645195	1.903180161297738
0.6497579226177475	0.44340149782548544	1.465394063403638
0.7890480869406744	0.4382887899030533	1.8002926497736955
0.7916604874484522	0.46327101162143725	1.7088496098162063
0.5711024809705668	0.40900490816842616	1.396321827843175
0.743273604384061	0.44456493658334767	1.6719123422022533
0.5671064264610702	0.25861945345040777	2.1928219973205425
0.6147103630142468	0.25449539329054693	2.4154086055006
0.8831361364538404	0.3413954436170966	2.586842188334391
0.7573246725551952	0.4954426236556943	1.5285819919311074
0.5560868879605803	0.271420176695135	2.048804531526
0.6387334834662829	0.39850541503865905	1.6028225950312853
0.6499163647085566	0.37894383062300585	1.7150730852117477
0.5277356624106775	0.3932996342759429	1.3418157974701115
0.6477434694717268	0.4554554809160784	1.4221883292937672
0.6334073921708537	0.36620683267995413	1.7296438396178673
0.7511381985499004	0.43914957970734825	1.7104381587942383
0.7970473528890581	0.49742015661959144	1.602362393807476
0.7492748417749071	0.4918281416107556	1.5234484942667248
0.7315517106355722	0.4902502664338795	1.4922005365890756
0.7461915950949092	0.49113078647428354	1.5193337816422572
0.7955357507580739	0.4792792190729519	1.6598586358424692
0.7394278547616612	0.19756211165855198	3.7427614462818646
0.7509153715320164	0.4666298467158649	1.6092313357513446
0.5158302961179493	0.39790597956947865	1.296362262954834
0.8090788279800767	0.41798451818571064	1.9356669751595985
0.6742252244889506	0.42644399575917397	1.5810404911169305
0.622517899901996	0.42390884784512417	1.468518298371149
0.800540689691245	0.3838054119535224	2.0857983362365613
0.7798592084195277	0.43990355332183384	1.7727958833944266
0.5845151831678919	0.43033708820210914	1.3582728498022751
0.7418640461416093	0.48164997013962046	1.5402555634469532
0.6829603261850229	0.40273890416091473	1.6957893045071837
0.6097304827760623	0.4751747579621207	1.2831710282570774
0.7631439474604246	0.4956188255370763	1.5397799844133144
0.8473105514477496	0.39329046035007903	2.1544141973175104
0.8123630147764672	0.43115229279549655	1.8841672150443276
0.7267632194502844	0.3640958064869851	1.996076874552696
0.831693055485512	0.42179327691598123	1.9718025416777338
0.6378358555140121	0.38288552345363963	1.6658656868525934
0.8472070988010902	0.33961253762299215	2.4946284513841617
0.7727756436600387	0.4770824989213386	1.61979457516729
0.7639355676034164	0.5094395762530688	1.4995607000582232
0.7423539503367536	0.4959436483488563	1.4968514120672185
0.7493616220873349	0.3480784956965227	2.15285239206698
0.6897159299065677	0.37080272475877707	1.860061655035726
0.7798872605220566	0.2988469483209436	2.6096544231213117
0.7025403355704057	0.46469222568993807	1.5118400884097636
0.7707146351920479	0.3860109613962136	1.996613340730919
0.4826294231745657	0.309588208834297	1.5589399382871416
0.6946017285557119	0.4658448976192514	1.4910579295931885
0.7154221435197969	0.44087866521928976	1.622718901954467
0.7255787562366024	0.44693535277455515	1.6234534854587832
0.6952607369372185	0.45478056874348066	1.528782856440335
0.7646105365187399	0.5055215652081055	1.5125181379828505
0.8101938894509916	0.33573551024086495	2.413190933749422
0.7526216190649148	0.34971013121146255	2.1521298695513624
0.7198244989488763	0.4712354346791002	1.5275262554036482
0.7270038362971949	0.43166270564064485	1.684194225716638
0.6213485567461025	0.35367751177949447	1.7568223481890235
0.638208662985372	0.38892642826339413	1.6409495899650088
0.7126466463853696	0.38783963310739683	1.837477621035265
0.6104052618633627	0.47002138070365707	1.298675521844433
0.7562312870146257	0.42218948001832607	1.7912130046011563
0.864739162465067	0.45451824958069303	1.9025400261987615
0.7534917447663136	0.3775864289274523	1.995547739643699
0.8460844295516455	0.2620086557138128	3.22922319969386
0.6914857013099024	0.46514946415226693	1.4865881928298732
0.6519066367352897	0.4632679974560535	1.4071911729605946
0.6874112452085281	0.48628945539559165	1.4135845175777582
0.7292868505377715	0.45043414413249805	1.6190754187658722
0.7277821575445576	0.47010268841754843	1.5481344299357345
0.7728920134846614	0.32096608988497427	2.4080176624317087
0.7838989248916739	0.36145982255766523	2.1687027878917724
0.5924400558458125	0.3855218232119566	1.5367224893001556
0.666426317894109	0.40268082575733233	1.6549740520690144
0.44140402125132405	0.3775478145747759	1.1691340916605968
0.8170119115785364	0.309738246521994	2.637749521580383
0.7413571227266946	0.3762777681930066	1.970238970765941
0.8011943624364797	0.27787571278340417	2.883283157103359
0.515034636492149	0.3176489549203743	1.6213956586800473
0.7639056184761817	0.4006522474137477	1.906655019177535
0.7322823198804059	0.38348884038608116	1.9095270650983571
0.6835185500406002	0.3872521869650858	1.7650476176709764
0.7964437380365563	0.4242552256576233	1.87727502189753
0.7175569657070173	0.4648094171001813	1.543765980869447
0.8809801159806513	0.3149436552774249	2.797262625292835
0.7138199692283365	0.4309543388496438	1.6563703039485629
0.6785851972176264	0.33817791835513383	2.0065922710690343
0.590982202661635	0.3689064973850245	1.6019837190474637
0.8119549789137489	0.5150197927518005	1.576551018700456
0.6526873689381514	0.4177195476394604	1.5625013783206885
0.7194688492257445	0.3368697962693857	2.1357475712972636
0.6750409988935037	0.35148668931573457	1.9205307609447644
0.6772612025639905	0.3366914870126691	2.011518641510845
0.7531889699310541	0.4384474590473007	1.7178545670390084
0.7578141673428451	0.4146715186337837	1.8275047436091387
0.7432515436994368	0.32510767495985343	2.2861704012100565
0.7090785090583429	0.5076468017244754	1.3967949894485778
0.6351877879608043	0.3559587624243583	1.784442061868845
0.752394382801065	0.49880817450652887	1.5083842271538734
0.8561703475614483	0.1620763583673706	5.282512244141175
0.7413606507470856	0.41169294092994163	1.800761142691645
0.7246440075271201	0.4474993974481007	1.619318398325132
0.7648512825609941	0.40508650993183754	1.8881183742447827
0.71533768999868	0.4634416545109912	1.5435334373503422
0.7701389595154531	0.4181977941043201	1.8415662884231778
0.7149726154383099	0.3911901871016742	1.8276854558534248
0.6513443231136001	0.4361129253779727	1.493522171004424
0.7422872853319236	0.4331267268230315	1.7137877654804943
0.7708052909185235	0.47227676088153775	1.6321050594989286
0.8360488076913803	0.38243616306380285	2.18611336593684
0.7708464627934379	0.5057891602878718	1.5240470206097494
0.8346782838641087	0.46314581211548317	1.8021933093847897
0.8639807075661816	0.46614044996313675	1.8534772248031828
0.5190286280380116	0.3881000645516845	1.3373577472541003
0.7380177453292562	0.3574826304459883	2.0644856070587814
0.6527961061197424	0.45588656270069106	1.4319266228259744
0.7864567641774318	0.3663025500737381	2.1470141663472315
0.7107677384062644	0.40166500636637165	1.769553551194724
0.8629830457579946	0.46637118671403366	1.8504210172982936
0.741909919445078	0.4404170070642537	1.6845623750783962
0.8237270492905306	0.3794161580658892	2.1710384014470008
0.8492122007104864	0.18774429329144263	4.523238420846283
0.6913228681094996	0.40082647006810895	1.7247435479798257
0.7080188276053839	0.403502289370151	1.7546835451926919
0.6475562406039902	0.4838411625312612	1.3383653371206325
0.5877459931316353	0.3707550262950328	1.5852677683294016
0.4734397343365801	0.38272350890218815	1.2370280981552564
0.7786416911070884	0.3876842861418241	2.0084427430784304
