0	1.0	0.9999906023175544	1.000009397770763
0	1.0	0.9999906023175544	1.000009397770763
0	1.0	0.9999906023175544	1.000009397770763
0	1.0	0.9999904669042627	1.0000095331866181
0	1.0	0.9999906023175544	1.000009397770763
0	1.0	0.9999905350952194	1.0000094649943658
0	1.0	0.999991422337862	1.0000085777357148
0	1.0	0.9999906023175544	1.000009397770763
0	1.0	0.9999906023175544	1.000009397770763
0	1.0	0.9999918127839794	1.0000081872830517
0	0.9994715756181195	0.9997318694230428	0.9997396363836301
0	1.0	0.9999902563056824	1.000009743789258
0	1.0	0.9999905350952194	1.0000094649943658
0	1.0	0.9999905350952194	1.0000094649943658
0	1.0	0.9999906023175544	1.000009397770763
0	1.0	0.9999918127839794	1.0000081872830517
0	1.0	0.9999906023175544	1.000009397770763
0	1.0	0.999991422337862	1.0000085777357148
0	1.0	0.9999906023175544	1.000009397770763
0	1.0	0.9999904669042627	1.0000095331866181
0	1.0	0.9999904669042627	1.0000095331866181
0	1.0	0.9999905350952194	1.0000094649943658
0	1.0	0.9999906023175544	1.000009397770763
0	1.0	0.9999905350952194	1.0000094649943658
0	1.0	0.9999906023175544	1.000009397770763
0	1.0	0.9999905350952194	1.0000094649943658
0	1.0	0.9999906023175544	1.000009397770763
0	1.0	0.9999905350952194	1.0000094649943658
0	1.0	0.9999906023175544	1.000009397770763
0	1.0	0.9999918127839794	1.0000081872830517
0	1.0	0.9999906023175544	1.000009397770763
0	1.0	0.9999905350952194	1.0000094649943658
0	1.0	0.9999906023175544	1.000009397770763
0	1.0	0.9999905350952194	1.0000094649943658
0	1.0	0.9999906023175544	1.000009397770763
0	1.0	0.9999906023175544	1.000009397770763
0	1.0	0.9999906023175544	1.000009397770763
0	1.0	0.9999906023175544	1.000009397770763
0	1.0	0.9999906023175544	1.000009397770763
0	1.0	0.9999906023175544	1.000009397770763
0	1.0	0.9999906023175544	1.000009397770763
0	0.9983882828890931	0.9989397393442419	0.9994479582366893
0	1.0	0.9999903275315181	1.0000096725620395
0	1.0	0.9999905350952194	1.0000094649943658
0	1.0	0.9999906023175544	1.000009397770763
0	1.0	0.9999906023175544	1.000009397770763
0	1.0	0.9999906023175544	1.000009397770763
0	1.0	0.9999906023175544	1.000009397770763
0	1.0	0.9999906023175544	1.000009397770763
0	1.0	0.9999905350952194	1.0000094649943658
0	1.0	0.9999906023175544	1.000009397770763
0	1.0	0.9999905350952194	1.0000094649943658
0	1.0	0.9999905350952194	1.0000094649943658
0	1.0	0.9999906023175544	1.000009397770763
0	1.0	0.9999905350952194	1.0000094649943658
0	1.0	0.9999906023175544	1.000009397770763
0	1.0	0.9999906023175544	1.000009397770763
0	1.0	0.9999906023175544	1.000009397770763
0	1.0	0.9999906023175544	1.000009397770763
0	1.0	0.9999905350952194	1.0000094649943658
0	1.0	0.9999906023175544	1.000009397770763
0	1.0	0.9999906023175544	1.000009397770763
0	1.0	0.9999904669042627	1.0000095331866181
0	1.0	0.9999918127839794	1.0000081872830517
0	1.0	0.9999906023175544	1.000009397770763
0	1.0	0.9999906023175544	1.000009397770763
0	1.0	0.9999906023175544	1.000009397770763
0	1.0	0.9999906023175544	1.000009397770763
0	1.0	0.9999906023175544	1.000009397770763
0	1.0	0.9999906023175544	1.000009397770763
0	1.0	0.9999906023175544	1.000009397770763
0	1.0	0.9999906023175544	1.000009397770763
0	1.0	0.9999906023175544	1.000009397770763
0	1.0	0.9999906023175544	1.000009397770763
0	1.0	0.9999906023175544	1.000009397770763
0	1.0	0.9999906023175544	1.000009397770763
0	1.0	0.9999906023175544	1.000009397770763
0	1.0	0.9999904669042627	1.0000095331866181
0	1.0	0.9999906023175544	1.000009397770763
0	1.0	0.9999906023175544	1.000009397770763
0	1.0	0.9999906023175544	1.000009397770763
0	1.0	0.9999906023175544	1.000009397770763
0	1.0	0.9999906023175544	1.000009397770763
0	1.0	0.9999906023175544	1.000009397770763
0	1.0	0.9999906023175544	1.000009397770763
0	1.0	0.9999905350952194	1.0000094649943658
0	1.0	0.9999906023175544	1.000009397770763
0	1.0	0.9999906023175544	1.000009397770763
0	1.0	0.9999906023175544	1.000009397770763
0	1.0	0.9999906023175544	1.000009397770763
0	1.0	0.9999906023175544	1.000009397770763
0	1.0	0.9999905350952194	1.0000094649943658
0	1.0	0.9999906023175544	1.000009397770763
0	1.0	0.9999914845850473	1.0000085154874656
0	1.0	0.9999906023175544	1.000009397770763
0	1.0	0.9999906023175544	1.000009397770763
0	1.0	0.9999906023175544	1.000009397770763
0	1.0	0.9999906023175544	1.000009397770763
0	1.0	0.9999904669042627	1.0000095331866181
0	1.0	0.9999905350952194	1.0000094649943658
0	1.0	0.9999906023175544	1.000009397770763
0	1.0	0.9999906023175544	1.000009397770763
0	1.0	0.9999906023175544	1.000009397770763
0	1.0	0.9999906023175544	1.000009397770763
0	1.0	0.9999906023175544	1.000009397770763
0	1.0	0.9999906023175544	1.000009397770763
0	1.0	0.9999905350952194	1.0000094649943658
0	1.0	0.9999914845850473	1.0000085154874656
0	1.0	0.9999906023175544	1.000009397770763
0	1.0	0.9999906023175544	1.000009397770763
0	1.0	0.9999906023175544	1.000009397770763
0	1.0	0.9999906023175544	1.000009397770763
0	1.0	0.9999906023175544	1.000009397770763
0	1.0	0.9999906023175544	1.000009397770763
0	1.0	0.9999906023175544	1.000009397770763
0	1.0	0.9999906023175544	1.000009397770763
0	1.0	0.9999906023175544	1.000009397770763
0	1.0	0.9999906023175544	1.000009397770763
0	1.0	0.9999906023175544	1.000009397770763
0	1.0	0.9999906023175544	1.000009397770763
0	1.0	0.9999906023175544	1.000009397770763
0	1.0	0.9999906023175544	1.000009397770763
0	1.0	0.9999906023175544	1.000009397770763
0	1.0	0.9999918127839794	1.0000081872830517
0	1.0	0.9999906023175544	1.000009397770763
0	1.0	0.9999906023175544	1.000009397770763
0	1.0	0.9999906023175544	1.000009397770763
0	1.0	0.9999906023175544	1.000009397770763
0	1.0	0.9999905350952194	1.0000094649943658
0	1.0	0.9999906023175544	1.000009397770763
0	1.0	0.9999906023175544	1.000009397770763
0	1.0	0.9999905350952194	1.0000094649943658
0	1.0	0.9999906023175544	1.000009397770763
0	1.0	0.9999906023175544	1.000009397770763
0	1.0	0.9999906023175544	1.000009397770763
0	1.0	0.9999906023175544	1.000009397770763
0	1.0	0.9999906023175544	1.000009397770763
0	1.0	0.9999906023175544	1.000009397770763
0	1.0	0.9999906023175544	1.000009397770763
0	1.0	0.9999906023175544	1.000009397770763
0	1.0	0.9999905350952194	1.0000094649943658
0	1.0	0.9999906156476005	1.0000093844404665
1	0.920345857047875	0.8719235797685487	1.0555350014644402
1	0.9247209469523415	0.7615527187207762	1.2142572985697542
1	0.8513934450910806	0.8559146442721741	0.9947176985329675
1	0.8176979644133937	0.8459825421997677	0.9665660029900536
1	0.9732696674989996	0.8877161905502076	1.096374807466073
1	0.9569661174482818	0.8763556834243744	1.0919836951463824
1	0.92963632157925	0.8752698281864879	1.0621139809027882
1	0.939329497514468	0.887693852409901	1.058168303142336
1	0.9114688962169822	0.8624886885339638	1.056789391367293
1	0.8164884741271219	0.8155295533839233	1.0011758258658068
1	0.9168434263778661	0.8643709987057199	1.0607059095581834
1	0.9125107092266163	0.8745705911778661	1.0433814244744415
1	0.8975203977880757	0.85312449666042	1.0520391822078075
1	0.9051619096845573	0.8445388251351502	1.0717824719777753
1	0.8200290243062393	0.6426976381859354	1.2759172830023704
1	0.7030504340207087	0.7047902767313137	0.9975314036415569
1	0.865119730183934	0.8571364865498069	1.0093138534637134
1	0.8355830093471379	0.8180712103657708	1.0214062037136564
1	0.9315372934875871	0.8837890157207812	1.0540267834488353
1	0.9187704997782623	0.8721087632731568	1.053504492180513
1	0.9655094457107527	0.8832003877457221	1.0931940917452674
1	0.9282429741594438	0.8764299078803075	1.059118322883856
1	0.8937084512505912	0.8716762382252426	1.0252756838596482
1	0.8694761096768335	0.8317045952954263	1.0454145794012242
1	0.888851781130812	0.8671468847446702	1.0250302420131887
1	0.9471113684338259	0.8919435763534672	1.061851212949928
1	0.9681838349642492	0.8901400480007021	1.0876758518379632
1	0.970859563265989	0.9023418849226191	1.0759331684456226
1	0.7998336688454574	0.8088548770468373	0.9888469384838022
1	0.855840189731882	0.8155874820706753	1.049354248987503
1	0.9374079311012669	0.8549854275558422	1.096402232001833
1	0.9093567823012139	0.8786698518065987	1.0349243011257538
1	0.9701390526747193	0.8870728321380013	1.0936408122617327
1	0.9611665759300326	0.88552361067821	1.0854217373084936
1	0.9564068019908831	0.848550480080667	1.1271065475090685
1	0.9550265496347052	0.8812243108581767	1.0837496626763015
1	0.8458211968696367	0.8211394996660681	1.0300578613178466
1	0.920164510963048	0.8485198417075102	1.0844348779297421
1	0.8667546650092917	0.805669488986441	1.0758191502320609
1	0.9033786200468155	0.8603081142637845	1.0500640469024158
1	0.9425082761884503	0.8886090976791461	1.0606556681110706
1	0.8975799742243638	0.8731448376650794	1.0279852041782982
1	0.9186053190324286	0.8846391310848769	1.0383955296052723
1	0.8419191756540509	0.7344224024735999	1.1463691369141142
1	0.8015705974710287	0.8250460585736492	0.9715464841524056
1	0.8379110596589537	0.8459819108438159	0.9904597827903767
1	0.9443768016356021	0.8844895823179268	1.067708224624571
1	0.9584427481384221	0.8593308712073062	1.11533610655913
1	0.9546713005637297	0.877079484115464	1.0884661172145842
1	0.9097308269885819	0.8757194983187914	1.038838153923814
1	0.8759137258237694	0.8530557474163539	1.0267954098857492
1	0.9408305609903092	0.8857291295847479	1.0622102509278364
1	0.949416377322683	0.8566130861166461	1.108337466132755
1	0.8837349893282986	0.7930408461826223	1.114362511820471
1	0.8681575573882642	0.8531259687891657	1.0176194245035497
1	0.8981258435569546	0.8562382159846812	1.0489205302803521
1	0.9597114792222119	0.8893188198399421	1.0791534574686488
1	0.9277717339464278	0.8801252969415075	1.0541359703788706
1	0.9425464452951564	0.8911131557698155	1.0577180228934098
1	0.9147168208357043	0.8801598124288027	1.0392621975224492
1	0.8230876725092221	0.8211520662005151	1.0023571837524117
1	0.880176535985955	0.8661968840915848	1.0161391158882211
1	0.918563319751096	0.8855957217021089	1.0372264648993827
1	0.9570454131753264	0.8891405423861662	1.0763713581285197
1	0.9273839228048425	0.869933911942142	1.0660395118227342
1	0.8720984852179303	0.853124772409798	1.0222402553785161
1	0.8213997666619524	0.8205843411327247	1.0009937132459803
1	0.9597921659004218	0.8838613936781335	1.0859080086146846
1	0.9633601881003686	0.8716994091243269	1.105151819556836
1	0.927575552309191	0.8745581505234994	1.0606219286321397
1	0.8569578291037502	0.7755516620751962	1.1049654987660396
1	0.8984550898093661	0.8683757519501456	1.034638620196004
1	0.8870020233020091	0.8520956935106665	1.040965269578499
1	0.950936594563785	0.8900847564153319	1.0683663411937574
1	0.8343340655690337	0.8390219244435121	0.9944127099210337
1	0.9640879108238052	0.88814564319322	1.0855065475044656
1	0.9155376500484145	0.8649420236552103	1.0584959743074907
1	0.8451929326126202	0.8298976460641544	1.0184303288736927
1	0.963559144917783	0.8914510011545681	1.0808885106077886
1	0.9622361337041646	0.8957790188659485	1.0741891844289349
1	0.9017682369107594	0.8638236282786875	1.0439263379582273
1	0.8865458540269161	0.8576174068173463	1.03373118010387
1	0.8221225118044846	0.7819512018109854	1.0513731674054123
1	0.8216407631583905	0.8344452495877063	0.9846550909893221
1	0.8800839322683405	0.8403159206609541	1.0473250721896434
1	0.9540325279917244	0.8682446510269638	1.0988061105395701
1	0.9000030585230689	0.8574156720651904	1.0496694751978368
1	0.951321170095674	0.8708756121110236	1.0923731895415563
1	0.888034719841535	0.8664565202489556	1.0249039612355615
1	0.8327035368070153	0.8544445549017529	0.9745553787311133
1	0.958840349195151	0.8891861080395725	1.0783348283624765
1	0.935653870822931	0.8854464245599986	1.0567029747597454
1	0.9501831410649672	0.8865534403794152	1.071771985519926
1	0.9133544626505262	0.8629203104679024	1.058445897692774
1	0.9369319677425085	0.8876835030491683	1.0554797566071388
1	0.9235069784453074	0.8711963506133384	1.0600445901720563
1	0.9368437530019484	0.8780408895181058	1.0669705297165777
1	0.8927024354958142	0.8723671741267912	1.0233104385081635
1	0.9300171056137012	0.8748299615927949	1.0630832806874007
1	0.8993102905249089	0.8569538642951667	1.049426728782628
1	0.932455673658896	0.8606900515676703	1.0833814936753492
1	0.8805575608670784	0.850249450630065	1.0356461391589893
1	0.9416614752250346	0.8774564617787003	1.0731717369955698
1	0.8646766238828867	0.8450122882390854	1.0232710647140761
1	0.8965974423395553	0.8470076536029014	1.0585470373564096
1	0.9216378596462688	0.8789831775357142	1.0485273020015464
1	0.8783602678822333	0.8585528348794357	1.023070721099627
1	0.9747479513792247	0.8774148039156836	1.110931736083284
1	0.9124495994308622	0.8307840071792407	1.098299427463584
1	0.9286539911522358	0.820314325612265	1.1320709173999959
1	0.7303108160550777	0.777617208008707	0.9391649368527096
1	0.8277794515751561	0.8328646481329567	0.9938943301661318
1	0.9360221916902504	0.8826456880140447	1.0604733070143955
1	0.9510645383825551	0.8382135708133244	1.134632713545464
1	0.8680470899760369	0.8278746120356524	1.0485248337808122
1	0.8628777760067374	0.8342790024987573	1.0342796275854045
1	0.9612518426025453	0.852245285526414	1.127905145299572
1	0.929352908622187	0.8782488849790243	1.0581885437228689
1	0.845402286511519	0.805690970732781	1.0492885203152027
1	0.8801001515907121	0.838797049691835	1.0492408764599868
1	0.8026501262282896	0.8316393448746401	0.9651420789251857
1	0.8431704366329157	0.8213853429866289	1.0265223793342528
1	0.9177977070414715	0.8747416564960283	1.0492214475276205
1	0.8674262941663657	0.7234295164986825	1.1990474184197122
1	0.9202059877473729	0.8452784658732301	1.0886424118195626
1	0.913288662430495	0.8524121583024099	1.0714167477964198
1	0.9436497323136261	0.8881387877277924	1.062502556304125
1	0.913905890406826	0.8561980706936243	1.067400081462986
1	0.8516399203410014	0.8141155611966172	1.0460921777360814
1	0.7322523910620893	0.7931283773460285	0.9232457342055483
1	0.9224498361004858	0.8761649230398395	1.0528267131490057
1	0.9076105701492615	0.8071883775365841	1.1244098594669445
1	0.93358787087876	0.7819357013330801	1.193944552329733
1	0.8697152553373844	0.8325836745045471	1.0445980169559936
1	0.9164893489717247	0.8611319792437002	1.0642844198825863
1	0.9374588529642672	0.8611381859556541	1.0886276654006648
1	0.9456564365485235	0.8696070242936266	1.0874526195515395
1	0.9477219498994348	0.8520463199245889	1.1122892356172769
1	0.8983463561550632	0.8693029225368042	1.0334100264307227
1	0.9536305686279576	0.8947983104393498	1.0657491833659374
1	0.802611668388882	0.8041976029278323	0.9980279292885524
1	0.9032017716138672	0.8783313748728896	1.0283155053462332
2	0.9304126242841904	0.9019541434588162	1.0315520262662594
2	0.9303877775676306	0.8690818703021974	1.070541003512265
2	0.9014086969880741	0.9015653706994855	0.999826220353506
2	0.90342247702322	0.9042076750363983	0.9991316176196505
2	0.9552953192195052	0.9196486289378072	1.0387612063564644
2	0.9580002183613006	0.915813906601782	1.046064283863143
2	0.9537956716627104	0.9159837988292159	1.0412800672695572
2	0.9595349200199224	0.9239180749679554	1.038549787061155
2	0.9420242758425651	0.9123739998151822	1.0324979405741386
2	0.8352357551241522	0.850280995163919	0.9823055670709583
2	0.9298256597653438	0.910918202760154	1.0207564816993433
2	0.9391059354025544	0.9125027274372631	1.0291541133690696
2	0.9285223179780437	0.8985387585833776	1.033369244351727
2	0.9244504752775192	0.9001658012275566	1.0269780011824994
2	0.8891001251830086	0.8003897425324308	1.110833982416989
2	0.8549229093691153	0.8186399631929409	1.0443210053350682
2	0.9143702390110219	0.9056740796458331	1.0096018640266147
2	0.9058019367762367	0.8959117053400837	1.0110392925744827
2	0.947916191646544	0.9198204160160814	1.0305448489088236
2	0.9088072564348	0.9014485375887591	1.0081632156902982
2	0.9744630794029275	0.9139892970599911	1.066164650436784
2	0.9511707765451497	0.9115164565643172	1.0435036797144588
2	0.9279330529149163	0.9126636810537455	1.0167305571352867
2	0.9058765421280466	0.8971667429887155	1.0097081163645414
2	0.9235857006845386	0.9120479072711043	1.012650424743538
2	0.9497663982443904	0.921254043734091	1.0309495026960545
2	0.9720184687106656	0.9268719003821394	1.048708530606994
2	0.9747040854020501	0.9323071312370287	1.0454753082374981
2	0.8821835536961679	0.8787998894327502	1.0038503239521364
2	0.9027156997705745	0.8884125482800075	1.0160996729709169
2	0.9383664911019081	0.9050507069422408	1.0368109586613399
2	0.9254410560284534	0.914053231226719	1.0124586013294337
2	0.9751742024798868	0.92531408661452	1.0538845313030865
2	0.9715779823048354	0.9203531956966199	1.0556577484032563
2	0.9564008150127652	0.8979050637195501	1.0651469221600085
2	0.9578902872173336	0.9202016280893394	1.0409569576683417
2	0.9091956046564803	0.896945646814303	1.0136574137860925
2	0.9505015776499557	0.9089811328347077	1.0456780050932015
2	0.9027298228006175	0.8619948919196376	1.0472565803612413
2	0.8896970913799723	0.8948839099420883	0.9942039201906628
2	0.9477344769641072	0.9217570016684679	1.0281825635700272
2	0.9142423366782808	0.9085665247131355	1.006246996571811
2	0.9540890551021303	0.923525973980506	1.0330939052963435
2	0.9192879718329419	0.8610551924016175	1.0676295549288821
2	0.8697584014722961	0.8851018649831935	0.9826647484115416
2	0.8939881576142824	0.8936085146110558	1.0004248426430804
2	0.948275985532611	0.9148318614581531	1.0365576730363886
2	0.9625867230631373	0.9012903046436361	1.068009628089517
2	0.9537009168782884	0.9074028293309679	1.0510226396158102
2	0.9438782787900291	0.9180558673390807	1.0281272767481926
2	0.913832539645712	0.8973436518804903	1.018375220831693
2	0.9558950309821054	0.9245511976335982	1.0339016740541056
2	0.9513948074377625	0.9042095901100312	1.0521839381530884
2	0.8945736000641844	0.8721174766945797	1.0257489661309345
2	0.9085184176929928	0.9024843657081664	1.0066860460015743
2	0.9117444180412925	0.8966557029305143	1.0168277690773215
2	0.9675902507176011	0.9226094368599373	1.0487539061065254
2	0.9564896862884211	0.9215698244869556	1.0378917157155245
2	0.9668198374836787	0.9278283917731437	1.0420244153512264
2	0.9530640650085722	0.9230412965946292	1.032525921131271
2	0.8810377409128003	0.8872905396833013	0.9929529297441481
2	0.934204441564877	0.9178884516940606	1.0177755693959365
2	0.944409516866083	0.9238554365941443	1.0222481564298769
2	0.9688128511707956	0.9211365585324339	1.05175811577202
2	0.9371973129665043	0.9139247432362064	1.025464426805964
2	0.9210183327377003	0.9076902367065729	1.0146835291293719
2	0.8967087500949706	0.8977024104161508	0.998893107214985
2	0.9631274250809533	0.9225550599252079	1.0439782587708473
2	0.9633418591932802	0.9070095283929848	1.0621077607642155
2	0.941281144089994	0.9079506094712201	1.0367096340605853
2	0.9178909705645409	0.8849019845537656	1.0372798192190866
2	0.9280963845784914	0.9098588921479653	1.020044308615231
2	0.9156681184844931	0.8823573832268886	1.0377519765696108
2	0.9587266274888757	0.9261326345186872	1.0351936555903007
2	0.8845521350449047	0.894599939771555	0.9887683820667189
2	0.9676992371742685	0.9233739950187845	1.048003563447314
2	0.9503158106733605	0.9109240731818128	1.0432437111404405
2	0.9190507244963317	0.9036310783001374	1.0170640945917895
2	0.9680225456279814	0.9209390602249045	1.0511255168084397
2	0.9639998906239556	0.9245957314072686	1.0426177169958513
2	0.9186777378653599	0.9065975210222141	1.0133247847727678
2	0.93486464518409	0.9103533498404941	1.0269250344911574
2	0.905715012744829	0.8806469906177178	1.0284654605014065
2	0.9087084270366421	0.9043744303927898	1.0047922591552816
2	0.8838145954350111	0.8774133200797645	1.0072956213551267
2	0.9545325537184116	0.9053321053846778	1.0543451933727992
2	0.9211517395243671	0.9074041505738623	1.0151504585270088
2	0.9480182323803958	0.9145945805332429	1.036544773562583
2	0.9342029922670936	0.9167829443819707	1.019001278319882
2	0.9098627695943083	0.9115814131499486	0.9981146570883872
2	0.9503787773465844	0.915903230341392	1.0376410365889221
2	0.9508046005517296	0.9185313398469719	1.0351357208020082
2	0.949978543424324	0.916220009188303	1.0368454453051383
2	0.9156088176932613	0.8983913730295491	1.0191647484388142
2	0.9379563909889317	0.9183542462849873	1.0213448620543117
2	0.927442203482214	0.9042783675715307	1.0256158244423015
2	0.9355656270579672	0.905123562766291	1.0336330480654348
2	0.931358508987811	0.91145374413742	1.021838480535541
2	0.9581039555253392	0.9164554090890537	1.0454452513709136
2	0.9384127241770649	0.9071179765724587	1.034499093186151
2	0.948110692817532	0.9034865289659892	1.049391067183496
2	0.905626728849572	0.8849108329816604	1.0234101506002706
2	0.946480894935544	0.9105787299173972	1.0394278537797645
2	0.9200625500613381	0.8968611210119325	1.0258695895115035
2	0.9332329815503251	0.8983977770800949	1.0387748115132798
2	0.9245533348067692	0.9073476000900914	1.0189626717643485
2	0.8878461692776731	0.8888405128267468	0.9988813026243466
2	0.9680125925158789	0.9114160048906638	1.0620974256777558
2	0.9224176056378424	0.8947473184338287	1.0309252530115964
2	0.9303253778048036	0.8920766116328862	1.0428761001837115
2	0.8427341111201901	0.8659217554197378	0.9732220097781145
2	0.9001805079647726	0.8997548668977583	1.0004730633672279
2	0.9385593594020968	0.9153510041138667	1.0253545964159374
2	0.9639910801046778	0.908928234764708	1.0605799701603766
2	0.9242828165727983	0.8973815943530062	1.0299774615270412
2	0.9152237082912738	0.9002379225260829	1.0166464724382422
2	0.9583387088465447	0.9111862754740101	1.0517484016624432
2	0.9324468700003721	0.9150070834006755	1.01905972851585
2	0.8505062463429344	0.8443140283911506	1.007334022346618
2	0.8915500862763928	0.8948507406569796	0.9963115028790572
2	0.8671828054761537	0.8878101391319896	0.9767660530707577
2	0.9086742041140023	0.8953477497735359	1.0148841099381074
2	0.9480730939141455	0.9146838338143541	1.0365036079850167
2	0.8757993230168907	0.8024754564646162	1.0913720986250595
2	0.91163373286551	0.8704911065931712	1.047263695126488
2	0.9212249404055324	0.8966519823361523	1.0274052347549127
2	0.9542874782554117	0.9193993845333588	1.0379466141798217
2	0.8970471727124194	0.891220950852033	1.0065373484036886
2	0.9088752124769517	0.8910717492679135	1.0199798312803263
2	0.860406790402567	0.8791672246473711	0.9786611309898082
2	0.9400743530526292	0.9138873688161294	1.0286544984973618
2	0.9265644931864638	0.8946678507823611	1.0356519376170834
2	0.9320477298664965	0.8757123346752549	1.0643309371817091
2	0.892160174298214	0.8871270937611565	1.0056734605136664
2	0.955958367406971	0.9123089092199413	1.0478450421188494
2	0.9269989563939637	0.8914410426983569	1.0398881271923204
2	0.955453855813305	0.9170336455027842	1.0418961839611196
2	0.9582795631615296	0.9126462131330432	1.0500011388551438
2	0.9380925079087923	0.9186698409861872	1.021142162348287
2	0.9627786491423477	0.9266617159458022	1.0389753159918587
2	0.8811146379846619	0.8807003973621294	1.0004703536228363
2	0.9353867965178251	0.9132997770775804	1.024183756521785
3	0.9336520858556592	0.9040272540348161	1.0327698437061745
3	0.9303862915721812	0.8693173984071836	1.0702492476014995
3	0.9025638178365583	0.9023685218905647	1.0002164259293802
3	0.9036515888332314	0.9044629763580443	0.9991029068673656
3	0.9552947166617709	0.9201232630716749	1.038224719449742
3	0.9579994585687922	0.9160985937674051	1.04573837912912
3	0.9537950953622945	0.9163786134052018	1.0408308109876718
3	0.959534338308276	0.9243730706386744	1.0380379619294922
3	0.9422950672113395	0.9126217344766318	1.0325143831378558
3	0.8358142349144337	0.8505289970258311	0.9826992822550994
3	0.9298242981278808	0.9113325798354053	1.020290856161222
3	0.9391050695704612	0.9128581970633296	1.0287524092915723
3	0.931218897332261	0.9000298571024742	1.0346533395349748
3	0.9251883806291751	0.9013086381128608	1.026494523081808
3	0.889133121979105	0.8003949454227297	1.110867987190384
3	0.8541669345930917	0.821070986997175	1.0403082658138432
3	0.916147033318776	0.9069452128057606	1.010145949703564
3	0.9055660291422232	0.8973801338699386	1.0091219929696715
3	0.9486208156326088	0.9203247211385596	1.030745772491087
3	0.9088052095087582	0.9018173655129114	1.0077486243479825
3	0.9744627947928073	0.9143140900244141	1.0657856041207754
3	0.951170130005492	0.9119453831227675	1.0430121667466614
3	0.9289397350441705	0.9133136339497601	1.017109238834893
3	0.9058740753636811	0.8973681443029999	1.009478753078858
3	0.9235844776108355	0.9123378748103659	1.0123272343623873
3	0.9497653537779162	0.9218025714701396	1.0303348929296
3	0.972028043620224	0.9270959417224586	1.0484654283075447
3	0.9748547126080276	0.9326288735613182	1.045276143859311
3	0.882181129585074	0.8791633379660041	1.0034325721839719
3	0.9028268459701116	0.8887216653404516	1.015871314022998
3	0.9383654678497801	0.9053595591677402	1.0364561331990363
3	0.9254397155652352	0.9143753922772359	1.0121004167232057
3	0.9751939380465393	0.9256760922350739	1.053493707169106
3	0.9715776921509764	0.9208111007208689	1.0551324711337258
3	0.9564001484415527	0.8982079600148652	1.0647869881109988
3	0.9578896803627771	0.9205969896774643	1.0405092468294714
3	0.9091942168653929	0.897143807005903	1.0134319712908753
3	0.9505006310564872	0.9092037305533341	1.0454209536492114
3	0.9021631543049372	0.8630304736223765	1.045343335929159
3	0.889572049614568	0.8951653026623467	0.9937517092863815
3	0.9477333110423484	0.9220913297593661	1.027808504922906
3	0.9168185995765359	0.9097782046542088	1.0077385838507782
3	0.9540879742303447	0.9238070265270912	1.0327784340600763
3	0.9199847245237424	0.8615829678630719	1.067784251591603
3	0.8699590622010873	0.8853433856476631	0.9826233259366121
3	0.8972415658441945	0.8948918432252532	1.0026257057059238
3	0.9482752601423599	0.9153141728871916	1.0360106816124113
3	0.9631930705022382	0.901719286331545	1.0681739706608544
3	0.9537000976419577	0.9078769790044003	1.0504728280342652
3	0.9442340249624446	0.9184007557579768	1.028128536526679
3	0.9153060267308721	0.8978872960991683	1.0193996849129938
3	0.9564742191304874	0.9250442480489847	1.0339767218138936
3	0.9513941812578498	0.9046276115042494	1.0516970399298726
3	0.8953583679439747	0.8727244565194953	1.0259347738629276
3	0.9085661582292535	0.9027589326707128	1.0064327533612552
3	0.9116750143225236	0.8969318442751457	1.0164373359486334
3	0.9675897144369265	0.9229179604639812	1.0484027355481167
3	0.9564891084646497	0.9219153184102725	1.0375021320982012
3	0.9668193264050675	0.9281874155578501	1.041620808685495
3	0.953063408126452	0.923308597511814	1.032226289991042
3	0.8810353921830693	0.8877351891279778	0.9924529330064186
3	0.934203267155312	0.9181444631861606	1.017490498078509
3	0.9444469623605276	0.9241205202054857	1.0219954450860178
3	0.9688125353361918	0.9215475636722821	1.0512886947208273
3	0.9379065530657247	0.914580720909444	1.0255043995822324
3	0.9217097948439406	0.908402418434909	1.0146492084774046
3	0.8974335697049227	0.8985829770608195	0.9987208667588425
3	0.9631267163706406	0.9228930196902391	1.0435951901488059
3	0.9633415248485246	0.9073580416697661	1.0616994401413304
3	0.9412805647848981	0.9082993360238979	1.0363109687004466
3	0.9179016945108689	0.8850647973201231	1.037101122189214
3	0.9280953600387534	0.9102870952144511	1.0195633497584704
3	0.9161962488723778	0.8827737862897875	1.0378607329552247
3	0.9588311123242921	0.9263903376034323	1.0350184726718803
3	0.8845220198399801	0.8948638898489784	0.9884430804211537
3	0.9676987951326858	0.923792195008568	1.0475286545625238
3	0.9503148318714775	0.9111970123316702	1.0429301446453478
3	0.919320490392818	0.9040070250830785	1.0169395423761582
3	0.9680221604910312	0.9213762833356635	1.0506263054509015
3	0.9640041085868221	0.9249298728364795	1.0422456198008976
3	0.9207714149495434	0.9083857525269823	1.0136348048041333
3	0.9348635231943613	0.9107353424163317	1.0264930761487894
3	0.9057131397561191	0.8808937135426894	1.0281752790738095
3	0.9087205856059424	0.9046441180004002	1.0045061560943465
3	0.8866320411073076	0.8779029810603545	1.009943080539959
3	0.9545318420133307	0.9058976711337784	1.0536861639335977
3	0.9242460123319993	0.9090426270828688	1.0167246120216809
3	0.9480942165948569	0.9148645934338564	1.0363219031532047
3	0.9342021034925715	0.9170724335278818	1.0186786444978981
3	0.9145088355657014	0.9136616886979843	1.000927199726328
3	0.9503778466389579	0.9162518440502843	1.037245221180478
3	0.9509626205054588	0.91900867139618	1.0347700191563303
3	0.9499776397512288	0.91654046622993	1.0364819391541307
3	0.9173215031627064	0.89910873109364	1.0202564733710384
3	0.9398932261203858	0.9193664554262313	1.0223270824957802
3	0.9276584700295555	0.9044885361137619	1.0256166142418408
3	0.935564337996681	0.9054968509876343	1.033205512505374
3	0.9314023340049017	0.9118465677725338	1.021446334200872
3	0.9581034354865142	0.9167999363133476	1.0450518128734356
3	0.9384121426448642	0.9075165925055074	1.0340440608959656
3	0.9482858335975003	0.9039815008237313	1.0490102206000873
3	0.9068803566930065	0.8856121796139983	1.0240152264936986
3	0.9464801571630546	0.9108376113528892	1.0391316139846538
3	0.9200585363744631	0.897137549444951	1.0255490219350345
3	0.9332318299576492	0.8987980144343913	1.0383109608279752
3	0.924552484125676	0.9077567928726286	1.0185024131848102
3	0.8878446180279237	0.8893516379789695	0.9983054847074094
3	0.9680121694052781	0.9117752335464748	1.0616785078051112
3	0.9226975538590703	0.8951059327652665	1.0308249784565324
3	0.9303006712460823	0.8924109768950946	1.04245767402236
3	0.8431579094694237	0.8664703143022437	0.973094975733135
3	0.9007765860842352	0.9001639746078122	1.0006805554251268
3	0.9386610063656292	0.9157320904133534	1.0250388909510924
3	0.9639950117725335	0.9092747005562284	1.0601801756749982
3	0.92428136561785	0.8976402029764402	1.0296791103529808
3	0.9152222069631716	0.9005437891438302	1.0162995048061978
3	0.9583381614272091	0.911516903650644	1.0513663077327968
3	0.9324478332444859	0.9153011242446284	1.0187334075591878
3	0.8491407724255321	0.8442194977334845	1.0058293781478158
3	0.8932765985663732	0.8959651704521823	0.9969992450884534
3	0.86794930781838	0.8885327572566455	0.9768343381038453
3	0.9098538501538208	0.8959045923808933	1.0155700259732534
3	0.9480721688439544	0.9150255237013136	1.0361155446341712
3	0.8789160983334103	0.8026936657230466	1.0949583083375953
3	0.9155017993211889	0.871433873620325	1.0505694431153865
3	0.9244253855223532	0.8978970517369608	1.0295449614564096
3	0.9546988393262087	0.9198098588828413	1.0379306441504572
3	0.8971917686367629	0.891892620827247	1.005941463900218
3	0.9095334355178324	0.8914745319282439	1.020257341003929
3	0.8615735562918474	0.8800392559411012	0.9790171864214092
3	0.9400730615467146	0.9142704199970926	1.0282221112979943
3	0.9265635451613765	0.8949327081604376	1.035344374736238
3	0.9321530361963758	0.8760412910416912	1.0640514844773616
3	0.8935414618209812	0.8898779549595164	1.0041168643869052
3	0.9554581909746277	0.9126160518057165	1.0469443191188048
3	0.9269976888486362	0.891920197450725	1.0393280604006605
3	0.9554530341908052	0.9174696747111621	1.04140012528654
3	0.958278831015047	0.9129250382416316	1.0496796460537114
3	0.9386364994097882	0.919169729803249	1.0211786452222553
3	0.9627780052755279	0.9269917702527662	1.038604695501238
3	0.8811929993479168	0.8809325285880697	1.0002956761742747
3	0.9355390456046994	0.913518698208354	1.0241049772046626
4	0.9336520858556592	0.9040272540348161	1.0327698437061745
4	0.9303862915721812	0.8693173984071836	1.0702492476014995
4	0.9025638178365583	0.9023685218905647	1.0002164259293802
4	0.9036515888332314	0.9044629763580443	0.9991029068673656
4	0.9552947166617709	0.9201232630716749	1.038224719449742
4	0.9579994585687922	0.9160985937674051	1.04573837912912
4	0.9537950953622945	0.9163786134052018	1.0408308109876718
4	0.959534338308276	0.9243730706386744	1.0380379619294922
4	0.9422950672113395	0.9126217344766318	1.0325143831378558
4	0.8358142349144337	0.8505289970258311	0.9826992822550994
4	0.9298242981278808	0.9113325798354053	1.020290856161222
4	0.9391050695704612	0.9128581970633296	1.0287524092915723
4	0.931218897332261	0.9000298571024742	1.0346533395349748
4	0.9251883806291751	0.9013086381128608	1.026494523081808
4	0.889133121979105	0.8003949454227297	1.110867987190384
4	0.8541669345930917	0.821070986997175	1.0403082658138432
4	0.916147033318776	0.9069452128057606	1.010145949703564
4	0.9055660291422232	0.8973801338699386	1.0091219929696715
4	0.9486208156326088	0.9203247211385596	1.030745772491087
4	0.9088052095087582	0.9018173655129114	1.0077486243479825
4	0.9744627947928073	0.9143140900244141	1.0657856041207754
4	0.951170130005492	0.9119453831227675	1.0430121667466614
4	0.9289397350441705	0.9133136339497601	1.017109238834893
4	0.9058740753636811	0.8973681443029999	1.009478753078858
4	0.9235844776108355	0.9123378748103659	1.0123272343623873
4	0.9497653537779162	0.9218025714701396	1.0303348929296
4	0.972028043620224	0.9270959417224586	1.0484654283075447
4	0.9748547126080276	0.9326288735613182	1.045276143859311
4	0.882181129585074	0.8791633379660041	1.0034325721839719
4	0.9028268459701116	0.8887216653404516	1.015871314022998
4	0.9383654678497801	0.9053595591677402	1.0364561331990363
4	0.9254397155652352	0.9143753922772359	1.0121004167232057
4	0.9751939380465393	0.9256760922350739	1.053493707169106
4	0.9715776921509764	0.9208111007208689	1.0551324711337258
4	0.9564001484415527	0.8982079600148652	1.0647869881109988
4	0.9578896803627771	0.9205969896774643	1.0405092468294714
4	0.9091942168653929	0.897143807005903	1.0134319712908753
4	0.9505006310564872	0.9092037305533341	1.0454209536492114
4	0.9021631543049372	0.8630304736223765	1.045343335929159
4	0.889572049614568	0.8951653026623467	0.9937517092863815
4	0.9477333110423484	0.9220913297593661	1.027808504922906
4	0.9168185995765359	0.9097782046542088	1.0077385838507782
4	0.9540879742303447	0.9238070265270912	1.0327784340600763
4	0.9199847245237424	0.8615829678630719	1.067784251591603
4	0.8699590622010873	0.8853433856476631	0.9826233259366121
4	0.8972415658441945	0.8948918432252532	1.0026257057059238
4	0.9482752601423599	0.9153141728871916	1.0360106816124113
4	0.9631930705022382	0.901719286331545	1.0681739706608544
4	0.9537000976419577	0.9078769790044003	1.0504728280342652
4	0.9442340249624446	0.9184007557579768	1.028128536526679
4	0.9153060267308721	0.8978872960991683	1.0193996849129938
4	0.9564742191304874	0.9250442480489847	1.0339767218138936
4	0.9513941812578498	0.9046276115042494	1.0516970399298726
4	0.8953583679439747	0.8727244565194953	1.0259347738629276
4	0.9085661582292535	0.9027589326707128	1.0064327533612552
4	0.9116750143225236	0.8969318442751457	1.0164373359486334
4	0.9675897144369265	0.9229179604639812	1.0484027355481167
4	0.9564891084646497	0.9219153184102725	1.0375021320982012
4	0.9668193264050675	0.9281874155578501	1.041620808685495
4	0.953063408126452	0.923308597511814	1.032226289991042
4	0.8810353921830693	0.8877351891279778	0.9924529330064186
4	0.934203267155312	0.9181444631861606	1.017490498078509
4	0.9444469623605276	0.9241205202054857	1.0219954450860178
4	0.9688125353361918	0.9215475636722821	1.0512886947208273
4	0.9379065530657247	0.914580720909444	1.0255043995822324
4	0.9217097948439406	0.908402418434909	1.0146492084774046
4	0.8974335697049227	0.8985829770608195	0.9987208667588425
4	0.9631267163706406	0.9228930196902391	1.0435951901488059
4	0.9633415248485246	0.9073580416697661	1.0616994401413304
4	0.9412805647848981	0.9082993360238979	1.0363109687004466
4	0.9179016945108689	0.8850647973201231	1.037101122189214
4	0.9280953600387534	0.9102870952144511	1.0195633497584704
4	0.9161962488723778	0.8827737862897875	1.0378607329552247
4	0.9588311123242921	0.9263903376034323	1.0350184726718803
4	0.8845220198399801	0.8948638898489784	0.9884430804211537
4	0.9676987951326858	0.923792195008568	1.0475286545625238
4	0.9503148318714775	0.9111970123316702	1.0429301446453478
4	0.919320490392818	0.9040070250830785	1.0169395423761582
4	0.9680221604910312	0.9213762833356635	1.0506263054509015
4	0.9640041085868221	0.9249298728364795	1.0422456198008976
4	0.9207714149495434	0.9083857525269823	1.0136348048041333
4	0.9348635231943613	0.9107353424163317	1.0264930761487894
4	0.9057131397561191	0.8808937135426894	1.0281752790738095
4	0.9087205856059424	0.9046441180004002	1.0045061560943465
4	0.8866320411073076	0.8779029810603545	1.009943080539959
4	0.9545318420133307	0.9058976711337784	1.0536861639335977
4	0.9242460123319993	0.9090426270828688	1.0167246120216809
4	0.9480942165948569	0.9148645934338564	1.0363219031532047
4	0.9342021034925715	0.9170724335278818	1.0186786444978981
4	0.9145088355657014	0.9136616886979843	1.000927199726328
4	0.9503778466389579	0.9162518440502843	1.037245221180478
4	0.9509626205054588	0.91900867139618	1.0347700191563303
4	0.9499776397512288	0.91654046622993	1.0364819391541307
4	0.9173215031627064	0.89910873109364	1.0202564733710384
4	0.9398932261203858	0.9193664554262313	1.0223270824957802
4	0.9276584700295555	0.9044885361137619	1.0256166142418408
4	0.935564337996681	0.9054968509876343	1.033205512505374
4	0.9314023340049017	0.9118465677725338	1.021446334200872
4	0.9581034354865142	0.9167999363133476	1.0450518128734356
4	0.9384121426448642	0.9075165925055074	1.0340440608959656
4	0.9482858335975003	0.9039815008237313	1.0490102206000873
4	0.9068803566930065	0.8856121796139983	1.0240152264936986
4	0.9464801571630546	0.9108376113528892	1.0391316139846538
4	0.9200585363744631	0.897137549444951	1.0255490219350345
4	0.9332318299576492	0.8987980144343913	1.0383109608279752
4	0.924552484125676	0.9077567928726286	1.0185024131848102
4	0.8878446180279237	0.8893516379789695	0.9983054847074094
4	0.9680121694052781	0.9117752335464748	1.0616785078051112
4	0.9226975538590703	0.8951059327652665	1.0308249784565324
4	0.9303006712460823	0.8924109768950946	1.04245767402236
4	0.8431579094694237	0.8664703143022437	0.973094975733135
4	0.9007765860842352	0.9001639746078122	1.0006805554251268
4	0.9386610063656292	0.9157320904133534	1.0250388909510924
4	0.9639950117725335	0.9092747005562284	1.0601801756749982
4	0.92428136561785	0.8976402029764402	1.0296791103529808
4	0.9152222069631716	0.9005437891438302	1.0162995048061978
4	0.9583381614272091	0.911516903650644	1.0513663077327968
4	0.9324478332444859	0.9153011242446284	1.0187334075591878
4	0.8491407724255321	0.8442194977334845	1.0058293781478158
4	0.8932765985663732	0.8959651704521823	0.9969992450884534
4	0.86794930781838	0.8885327572566455	0.9768343381038453
4	0.9098538501538208	0.8959045923808933	1.0155700259732534
4	0.9480721688439544	0.9150255237013136	1.0361155446341712
4	0.8789160983334103	0.8026936657230466	1.0949583083375953
4	0.9155017993211889	0.871433873620325	1.0505694431153865
4	0.9244253855223532	0.8978970517369608	1.0295449614564096
4	0.9546988393262087	0.9198098588828413	1.0379306441504572
4	0.8971917686367629	0.891892620827247	1.005941463900218
4	0.9095334355178324	0.8914745319282439	1.020257341003929
4	0.8615735562918474	0.8800392559411012	0.9790171864214092
4	0.9400730615467146	0.9142704199970926	1.0282221112979943
4	0.9265635451613765	0.8949327081604376	1.035344374736238
4	0.9321530361963758	0.8760412910416912	1.0640514844773616
4	0.8935414618209812	0.8898779549595164	1.0041168643869052
4	0.9554581909746277	0.9126160518057165	1.0469443191188048
4	0.9269976888486362	0.891920197450725	1.0393280604006605
4	0.9554530341908052	0.9174696747111621	1.04140012528654
4	0.958278831015047	0.9129250382416316	1.0496796460537114
4	0.9386364994097882	0.919169729803249	1.0211786452222553
4	0.9627780052755279	0.9269917702527662	1.038604695501238
4	0.8811929993479168	0.8809325285880697	1.0002956761742747
4	0.9355390456046994	0.913518698208354	1.0241049772046626
5	0.8891353463713486	0.8319983804862909	1.0686743715194036
5	0.8632085770966972	0.7891790283392923	1.0938057729602735
5	0.8478888719692985	0.8217834068744352	1.0317668437650167
5	0.8763891068277786	0.8391085506664117	1.044428764468863
5	0.8907460425311168	0.8394233956055899	1.0611403580055103
5	0.9037364785730487	0.8401417574811635	1.0756952270561448
5	0.8978318661950706	0.8439987405937742	1.0637834193489712
5	0.889927095537353	0.8377782247110298	1.0622466295830386
5	0.8559273450244487	0.8222284724029532	1.040984803801565
5	0.7744990343894372	0.7646761245941645	1.0128458434614864
5	0.8281998582079112	0.7984192286166725	1.0372994894459595
5	0.8295005755511937	0.8182993904644104	1.013688370316916
5	0.8646609025619266	0.8251471744171415	1.0478868853579926
5	0.8666062194782814	0.8200733352543998	1.056742345133617
5	0.8507532464587063	0.724346195623078	1.1745119275830445
5	0.8466542007757208	0.7830722037014461	1.0811955740144186
5	0.8413546288570153	0.8260647951719482	1.0185092425853646
5	0.8425522457143158	0.8114748447289697	1.0382974299045904
5	0.8797487857608101	0.8406233435896436	1.046543368643669
5	0.8380194194256848	0.8156552295890841	1.0274186801301666
5	0.9053012355324673	0.8209940978074912	1.102689091127601
5	0.8788018637473506	0.829598073781485	1.0593103956251781
5	0.8298592917912331	0.8085255620653999	1.0263859681459366
5	0.8326065842159828	0.8153642455891987	1.021146792639067
5	0.8343074852611385	0.8203653723931283	1.0169950041008422
5	0.8798515217290592	0.8406987349906847	1.046571720770828
5	0.8996918666670336	0.848625435014042	1.0601754667560095
5	0.9034398958725767	0.8525468098337847	1.0596953568434726
5	0.8043112921892444	0.8030237535628092	1.0016033630645702
5	0.8333261846615916	0.8069837874407776	1.0326430315339479
5	0.8680072263786641	0.8221912089944624	1.0557242851577489
5	0.8482532324207332	0.8250654744878189	1.028104142822494
5	0.8833631834355822	0.8371322522605337	1.0552253614052136
5	0.8994774244436137	0.8169219206174189	1.1010567861415697
5	0.896537657736826	0.8000183996414052	1.1206462978085054
5	0.87089515686643	0.8332826628059774	1.0451377374560957
5	0.8194901654617059	0.796377651456543	1.0290220524934257
5	0.8807399181214566	0.8033406278831946	1.096346789334195
5	0.8771541189605971	0.8088110483270278	1.0844981912338272
5	0.8230348278885511	0.811276707231092	1.014493354181941
5	0.8687737139858858	0.8278666721130983	1.0494125965578174
5	0.8477693856006674	0.8272102825395858	1.0248535390517195
5	0.9029949498713401	0.8467960685448873	1.066366488241996
5	0.8453168891485341	0.7888025763565965	1.0716457000596675
5	0.7960617796818408	0.782377568006208	1.01749054706477
5	0.8230046703801985	0.812958083047367	1.0123580631552023
5	0.8775713685452935	0.8361477548514953	1.0495410212530623
5	0.8996845272460285	0.8236596813657662	1.0923012836493349
5	0.8748044462570675	0.8315042534082285	1.052074529590627
5	0.8751442978732605	0.8399486369465204	1.0419021585113675
5	0.8734802480949435	0.8252063097266944	1.0584992356447653
5	0.8681028052161317	0.8356077967241358	1.0388878713427367
5	0.8869166076336876	0.8109702748721096	1.0936487256250604
5	0.8492361144609089	0.7967376375509428	1.065891799804185
5	0.8525997137350025	0.8269786776904932	1.0309814953343917
5	0.8400389657346038	0.8160156434077994	1.029439781603303
5	0.8935325604554283	0.8267599492195443	1.0807642064651497
5	0.8769618320617335	0.8316599160176752	1.0544716838836987
5	0.9160857252149743	0.8513264844121127	1.0760686317043002
5	0.8773540274393294	0.8310064157911158	1.0557728686174954
5	0.8170137435103774	0.8106221746106277	1.0078847693783108
5	0.8183657064361615	0.8184201502008308	0.9999334769987567
5	0.8596278918108666	0.8348060435445629	1.029733671022446
5	0.9018751264346043	0.8410834800128463	1.0722777796335146
5	0.8827622987149206	0.8359040418265106	1.0560569808778786
5	0.8552139345560315	0.8277763143344342	1.033146176988234
5	0.8354597350646842	0.8170080920776857	1.0225844066489906
5	0.9137245104939252	0.8492563305276043	1.0759113328319494
5	0.9070531264383966	0.8344636704311248	1.0869893544553817
5	0.8808494423802378	0.8357612445009913	1.0539486583948592
5	0.8527907605203394	0.8085841592222243	1.0546716143198223
5	0.8555614085578952	0.8187224382968388	1.044995676847078
5	0.8623746626001096	0.8007494078451127	1.076959475900002
5	0.9125269629194788	0.8509954945327156	1.0723052810291906
5	0.8295436674537104	0.8211433388647046	1.010230039253098
5	0.8851944127096554	0.8304560698815224	1.0659135923179444
5	0.8988663861544033	0.8297968184470992	1.083236722739625
5	0.857079455878598	0.8217403874533569	1.0430051497587456
5	0.8843254572622516	0.8305345088430396	1.0647666627292158
5	0.9050899257482165	0.8517610709196828	1.0626101105688621
5	0.8574208329895405	0.8279395051650853	1.0356080699622816
5	0.8562472823932996	0.8302177647895321	1.0313526386783185
5	0.8438977934368967	0.803357616119433	1.0504634256326473
5	0.835801615286395	0.8180911737129345	1.0216484936429286
5	0.8132679407312615	0.7783640121610917	1.044842680320305
5	0.8760949276758445	0.8156168414945691	1.0741501193997576
5	0.8279808897345717	0.8144300437865784	1.0166384406510725
5	0.8808847036091383	0.8375092520455882	1.0517910118098481
5	0.8295565796209899	0.8208294331664393	1.0106321071125395
5	0.8603607214863093	0.8344070353556862	1.0311043471961616
5	0.8728774603009566	0.8370695441564209	1.0427777075327977
5	0.8897925855222051	0.830961389013759	1.0707989532200417
5	0.8598833773250488	0.8288839630449063	1.0373989794256195
5	0.8340805715128617	0.8199514042513883	1.0172317129871535
5	0.8926992336275561	0.8468482003218164	1.0541431549223528
5	0.8667090643038533	0.8257317863226212	1.04962540943679
5	0.8656320170479883	0.8119081312969487	1.0661699072593602
5	0.8319486766870601	0.8081924831391036	1.0293942272955632
5	0.9133519832747465	0.8252868582563836	1.106708502791892
5	0.8673077762207166	0.8135592964524188	1.0660658417925672
5	0.9061552727410669	0.8366063318303079	1.0831322191389605
5	0.8599789486667889	0.814286583319962	1.0561133712415263
5	0.8624967222320089	0.820412807325412	1.0512960238197555
5	0.8638388632769741	0.824642833929967	1.0475309160939559
5	0.8414875979122062	0.8008959047674156	1.0506828576637293
5	0.8667611985991815	0.8231565103020935	1.0529725365120242
5	0.800258892860672	0.7907588619417887	1.012013815305914
5	0.9155168526494363	0.835132210440809	1.0962537921584867
5	0.838169534707742	0.7864588457204564	1.065751296801697
5	0.8885568035103836	0.8199655906062523	1.0836513308484292
5	0.7964843072020031	0.7986093299658716	0.9973390959958365
5	0.8437481356682482	0.8248023225199528	1.022970125848351
5	0.8728052862202278	0.8364029344530851	1.043522506040639
5	0.9285417755013754	0.8328977240485874	1.1148328884702399
5	0.8731735694648318	0.8190859040263121	1.0660341792877224
5	0.8490382317701071	0.8176775134168198	1.0383534068611482
5	0.8701253240902969	0.817889421836029	1.0638667047887804
5	0.850571921857459	0.8247564742747792	1.0313006910377753
5	0.8022212829966957	0.774971798240932	1.0351619050107577
5	0.8540403131773951	0.8200513522047703	1.0414473567798443
5	0.7753349049604953	0.7893721796220898	0.9822171657122312
5	0.8193223586221171	0.7962431835664805	1.0289850833664433
5	0.862154941917306	0.816551245339559	1.05584915440155
5	0.8411662244952265	0.7651008099549066	1.099418813247372
5	0.8747792209408726	0.8018571944647527	1.090941413233557
5	0.8633165587439546	0.8238543562449846	1.0478994887868693
5	0.8779308621870688	0.8334761736201937	1.053336483961847
5	0.8348525640776459	0.811800164583139	1.028396643041264
5	0.8227960669841705	0.8060304167646278	1.020800269904006
5	0.8225820736399964	0.8148346949903511	1.0095079145466885
5	0.8845075408475322	0.841770757087384	1.0507700979159955
5	0.8443522086184002	0.797525136756829	1.0587154808085366
5	0.8596871793277895	0.7983390259755688	1.0768447380826127
5	0.8706012743500743	0.829109775542647	1.0500434321622507
5	0.9045915889242714	0.801597727611737	1.1284857201621468
5	0.8561245334757229	0.8068161686763987	1.0611147454818806
5	0.8734501021352429	0.829303677463146	1.0532331230064498
5	0.8944338487712086	0.828700652056946	1.0793207976259027
5	0.8688836107599593	0.8338181412702387	1.0420540975953125
5	0.8942329447513501	0.8525321245658379	1.0489140748880856
5	0.7963107276748419	0.7949480730096659	1.001714142988003
5	0.8980095004976831	0.8439504731673599	1.0640547390505497
6	0.7654077739393446	0.6490046829317715	1.1793563190973313
6	0.7613525179635392	0.6186228887689057	1.2307215458494811
6	0.676762147353093	0.626025695012464	1.0810453192973475
6	0.74827248563076	0.6882530986188448	1.0872054003568736
6	0.8304648282223717	0.7038500407763697	1.1798888685242408
6	0.8094510469035153	0.6856342029228102	1.1805873211296676
6	0.7944545141850792	0.699061266708925	1.1364590659202893
6	0.7641895084196207	0.6793972272332891	1.1248051622636606
6	0.7609048394942997	0.6618393461140105	1.149682085179662
6	0.5454475544348931	0.50383180938281	1.0825984867907845
6	0.7506665693621521	0.6561257462042882	1.144089488493305
6	0.7128472585433077	0.6625723043370093	1.0758784420616632
6	0.798448620709749	0.6982619147906381	1.1434801237142513
6	0.8170063700463922	0.6975664435319925	1.171223727319277
6	0.7220120964448572	0.5587458350642985	1.2922013035887248
6	0.7358291504830925	0.6481527983345423	1.135271115659515
6	0.6788344318493241	0.6515838949565065	1.041821992691573
6	0.692789377149397	0.6381681041545773	1.0855907285858168
6	0.7425519091191422	0.6817613831561492	1.0891668660984712
6	0.6961062760146053	0.618066852174727	1.1262637262705306
6	0.8684958718849092	0.7031275177691746	1.2351897059019987
6	0.7708015061307167	0.6884371725221845	1.119639579174348
6	0.7136131163206146	0.6539535408271744	1.0912290732732755
6	0.6586954427504279	0.6136536381967526	1.073399392996402
6	0.7271355301215958	0.6710849820336863	1.0835222804689377
6	0.7911202495938248	0.6995871309056289	1.130838768531526
6	0.7774950933399005	0.7048705972925035	1.103032381158126
6	0.8263564945050559	0.7164473450457619	1.1534085515415982
6	0.741024600799642	0.6692879383217724	1.1071835578835443
6	0.6573369650719684	0.6234146772113115	1.05441368177663
6	0.7472278026176294	0.6715893551231826	1.1126260369040144
6	0.6805842748914774	0.6530229177781722	1.042205803752002
6	0.7581898952365058	0.6809251339065883	1.113470273723979
6	0.7997623888075378	0.6907981818926089	1.1577366729837
6	0.7556996656679452	0.5640345458915541	1.3398109586947928
6	0.7766162749023664	0.6939371309170742	1.1191450065166961
6	0.6482676932990327	0.614838226248611	1.054371159149276
6	0.7880283774446136	0.6131587747862434	1.2851946507971488
6	0.7355552194018756	0.6363905408530983	1.1558236211616917
6	0.707920518443418	0.6476332550765813	1.0930885850815486
6	0.7266990818652573	0.6339182747400772	1.146360833599919
6	0.7734915141726149	0.6913217226666725	1.1188589752235536
6	0.7721316368929569	0.6979756229739882	1.1062444181116227
6	0.688734131481078	0.5922203907259802	1.1629692970159053
6	0.6070832031875557	0.5851424562380089	1.0374964194029057
6	0.6891401457293245	0.6598256699212287	1.0444276073884717
6	0.7777726431060966	0.6945574378370065	1.1198104011789711
6	0.7956984293732756	0.6584865219314711	1.2083746635228538
6	0.7608478143882393	0.6878245832363854	1.1061654859851933
6	0.6920325817074906	0.6400300911687294	1.081250071295557
6	0.8012310982417649	0.6991958136098896	1.1459323449107564
6	0.7895609267287507	0.6884753877871116	1.146825203536392
6	0.816467616474494	0.6549670137016883	1.2465782236269425
6	0.7681016281771882	0.6394175855780527	1.2012519603801657
6	0.727792814882882	0.6728405523372999	1.0816720430341038
6	0.7586865316871039	0.6802209397132895	1.115353096902438
6	0.7805649248675698	0.6474572540995532	1.2055852643942264
6	0.7385165021536917	0.6800863329004774	1.0859158116058847
6	0.7959147326659292	0.6974540365774307	1.141171591136913
6	0.7587865594130964	0.684820385281465	1.1080081372011594
6	0.692938955879287	0.6496779947400755	1.0665883121938269
6	0.68255143712203	0.6522122823955986	1.0465173004945485
6	0.717126285644077	0.670979916832434	1.0687745901986025
6	0.8089938176577117	0.7012001393298744	1.1537274057458888
6	0.777415127473794	0.6992212778295016	1.1118299058161087
6	0.7199606194922451	0.6645760742047174	1.0833381571158802
6	0.7454705290660957	0.6765074623700688	1.1019398462426748
6	0.8078860738898934	0.6759772704937601	1.195137927196549
6	0.8419078199917809	0.6959141268455165	1.2097869370866687
6	0.7593830863921596	0.6917315572251175	1.0978002643661746
6	0.7143803428342878	0.5975891603926426	1.195437250509879
6	0.7868222792708511	0.6742541867325347	1.1669520112048934
6	0.6833828528828695	0.6175229255479001	1.1066517931727553
6	0.8322474595633725	0.7082534184256349	1.1750701626168807
6	0.7728056799234032	0.688300165633405	1.1227742175715334
6	0.8280568788762697	0.7102527362332285	1.1658622862444803
6	0.8084621149947886	0.6677136239886589	1.2107917016360301
6	0.7046989151359379	0.6719219208916578	1.04878095687187
6	0.8240938647755185	0.7095029875966405	1.1615086605442513
6	0.8229361827193001	0.7193278572921951	1.1440349131161465
6	0.7637123418470164	0.6888722103968297	1.1086415307812671
6	0.724530511805235	0.6905720605385192	1.0491743776025844
6	0.645351057880923	0.6120711774629046	1.0543725658770058
6	0.7373182425225749	0.6798223674984331	1.084574850391745
6	0.7074890971351501	0.5857705323145044	1.2077922293900816
6	0.8142517089891104	0.670724638038082	1.2139880702323018
6	0.7411736513836527	0.6642861927076593	1.115744478087971
6	0.8383402019229621	0.700380455896823	1.1969782921048024
6	0.6950468274189433	0.6586776279734131	1.0552154770421294
6	0.7359114289774886	0.6801068677260877	1.0820526359893723
6	0.7734916892884314	0.6864099126667792	1.1268655580501885
6	0.7833094221893759	0.6703711968047664	1.1684711782411212
6	0.7390538965891134	0.6742450454153822	1.096120619075227
6	0.7195222883206325	0.6445089315224888	1.1163883898721834
6	0.7994004427494978	0.6900099282980261	1.1585346963358827
6	0.7237632699388307	0.6593306416524571	1.097724304341276
6	0.7262500511633441	0.617662586184649	1.175803857004596
6	0.7476032798202145	0.6773803660015449	1.1036683632169364
6	0.8047833097462747	0.6815088128092543	1.1808846703373788
6	0.745925704571253	0.6823928324824663	1.093103076504572
6	0.8011389903653676	0.6792002219368967	1.1795328748284775
6	0.7619137640041089	0.6790441526481072	1.1220386200703303
6	0.8209697518511003	0.6989423437578389	1.1745886612580736
6	0.7528818444933648	0.6750798693780351	1.1152485485710162
6	0.6819979183289814	0.6496799785340639	1.049744398569646
6	0.7438556474071621	0.6573500234414219	1.1315975064743402
6	0.669331677275723	0.6262490941807973	1.0687946433699556
6	0.8456160213213689	0.6986483588533381	1.2103599909820766
6	0.7473211109285675	0.6555684321420213	1.1399589642941639
6	0.775797997515018	0.6582988715736978	1.178489028335158
6	0.6856568643464025	0.6487182127971338	1.0569409811850312
6	0.6764118771793021	0.6226559059828302	1.0863333515027387
6	0.8044229652130312	0.6929097625735081	1.1609346680660935
6	0.8146300028049724	0.6517794398765142	1.2498553236955614
6	0.750337174628408	0.6542218223434914	1.1469155399626099
6	0.739937405344732	0.6725000274652866	1.1002786247215826
6	0.7638022249566084	0.6753238011146564	1.1310162972131501
6	0.7544376318557842	0.6884219948916378	1.0958941426247395
6	0.6234969521556177	0.5370595891485653	1.1609455724346847
6	0.7130965857522504	0.6360831675878046	1.1210744476331627
6	0.5577637603384888	0.5685351199407542	0.9810541878162463
6	0.6734915361125606	0.6011149705335909	1.1204038646961718
6	0.7343296815879505	0.6631780508517556	1.1072888806329024
6	0.7125649035783355	0.5840446488123299	1.220052105652119
6	0.8157679730399681	0.6852906522615846	1.1903970532033152
6	0.8193088383745092	0.6997773146432549	1.1708136591884108
6	0.7743891889362201	0.6834415467946433	1.1330730368502226
6	0.6799845231061503	0.6449552591579886	1.0543127037895523
6	0.6885269998573851	0.6009823500102277	1.1456692527587
6	0.7336048065498684	0.6743198418189461	1.0879181673951694
6	0.7466658298572121	0.6761330751867467	1.1043178588046212
6	0.7833977724376358	0.6402968363461389	1.223491555741715
6	0.804871447020753	0.6514892935360613	1.2354331145676787
6	0.7518696444743156	0.6755138628901668	1.1130336263677296
6	0.789142875290031	0.5976984111742706	1.3203027823675126
6	0.7639382613240773	0.6201994549153186	1.2317622262799064
6	0.7970248484360296	0.6923692120201363	1.1511558206213963
6	0.7783887906602132	0.6417357634720126	1.2129428262636641
6	0.6898074159740976	0.6592694133274734	1.0463209759610905
6	0.7582701507624527	0.6893166311440359	1.1000317074955481
6	0.6151197813482778	0.6050174362759971	1.0166976097985914
6	0.7295082603920815	0.6767036818932971	1.078032054371341
7	0.6572931645251344	0.35079065266632264	1.873747659833917
7	0.501928576447224	0.2651559396635276	1.8929561867788123
7	0.4684023932777766	0.2763696133938008	1.6948404259275318
7	0.48983294574478686	0.37728435244964653	1.298312380474781
7	0.5633554502035645	0.3881214984588815	1.451492515721202
7	0.5122636824682681	0.333943042746856	1.533985191769925
7	0.5731111086921785	0.3889384275754992	1.4735265740254695
7	0.48075461455104335	0.3599031162237456	1.3357889745310414
7	0.6068836010914946	0.33088886552997754	1.8341010058451568
7	0.4801962898770353	0.3032451149703405	1.5835252281772183
7	0.6005540749738303	0.3571235112057254	1.681642502187076
7	0.4940523178578996	0.3768889821122407	1.3108696229033479
7	0.6414066732181954	0.3877177217885485	1.6543135306257744
7	0.5723156221218492	0.38578889832406993	1.483494275258002
7	0.6295262661116023	0.3408910199254561	1.8467082713098841
7	0.5740387901658064	0.3905039198682677	1.4699949500108787
7	0.5068029762506496	0.3772630814818389	1.3433675361500927
7	0.5758312896124961	0.3688956872358425	1.5609596683746414
7	0.4892029185612795	0.3233535263880361	1.5129042321753376
7	0.48684906334635814	0.3021239005871749	1.6114218782432361
7	0.7784952142129791	0.39687846879037286	1.9615456000566567
7	0.5847360441261713	0.3861606791328844	1.514229893730205
7	0.41192063671535434	0.29792861289748446	1.3826152268801852
7	0.4244835778378011	0.29927226522991435	1.4183859553831153
7	0.48508941813190615	0.34086788199391654	1.4231009835668926
7	0.48896129760679957	0.3580875124521647	1.3654798913774402
7	0.5285984334089023	0.39148425335383913	1.3502418778799103
7	0.6660676524671804	0.39198741423790484	1.6992067303031593
7	0.5732279653242719	0.352010637270669	1.6284393271999444
7	0.4688992282472119	0.3142756389648592	1.4919999201708471
7	0.49470573064782936	0.369728133287805	1.3380256629341725
7	0.4986795227870163	0.3564366159332669	1.399069288886921
7	0.5935268315048402	0.4086670257931279	1.452348229840522
7	0.6421133055917334	0.4065817206387469	1.579297034266475
7	0.6104290138195398	0.22058559465394284	2.7673113231949156
7	0.5329349052888511	0.3649362270634736	1.46035078396357
7	0.38551754854260223	0.28515205393883336	1.35197184525733
7	0.6586579716227027	0.2935299271006374	2.2439210138763133
7	0.5675507623943297	0.35498194076077216	1.5988158754724116
7	0.4437144747899023	0.3180644868578287	1.3950456373591866
7	0.6320761294346419	0.32559431672201095	1.9412996387596713
7	0.574143956532726	0.37597598178444314	1.5270761547260159
7	0.5094327965710125	0.36851472059556223	1.3823946998581507
7	0.49642125829985434	0.3422221630603503	1.4505818496983531
7	0.5610982642743514	0.32295846768503694	1.7373697252662181
7	0.5415507567914467	0.3956772055120484	1.3686680689392314
7	0.523316639280943	0.38690477499360443	1.3525721911537365
7	0.6388852161776241	0.3257780995694112	1.9611054795336278
7	0.5549519814571712	0.3685249213827164	1.5058736852177457
7	0.6122965611231524	0.3251641848003255	1.8830381380998253
7	0.6395937980141746	0.4050616461251727	1.579003601383989
7	0.5157512086669366	0.35017678867210794	1.4728309395454138
7	0.6078387156000284	0.331824350057901	1.8318086526620632
7	0.6027346349169772	0.3565653326113896	1.6903904552433886
7	0.4960278323086865	0.3929803719144769	1.2622203747535654
7	0.5472867588817615	0.3859831890478001	1.4179030963288548
7	0.5690790166520024	0.3108660064892957	1.83062478615396
7	0.5460648913066924	0.37535214270243905	1.4548069111186244
7	0.5701732310081876	0.34356325548051075	1.6595873450166785
7	0.5488014266552697	0.3761254165633126	1.4590915755433687
7	0.5106858213568811	0.3553282277057584	1.4372227747123199
7	0.39220796779868294	0.31275680446841403	1.2540349632530308
7	0.4647418792796779	0.3398815110796485	1.3673644023865994
7	0.5613380327273978	0.380906723576114	1.4736889584340178
7	0.5635110366994388	0.38543337841376935	1.4620192963529486
7	0.45693505102620796	0.34795957102258124	1.313184315302408
7	0.5715090809552313	0.39974997461042766	1.4296663345937415
7	0.5108404186644455	0.3049747133797306	1.675025489829339
7	0.5720204373559902	0.3623975798869211	1.5784333811900113
7	0.5084381303290919	0.37087330876021507	1.3709213316772229
7	0.45999226251357256	0.29894310276253694	1.5387284679351299
7	0.624093374843628	0.3719790781193777	1.6777647226797534
7	0.4637623916021689	0.2949078619128593	1.5725670675378725
7	0.6191437628492242	0.365970262480371	1.6917870830623356
7	0.5877604666083975	0.4133707620474891	1.4218723735978067
7	0.5842094674605658	0.40107612055204117	1.4566049623110442
7	0.6179776769238222	0.35174076998916953	1.7569122764553293
7	0.5530274348467769	0.3647072682646931	1.5163597848711008
7	0.6423490985489906	0.36033188571407454	1.782659609143495
7	0.5613344945240731	0.3879994935195653	1.4467402764683435
7	0.52594004210394	0.3874800838917068	1.3573343868969794
7	0.5027232426346743	0.3955556238111495	1.2709293266797033
7	0.4522654738410445	0.3343483998015621	1.3526772495680162
7	0.5168804220181781	0.3658840711825353	1.4126890529768716
7	0.5578346271889216	0.31276901543939617	1.783535451570364
7	0.6340247389533152	0.3621264441764592	1.7508379991281824
7	0.5298536473268924	0.362057013374659	1.4634536212632245
7	0.5632947281082317	0.38150411308223897	1.476510236173535
7	0.32215585635972166	0.2922742431864471	1.1022382706306848
7	0.48946944466197406	0.34603897129156597	1.4144922545430765
7	0.5795856199304417	0.367914509754116	1.5753268886236353
7	0.6340928686360151	0.3389188486204238	1.8709283098803835
7	0.4883855226698278	0.3714775879775026	1.3147106002513547
7	0.627872462881294	0.354005243078438	1.773624756010109
7	0.6042048436584677	0.3639375771399985	1.6601881245861123
7	0.5615014007218914	0.33395319874745	1.6813775188496496
7	0.6101328790227971	0.3071643437026801	1.986340184111264
7	0.5685455089922906	0.361577037431869	1.5724049099755684
7	0.6362169167124792	0.34921369833625526	1.8218555564789747
7	0.5274277804095576	0.3699423634914893	1.425702575481576
7	0.5623133447018185	0.33067621246021484	1.700495298764416
7	0.6104083318361709	0.3625609663499851	1.6836019000648166
7	0.6973711774079312	0.404707073740001	1.7231504529025075
7	0.5304331317030055	0.38018600255352764	1.3951937423796241
7	0.4763264713674971	0.3278127946533569	1.45304417379799
7	0.4645421447464299	0.3154602645850358	1.4725852885386377
7	0.49633622434927493	0.3390495173944315	1.4639048247688986
7	0.6261895699543905	0.4037805108031622	1.5508167264161241
7	0.4561854710040628	0.3137359067206198	1.4540429107156474
7	0.575070406079184	0.3314440101867788	1.7350454025556663
7	0.4822129510021065	0.3540555788394178	1.3619696449432719
7	0.42340500105798873	0.30185679588094905	1.4026684402526346
7	0.6124991809813227	0.4193449859474104	1.4606092871184004
7	0.6644918962588928	0.304431728441831	2.1827287834285642
7	0.602336341873244	0.36439615946720233	1.6529711585158944
7	0.5020560986280358	0.30017493461467226	1.6725450420186276
7	0.5561579703488766	0.3353197454009001	1.6585899815829448
7	0.48064448928747644	0.36034265365204504	1.3338539981769617
7	0.6031113118670011	0.31765880147479686	1.8986135723831097
7	0.49392561563926113	0.30257926786005473	1.6323841984696241
7	0.41807053529386684	0.3061141708355672	1.3657340140533327
7	0.4947615316409385	0.28943111966333845	1.7094275564301344
7	0.6297587737700887	0.3678633527988469	1.711936698718804
7	0.6406286003039838	0.36244933507923033	1.7674983461176563
7	0.5907183021624878	0.40431716441873805	1.461027020734396
7	0.6485073516093713	0.41637184124866905	1.557519715225085
7	0.6450547625543257	0.3771010509628472	1.7105620917982483
7	0.40596322453766176	0.34395942039397215	1.1802648814580228
7	0.4605053737550692	0.30386576005793303	1.515489516381419
7	0.5567812289079015	0.3750236869628062	1.4846561651001033
7	0.48254877811050384	0.3186474852910126	1.514365561899239
7	0.5112494777822298	0.3235069813009431	1.5803352240693653
7	0.7201265692401633	0.4098684492338735	1.75696999997493
7	0.5706027656458608	0.39157842607489224	1.457186422054643
7	0.6621447585728222	0.26671264705892306	2.482614776143476
7	0.5935564465557237	0.30494677086466454	1.9464264037711165
7	0.5441094903205339	0.3300494533349096	1.648569585020376
7	0.5087367189572056	0.3064991406378456	1.6598308168123728
7	0.47735748333608025	0.3459983325342981	1.3796525545069231
7	0.43495655895485363	0.33630264937826493	1.2933485946630923
7	0.3820166786755294	0.3255148866319462	1.1735766761028927
7	0.6401864572178599	0.379572379110551	1.6865991638222042
8	0.6738929380801773	0.30569532620614914	2.204459408796227
8	0.5942058112904605	0.34311466884057285	1.7317994981046885
8	0.7086656846513151	0.26024686002742864	2.723051815405671
8	0.5604190386535404	0.3859667370547553	1.4519879172231267
8	0.6163158167060029	0.36247043597501466	1.7003202345266193
8	0.6973843675415694	0.16639643708971488	4.191101562863183
8	0.6323961033454715	0.32419060048238435	1.950692285354628
8	0.6254096971048012	0.39425481056697964	1.5863083476531248
8	0.6837599358227722	0.41132831693505745	1.6623215754210463
8	0.5401179522124505	0.3358081772680906	1.6084121494791663
8	0.6376240643728129	0.4098865864143482	1.5556109555833288
8	0.4797908558194832	0.365675446672448	1.3120674636086616
8	0.7451980305409276	0.3307787738201415	2.252859280946859
8	0.6173311706719826	0.38519477270523766	1.6026468021267322
8	0.7198652843908162	0.4209448915313389	1.7101176397985174
8	0.6936989960735381	0.4224176656475989	1.6422111395602832
8	0.5283278167992567	0.3463871214477742	1.5252524822257694
8	0.6814950967835742	0.377105253506836	1.8071747620753325
8	0.5550483364377043	0.26646658300164655	2.082994160788539
8	0.6468744982738457	0.2893015651695427	2.2359868599215855
8	0.8421312636628094	0.30056876551712103	2.8017923359865544
8	0.6522760823209154	0.40763461820804486	1.600148891152352
8	0.5436865323347828	0.29973514868504597	1.8138898114550948
8	0.5561074900520809	0.3242579239020194	1.7150158841457308
8	0.6153720022278175	0.3283130929093742	1.8743449942085664
8	0.46961796299056635	0.31537559557601486	1.4890751522255137
8	0.5278536002752231	0.36812618674290887	1.433893103192532
8	0.7052273604658208	0.3275339948959806	2.153142487361623
8	0.7121055611002169	0.4178317322851587	1.7042878893033055
8	0.565464728430138	0.36147323413227805	1.5643336076806476
8	0.6590610629066035	0.42309272434063133	1.5577225156346446
8	0.5842106441673783	0.3923932361542634	1.4888397412072232
8	0.6305358559035315	0.39883938066592006	1.5809267752115164
8	0.707147376524081	0.3952090708987534	1.7892994584257442
8	0.760129360715909	0.24652855426502537	3.083331920645378
8	0.6198583908352442	0.3653164666437014	1.6967710120765
8	0.44980163718356564	0.32521948273031726	1.3830710061013043
8	0.6931899909574224	0.30782787623847657	2.251875299365035
8	0.636784728725468	0.39787844438748904	1.6004504333120166
8	0.5952635323279235	0.3682940412512627	1.6162725041804695
8	0.764566176497843	0.35713691757840293	2.1408208977163397
8	0.6986422531650145	0.3284755821358184	2.126922946973085
8	0.5179963985517392	0.340973314428016	1.5191699075356677
8	0.673067359938661	0.40189532554395696	1.6747329893117773
8	0.5775417599148532	0.3420209318829298	1.6886152456673025
8	0.5020272574126958	0.3881741008610746	1.2933043608501038
8	0.5707105510618247	0.3869171849696399	1.4750199092516565
8	0.7875239240215619	0.3094609172300994	2.5448251464852967
8	0.68124834219474	0.34172917384348545	1.9935328743888776
8	0.6356847549638027	0.3071463322818441	2.069647878394604
8	0.7169437422356882	0.3870780994892667	1.8521940228126195
8	0.5822748518016594	0.35000458542101964	1.6636206382874739
8	0.8113490348341866	0.2475804284443301	3.2771129767093976
8	0.7123852203851981	0.3686861636629667	1.9322266214373667
8	0.6345801511734919	0.41760732085649044	1.5195618454963904
8	0.6014898467802062	0.3986295121216091	1.5088944207339847
8	0.7561359186939332	0.27058694538359146	2.794428672905909
8	0.6067146257061878	0.32961072717028345	1.8407004860395426
8	0.7475528622676479	0.26457773402092566	2.8254564392350696
8	0.6610093898538206	0.4151140533082586	1.5923560876484302
8	0.6210248830768856	0.34683772596173973	1.7905344101621516
8	0.5200140417777439	0.33995206578097364	1.5296687213331472
8	0.6119652743569122	0.4129009037625272	1.4821117337850958
8	0.6496864984669353	0.36455840385469773	1.7821191106758334
8	0.6569918431181222	0.3756148653942144	1.749110335206243
8	0.5474647178215564	0.3836646258273317	1.4269356124271486
8	0.6426851960662188	0.432936598276697	1.4844787865577211
8	0.7386231052053347	0.24763619843185014	2.9826944117323984
8	0.7055807987051772	0.3246894276783342	2.173094466765907
8	0.568074667134806	0.34796717676530425	1.6325524505374802
8	0.6098193349763245	0.32408559251880614	1.8816613544489413
8	0.6100115193681231	0.317121061483414	1.923591944712344
8	0.5420492835348153	0.3360659577144988	1.6129252936571081
8	0.7425298647257994	0.3545607878490287	2.094224432516681
8	0.5377952521293403	0.3952564214561253	1.36062369372293
8	0.6877314308739256	0.3606181760229536	1.9070903149101144
8	0.7948132620403585	0.38701820016491356	2.0536844564459193
8	0.706902425998195	0.33764645506643165	2.0936172004504314
8	0.789941874735877	0.2620737536245614	3.0141968198292863
8	0.5928275799958346	0.3758825844403212	1.5771616045434467
8	0.5208307656476633	0.37279920587842325	1.3970812100321799
8	0.6034910112745436	0.40414949578200693	1.4932370758172588
8	0.6927990724801013	0.39852463833565027	1.7384096385443644
8	0.6066463983747854	0.39638675848044164	1.5304406249602769
8	0.6053437977063499	0.2858322849659222	2.1178286342934314
8	0.7428686285883815	0.30988830791593036	2.3972141239672538
8	0.5175218376341909	0.33568728413328935	1.5416784075404584
8	0.663143400665561	0.3264508432925	2.0313729135365852
8	0.4027580666611229	0.32806053943845437	1.227694337607715
8	0.7179639869920489	0.3311726008521029	2.167945008568754
8	0.7065198982951258	0.3695634803776672	1.911768710406974
8	0.7735008245630498	0.26929515887318695	2.8723161151489434
8	0.5743118039632394	0.2856991811416369	2.010197584985451
8	0.5931816240347597	0.3400399445777004	1.7444468907070283
8	0.6467285275717227	0.3093875628290737	2.0903507615431156
8	0.6279291402865942	0.32400344103682627	1.9380323192778182
8	0.7394864328179267	0.3655878410860458	2.0227325685152615
8	0.6560156435880231	0.41344452940558823	1.586707761089936
8	0.8243966649832005	0.2672062548313655	3.08524463809232
8	0.6898786582396536	0.3779144268569005	1.8254890769250258
8	0.617536398381932	0.3178240727061469	1.9430132938762399
8	0.6270285329021382	0.3411601906085598	1.837929952447406
8	0.7274770554707721	0.4325767501057784	1.6817294394413973
8	0.5784468881260683	0.3704052130796605	1.5616596843135295
8	0.6348017547864888	0.28834223655807856	2.2015566028899327
8	0.6275915041924767	0.31330107813179264	2.0031578184626455
8	0.6273658780344951	0.29244974798253826	2.145209159393614
8	0.5999312470624265	0.36218207254688406	1.6564355127896786
8	0.609780464936172	0.33657934405678236	1.8116990115510458
8	0.719679579248211	0.30713464444099386	2.3432054711967685
8	0.5679016523086549	0.4063230487218429	1.3976604430762283
8	0.5747223864232106	0.3267375119502821	1.7589727698932316
8	0.6571576785060665	0.42161561423402727	1.5586654201599288
8	0.8275828309997401	0.2575056829151909	3.2138429786510896
8	0.680403442716969	0.3512380062437456	1.9371577979086785
8	0.6564058951924474	0.35134406601806084	1.868270902172302
8	0.738153337322351	0.36331384239735015	2.0317236812437365
8	0.5728437206069309	0.36565236780375276	1.5666347904367426
8	0.654337605234487	0.3508103675566155	1.86521741016929
8	0.6245056763416329	0.3008106025638838	2.0760760126764657
8	0.6176790228894022	0.3832772950579638	1.611572172037974
8	0.7091551787058276	0.3703962208690325	1.9145853514433562
8	0.7048934773553188	0.40699184996477683	1.7319596876849597
8	0.7907671150785862	0.42766489195427887	1.849034442516563
8	0.6994487208398403	0.4278864808801904	1.6346595466186002
8	0.7802697127254554	0.38837602857474784	2.0090573447307465
8	0.7236468822989643	0.38652364473347584	1.8721930525051036
8	0.4622070766319716	0.3431397254791752	1.3469937821583484
8	0.6235024071813836	0.3012412829369844	2.0697774259307344
8	0.5862326276294876	0.3824402534319281	1.5328737557534151
8	0.672803088369325	0.26018329002978857	2.585881238923127
8	0.6164963704963367	0.3538419957400662	1.742292825380788
8	0.8396493835341865	0.43494491187309126	1.9304729417760849
8	0.7070677375269236	0.36572935548571284	1.9333086800973107
8	0.725301143953456	0.2968914297257573	2.442984442573592
8	0.7912543183706745	0.2495105231449982	3.1712262408702196
8	0.6438877171941165	0.3614670918412048	1.781317668267797
8	0.6513682563216368	0.3241686424414533	2.0093499834404174
8	0.5816451508300051	0.3816055087350602	1.5242053312019344
8	0.5509987962815319	0.3053344988861177	1.8045743219047155
8	0.5169947622110607	0.3742563736757521	1.3813920044524723
8	0.7919914162429151	0.35551045014904453	2.2277584692964156
9	0.7519911229593127	0.39563825155002635	1.9007037868890881
9	0.643300988570695	0.3934059585956358	1.6352090620770565
9	0.7759954402800778	0.26142930398327324	2.968280251894514
9	0.6997266326083142	0.47955602681063836	1.4591134163446022
9	0.6883119414713665	0.4251712023034013	1.6189053673964227
9	0.7623135714438025	0.17281456021836064	4.411165184696114
9	0.7156660954814402	0.3751686631715225	1.9075849497436477
9	0.728074136956329	0.4763815405659647	1.5283424628320845
9	0.7321226065822731	0.47071128731886297	1.5553538364299482
9	0.6338348516962004	0.4100249687744731	1.5458445215926104
9	0.6884298645335492	0.4557294959275529	1.5106107256287586
9	0.6127055786402653	0.46878735591395043	1.3070010760971382
9	0.8196165906021763	0.40860228632627005	2.0059030945992067
9	0.6830993322085174	0.44007737304736017	1.5522255267939071
9	0.7728312003693532	0.46506236169351484	1.661779718219089
9	0.7517137873077105	0.47849281995724413	1.5710032751899603
9	0.5918170973740141	0.4221118198022901	1.4020386769818742
9	0.7561936364229389	0.46680547770340486	1.619933082497809
9	0.6255385098588035	0.2690406037638056	2.3250710157042773
9	0.7107167831958957	0.3379981281360985	2.1027240213286573
9	0.8974841674067278	0.3301041418545561	2.718790992335259
9	0.7295703568423362	0.47675338981186016	1.5302887665470915
9	0.5868133733338494	0.35348975143641065	1.6600576705528942
9	0.6779032483942894	0.4244116008443382	1.5972778478383878
9	0.7013050668609686	0.40593221245627165	1.727640835935176
9	0.5794765870869361	0.4086529932136874	1.4180162551358673
9	0.6267561287785846	0.4476807706495361	1.4000068125982486
9	0.7764906994982377	0.3822097735624791	2.0315825319189704
9	0.7637385725495418	0.4599209703673809	1.6605865393340817
9	0.7156565537155852	0.4756761830436648	1.5045036502277251
9	0.7519190451801316	0.5017299483840756	1.4986529060141645
9	0.7345595440665832	0.5120988820094716	1.4344095835245292
9	0.7484583596882922	0.484984235965446	1.5432632736986902
9	0.77869802720975	0.46264380678842415	1.683148062902447
9	0.8301888428352875	0.2792289036813681	2.9731479509822782
9	0.7419265300278404	0.465090222339612	1.59523140756565
9	0.5068036425588368	0.38865575319579837	1.303991098527538
9	0.7682141406864084	0.40604953542458316	1.8919222254081145
9	0.6716176350862313	0.45052751711932937	1.490736102825752
9	0.694583285666338	0.4555137026492678	1.524835107323098
9	0.8334137349738981	0.4295718146695058	1.9401033925260927
9	0.8118278272724384	0.4483783586801004	1.8105865538698853
9	0.6527193669888611	0.44284625043460596	1.4739186937865845
9	0.7799625496180338	0.49689042401381994	1.5696872226226295
9	0.6899966077321833	0.44263668427584835	1.558832858286508
9	0.5967857402796429	0.47621502321826176	1.2531854544330923
9	0.6587453093114721	0.4809848199220578	1.36957609060972
9	0.8444749754907328	0.37783024725304826	2.2350645074880773
9	0.7998297477118829	0.417143168921942	1.9173986470375384
9	0.7622134935826252	0.406433899049932	1.875368898520407
9	0.7584779048208385	0.4059528459270266	1.8683891797550825
9	0.6464394886199873	0.4172675166900324	1.5492207343333546
9	0.885251859569516	0.2962139207502685	2.988555896790052
9	0.7949216469493511	0.48184123080379854	1.6497584601120117
9	0.7135529607233533	0.5028641843678876	1.4189774951268532
9	0.6955109051905207	0.480045601992053	1.4488434063437887
9	0.8329576646953901	0.33246186320408033	2.505423198522119
9	0.6996622872097713	0.38972323662280245	1.7952798844451414
9	0.8292507976402428	0.29068783388090774	2.852719312566688
9	0.7700489770233908	0.5047775630502267	1.5255214046563494
9	0.7218795149326802	0.4200759878479266	1.7184498419700456
9	0.5873831894763258	0.39740020344531296	1.478064642101163
9	0.6799315665407925	0.4854263319028732	1.40068950086712
9	0.7283877306467902	0.43035592915317983	1.6925239814403246
9	0.7601613317126068	0.46644300441357384	1.6296982150440962
9	0.6685209915163419	0.4682117807540928	1.4278175368412025
9	0.7126441244706889	0.5031853953335282	1.416265517798513
9	0.8612139785239699	0.34208080641952354	2.5175746851689422
9	0.771791109595997	0.3727620471756269	2.070465905646149
9	0.6905947442361239	0.4388587538773675	1.5736150598219587
9	0.7346711241451918	0.45266745826903637	1.622981972140243
9	0.6939544989019858	0.3878861700741421	1.7890673925531828
9	0.6885783023424846	0.4467489660906042	1.541309224211692
9	0.8009373203021447	0.4155643071412309	1.927348683557521
9	0.6086702910044209	0.4595128531305207	1.3245990549725348
9	0.7927311434202936	0.40992417181008173	1.9338482527631153
9	0.8679623101092974	0.46321767867375135	1.873767669218453
9	0.7685910642708873	0.3965325155054367	1.9382800507323072
9	0.8480740469222792	0.31386581116905266	2.7020274803536797
9	0.6969887500353746	0.46566046472619627	1.4967745875639176
9	0.6440376700165379	0.47524687066285576	1.3551644624577104
9	0.7044602330018656	0.5018749913933904	1.4036567772504935
9	0.7593452760354978	0.4854767567384994	1.5641228246165386
9	0.7485083849555891	0.4846052596317974	1.5445733823118326
9	0.7659574298148513	0.36539227999220625	2.096260571874121
9	0.8192821988662583	0.37859806718814254	2.16398938576493
9	0.5949017930566598	0.39910848959597495	1.4905766441071953
9	0.7016067459579457	0.35843905505904206	1.957394809676577
9	0.46238365162880424	0.39415238162116667	1.1731088614180112
9	0.8273814588072259	0.38526893616929025	2.1475426153840442
9	0.7665283368029948	0.4372535675471512	1.753052218882894
9	0.8212758513272835	0.3061090578873962	2.6829518113423294
9	0.6097086814492773	0.3444649878772236	1.7700164106855278
9	0.7450026440584983	0.43080410502671046	1.7293304204060616
9	0.7382680382331461	0.43442339116216044	1.6994205497502028
9	0.7171084065431877	0.43986808889819184	1.63028058784497
9	0.8298855601353881	0.4645770542380277	1.786324900390352
9	0.7370811440715752	0.47599624375653	1.5485020181138005
9	0.9051817659918587	0.3081497555282929	2.937473581440986
9	0.7512299323859117	0.42419441087500115	1.7709566960967793
9	0.7025190410417398	0.3875293041559889	1.8128152723102475
9	0.678338722429767	0.4057134632651485	1.6719650291379362
9	0.808089759251995	0.5137385164109916	1.5729592651478792
9	0.6271174169384096	0.4429561079052503	1.4157552085782548
9	0.7433412452091523	0.35779692329920004	2.077550690919578
9	0.6813416344260368	0.34191953424338223	1.9926958427038861
9	0.7147707493459627	0.36608194917038334	1.9524883730699631
9	0.7172180763537096	0.4635469328609003	1.5472393958627058
9	0.7399191324917782	0.4433255808443303	1.6690197102602884
9	0.8040055660300943	0.3904604214136896	2.0591218006658276
9	0.6709238354610021	0.5066220685234658	1.324308349646885
9	0.6957862512380506	0.4118030779512098	1.6896091566379379
9	0.7549558151190319	0.516507692117733	1.4616545438532345
9	0.8840153500244415	0.22829615517314697	3.8722305653986004
9	0.7976752686482277	0.45015469780551043	1.7720025416526113
9	0.7479843717726562	0.4646126882077239	1.6099094810734904
9	0.8216557182386903	0.46462892271306055	1.7684127656988708
9	0.723424559676727	0.48899225334671714	1.4794192642634505
9	0.733935316286132	0.42872359878925886	1.7119079014050294
9	0.7194105481636012	0.4176543721067817	1.722502136239267
9	0.7058622236606503	0.4672445974148374	1.5106910332747179
9	0.7911659909558845	0.4484327865319075	1.764291137306461
9	0.790805267400342	0.4898773377553535	1.6142924084299506
9	0.8555593396542622	0.4892557426644819	1.7486955492742806
9	0.7710638758413145	0.5084460031055484	1.5165108411349812
9	0.866336576917579	0.4564662343506459	1.8979203974418861
9	0.8075538952977815	0.47049954420178813	1.7163755103478642
9	0.5428691153836421	0.4026210151361639	1.3483377543023858
9	0.7304956692842832	0.41193542484418366	1.7733256846278669
9	0.6822825701817259	0.4659277114049362	1.464352845904794
9	0.7525749868860684	0.3716488153635993	2.024962695360117
9	0.6608757312003753	0.387685687221325	1.7046688928268054
9	0.9205856556273936	0.4972466701644392	1.8513661545947737
9	0.7876813778845481	0.42356198805796264	1.859660215252265
9	0.8169543399667631	0.40317593247339323	2.026297390707161
9	0.8669396036577366	0.27726048800476555	3.126805445292427
9	0.6986525551044854	0.4296956273835692	1.6259242835646335
9	0.7736363079605532	0.4132744835523025	1.8719672729628964
9	0.696573857227986	0.4960265375420509	1.4043076418445326
9	0.6145252107710274	0.37245327203550266	1.6499390847409448
9	0.5899687411446107	0.43736587415617373	1.3489135207058836
9	0.8409211650099623	0.4325438564336456	1.9441292541834165
