0	1.0	0.999990397723597	1.0000096023686076
0	1.0	0.9999945461442663	1.0000054538854783
0	1.0	0.9999905350952194	1.0000094649943658
0	1.0	0.9999905350952194	1.0000094649943658
0	1.0	0.9999905350952194	1.0000094649943658
0	0.9997357878090597	0.9998611882448749	0.9998745821547136
0	1.0	0.9999899605941704	1.0000100395066203
0	1.0	0.9999902563056824	1.000009743789258
0	1.0	0.9999902563056824	1.000009743789258
0	1.0	0.9999910345448308	1.0000089655355493
0	1.0	0.9999901106600274	1.0000098894377727
0	1.0	0.999990397723597	1.0000096023686076
0	1.0	0.999990397723597	1.0000096023686076
0	1.0	0.999990397723597	1.0000096023686076
0	1.0	0.9999905350952194	1.0000094649943658
0	1.0	0.9999905350952194	1.0000094649943658
0	1.0	0.9999901106600274	1.0000098894377727
0	1.0	0.9999902563056824	1.000009743789258
0	1.0	0.9999905350952194	1.0000094649943658
0	1.0	0.9999898059037879	1.0000101942001327
0	0.9989410185026011	0.999468920132245	0.9994718178634568
0	1.0	0.9999901106600274	1.0000098894377727
0	1.0	0.9999905350952194	1.0000094649943658
0	1.0	0.9999902563056824	1.000009743789258
0	1.0	0.999990397723597	1.0000096023686076
0	1.0	0.9999902563056824	1.000009743789258
0	1.0	0.9999902563056824	1.000009743789258
0	1.0	0.9999902563056824	1.000009743789258
0	1.0	0.9999905350952194	1.0000094649943658
0	1.0	0.999990397723597	1.0000096023686076
0	1.0	0.9999905350952194	1.0000094649943658
0	1.0	0.999990397723597	1.0000096023686076
0	1.0	0.9999905350952194	1.0000094649943658
0	1.0	0.9999905350952194	1.0000094649943658
0	1.0	0.9999905350952194	1.0000094649943658
0	1.0	0.9999905350952194	1.0000094649943658
0	1.0	0.9999905350952194	1.0000094649943658
0	1.0	0.9999905350952194	1.0000094649943658
0	1.0	0.9999905350952194	1.0000094649943658
0	1.0	0.999990397723597	1.0000096023686076
0	1.0	0.999990397723597	1.0000096023686076
0	1.0	0.999990397723597	1.0000096023686076
0	1.0	0.9999944621095092	1.0000055379211592
0	1.0	0.9999944621095092	1.0000055379211592
0	1.0	0.9999902563056824	1.000009743789258
0	1.0	0.9999902563056824	1.000009743789258
0	1.0	0.9999902563056824	1.000009743789258
0	1.0	0.9999905350952194	1.0000094649943658
0	1.0	0.9999905350952194	1.0000094649943658
0	1.0	0.9999899605941704	1.0000100395066203
0	1.0	0.9999902563056824	1.000009743789258
0	1.0	0.9999901106600274	1.0000098894377727
0	1.0	0.9999902563056824	1.000009743789258
0	1.0	0.9999902563056824	1.000009743789258
0	1.0	0.9999905350952194	1.0000094649943658
0	1.0	0.999990397723597	1.0000096023686076
0	1.0	0.999990397723597	1.0000096023686076
0	1.0	0.9999898059037879	1.0000101942001327
0	1.0	0.9999898059037879	1.0000101942001327
0	1.0	0.9999905350952194	1.0000094649943658
0	1.0	0.9999909005320481	1.000009099550753
0	1.0	0.999990397723597	1.0000096023686076
0	1.0	0.9999909005320481	1.000009099550753
0	1.0	0.9999905350952194	1.0000094649943658
0	1.0	0.9999901106600274	1.0000098894377727
0	1.0	0.9999901106600274	1.0000098894377727
0	1.0	0.9999909005320481	1.000009099550753
0	1.0	0.9999902563056824	1.000009743789258
0	1.0	0.999990397723597	1.0000096023686076
0	1.0	0.9999905350952194	1.0000094649943658
0	1.0	0.9999905486165118	1.0000094514728177
1	0.6804264205733961	0.7623298462665619	0.8925616961027041
1	0.7974715137797206	0.8083194608882001	0.9865796289296814
1	0.944821965556176	0.8502882598867768	1.1111784204594184
1	0.9149901223265036	0.8499628978401756	1.0765059564971216
1	0.7720516652905082	0.7958641699586081	0.9700796875057984
1	0.8444603012992816	0.8192450720610268	1.0307786157014278
1	0.879167716142181	0.8164554495344909	1.076810396260379
1	0.6346196870517086	0.6010463089667241	1.0558582218776145
1	0.754610926432789	0.7834542606392778	0.9631844057074201
1	0.9263608308236142	0.8503595257923466	1.089375496747039
1	0.904176966989002	0.838964132903856	1.0777301812169595
1	0.7998021397433993	0.8008132060539552	0.9987374505029232
1	0.8809158897608248	0.8447211897981723	1.0428481023085268
1	0.9431011075464378	0.8638253449057596	1.09177290653509
1	0.742204279466444	0.7537238394859255	0.9847164711848064
1	0.856944773494591	0.8118479638744202	1.055548343565405
1	0.9471838453744219	0.8504037359198828	1.1138048968586103
1	0.8037696967406406	0.8160843460203493	0.9849100778127147
1	0.8506312174096674	0.7818940262049741	1.0879111348865502
1	0.7441748133771621	0.8027197713649024	0.9270667547054515
1	0.8992801093439078	0.8459113116582038	1.063090299124961
1	0.7087022298439143	0.7522234805886081	0.9421431903313643
1	0.757001323508383	0.7854140270576021	0.9638245529486382
1	0.8809070747055102	0.8338040960366534	1.0564916614019442
1	0.8668481279472258	0.837581320489251	1.034942048899657
1	0.8739288876018803	0.8318937651929124	1.0505294355694805
1	0.7433430168809878	0.7737299275658125	0.9607267218156816
1	0.8148968120508533	0.8035866070028134	1.0140746559854006
1	0.9067189628178726	0.849835435440671	1.0669347558421183
1	0.9077312123482337	0.8502667765160128	1.067584007066209
1	0.7849153977894215	0.7943288364133833	0.9881491918807002
1	0.9127253501260646	0.856240125751103	1.0659689060068427
1	0.8581509489404624	0.8192479043088837	1.0474862913007965
1	0.8099583453742484	0.8109241180280926	0.9988090468240202
1	0.9112754658549013	0.8406604394707884	1.0839994640744204
1	0.6446614418066474	0.760384321618376	0.8478100132766705
1	0.8674513309664943	0.8375683487765144	1.0356782610441664
1	0.870412295374782	0.823474944060827	1.0569991250522954
1	0.8142957657186485	0.7976074979799438	1.0209229072958443
1	0.9406264246981298	0.861401036755665	1.09197271022665
1	0.8641374723925129	0.8241334704647368	1.04854068347111
1	0.6777282488093541	0.7480283688201382	0.9060194466666175
1	0.8930346436981347	0.8213440591651592	1.0872844744330947
1	0.8976199015322684	0.819946087121292	1.0947303921940497
1	0.820211478792868	0.8187503732613793	1.0017845555607732
1	0.9118718108149877	0.8546098844692951	1.067003585362521
1	0.9087329209277692	0.8439656614602383	1.0767415813523384
1	0.8949427790014113	0.8417912201896034	1.0631410230197413
1	0.8808589544604079	0.8473326007058929	1.0395669347863932
1	0.8461287789372257	0.8280340340306734	1.0218526584209
1	0.887404888815972	0.8226390471763059	1.0787293550700927
1	0.8484953461527147	0.8203244977662822	1.0343411033842593
1	0.8804647252941112	0.8311391603825163	1.059346938831391
1	0.8888644695407335	0.8340030310351221	1.0657808622560043
1	0.8716624276379393	0.7774754997526205	1.121144560716431
1	0.7351970057785508	0.7468270454326964	0.9844273989201779
1	0.7847053914087142	0.8239239672104133	0.9524002488549002
1	0.8113439994413347	0.7764105894967986	1.0449934743512153
1	0.8640954992963321	0.8212032389848231	1.0522309926158264
1	0.7704621190542348	0.7732064820262081	0.9964506725748319
1	0.7305916501973388	0.7708049129904566	0.9478295193564553
1	0.6971523966782212	0.7428641029715846	0.9384655872985265
1	0.8887266784881395	0.8159250066209629	1.089225935320544
1	0.8936376077058442	0.8406162935380255	1.0630743355504806
1	0.724572899048609	0.740079962759448	0.9790467726581603
1	0.8327011490476431	0.793557393579822	1.049326936885106
1	0.627250226107889	0.7622093263587336	0.8229369602500428
1	0.8548700770378201	0.8206177037314852	1.0417397445248666
1	0.9109673143022442	0.8030334429460722	1.1344076916151802
1	0.8738475902165298	0.844460182205105	1.0348002293425922
1	0.7421114152099715	0.7811027430522701	0.9500816913151086
2	0.6340288580412196	0.6644809640600009	0.9541715900592277
2	0.683343118832617	0.7061541434681488	0.9676968196724025
2	0.7975963602816034	0.754781057188129	1.0567254605633307
2	0.8246181662725779	0.7560486083454254	1.0906946420775954
2	0.5953327185469182	0.6482175575671576	0.9184149852115655
2	0.6253848311399556	0.7009330236335508	0.8922176728070784
2	0.7084241092854711	0.6922233273334906	1.0234039815075107
2	0.8135478159339786	0.7160287272189649	1.136194380208424
2	0.727023784909249	0.6974606108575377	1.0423868725939418
2	0.7789168298985034	0.7129856101168651	1.0924720202569467
2	0.5218689169840234	0.6310445570723064	0.8269921848390597
2	0.7217993449463278	0.7219078126326374	0.9998497485628892
2	0.7722851775430667	0.7485998214981102	1.0316395427366747
2	0.8453749911242447	0.7584969391162427	1.11453975293457
2	0.6462937127932671	0.6998853978998697	0.9234279136735615
2	0.7253119040753693	0.7290026515751524	0.994937264642579
2	0.7136123258549167	0.694321296611151	1.027784009129378
2	0.6062042585302568	0.6779440892957731	0.8941803138367393
2	0.7926340959780919	0.6881545731912572	1.151825660770254
2	0.6483548100309716	0.6882207192318702	0.9420739479546717
2	0.7692244398386603	0.7540702526672065	1.020096519015108
2	0.7604197270042569	0.7342657245902346	1.0356192608998844
2	0.748014792687953	0.7207320156852237	1.0378542598482887
2	0.7351893962213295	0.7292350158083282	1.0081652420466962
2	0.7058300121681197	0.699953668355493	1.0083953325459853
2	0.7128392375197644	0.7193987726365839	0.990881920617158
2	0.7792138043486228	0.7529821187103862	1.0348370631737749
2	0.8107927361948926	0.7314469135999817	1.108477896508432
2	0.730778738423866	0.6615595150401234	1.1046303798979362
2	0.8220468628074884	0.7463048815631806	1.1014893284439753
2	0.7105933709678335	0.7185036366572575	0.9889906393150277
2	0.6542305295345295	0.6744439542095698	0.9700294968190057
2	0.7834709571313997	0.7173160342481448	1.0922256296035473
2	0.789989561746453	0.7469321451126272	1.0576456869818252
2	0.7625332034087244	0.7245393833843851	1.0524385849763847
2	0.677207965262967	0.6771934059356362	1.0000214995113703
2	0.6811226585209227	0.7226891627400426	0.9424835650481842
2	0.6735490421863233	0.6675338084067881	1.009011129779167
2	0.8095556086610375	0.7269943838514457	1.1135651480169653
2	0.8948526567521167	0.7749393581971237	1.1547389447788123
2	0.6852772742113019	0.6888484257236294	0.9948157658797347
2	0.7120606233625674	0.713280974719305	0.9982891014901697
2	0.6452483140211249	0.6674860214337638	0.966684384843188
2	0.7821695522371093	0.7119102111099533	1.0986912956587787
2	0.7657873366641081	0.7425058147290127	1.0313553395451756
2	0.7578879879605115	0.723756980074659	1.04715810531089
2	0.5324409598083171	0.6665197343662193	0.7988375022603118
2	0.8633187502826922	0.754263246351237	1.1445854672874667
2	0.7232324692124878	0.7337618901022458	0.9856500848139024
2	0.731380782444435	0.6878608663506639	1.063268486728514
2	0.7965434421145376	0.7126357192533332	1.1177427970480052
2	0.8099425933669734	0.7159053055847207	1.1313543663507943
2	0.6044215426137858	0.6270364626325163	0.9639336444266968
2	0.8046080857579634	0.745357217947246	1.0794932501947154
2	0.8170285270357689	0.7441685184295281	1.097907942625687
2	0.6830965726837585	0.7087881210362749	0.9637528513952034
2	0.6253935226728969	0.6912992550312463	0.9046639615496613
2	0.7668223779431202	0.7495372839786152	1.0230610195569647
2	0.7127662908485362	0.7149027634352915	0.9970115200331734
2	0.7223590008924816	0.6764823298668992	1.0678165104986688
2	0.6485057976932923	0.6391784293586309	1.0145927457909065
2	0.5746384322382438	0.6729017692865088	0.8539707554158231
2	0.7657704110300039	0.697220328183725	1.098319111011656
2	0.7368253899797483	0.7084030114177978	1.040121764170745
2	0.6907221991437982	0.7099257455903402	0.9729499224872128
2	0.7944904812835706	0.765739480151942	1.0375467138326517
2	0.6918010964033247	0.6593938449151716	1.0491470336553144
2	0.45561891083202005	0.6202463873038607	0.7345772908287991
2	0.8692349467640524	0.7588977928486816	1.1453913227250236
2	0.8103128053801507	0.7610934633562131	1.064669248119533
2	0.7147402670298306	0.7271812190913584	0.9828915382645976
3	0.6339282149593753	0.6644008051387095	0.9541352299039249
3	0.6833431175703493	0.7061111953263692	0.9677556765751372
3	0.7975963595192803	0.7547243248341684	1.0568048932231406
3	0.8244020833246053	0.7559111774073531	1.0906070818428222
3	0.595186641530884	0.6481228884727239	0.9183237501971545
3	0.6253848299646496	0.7008818678046973	0.892282792139395
3	0.7084241084391024	0.6921834649617749	1.023462917419191
3	0.8136328350975387	0.7158979756427226	1.136520653473103
3	0.7267966915030764	0.6973103286060823	1.042285854213485
3	0.7789168292377613	0.7129619091112095	1.0925083363973431
3	0.5216708757913561	0.6308875208816495	0.8268841251802447
3	0.7217914740376737	0.721863040500849	0.9999008586682515
3	0.7722714115609535	0.7485449995738722	1.0316967076135544
3	0.8453476378819998	0.7584343329660742	1.1145956889583655
3	0.6462645250934519	0.6998259358843014	0.9234646673630791
3	0.725238646987608	0.7289015693278987	0.9949747366524835
3	0.7134773627878307	0.6941947457157653	1.0277769562375232
3	0.6058555576704724	0.6777760931356499	0.8938874708128967
3	0.7926340952310237	0.6880890712155907	1.1519353066177056
3	0.6483572636161478	0.6881791207902858	0.9421344589350406
3	0.7691143385290986	0.7539951927958345	1.020052045261989
3	0.7604197262997381	0.7342187399382836	1.0356855320304912
3	0.7479475286512433	0.7206458139314875	1.03788506668874
3	0.73502713015005	0.7291222533446392	1.0080986100456046
3	0.7058300115342162	0.699935281160478	1.0084218220346957
3	0.7128392367795762	0.7193783183712473	0.9909100935840319
3	0.7792709958507911	0.7529496870915225	1.0349575930643413
3	0.8107724723224307	0.7313898354166987	1.1085366969319514
3	0.730521914444915	0.661360106352655	1.104575113357958
3	0.8219651603652752	0.7462144651241044	1.1015133031876736
3	0.7105395499084974	0.7184326437048242	0.9890134532924012
3	0.6542305285102433	0.6744050691970053	0.9700854254983831
3	0.7834682279564186	0.7172934461543273	1.0922562197617705
3	0.7899680333932997	0.746870904222014	1.0577035856232455
3	0.762313000962766	0.7243945495851266	1.0523450257865081
3	0.6772079640457431	0.6771244245868112	1.0001233738673403
3	0.6808983190577799	0.7225641680281633	0.9423361262376363
3	0.6733606989167065	0.6673702994083587	1.0089761254189142
3	0.8095160420500009	0.7269239512355342	1.113618612612897
3	0.894847795524343	0.7749033571900023	1.1547863191215095
3	0.6850796568785362	0.6887352619328395	0.994692292878915
3	0.7119100578517404	0.7130683647047621	0.9983756019613894
3	0.6452483132052949	0.6674572912206976	0.96672599384631
3	0.7821695514528654	0.7118448250209088	1.0987922142018676
3	0.7657873358834429	0.7424612497739146	1.0314172438179519
3	0.7578879874487657	0.7237399815727142	1.0471826992366051
3	0.5324409587483042	0.6664809921889029	0.7988839366590559
3	0.8633165103570135	0.7541910609406707	1.1446920482990548
3	0.7229256890521794	0.7335697380215149	0.9854900653371508
3	0.7313807815988735	0.6878131653438947	1.0633422249677291
3	0.7965434415271464	0.7126171481473107	1.1177719250765021
3	0.809882803357583	0.7157459528479013	1.1315227143585207
3	0.604307313526445	0.6268907346053664	0.9639755066835723
3	0.8045656743790168	0.7452898098896598	1.0795339795376149
3	0.8170285264380479	0.7441389064558449	1.097951631543308
3	0.6828882221978851	0.7086663372176198	0.963624468009945
3	0.625393521612126	0.6912539521346535	0.9047232492210069
3	0.7665491763669239	0.7493978602138719	1.0228867962715522
3	0.7126036551244721	0.7147904604578137	0.9969406344176153
3	0.7223590001664482	0.6764528468148887	1.0678630499785917
3	0.6485057968252965	0.6391170318891021	1.0146902123832362
3	0.5746722866623549	0.672856425508483	0.8540786189684827
3	0.7657704105068364	0.6971928704460177	1.098362365663532
3	0.7367500128031024	0.708317858445925	1.040140388976721
3	0.6904612035222232	0.7098080569386157	0.9727435421065308
3	0.7944906515715827	0.7656944435806614	1.0376079625917878
3	0.6918010958748613	0.6593824821981892	1.0491651121343077
3	0.4556088157189672	0.620202676912534	0.7346127849480741
3	0.8692349463166594	0.758866689565088	1.1454382677078951
3	0.8101004420286451	0.7609676977143255	1.0645661365940982
3	0.7146157258317186	0.7270810802565202	0.9828556198706151
4	0.6339282149593753	0.6644008051387095	0.9541352299039249
4	0.6833431175703493	0.7061111953263692	0.9677556765751372
4	0.7975963595192803	0.7547243248341684	1.0568048932231406
4	0.8244020833246053	0.7559111774073531	1.0906070818428222
4	0.595186641530884	0.6481228884727239	0.9183237501971545
4	0.6253848299646496	0.7008818678046973	0.892282792139395
4	0.7084241084391024	0.6921834649617749	1.023462917419191
4	0.8136328350975387	0.7158979756427226	1.136520653473103
4	0.7267966915030764	0.6973103286060823	1.042285854213485
4	0.7789168292377613	0.7129619091112095	1.0925083363973431
4	0.5216708757913561	0.6308875208816495	0.8268841251802447
4	0.7217914740376737	0.721863040500849	0.9999008586682515
4	0.7722714115609535	0.7485449995738722	1.0316967076135544
4	0.8453476378819998	0.7584343329660742	1.1145956889583655
4	0.6462645250934519	0.6998259358843014	0.9234646673630791
4	0.725238646987608	0.7289015693278987	0.9949747366524835
4	0.7134773627878307	0.6941947457157653	1.0277769562375232
4	0.6058555576704724	0.6777760931356499	0.8938874708128967
4	0.7926340952310237	0.6880890712155907	1.1519353066177056
4	0.6483572636161478	0.6881791207902858	0.9421344589350406
4	0.7691143385290986	0.7539951927958345	1.020052045261989
4	0.7604197262997381	0.7342187399382836	1.0356855320304912
4	0.7479475286512433	0.7206458139314875	1.03788506668874
4	0.73502713015005	0.7291222533446392	1.0080986100456046
4	0.7058300115342162	0.699935281160478	1.0084218220346957
4	0.7128392367795762	0.7193783183712473	0.9909100935840319
4	0.7792709958507911	0.7529496870915225	1.0349575930643413
4	0.8107724723224307	0.7313898354166987	1.1085366969319514
4	0.730521914444915	0.661360106352655	1.104575113357958
4	0.8219651603652752	0.7462144651241044	1.1015133031876736
4	0.7105395499084974	0.7184326437048242	0.9890134532924012
4	0.6542305285102433	0.6744050691970053	0.9700854254983831
4	0.7834682279564186	0.7172934461543273	1.0922562197617705
4	0.7899680333932997	0.746870904222014	1.0577035856232455
4	0.762313000962766	0.7243945495851266	1.0523450257865081
4	0.6772079640457431	0.6771244245868112	1.0001233738673403
4	0.6808983190577799	0.7225641680281633	0.9423361262376363
4	0.6733606989167065	0.6673702994083587	1.0089761254189142
4	0.8095160420500009	0.7269239512355342	1.113618612612897
4	0.894847795524343	0.7749033571900023	1.1547863191215095
4	0.6850796568785362	0.6887352619328395	0.994692292878915
4	0.7119100578517404	0.7130683647047621	0.9983756019613894
4	0.6452483132052949	0.6674572912206976	0.96672599384631
4	0.7821695514528654	0.7118448250209088	1.0987922142018676
4	0.7657873358834429	0.7424612497739146	1.0314172438179519
4	0.7578879874487657	0.7237399815727142	1.0471826992366051
4	0.5324409587483042	0.6664809921889029	0.7988839366590559
4	0.8633165103570135	0.7541910609406707	1.1446920482990548
4	0.7229256890521794	0.7335697380215149	0.9854900653371508
4	0.7313807815988735	0.6878131653438947	1.0633422249677291
4	0.7965434415271464	0.7126171481473107	1.1177719250765021
4	0.809882803357583	0.7157459528479013	1.1315227143585207
4	0.604307313526445	0.6268907346053664	0.9639755066835723
4	0.8045656743790168	0.7452898098896598	1.0795339795376149
4	0.8170285264380479	0.7441389064558449	1.097951631543308
4	0.6828882221978851	0.7086663372176198	0.963624468009945
4	0.625393521612126	0.6912539521346535	0.9047232492210069
4	0.7665491763669239	0.7493978602138719	1.0228867962715522
4	0.7126036551244721	0.7147904604578137	0.9969406344176153
4	0.7223590001664482	0.6764528468148887	1.0678630499785917
4	0.6485057968252965	0.6391170318891021	1.0146902123832362
4	0.5746722866623549	0.672856425508483	0.8540786189684827
4	0.7657704105068364	0.6971928704460177	1.098362365663532
4	0.7367500128031024	0.708317858445925	1.040140388976721
4	0.6904612035222232	0.7098080569386157	0.9727435421065308
4	0.7944906515715827	0.7656944435806614	1.0376079625917878
4	0.6918010958748613	0.6593824821981892	1.0491651121343077
4	0.4556088157189672	0.620202676912534	0.7346127849480741
4	0.8692349463166594	0.758866689565088	1.1454382677078951
4	0.8101004420286451	0.7609676977143255	1.0645661365940982
4	0.7146157258317186	0.7270810802565202	0.9828556198706151
5	0.7038779358386185	0.7090331038219387	0.9927292985961698
5	0.7135817302615418	0.7241793712014358	0.9853659999699905
5	0.7787336342838554	0.7541108888626573	1.0326513590837203
5	0.8213035666052179	0.7659574396031191	1.072257444265802
5	0.6247356584742526	0.6819699825673268	0.9160750098155181
5	0.6787273614025573	0.7144693954939411	0.949974016638356
5	0.72174186974081	0.7073658094086891	1.0203233746116995
5	0.7689541107956278	0.7261300227623175	1.0589757849019938
5	0.7096855934168308	0.7107157019485325	0.9985506039491213
5	0.771868448823758	0.7247018863857355	1.0650840895050704
5	0.6063429065865333	0.6785418335552618	0.8935969406772789
5	0.7335719043236543	0.7332171737278177	1.0004838001734644
5	0.7661846324681537	0.7507897144236917	1.0205049666354036
5	0.8070960852860033	0.7486237320307402	1.0781064649081444
5	0.6868868694411513	0.7258963703541917	0.9462602342342527
5	0.7631172671933862	0.7510512956738392	1.0160654426522513
5	0.7476355876364706	0.7210977092318404	1.0368020561775189
5	0.6878008954230473	0.7124330742981366	0.9654252732449907
5	0.7372844017885265	0.7037486092270425	1.0476530853799026
5	0.700537229511284	0.7241267647529801	0.9674234728090142
5	0.7824219304561179	0.7528358533534449	1.0392995059558923
5	0.7709353900873133	0.7518597693216377	1.0253712481290047
5	0.7619107285041199	0.7411746917789307	1.0279772595518872
5	0.7520883822613561	0.7413169833436011	1.0145300851859245
5	0.7132104776211838	0.7305768662799375	0.976229210832828
5	0.771130653517741	0.7381650275622945	1.0446588834807193
5	0.7663997041099131	0.7479693160871397	1.0246405669676244
5	0.791226829121049	0.7434147734928284	1.0643141047676286
5	0.7502601475201947	0.7095482156224433	1.05737725922126
5	0.827456803078417	0.7623800177122624	1.085360035486549
5	0.6979289846674324	0.7180795927585016	0.9719381969710896
5	0.7366930678591701	0.7183274773352533	1.0255671557936874
5	0.771518419764042	0.7387732183616907	1.0443237526598044
5	0.7764582005854791	0.7461766366919568	1.0405822996921619
5	0.7653087123488467	0.7415634999873517	1.0320204707511897
5	0.7446448807335686	0.7231078764817613	1.0297839436580256
5	0.7373659334149677	0.7393303994023251	0.9973429119255133
5	0.7264715748650354	0.7209131788701173	1.0077102155402815
5	0.778731579714993	0.7401065623519875	1.0521884541062019
5	0.8474112394555446	0.7736523732253947	1.0953385122088433
5	0.748090347805358	0.7346822997549984	1.0182501307773861
5	0.7568158563168501	0.7409864711050053	1.0213625832982336
5	0.7554555701949538	0.7257851263485263	1.040880479317207
5	0.778706987030991	0.7419391875942053	1.0495563518568254
5	0.7524534488732626	0.7439724194449967	1.0113996556950227
5	0.7959820021008198	0.7460189914876073	1.0669728400795577
5	0.6375075523139629	0.6964672212044473	0.9153446607458117
5	0.843194854898337	0.7627374213150784	1.1054851005533954
5	0.735384693024774	0.7407622214840625	0.9927405470968607
5	0.7352699482666476	0.7115047532582356	1.0334013158725681
5	0.8122040544141528	0.7471445500183304	1.0870775332487217
5	0.7588309139740772	0.7385804461103305	1.0274180936828128
5	0.6790599682393811	0.6903366458108688	0.9836649587705978
5	0.7852605249625927	0.7484442773690932	1.049190365544533
5	0.780150181123524	0.7346119072624804	1.0619895667506143
5	0.7037364004774277	0.7177048304549567	0.9805373610643329
5	0.668418540800157	0.7166174964990044	0.9327410286040728
5	0.7778477692761343	0.7575366220455085	1.0268120994279872
5	0.7487856699614619	0.7426009356957197	1.0083284762628906
5	0.702228411639842	0.6893937666206365	1.0186172919464012
5	0.680217192492377	0.6770614925229509	1.0046608764555003
5	0.642411961839284	0.6981165449338159	0.920207329995577
5	0.7957610027579112	0.7252570957300134	1.0972122953956507
5	0.7468039312834759	0.7185630585506149	1.039301871139639
5	0.7108776140921188	0.7269633977826431	0.9778726360369882
5	0.7429984453361146	0.7508407764181007	0.9895552674704242
5	0.6949927888610747	0.6751371767618869	1.02940974483796
5	0.6511291093643041	0.7012812071371664	0.9284850395783488
5	0.8296192356814136	0.7487385403539663	1.1080226153300603
5	0.7936786468269865	0.7606657518884611	1.0434000017176615
5	0.718330579391386	0.7271796538219978	0.9878309653135896
6	0.4742943098694966	0.516794005834199	0.9177627923603715
6	0.5297788643686113	0.5279032228532285	1.0035530025849155
6	0.6340027492020427	0.5660904165050076	1.1199672891767358
6	0.6262031079045475	0.5724744952280217	1.0938532862588493
6	0.44666002500315183	0.48525609552741605	0.9204624715073082
6	0.4742516641521091	0.5230560795449064	0.906693723098945
6	0.5582769277371687	0.5260843397223897	1.061192827050824
6	0.574443907623731	0.5063562676246884	1.134465877786881
6	0.5812181796086684	0.5388221092053805	1.078682870800923
6	0.5419863696170208	0.5093036164372621	1.0641714531861857
6	0.450624890270848	0.49652524247170454	0.9075568606092121
6	0.501893286365435	0.5314057001048934	0.9444634979759663
6	0.5800233724941247	0.5508284999387892	1.0530017465664536
6	0.6243046488622297	0.5636493223831072	1.1076118147763792
6	0.46883912327695654	0.5234249822986707	0.8957140739022521
6	0.5577490959198736	0.54848724928953	1.0168861657993706
6	0.5611111611931503	0.5380883504618472	1.0427863021222117
6	0.4655604622712836	0.5136530291459437	0.906371491754611
6	0.5618732703582661	0.5175578085585391	1.0856241777573619
6	0.515507165856297	0.5231136886152734	0.9854591402891567
6	0.4778705401294247	0.5224536735621623	0.9146658628529424
6	0.5457675800594446	0.5485725653306938	0.9948867561950382
6	0.5503505751863882	0.5264540491116407	1.0453914755049778
6	0.5351246254866852	0.5341596476506204	1.0018065345076308
6	0.5037584651902184	0.52443664906438	0.9605706734816254
6	0.5526809599815272	0.5407015698217135	1.0221552716478404
6	0.5639168614063184	0.5558579168321043	1.0144982095787047
6	0.5663752685508092	0.5456235984304084	1.0380329409873346
6	0.5893085571837663	0.5219711882908085	1.1290059114439892
6	0.6342479748775612	0.5601277827937686	1.1323272909515412
6	0.47658614670486155	0.5149830125215227	0.9254405196228557
6	0.5181661264861148	0.5091729561252578	1.0176623095407382
6	0.5731028211853912	0.5399613098855796	1.0613775666757208
6	0.5823167523516113	0.5549912043426836	1.0492360019314024
6	0.6016076763503156	0.5538983156376294	1.0861337891193348
6	0.5554913205195721	0.5450315100390454	1.019191203238465
6	0.51165550869638	0.5325982852723664	0.9606780998829606
6	0.5154328630968277	0.5170272795761242	0.9969161850016819
6	0.5562371153621124	0.5264476399889748	1.056585827554971
6	0.668084646530287	0.5760517514495241	1.1597649774506884
6	0.5622271675175692	0.5433497404183196	1.0347426817296645
6	0.5417844843267862	0.5456033930496949	0.9930005773945749
6	0.5293493339186576	0.515839303533831	1.0261903858280557
6	0.5685623398679603	0.5507408640084747	1.0323590948559274
6	0.5498698518316586	0.5421007515657875	1.0143314692765708
6	0.6119325116036015	0.5391805544278443	1.1349306027049855
6	0.45888834087368735	0.5168161664019233	0.8879140605613602
6	0.6519225059048515	0.5560421377473116	1.1724336370368964
6	0.4991229245082865	0.526731851795233	0.9475844735934453
6	0.5678677409871066	0.5234245827073253	1.0849084275902874
6	0.6274239481257692	0.5394804148366082	1.1630152473946553
6	0.5704746252619093	0.548322292267262	1.0404002049653123
6	0.4769375842662049	0.4772769276450129	0.9992890010826998
6	0.6139455659261681	0.5612993662708418	1.0937934421788091
6	0.5782307626764095	0.538958858375402	1.0728662377298812
6	0.47818706011429235	0.5155494607362675	0.9275289696383019
6	0.44590609786461255	0.522111299356319	0.8540441442549598
6	0.5808592153351563	0.5574896220361976	1.0419193333386236
6	0.5288545423237542	0.5396304238078212	0.9800309971257205
6	0.5276791282140663	0.4972046994769305	1.0612915138758654
6	0.5334661195078229	0.4847608015394446	1.1004728885126558
6	0.46635055796241437	0.5099516854017407	0.9144994934079347
6	0.615157118530167	0.5394732613800493	1.140292137846661
6	0.5538217571265838	0.5131154972601104	1.0793315736590166
6	0.5185634782286492	0.5324585117708241	0.9739040071010162
6	0.5495157695178031	0.5435078780287314	1.0110539179503009
6	0.5432954806499144	0.48453234099595627	1.1212780544909975
6	0.3803362210362342	0.48128334874903794	0.7902542691842805
6	0.5886262825700437	0.5287755668496003	1.11318736997821
6	0.5953767016783691	0.5597828230614008	1.0635851568690669
6	0.5088676739412867	0.5254545072800451	0.9684333598647423
7	0.1318101737908972	0.20858176872977538	0.6319352577821011
7	0.20827471890972052	0.2038282082031584	1.021814991878505
7	0.26226187706626347	0.2091463091366591	1.25396368766373
7	0.22615527127233012	0.21793848508469063	1.0377023185439067
7	0.13334359244227856	0.19521507563298696	0.6830599123039578
7	0.192525603268606	0.2036070220637129	0.9455744763476807
7	0.2342768419207472	0.1996863986828489	1.1732238322993467
7	0.27948539696776986	0.2041602314121669	1.3689512155946448
7	0.2697331973437854	0.21340995781986005	1.2639203910600458
7	0.20385123325431492	0.18071892161126715	1.1280016029135356
7	0.1619135038853734	0.2034739381398033	0.795745663378892
7	0.16343944916466988	0.19527342926193084	0.8369774105080097
7	0.23384049995645576	0.2050458029455325	1.1404305603786102
7	0.2954602258161025	0.22277935770802684	1.3262459720497566
7	0.12588779672407302	0.19449227682721926	0.6472637308673584
7	0.20653292193436099	0.21209818200702157	0.9737609251526902
7	0.1962648114009144	0.2095304625472886	0.9366886753119237
7	0.10092253862040206	0.18230732623880655	0.5535846567581295
7	0.22827033695241247	0.17899509643437403	1.2752882145914233
7	0.16097106371488012	0.1799254321009386	0.8946543122629544
7	0.1476177713689018	0.19904072000032408	0.7416460881404642
7	0.2535550232317441	0.22018735322126473	1.1515421731644526
7	0.27447134996317535	0.2015794492360235	1.3616038291770747
7	0.1588488038728895	0.19607423516576453	0.8101462374115395
7	0.19503733960054528	0.20603718292051457	0.9466123387824963
7	0.2272762429512276	0.20673058029227742	1.099383761366618
7	0.2092943103801711	0.20798971243023337	1.006272415758906
7	0.20652968444591988	0.2039321692194911	1.012737152928693
7	0.2599424059462463	0.21993032441486185	1.1819307166387312
7	0.2981556371465191	0.21929607361741985	1.359603171312024
7	0.1484696302016956	0.1952413078237553	0.7604416906268596
7	0.1949440616011601	0.18786152825651461	1.03770081831217
7	0.23237487413592922	0.20242660870776802	1.1479462883824518
7	0.2097588448840477	0.20777724544511914	1.0095371340335337
7	0.25601463913707706	0.22075526471340173	1.1597215562195142
7	0.21834917439494053	0.20840679594465908	1.0477065942365986
7	0.1569752692769133	0.20702744940884998	0.7582340879199516
7	0.2624264404675799	0.22078411785232088	1.1886110424080094
7	0.25049958483762014	0.20832211506217763	1.2024627570762416
7	0.2681268636761892	0.19684387426585132	1.3621295794760941
7	0.2664360026027535	0.22696475347823106	1.1739091577860714
7	0.14111558901262664	0.21241617473881041	0.6643354216605404
7	0.1948486759522859	0.1917300822114047	1.0162655421878064
7	0.24336276126448284	0.21789285275212758	1.1168918952166345
7	0.20797282333931363	0.2035038435012938	1.0219601741231557
7	0.20511079409775582	0.1828400690100348	1.1218044010172559
7	0.21726852698952082	0.21073152588680774	1.031020518051126
7	0.2839686478115035	0.21348587238955	1.330151942295005
7	0.14669199114314432	0.20372903340980902	0.7200347868340766
7	0.2336504902066905	0.2096690873038608	1.1143773896820321
7	0.24331239071317332	0.18629136796662257	1.306085157723288
7	0.22382667108024956	0.2012281416591855	1.1123030269759115
7	0.2644313787214555	0.20466022536313788	1.2920506573872035
7	0.26747980996575843	0.22349544704591953	1.196802053470028
7	0.1938435255377302	0.18957925687045202	1.0224933293740683
7	0.19273313935787012	0.19970400421981907	0.9650940155697832
7	0.1612070018719239	0.18758595190706776	0.8593767296166598
7	0.23714699206472611	0.22362037369166463	1.0604892038670521
7	0.27642006134610975	0.22138582824925865	1.2485896840464783
7	0.22348713108631915	0.19237761466849987	1.1617106879686931
7	0.2906647972250875	0.1964027799039239	1.4799423784494017
7	0.19202329142020488	0.18950706174245208	1.013277762077133
7	0.2734476912723045	0.2140662156159349	1.2773976990507852
7	0.30841037041956026	0.20545680053351023	1.5010959462948426
7	0.15606299225708942	0.20175904991241322	0.7735117325584098
7	0.22138956564747558	0.20359459682944164	1.0874039345599207
7	0.24397264320813167	0.2068284489374365	1.1795893865738505
7	0.19652648824945385	0.19900554891701103	0.987542756063596
7	0.2316349160350254	0.19238712484181483	1.2040042504168667
7	0.2731110773659876	0.21320789231198545	1.2809613865810665
7	0.17259234394803596	0.21132149021207697	0.8167287850129515
8	0.42901358930587113	0.4225738565795262	1.015239306989956
8	0.40219265521422387	0.4106751208055837	0.9793450706857514
8	0.42348868525057193	0.41689871973679243	1.0158071138187712
8	0.40898482832930555	0.41202540599104176	0.9926204121941881
8	0.412866373826483	0.41669780871397544	0.9908052434945192
8	0.4100759842625133	0.4145292727681873	0.9892569987254811
8	0.4302779023294639	0.42082384777286885	1.0224655865075822
8	0.40282148036589804	0.40735821095860825	0.9888630437029016
8	0.4271998532370743	0.420768833641174	1.0152839732454724
8	0.41840493329042105	0.41145814920778834	1.0168833308952754
8	0.42114322102559476	0.4208392003609384	1.00072241527024
8	0.4221563990198149	0.4184285295154486	1.0089092144569665
8	0.407120829690028	0.4131270770319682	0.9854615016156991
8	0.4402313265954492	0.4247168347627149	1.0365290249005603
8	0.41503370949719204	0.41569770795975486	0.9984026891420169
8	0.4207138905787468	0.4170213738007136	1.0088545024548257
8	0.42716692774896187	0.4194329622488006	1.0184390980115043
8	0.4095782195214072	0.41765267600129696	0.980667054363936
8	0.4379497927695205	0.4191836021236501	1.044768427368814
8	0.42046565363630106	0.41588122942098443	1.0110233977659904
8	0.40766129976274584	0.4183744017856625	0.9743935050108418
8	0.4160515337450469	0.4168680901824502	0.9980412114608103
8	0.4020102664024716	0.403981535170399	0.9951203988392789
8	0.4189215182392938	0.42152396200121617	0.993826107181269
8	0.3938693014809029	0.4099571035772349	0.9607573525231009
8	0.4107310677811283	0.41180862402097484	0.9973833567900422
8	0.40738862486665567	0.4128779243992678	0.9867047880058034
8	0.42598182513685173	0.4246704103100196	1.003088076764931
8	0.4283222640499723	0.41561977116019033	1.0305627734078273
8	0.4321486659574727	0.41833924306577064	1.0330101063206518
8	0.42766558935416216	0.4230297584654311	1.0109586401333746
8	0.4144135042015189	0.4145846723306194	0.9995871334843658
8	0.4136920735207109	0.41503939448874566	0.9967537516054484
8	0.4031005230515509	0.40786769337307605	0.9883119688100312
8	0.42853079097887475	0.41957919925146897	1.0213346890012076
8	0.41594715381267894	0.41915794630481984	0.9923398983117311
8	0.41091819968935794	0.4146642656374341	0.9909660265942676
8	0.4115875495709191	0.414191818368672	0.9937124088833766
8	0.4283164611034264	0.41944727928505826	1.0211449263265828
8	0.43519024599630846	0.4198584382804581	1.0365166120720168
8	0.41703068083844974	0.42029394838171125	0.9922357493943791
8	0.42010533552640056	0.42217487741868215	0.995097903729053
8	0.42197437071112254	0.4176622712412434	1.0103243691537283
8	0.41625620713370226	0.415590035627101	1.0016029535106539
8	0.40714576550851206	0.41295959961911133	0.9859215426497856
8	0.41262462567872477	0.4133739820077932	0.99818721941466
8	0.3994858038020213	0.409211560910041	0.9762329366101224
8	0.42046364395690344	0.4125441900695121	1.0191966196059068
8	0.4096383923551938	0.41569404120225406	0.9854324376901185
8	0.40880309598777054	0.41574873382027633	0.9832936644961418
8	0.43889944746101084	0.41968499918032975	1.0457830237397288
8	0.42044987365361686	0.4177945101743344	1.0063556686711237
8	0.40854094886744285	0.4081737130578665	1.0008997047037282
8	0.4177995531802068	0.4134264394858812	1.0105777310705233
8	0.4359017664203248	0.4219659571976751	1.0330259088083764
8	0.428443710780295	0.41943152003908774	1.0214866797334816
8	0.4244694809746497	0.421693325306549	1.00658335216969
8	0.42937943877140305	0.4218816320742246	1.0177722994488163
8	0.44284874595411694	0.418794403693478	1.0574371148432171
8	0.41695535291276997	0.41453969003982816	1.005827337963006
8	0.43308161511099064	0.4152168095457432	1.0430252464604985
8	0.4176141436634327	0.41762289059122265	0.9999790554397591
8	0.4088533057756702	0.4105897575848448	0.9957708350559238
8	0.42053813066779483	0.41084109376141753	1.023602889422762
8	0.4128649691407293	0.4194084138892727	0.9843983941860763
8	0.40064243984252973	0.41030272930545164	0.9764557026484455
8	0.4101707504407649	0.4143169426399702	0.989992704201797
8	0.39342050040979126	0.4055167320702175	0.9701708198360316
8	0.43870574819534836	0.422912082022133	1.037345034215383
8	0.4238154238142852	0.4130188716791674	1.026140578253055
8	0.4263727677903462	0.4175576075563659	1.0211112432738765
9	0.8866492431519233	0.8897932380983606	0.9964666005406417
9	0.890976700277374	0.8899927152993331	1.0011056101484044
9	0.8888883717702452	0.8849391025646672	1.00446275816509
9	0.8932135142533167	0.8914174759116308	1.0020148116793977
9	0.8832339581642068	0.8871674943723219	0.9955661853786718
9	0.8859530324388978	0.8868934578349136	0.9989396410722078
9	0.8979166895068196	0.8909174073747514	1.0078562637502984
9	0.8970204277555797	0.8898464542009346	1.008062035332924
9	0.8927126970825738	0.8893350860330959	1.0037979059890056
9	0.8953265114796051	0.8889543628796056	1.0071681391824863
9	0.8848365288821456	0.8871854194794887	0.9973524242556633
9	0.8859556881357002	0.8879396865459225	0.9977656157954377
9	0.8923200917800699	0.8889151799219839	1.003830412546656
9	0.8904643545318387	0.8873198702816523	1.0035438001058044
9	0.8822953870439324	0.8864550772540454	0.9953075002706303
9	0.885825730044552	0.8874152457416664	0.9982088253444577
9	0.8836241623447517	0.886098171586278	0.9972079738782246
9	0.8819763717087593	0.886937700426141	0.9944062263730611
9	0.8847735126783423	0.8826010817784213	1.0024613961446134
9	0.892686577080497	0.8892652874142719	1.0038473217324981
9	0.8802417236528213	0.8860917062705623	0.9933979941620683
9	0.8904045388023292	0.8882470962405606	1.0024288765715077
9	0.8955116608684803	0.8880688584533809	1.008380884369779
9	0.888537971361645	0.8901314919156134	0.9982097919594565
9	0.8808623705122762	0.8861062358384447	0.9940821256931944
9	0.893814143004333	0.8887515388149582	1.0056963099002059
9	0.8799527280956936	0.8839033288787222	0.9955305058212189
9	0.8841834824155943	0.8865174680745125	0.9973672423353512
9	0.8895197347362759	0.8860740484636025	1.0038887114216335
9	0.887536995108256	0.88336348934533	1.0047245622139296
9	0.8816384882826642	0.8863809507098304	0.9946496340841167
9	0.8828132461920923	0.884068084172807	0.9985806093408646
9	0.8896442988658981	0.8878625286708831	1.0020068086415161
9	0.8845000044420387	0.8860491691421912	0.9982516041387948
9	0.890296522794806	0.8876364465089267	1.0029968083175735
9	0.8902570357217587	0.8890682658436069	1.001337096288128
9	0.8818610089417713	0.8867803381161014	0.9944525955719984
9	0.8895785921051678	0.8873878195814883	1.0024687881390042
9	0.8941594395027743	0.8885392190858616	1.0063252361811275
9	0.8947303840014607	0.8871091055243854	1.0085911399506717
9	0.891263952093296	0.8900773203588124	1.001333178261418
9	0.8825624173496585	0.8875961455635449	0.994328807939234
9	0.8979463872361834	0.8913203437345886	1.0074339641725578
9	0.8901518735370718	0.888005493635521	1.002417079530402
9	0.8839487713692535	0.8863253457867797	0.9973186207200061
9	0.8983324816339234	0.890660070497048	1.0086142978573114
9	0.8906475956379168	0.8891702516009209	1.0016614861263475
9	0.8925307064755647	0.8883160034147811	1.0047445988190933
9	0.8869699771616921	0.8881359070116717	0.9986872168541158
9	0.8862714700293912	0.8869982926377817	0.999180581727808
9	0.8982290882147583	0.888563250160921	1.0108780529152954
9	0.8920499290931423	0.8894663255555915	1.002904667060821
9	0.8918034449064516	0.8871837871267194	1.005207103473671
9	0.8909466042835653	0.8883543087565143	1.0029180874134325
9	0.8865360998472999	0.8859183487812686	1.000697300227364
9	0.8897283625688976	0.8872038083009893	1.0028455178441387
9	0.8846679836262785	0.887120695776798	0.997235199040902
9	0.8864608881725625	0.8866523992352687	0.999784006604086
9	0.8890484559283713	0.8852352901635426	1.0043075166650035
9	0.8879473922419497	0.8863721627338818	1.001777164913674
9	0.8926127737375356	0.8849035667681417	1.0087119176132937
9	0.8957556559054289	0.8895303997026088	1.006998362512289
9	0.893062301460157	0.8892241258091187	1.004316319743963
9	0.8980383101239201	0.8863626986757	1.013172498646056
9	0.8759960583236927	0.8844241052168398	0.9904705821071207
9	0.8798654761960654	0.8847917193450697	0.9944323132311288
9	0.8960459509386509	0.8903929863581428	1.0063488422158733
9	0.888586303918328	0.8872229541305456	1.0015366484618498
9	0.8942631925323675	0.8877231871979974	1.0073671674106126
9	0.887711097777321	0.8855424467902864	1.0024489520461668
9	0.8894484965391674	0.8896084115578471	0.9998202411121544
