0	1.0	0.999990397723597	1.0000096023686076
0	1.0	0.9999945461442663	1.0000054538854783
0	1.0	0.9999905350952194	1.0000094649943658
0	1.0	0.9999905350952194	1.0000094649943658
0	1.0	0.9999905350952194	1.0000094649943658
0	0.9997357878090597	0.9998611882448749	0.9998745821547136
0	1.0	0.9999899605941704	1.0000100395066203
0	1.0	0.9999902563056824	1.000009743789258
0	1.0	0.9999902563056824	1.000009743789258
0	1.0	0.9999910345448308	1.0000089655355493
0	1.0	0.9999901106600274	1.0000098894377727
0	1.0	0.999990397723597	1.0000096023686076
0	1.0	0.999990397723597	1.0000096023686076
0	1.0	0.999990397723597	1.0000096023686076
0	1.0	0.9999905350952194	1.0000094649943658
0	1.0	0.9999905350952194	1.0000094649943658
0	1.0	1.0	1.0
0	1.0	0.9999901106600274	1.0000098894377727
0	1.0	0.9999902563056824	1.000009743789258
0	1.0	0.9999905350952194	1.0000094649943658
0	1.0	0.9999898059037879	1.0000101942001327
0	0.9989410185026011	0.999468920132245	0.9994718178634568
0	1.0	0.9999901106600274	1.0000098894377727
0	1.0	0.9999905350952194	1.0000094649943658
0	1.0	0.9999902563056824	1.000009743789258
0	1.0	0.999990397723597	1.0000096023686076
0	1.0	0.9999902563056824	1.000009743789258
0	1.0	0.9999902563056824	1.000009743789258
0	1.0	0.9999901106600274	1.0000098894377727
0	1.0	0.9999905350952194	1.0000094649943658
0	1.0	0.9999902563056824	1.000009743789258
0	1.0	1.0	1.0
0	1.0	0.9999905350952194	1.0000094649943658
0	1.0	0.999990397723597	1.0000096023686076
0	1.0	0.9999905350952194	1.0000094649943658
0	1.0	0.9999905350952194	1.0000094649943658
0	1.0	0.9999905350952194	1.0000094649943658
0	1.0	0.9999905350952194	1.0000094649943658
0	1.0	0.9999905350952194	1.0000094649943658
0	1.0	0.9999905350952194	1.0000094649943658
0	1.0	0.9999905350952194	1.0000094649943658
0	1.0	0.999990397723597	1.0000096023686076
0	1.0	0.999990397723597	1.0000096023686076
0	1.0	0.999990397723597	1.0000096023686076
0	1.0	0.9999944621095092	1.0000055379211592
0	1.0	0.9999944621095092	1.0000055379211592
0	1.0	0.9999902563056824	1.000009743789258
0	1.0	0.9999902563056824	1.000009743789258
0	1.0	0.9999902563056824	1.000009743789258
0	1.0	0.9999905350952194	1.0000094649943658
0	1.0	0.9999905350952194	1.0000094649943658
0	1.0	0.9999899605941704	1.0000100395066203
0	1.0	0.9999902563056824	1.000009743789258
0	1.0	0.9999901106600274	1.0000098894377727
0	1.0	0.9999902563056824	1.000009743789258
0	1.0	0.9999902563056824	1.000009743789258
0	1.0	0.9999905350952194	1.0000094649943658
0	1.0	0.999990397723597	1.0000096023686076
0	1.0	0.999990397723597	1.0000096023686076
0	1.0	0.9999898059037879	1.0000101942001327
0	1.0	0.9999898059037879	1.0000101942001327
0	1.0	0.9999905350952194	1.0000094649943658
0	1.0	0.9999909005320481	1.000009099550753
0	1.0	0.999990397723597	1.0000096023686076
0	1.0	0.9999909005320481	1.000009099550753
0	1.0	0.9999905350952194	1.0000094649943658
0	1.0	0.9999901106600274	1.0000098894377727
0	1.0	0.9999901106600274	1.0000098894377727
0	1.0	0.9999909005320481	1.000009099550753
0	1.0	0.9999902563056824	1.000009743789258
0	1.0	0.999990397723597	1.0000096023686076
0	1.0	0.9999905350952194	1.0000094649943658
0	1.0	0.999990811154942	1.0000091889294935
1	0.7586873048715763	0.8217094995263549	0.9233035583851648
1	0.8494034106648013	0.8541259333650787	0.9944709292672198
1	0.9589028844864306	0.8820817522373835	1.0870907169932853
1	0.9345545150634861	0.8807796986796501	1.0610536510599053
1	0.8373473892813478	0.8491150278936486	0.986141290372057
1	0.8958238115901318	0.8678486340217434	1.0322350885531122
1	0.9035366268295292	0.8557069229528294	1.0558949595869245
1	0.7428342076827724	0.6833259957376457	1.0870861233383753
1	0.8286859191405789	0.8386497276366013	0.9881192252645197
1	0.9371128791456456	0.8789632974346534	1.0661570077848619
1	0.9367322714043912	0.8782227464891271	1.0666226480117575
1	0.8464849027239285	0.8429713899181712	1.0041680095526118
1	0.9279618776971685	0.8868085032205745	1.0464061568277025
1	0.9516298945135249	0.8959514841348362	1.062144447957976
1	0.8195874989416073	0.823326295869565	0.9954589122845774
1	0.905631491169904	0.8634669758290533	1.0488316479045035
1	0.9204183214728188	0.7985339431990206	1.1526351876609215
1	0.9504601354363845	0.8801387199692209	1.079898104550636
1	0.8594725279863692	0.8631464406926723	0.9957435812359317
1	0.8919682690177065	0.8337986047323509	1.0697646457492311
1	0.7749558871770538	0.8395265999457948	0.9230867577359548
1	0.9221289910002817	0.8810488206785987	1.046626440394123
1	0.7768790231846254	0.8112137356383763	0.9576748877079461
1	0.8023101792353899	0.8343600771042685	0.9615874503726125
1	0.9161627439784676	0.8721541391316748	1.0504596640343968
1	0.915803149079605	0.8805017632419322	1.0400923511018265
1	0.9045084357712035	0.8696830884089032	1.0400437214733171
1	0.830672093985874	0.8335124609574351	0.9965922921316636
1	0.8715068293383653	0.8535969096932962	1.020981706285118
1	0.92634440011577	0.8820258864003092	1.0502462732656654
1	0.9250055901185554	0.8823044426306526	1.0483972939777866
1	0.9015702035990709	0.8875043401240561	1.0158487827485425
1	0.8411120500033122	0.8407112588872339	1.000476728617396
1	0.9343630433072146	0.8891697357465261	1.0508264122628344
1	0.9050935891748979	0.864937605408649	1.046426451474817
1	0.8485709001876657	0.8491591928009045	0.9993072057416015
1	0.9354587867754176	0.8787954755183374	1.0644783830090372
1	0.7113391236245422	0.8143947220273445	0.8734574333361875
1	0.9018096375317313	0.8739884892023758	1.031832396734133
1	0.9186327645107093	0.867391456936558	1.059075181297179
1	0.8811375822723952	0.8526934408994439	1.0333579924608634
1	0.9561523583404474	0.8946396204929016	1.0687570016334125
1	0.8989220307565184	0.863620952846015	1.0408756617057178
1	0.7725185912543008	0.8134283044993521	0.9497070448387822
1	0.9135411598810091	0.8531417093588437	1.0707965040972585
1	0.9272563470801676	0.8621774073647196	1.0754820749877503
1	0.8551646325898985	0.8585601335398576	0.9960451215735356
1	0.9353432687674715	0.8883300948683005	1.0529230903813305
1	0.9359276479636859	0.8810631644750817	1.0622707720635345
1	0.9290605338690787	0.8823995892808962	1.0528796082353216
1	0.90848333281261	0.8808790135993989	1.0313372424442442
1	0.880530183133244	0.8693149841357698	1.0129011914002883
1	0.9083493855955198	0.8608711243879607	1.0551514156562214
1	0.8992356359775949	0.8682906772319523	1.0356389393057783
1	0.905593310161349	0.8665327448034061	1.0450768486155761
1	0.9114891577471083	0.8658619467665637	1.0526957110783455
1	0.9193312236198041	0.8270985316570911	1.1115135481838239
1	0.8082824010048886	0.8102354144549448	0.9975895728386914
1	0.8094955645509389	0.8596769263593611	0.9416276507257966
1	0.8774988836394205	0.8315683940740002	1.0552335681499374
1	0.9067160323564187	0.8666036508913477	1.0462868826179226
1	0.8325856025866097	0.8266094630778126	1.0072297012987796
1	0.8186617346746591	0.8354452527188252	0.9799106907489787
1	0.709339605725766	0.7759948302764151	0.9141035198302726
1	0.91366355937132	0.8514086094744401	1.0731199440598902
1	0.9146265897232223	0.8750403334901118	1.045239350368251
1	0.810774856070433	0.8178428699602724	0.991357736125788
1	0.865787158014043	0.8423645163403409	1.027805826598041
1	0.6710913360732624	0.8063307227591663	0.8322780183506701
1	0.88690839351116	0.8608723702818417	1.0302437668208522
1	0.9401179329683464	0.8608404073673697	1.092093174208009
1	0.9161040259302391	0.8847022003900793	1.0354942324392482
1	0.8103782937021893	0.835790848021355	0.9695946008749352
2	0.8152291968700303	0.8247342246717331	0.9884750413922908
2	0.877725208025774	0.8631485926321698	1.0168877242204066
2	0.910822040463771	0.8805928598359593	1.0343282145547297
2	0.9000386744008185	0.8726136788698649	1.0314285647761932
2	0.7994862469980574	0.8199598423229801	0.9750309780209233
2	0.7946543954153823	0.8441375349222066	0.9413802402337381
2	0.83542972378636	0.8395285593241192	0.9951176937434278
2	0.9022298058986086	0.8314190497617749	1.0851685514748826
2	0.8734950083139279	0.8477717114444226	1.0303422448782564
2	0.8840131577302037	0.8470748074068183	1.0436069518304603
2	0.6981229651136449	0.7828901156777827	0.8917253534479087
2	0.871211451087782	0.860497282507554	1.0124511358699544
2	0.9012944833851332	0.8752398892913879	1.0297685176515887
2	0.9243942676807468	0.8732743429253131	1.058538219025411
2	0.8228588937662691	0.8503153945874139	0.9677102155318884
2	0.8301106600969649	0.8482505182706711	0.9786149754312111
2	0.9271804213494649	0.9000856209838903	1.0301024699583101
2	0.8102093946514315	0.819841222691458	0.9882515933897467
2	0.8458108753733145	0.8497280318461532	0.9953901056267048
2	0.9053377038924101	0.8480399671670829	1.0675649013533324
2	0.8130732670442938	0.8382083362452265	0.9700133390303349
2	0.8655835170897541	0.8676607426684937	0.997605947259581
2	0.8623356962841009	0.8608578823514204	1.0017166758450813
2	0.8712114652553906	0.8570103268962578	1.0165705568689745
2	0.8522389399795689	0.8520290745333039	1.0002463125408954
2	0.8312719742499501	0.8379911532481512	0.9919818019890105
2	0.8383544344679565	0.8520930286609399	0.9838766499303796
2	0.8768592234179061	0.8682219240419223	1.0099482622320497
2	0.909508078303969	0.8664842642832339	1.0496533125807253
2	0.8609591685355922	0.8168846798591884	1.0539543582626634
2	0.928985474663396	0.8806556749306576	1.0548793371899226
2	0.887041038869038	0.8828218486972844	1.0047792090533096
2	0.8719815754378376	0.8626354535110057	1.0108343818803092
2	0.8365135986730333	0.83358214697836	1.0035166920324523
2	0.8745849383608117	0.8494983113513707	1.0295311087429162
2	0.9067687821502788	0.8779536128386918	1.0328208334588644
2	0.8926848872513257	0.8587477225608036	1.0395193649996775
2	0.8610586757434596	0.8414412979048507	1.023314018324814
2	0.8295525656768913	0.8521086695355747	0.9735290759675321
2	0.7871409913253982	0.8128018589928045	0.9684291228132715
2	0.91957889970328	0.8593975782251541	1.0700273342664215
2	0.9413684318792582	0.8775037512985654	1.0727799516368828
2	0.8294180965619381	0.8365184462266362	0.991512022601861
2	0.8551338928833626	0.8500389902010304	1.0059937282184284
2	0.8121179025377826	0.8180730083160193	0.9927205692918594
2	0.9115029955208876	0.8626739920874199	1.0566019190115095
2	0.8894772619817602	0.870985280582542	1.0212311066690476
2	0.8812439556580308	0.8489518529522242	1.0380376137863543
2	0.7500153907701474	0.8206567713443266	0.9139209191456975
2	0.9221813722868611	0.8642597646785621	1.0670187482693254
2	0.8362247152908395	0.8548914458988977	0.9781647942582575
2	0.8486049803881681	0.8291361917080133	1.0234808091539813
2	0.9005812315555721	0.8582139091402116	1.0493668559366576
2	0.8826761199715673	0.8554086761354843	1.0318765107214838
2	0.7815718097066212	0.8034638914161909	0.9727528742194219
2	0.9018887635594348	0.8750091900695017	1.0307191899182202
2	0.9119469699555885	0.8749560342289607	1.0422774794155518
2	0.8351479065612544	0.8536659907779915	0.9783075764798119
2	0.8498615534639007	0.8554450505147431	0.9934729915761595
2	0.8787138241828855	0.868876054017495	1.0113224091283248
2	0.8260284153619074	0.8442160301837082	0.9784562076867422
2	0.8323916615326935	0.8306954042272241	1.0020419726615044
2	0.8098198694467293	0.8132210175020956	0.9958176830379848
2	0.7361212566762902	0.8162443237504838	0.9018393577231341
2	0.8743748436155798	0.838018992716279	1.0433830870365601
2	0.8614710429770059	0.8409618312440575	1.0243878033116063
2	0.856479783712078	0.8626927958429601	0.9927981175213
2	0.9079307912224667	0.8800536460956435	1.031676642952961
2	0.8213981971763888	0.8277332578975013	0.9923464948874907
2	0.6291179005179824	0.7664745971081737	0.8207941957784076
2	0.9236737117072871	0.8707231846419698	1.060812124908664
2	0.9189776201249578	0.8822456895680483	1.0416345820571746
2	0.8614039226180794	0.8601177889531	1.0014952994595598
3	0.8152226638765316	0.8247370384508752	0.9884637476786362
3	0.8777252044658823	0.8631565746030084	1.0168783165088842
3	0.9108220379830104	0.880586531695744	1.0343356447083536
3	0.9000288999439604	0.8726152848530604	1.0314154651731962
3	0.7995400933600483	0.8199594617406424	0.9750971001209656
3	0.7946543908264347	0.8441381951948286	0.9413794984635508
3	0.8354297201810589	0.839532079019486	0.9951135174688995
3	0.9022981238374319	0.8314199224201287	1.0852495826789768
3	0.8736215093231237	0.8477907487547316	1.0304683208755618
3	0.884013155052528	0.8470842886756582	1.0435952677561813
3	0.6980938649976792	0.7828704118086899	0.8917106260087813
3	0.8712114478912376	0.8605005683939879	1.0124472660340482
3	0.9012916575162662	0.8752338970577669	1.0297723391953812
3	0.9243883123065446	0.8732721915930259	1.0585340071579201
3	0.8228756509108895	0.8503250901744025	0.9677188882455732
3	0.8301429624317695	0.8482577129028661	0.9786447559561762
3	0.9271804192975661	0.9001267902864143	1.0300553536491714
3	0.81018171204987	0.8198483948221624	0.9882091825350353
3	0.8458802249842169	0.8497259212597076	0.9954741921138648
3	0.9053377015126923	0.8480443289211017	1.0675594077310562
3	0.8130952378122803	0.8382122905357366	0.9700349744246736
3	0.8655988298771952	0.8676764150886184	0.9976055760243167
3	0.8623356931633473	0.8608551897794611	1.0017198053766343
3	0.8712641714595811	0.8570240017333469	1.0166158353761776
3	0.8522221350451643	0.8520227577122266	1.000234004703669
3	0.8312719710223958	0.8379963394252932	0.9919756589778077
3	0.8383544309659088	0.8520999078171952	0.9838687028068129
3	0.8768592208200229	0.8682304182522999	1.0099383785528873
3	0.9095238013866195	0.8664896125663923	1.049664979471326
3	0.860942928096014	0.8168641372880644	1.0539609817543079
3	0.9289856348722839	0.8806506369205704	1.054885553845427
3	0.887059464512524	0.8828077526204289	1.0048161243254545
3	0.8719831666686524	0.8626346690886243	1.0108371456828935
3	0.8365135950269209	0.8335834534436356	1.0035151148588428
3	0.8745849358102907	0.8495017409862496	1.0295269492854955
3	0.9067724992160151	0.8779532407132978	1.0328255050112953
3	0.8926475466372404	0.8587398311788457	1.039485434618594
3	0.8610586721036162	0.8414462932565758	1.0233079389667714
3	0.8294673738337671	0.8520863483516834	0.9734545981617103
3	0.7871200498227341	0.8127859913035114	0.9684222639718294
3	0.9195781525097425	0.8593906051473666	1.0700351470005365
3	0.9413684304906415	0.8775004391223891	1.0727839993244088
3	0.8293828162988308	0.8365186600465457	0.9914695940586455
3	0.8551507239336743	0.850043990964329	1.006007610222092
3	0.8121178989843435	0.8180783509125956	0.9927140818216214
3	0.9115029931467201	0.8626681273600428	1.0566090994182467
3	0.8894772592536404	0.8709855919556085	1.0212307384517267
3	0.8812439532321393	0.8489528597566429	1.0380363798818615
3	0.7500153860714138	0.8206548837722532	0.9139230155115446
3	0.9221862076281997	0.8642577097298946	1.0670268801147396
3	0.8361669913776117	0.8548767109372485	0.9781141311720561
3	0.8486049770271487	0.8291364925278967	1.0234804337701937
3	0.9005812289916025	0.8582276350272744	1.0493500701162835
3	0.882687930852486	0.8554070772108942	1.0318922468242169
3	0.7815900692512108	0.8034659171809377	0.9727731476072051
3	0.9018863755386914	0.8750139880661433	1.0307108090145376
3	0.9119469675731043	0.874968469614985	1.0422626634470509
3	0.8351352935977983	0.8536701750266454	0.9782880063389017
3	0.8498615499091884	0.8554519474099468	0.993464977760955
3	0.8787182000885647	0.8688858658207373	1.0113160251013404
3	0.8259703774164788	0.8442045555040995	0.9784007584788115
3	0.8323916579665486	0.8307151760037134	1.0020181188586204
3	0.8098215723694253	0.81322254668262	0.995817904548923
3	0.7361212507530756	0.8162432130700557	0.9018405776194754
3	0.8743748411165604	0.8380194934989145	1.0433824605509525
3	0.8614582547136106	0.8409680429489607	1.0243650302011458
3	0.8564797528221156	0.8626970423986966	0.9927931947473774
3	0.9079307889047109	0.8800520980690656	1.0316784550560294
3	0.821398193853015	0.8277378834122411	0.992340945501864
3	0.629116724629191	0.7664798196689214	0.8207870689941139
3	0.9236737097254184	0.8707312450597934	1.0608023026232272
3	0.9189644310959703	0.8822500311945157	1.0416145067762088
3	0.8613978430249132	0.8601148359644726	1.0014916694920184
4	0.8152226638765316	0.8247370384508752	0.9884637476786362
4	0.8777252044658823	0.8631565746030084	1.0168783165088842
4	0.9108220379830104	0.880586531695744	1.0343356447083536
4	0.9000288999439604	0.8726152848530604	1.0314154651731962
4	0.7995400933600483	0.8199594617406424	0.9750971001209656
4	0.7946543908264347	0.8441381951948286	0.9413794984635508
4	0.8354297201810589	0.839532079019486	0.9951135174688995
4	0.9022981238374319	0.8314199224201287	1.0852495826789768
4	0.8736215093231237	0.8477907487547316	1.0304683208755618
4	0.884013155052528	0.8470842886756582	1.0435952677561813
4	0.6980938649976792	0.7828704118086899	0.8917106260087813
4	0.8712114478912376	0.8605005683939879	1.0124472660340482
4	0.9012916575162662	0.8752338970577669	1.0297723391953812
4	0.9243883123065446	0.8732721915930259	1.0585340071579201
4	0.8228756509108895	0.8503250901744025	0.9677188882455732
4	0.8301429624317695	0.8482577129028661	0.9786447559561762
4	0.9271804192975661	0.9001267902864143	1.0300553536491714
4	0.81018171204987	0.8198483948221624	0.9882091825350353
4	0.8458802249842169	0.8497259212597076	0.9954741921138648
4	0.9053377015126923	0.8480443289211017	1.0675594077310562
4	0.8130952378122803	0.8382122905357366	0.9700349744246736
4	0.8655988298771952	0.8676764150886184	0.9976055760243167
4	0.8623356931633473	0.8608551897794611	1.0017198053766343
4	0.8712641714595811	0.8570240017333469	1.0166158353761776
4	0.8522221350451643	0.8520227577122266	1.000234004703669
4	0.8312719710223958	0.8379963394252932	0.9919756589778077
4	0.8383544309659088	0.8520999078171952	0.9838687028068129
4	0.8768592208200229	0.8682304182522999	1.0099383785528873
4	0.9095238013866195	0.8664896125663923	1.049664979471326
4	0.860942928096014	0.8168641372880644	1.0539609817543079
4	0.9289856348722839	0.8806506369205704	1.054885553845427
4	0.887059464512524	0.8828077526204289	1.0048161243254545
4	0.8719831666686524	0.8626346690886243	1.0108371456828935
4	0.8365135950269209	0.8335834534436356	1.0035151148588428
4	0.8745849358102907	0.8495017409862496	1.0295269492854955
4	0.9067724992160151	0.8779532407132978	1.0328255050112953
4	0.8926475466372404	0.8587398311788457	1.039485434618594
4	0.8610586721036162	0.8414462932565758	1.0233079389667714
4	0.8294673738337671	0.8520863483516834	0.9734545981617103
4	0.7871200498227341	0.8127859913035114	0.9684222639718294
4	0.9195781525097425	0.8593906051473666	1.0700351470005365
4	0.9413684304906415	0.8775004391223891	1.0727839993244088
4	0.8293828162988308	0.8365186600465457	0.9914695940586455
4	0.8551507239336743	0.850043990964329	1.006007610222092
4	0.8121178989843435	0.8180783509125956	0.9927140818216214
4	0.9115029931467201	0.8626681273600428	1.0566090994182467
4	0.8894772592536404	0.8709855919556085	1.0212307384517267
4	0.8812439532321393	0.8489528597566429	1.0380363798818615
4	0.7500153860714138	0.8206548837722532	0.9139230155115446
4	0.9221862076281997	0.8642577097298946	1.0670268801147396
4	0.8361669913776117	0.8548767109372485	0.9781141311720561
4	0.8486049770271487	0.8291364925278967	1.0234804337701937
4	0.9005812289916025	0.8582276350272744	1.0493500701162835
4	0.882687930852486	0.8554070772108942	1.0318922468242169
4	0.7815900692512108	0.8034659171809377	0.9727731476072051
4	0.9018863755386914	0.8750139880661433	1.0307108090145376
4	0.9119469675731043	0.874968469614985	1.0422626634470509
4	0.8351352935977983	0.8536701750266454	0.9782880063389017
4	0.8498615499091884	0.8554519474099468	0.993464977760955
4	0.8787182000885647	0.8688858658207373	1.0113160251013404
4	0.8259703774164788	0.8442045555040995	0.9784007584788115
4	0.8323916579665486	0.8307151760037134	1.0020181188586204
4	0.8098215723694253	0.81322254668262	0.995817904548923
4	0.7361212507530756	0.8162432130700557	0.9018405776194754
4	0.8743748411165604	0.8380194934989145	1.0433824605509525
4	0.8614582547136106	0.8409680429489607	1.0243650302011458
4	0.8564797528221156	0.8626970423986966	0.9927931947473774
4	0.9079307889047109	0.8800520980690656	1.0316784550560294
4	0.821398193853015	0.8277378834122411	0.992340945501864
4	0.629116724629191	0.7664798196689214	0.8207870689941139
4	0.9236737097254184	0.8707312450597934	1.0608023026232272
4	0.9189644310959703	0.8822500311945157	1.0416145067762088
4	0.8613978430249132	0.8601148359644726	1.0014916694920184
5	0.6035934957977688	0.6247980342632423	0.9660617714803188
5	0.683837303456295	0.6676106993557511	1.024305488387473
5	0.7217084107921076	0.6984353313794127	1.0333217384159683
5	0.7404075626824258	0.6819824245514042	1.0856695657068474
5	0.6107966791468773	0.6324411854508456	0.9657762542954272
5	0.6036770502688574	0.6538350411558239	0.9232864748296464
5	0.6716721949572743	0.6411897654591635	1.0475404180481296
5	0.7667983206054757	0.65095752414835	1.1779544627104213
5	0.6372900021237483	0.6377686157812343	0.9992495496867626
5	0.7292669954435067	0.6577493441671027	1.1087308591192373
5	0.5328865980431275	0.6059423653163261	0.8794344619969583
5	0.6882235839756953	0.6776794827650512	1.0155591271077329
5	0.6943064974378507	0.6829723865750333	1.0165952695681528
5	0.7280910133750585	0.6524701958083114	1.1158992672041739
5	0.5700633519089345	0.6433600886261112	0.8860719867256592
5	0.6559746675413491	0.6640608000730652	0.9878232045456886
5	0.800305508190322	0.7311161376548957	1.0946352665082129
5	0.6663656888048872	0.6321558239517772	1.0541161902760856
5	0.6307709442216242	0.6385859968732781	0.9877619417119715
5	0.7138971469205656	0.6656858502437257	1.0724234962470487
5	0.6092741495365701	0.6459164894540128	0.9432707780096834
5	0.7130700574924198	0.6895774934038986	1.0340680551689079
5	0.7014790296241449	0.6840867303528284	1.025424114369747
5	0.6896504943084715	0.6629435138287996	1.0402854540734956
5	0.6569013934151043	0.6669776804601385	0.984892617339035
5	0.5656093479910473	0.6347610074360095	0.891058747095562
5	0.6925954740174128	0.6646496737723715	1.0420459098195725
5	0.6584213723391342	0.6772985027604985	0.972128787610742
5	0.739333229778864	0.686664137788011	1.0767028436354908
5	0.7083192817477121	0.6496565451074702	1.0902980768561912
5	0.7969854837571784	0.7050103908814369	1.1304592018292807
5	0.7350829342084346	0.7219547056061411	1.0181842828924723
5	0.6445227876350985	0.657710738093774	0.9799487073954459
5	0.7159556692261311	0.6612161694161849	1.082786087730247
5	0.690535537923852	0.6644678901720712	1.0392308614717716
5	0.7220395694997059	0.6915096817699291	1.0441496171848745
5	0.7228318476154791	0.6687909611889272	1.0808038528667943
5	0.6853004670718928	0.6531956252660182	1.0491504237996079
5	0.6460587189515894	0.6681686001822988	0.9669097272384887
5	0.6484861605738313	0.6339492565840419	1.0229307059497472
5	0.7675859662466464	0.677504365120939	1.1329609162143586
5	0.8224893214894498	0.7151172195486699	1.1501461564700475
5	0.6500980587235448	0.6424797373236666	1.0118576835303994
5	0.6751556802127254	0.6758070936793528	0.9990360955475018
5	0.6918980511320065	0.6389876633447527	1.0828034574412544
5	0.716982904448846	0.6687420039973113	1.0721367884224133
5	0.707242877138937	0.6857634057479511	1.031321985412095
5	0.7649019236868924	0.6795975390698253	1.125521915123213
5	0.5284453507402757	0.605127268846611	0.8732796850280881
5	0.7708343001980366	0.69026141012665	1.1167280814041205
5	0.6752513585787919	0.6710756410427837	1.006222424538491
5	0.6950792156698775	0.655300504590917	1.0607030069415146
5	0.7566624472262896	0.6693845458657484	1.1303852948198265
5	0.6015164150441866	0.6505082999520685	0.9246867643172397
5	0.5980127959644463	0.6140832950619987	0.973830098902251
5	0.6975872286710405	0.6724208178068528	1.0374265790078745
5	0.7636377338422108	0.6898986082343752	1.1068840040082883
5	0.6193483642671679	0.6525140085665802	0.9491725175797078
5	0.6104398195983955	0.6577896265212075	0.9280167928867674
5	0.7168949375590427	0.6963746181745016	1.0294673568636572
5	0.6249267662584124	0.6550266905364909	0.95404778963522
5	0.679566327273179	0.648335768193952	1.0481703472357
5	0.6211724821538089	0.5813683838496324	1.0684662245315213
5	0.4941494988065346	0.6233610542973991	0.7927179527817935
5	0.7248032634736356	0.648271589476557	1.1180549560391402
5	0.6841655524675887	0.6160410396684853	1.1105843741120944
5	0.6187209840239452	0.6645546949629246	0.9310309425448623
5	0.7133253838922825	0.6922482382035086	1.0304473807596426
5	0.6678427302473869	0.6067924663748667	1.1006114400814007
5	0.4711309338994345	0.5992746673914364	0.7861686127167786
5	0.7990778909876837	0.6951751195687247	1.1494627303166698
5	0.7418987028198397	0.7021517110656292	1.056607412796713
5	0.6545931917232357	0.6641349579341317	0.98563279029826
6	0.5067455895670687	0.5458025642902148	0.9284412033242507
6	0.6073102203567007	0.5706551778169595	1.0642332602325015
6	0.6526106092334532	0.6015323020686305	1.0849136563226407
6	0.6453538127720343	0.6025142497425954	1.0711013275582124
6	0.46456204272205803	0.522259113919128	0.8895240510709318
6	0.5088956851374212	0.5592302572672088	0.9099931173685817
6	0.5935470393128202	0.5608451667055018	1.0583082008166615
6	0.6307283577428835	0.5494805824948892	1.1478628687461399
6	0.5920208554990345	0.5728520390549171	1.0334620724676862
6	0.5802120763391251	0.5477611602312409	1.0592428205281748
6	0.4854832113972966	0.5254776859736057	0.9238892998811029
6	0.5471352691983611	0.573489325199724	0.9540461263299281
6	0.5888135343657519	0.5795901822288341	1.0159135755223616
6	0.6540685417985516	0.5982923401720326	1.093225665584288
6	0.48185837625789774	0.5516810550380858	0.8734365116536985
6	0.5850438107924166	0.583535725809703	1.00258439186499
6	0.6632874067704528	0.6084047432770943	1.0902074878603676
6	0.5780284079014772	0.5640742050252557	1.0247382396711382
6	0.5010496977356498	0.5486095685725675	0.9133083461145889
6	0.6162530762595947	0.5637198209300577	1.0931903640408893
6	0.5326850501756529	0.5544041018136975	0.9608245112779793
6	0.5334874233311506	0.5680319928050496	0.9391855213941185
6	0.5865617257643341	0.5832740927671546	1.005636514698574
6	0.5810549133752573	0.5593707602357104	1.0387652603264594
6	0.5700846843364189	0.579222643952777	0.9842237527973732
6	0.5568093829208087	0.560470523940382	0.9934677367262177
6	0.5852478799673585	0.5794849315951144	1.0099449494853658
6	0.604644357406025	0.5895577152114724	1.025589762978746
6	0.6127533428873633	0.5858200137479354	1.0459754335928453
6	0.6151528899586051	0.5574230108327952	1.1035656548149329
6	0.6381079370679726	0.5895948193412689	1.0822821302617711
6	0.6233042000297524	0.609968765331703	1.0218624878124662
6	0.5349094868431425	0.5572606665521543	0.959890979122389
6	0.5476144296755835	0.5513957879091882	0.9931422068929052
6	0.6097267886536525	0.5753107062348033	1.059821731189551
6	0.6149328182772263	0.5946140549152495	1.0341713472697394
6	0.6499391819165145	0.5852194070661094	1.1105906162183954
6	0.5836698465458275	0.5758065518168696	1.0136561397298216
6	0.54811253897542	0.5691277227778665	0.9630747493728243
6	0.5226081603957324	0.5495987388173048	0.9508903923621549
6	0.6123578152724992	0.5736655245861498	1.0674474742303235
6	0.6941992693172766	0.6113293679847062	1.1355568792740276
6	0.6003265935713319	0.574497235685549	1.0449599341500062
6	0.5863055531036241	0.5863409152851823	0.9999396900665869
6	0.5822126053840935	0.5459842986387482	1.0663541183064604
6	0.6180792995007066	0.585469516869119	1.05569851493887
6	0.5875405065435809	0.5776514255965151	1.0171194608181808
6	0.6495316170133744	0.5818855707189392	1.1162531770823192
6	0.49131522020326984	0.5404330150774955	0.9091140002481484
6	0.6463041445575409	0.59078645843699	1.0939725095721236
6	0.5513874350611203	0.5751767371702293	0.958640013457171
6	0.5569013203400742	0.5508664657670951	1.0109552041157115
6	0.6452186178118978	0.5743445733165116	1.1233998679331627
6	0.5816605275587565	0.5718212380723833	1.0172069325713429
6	0.5037739420937093	0.5144057345935338	0.9793318935135407
6	0.6160606552502952	0.5888348651891842	1.046236715369026
6	0.6266604462410427	0.5846329602580853	1.0718869595795701
6	0.5185092978320841	0.5577441043672858	0.9296544665770867
6	0.48786619720104063	0.5508603716572246	0.8856440257870241
6	0.6466738214909735	0.5960835936155903	1.0848710288577552
6	0.5757651343817615	0.5815215556223209	0.9901011042756633
6	0.5549353630773993	0.543334804963673	1.0213506626259694
6	0.5722641185640575	0.5234655643185349	1.0932220905668364
6	0.5077186863773087	0.5436156384639181	0.9339662998142536
6	0.588234297077912	0.5485611156389655	1.0723222632955582
6	0.5798137264469606	0.5416950097728259	1.0703693332713564
6	0.5870919651451874	0.5856664960614093	1.0024339262931452
6	0.5905859880859888	0.5861207747148013	1.007618247917181
6	0.5744781775872391	0.5337253558199773	1.076355416363257
6	0.41829400052785515	0.5178975115942275	0.8076771777493852
6	0.6496309736894362	0.5745351508011041	1.1307070990932795
6	0.6558474996449536	0.6048081734557504	1.0843892798233443
6	0.5414348640082491	0.5599003416116265	0.9670200636952175
7	0.23349711092865907	0.29636318507392156	0.7878748869243598
7	0.31449817850265477	0.2977977636372327	1.0560797188717843
7	0.3495112381765756	0.2963916482438851	1.1792209404260312
7	0.3067820101062636	0.29159069444059016	1.0520980811641387
7	0.24492640317080838	0.27080301890322517	0.9044448771759663
7	0.3051514465508345	0.2949332806749218	1.0346456861447768
7	0.28533029789855124	0.28024020625171686	1.018163316802095
7	0.34577874930629304	0.28632581401478774	1.2076408496246684
7	0.310695968068136	0.2889273472241543	1.0753428882835838
7	0.3579341751694246	0.28806296559428124	1.2425553365771864
7	0.2733578378419866	0.29290639062549606	0.9332600673486027
7	0.22168894935729822	0.2613473383450184	0.8482540926612957
7	0.24018528881081813	0.2600112048357493	0.9237497628709681
7	0.3197756965807887	0.2847283917551434	1.1230903058511452
7	0.21672714261474696	0.26997173151446585	0.8027771700354268
7	0.2673933340594421	0.2753736621299059	0.9710200023897017
7	0.3563572925362475	0.28673553322523176	1.242808271886999
7	0.2962340537751549	0.29331530368166736	1.0099508960386712
7	0.2294016796135816	0.2828008744837344	0.8111774054177328
7	0.3639557910448831	0.2821645330945306	1.2898707964935865
7	0.30051927133914824	0.28693280916587893	1.0473506749289685
7	0.2208246157900006	0.27225527401973515	0.811093987380364
7	0.31078519029679536	0.289045748923643	1.075211074558634
7	0.352646077244919	0.2798237280882988	1.2602436528672114
7	0.24360904642107914	0.29026991261006513	0.839250076697863
7	0.26855581615286	0.27214252522624194	0.9868204755195824
7	0.30607430705584265	0.28911699020742465	1.0586520938677872
7	0.2550732383736126	0.2773160161831694	0.9197926678895268
7	0.2774023636775436	0.2885934677663823	0.9612219078433961
7	0.3355910305998458	0.2963951508715918	1.1322419736388838
7	0.3530618103174462	0.27957461625581204	1.2628535989633374
7	0.2923670086422616	0.21931308334352795	1.3331033615732963
7	0.24403452690284663	0.27269293449699566	0.8949059400933442
7	0.37176323529245325	0.30132256880851005	1.2337716247491177
7	0.3371319689662645	0.29139489717943284	1.1569590690487215
7	0.22858758264902115	0.25629724645079516	0.8918846605435778
7	0.2929253454287217	0.28981087964628105	1.010746545423836
7	0.3033315211083222	0.29610421347210775	1.0244079864702609
7	0.25737603684652216	0.2774632948632454	0.9276039087381857
7	0.2947478899029228	0.286969858202776	1.0271040023118063
7	0.3186348818232824	0.2895046500182904	1.1006209461684004
7	0.2821949686316476	0.24824706863120488	1.136750456662494
7	0.2937038141909489	0.2933524073773951	1.0011978998798592
7	0.24377441462820548	0.2924158256665121	0.8336567081229725
7	0.35298436833324603	0.2919965671612135	1.2088647882574615
7	0.34112138868449693	0.30215842374887386	1.1289487959733517
7	0.3287829058795067	0.30150645019289857	1.0904672376632645
7	0.3043406159628628	0.2841533466420901	1.0710435740396187
7	0.241031553594808	0.2716663879010264	0.8872336230370197
7	0.32968276533025864	0.29115570811349095	1.1323245814632974
7	0.19385500288617424	0.27936095280871315	0.6939230444954582
7	0.30629282744390257	0.30273729504334224	1.0117446130978058
7	0.34213634979821733	0.2736872276041856	1.2500998047779739
7	0.34170136250252875	0.3008825529056656	1.1356635976485512
7	0.39899808909105594	0.29733320026807813	1.3419224248463202
7	0.3368472545338465	0.30451861842842054	1.106163085437172
7	0.29927447371410976	0.2892872745571615	1.0345234652033573
7	0.3181668799431774	0.2982414848878735	1.066809602503136
7	0.26901683983572844	0.2876204451583458	0.9353189050508027
7	0.34484984910729294	0.30215748469371956	1.1412917653085717
7	0.32939287037098486	0.2815863297513168	1.1697757865656633
7	0.29090089119732926	0.28848935217417865	1.0083591959459723
7	0.35078169850812524	0.26429544653788933	1.3272332274473646
7	0.31280081775262636	0.27835375946590807	1.1237528041755702
7	0.3354718542068074	0.29447107334667405	1.1392353428612123
7	0.38073821103192984	0.27602300956183146	1.3793712764610708
7	0.20513385290168717	0.2746420281998569	0.7469135523293301
7	0.24814423171908906	0.25451956297953315	0.9749515079084244
7	0.27532675509866456	0.27961694781359125	0.984656893122992
7	0.2667089400297056	0.2819947048894091	0.9457941422492376
7	0.35102301489052495	0.28878075437312073	1.2155346558759375
7	0.333649353662571	0.28840267572079603	1.1568871642008567
7	0.28590497910576096	0.3015491430314647	0.9481206818615586
8	0.4295283013078371	0.43400643578047216	0.9896818708123947
8	0.41228700358489584	0.4263714168014195	0.9669667978163663
8	0.4493934009224017	0.43400109398957054	1.0354660556067654
8	0.4492729484489413	0.43605109773757894	1.030321792055938
8	0.43607464079781866	0.4336980382810363	1.0054798553532822
8	0.4156638140314407	0.4266401870183174	0.9742725291220504
8	0.45033351901308033	0.4329850493807804	1.040067133165707
8	0.432554757376971	0.4239098330130543	1.0203933093565454
8	0.43503606819852836	0.4317190028984943	1.007683389607045
8	0.4364551710277346	0.42162409158640984	1.0351760720918985
8	0.42417511874931924	0.43016811174972935	0.9860682536972968
8	0.4201749706544948	0.4251154208540173	0.9883785674262353
8	0.4249861255337666	0.4245540326999671	1.0010177569885548
8	0.4463014873785933	0.43204479708722227	1.0329981760861082
8	0.42631205794291793	0.4297286927602061	0.9920493211767112
8	0.42156635914300067	0.4227705220233991	0.9971517340550726
8	0.47212562379601136	0.4411748037673763	1.0701554571211527
8	0.45092088504126854	0.437224928555085	1.0313247383479371
8	0.41248016996107995	0.431879429481962	0.9550817700575566
8	0.4511152650596447	0.43798631542188904	1.0299757074033449
8	0.43156569046173443	0.4307423730157791	1.001911391814534
8	0.3981614520935243	0.4222274621363379	0.9430022625220843
8	0.4242444132741885	0.42630947388993795	0.9951559588931805
8	0.4316250652319748	0.41870446605801126	1.0308585176929386
8	0.4200840196776647	0.430302748400558	0.9762522345932567
8	0.38201932996620774	0.41274037914814155	0.9255681035004638
8	0.4395082373470436	0.42860841593429394	1.0254307218606287
8	0.4094844695171904	0.42278134711894205	0.9685490438677967
8	0.4157891137460148	0.427823531548598	0.9718706033793372
8	0.439313300910974	0.428971511332478	1.0241083365801429
8	0.4511479853402772	0.42263727048160543	1.0674590644270041
8	0.4386698501878137	0.4226458792441537	1.0379134678239776
8	0.4485844276992389	0.43614266506413146	1.0285268184741292
8	0.44915994470353865	0.43280742905748854	1.0377824282768446
8	0.44119521302472975	0.4301906687922922	1.025580620480057
8	0.4184819914446175	0.42165316341917275	0.9924791932097928
8	0.44070300689771635	0.42853010972859384	1.0284061653843464
8	0.42121489888795116	0.4245172387774101	0.9922209522068656
8	0.4219720130825914	0.42665074070936615	0.9890338227961454
8	0.42790712328701697	0.4278582797368028	1.0001141582447446
8	0.42459237983727793	0.4235778121007181	1.0023952334319122
8	0.4264296178782586	0.4190713815946038	1.0175584318252802
8	0.432188491725908	0.4336353248646232	0.9966634795281799
8	0.42129314001607765	0.4290799205451438	0.981852377246707
8	0.4437509126571368	0.42782309324260004	1.0372299197170844
8	0.4481481642127017	0.4355006801635058	1.0290412498195123
8	0.42563758478772873	0.42613940178063237	0.9988224111856195
8	0.4537734057699117	0.4305483404945908	1.053942991044028
8	0.40433690866275696	0.4230942187166281	0.9556663522589183
8	0.43307976429867673	0.42570196054024023	1.0173309132733934
8	0.42662027512109396	0.4277670863437786	0.9973190755920782
8	0.4424719580177866	0.43273652163730153	1.0224973763334098
8	0.4574136835718714	0.43312926762885695	1.0560673631591746
8	0.4293671576034585	0.4305989580185468	0.9971393325688558
8	0.4273720847800759	0.4193900473685983	1.0190324912609627
8	0.42789308888601923	0.4284874253464496	0.998612943052063
8	0.43784015366433926	0.42823494357255903	1.022429767201267
8	0.43927360595986953	0.42840033133287286	1.0253811069500505
8	0.4340664567810573	0.4342141772824877	0.9996597980693425
8	0.42559950702420585	0.41856031357562834	1.0168176322987812
8	0.43535821505480643	0.41492513399120756	1.0492452237516945
8	0.42266646464012675	0.42314641253122115	0.9988657640077263
8	0.4559691257363518	0.4236472685723812	1.076294265446086
8	0.44428227060952147	0.4341172544210839	1.0234153701215887
8	0.43225980759449983	0.4269937078789986	1.012332967953227
8	0.4333322099651397	0.41728972057676345	1.0384444873604912
8	0.39635249583010757	0.41969823127710126	0.9443749491725164
8	0.40999798936525744	0.41977222727239516	0.9767153773591717
8	0.4278298688476442	0.4266119553219798	1.0028548509024908
8	0.4007084467606603	0.417243743273505	0.960370175036979
8	0.4612503240723791	0.43661939400312716	1.0564128172214804
8	0.4412529902008116	0.42744680388480555	1.032299191830492
8	0.43600952594516523	0.4391418383674532	0.9928671965442132
9	0.8856958578588966	0.8876308583083078	0.997820039229935
9	0.8879360231429599	0.8873818460963901	1.000624507982677
9	0.8938337499110857	0.886266390441532	1.0085384705447125
9	0.8866410308879006	0.8844950981230163	1.002426166939125
9	0.8863626647271449	0.8860812055991512	1.0003176448458846
9	0.8857631847060725	0.8843463755536455	1.001602097539598
9	0.8963092900396522	0.8890343595740499	1.0081829575957986
9	0.8933169418600463	0.8860057770851175	1.0082518251731742
9	0.886165347070628	0.8844033471850233	1.0019923035018048
9	0.8947030222590658	0.8864435637266405	1.0093175232698428
9	0.8878310339115917	0.8872653978979519	1.0006375048716876
9	0.8787131250428404	0.8831300401437464	0.9949985677078915
9	0.8856518881512149	0.8836904896472351	1.0022195537090852
9	0.8844045406335037	0.88412023992563	1.0003215633971885
9	0.8826849324458389	0.8849515627893041	0.9974386955865461
9	0.8842483346850343	0.8837972224672708	1.000510425023179
9	0.8939028374335264	0.8840845344937213	1.0111056155341838
9	0.88742519940091	0.8856032395428642	1.0020573093871994
9	0.8757624284284501	0.8845753737044432	0.9900370895030843
9	0.8854105370994318	0.8819905925605065	1.0038775294972215
9	0.8885232728060963	0.8851049910161752	1.0038620071343136
9	0.8693990733149173	0.8811157718560628	0.9867024301284899
9	0.8849591724320305	0.8835688766953144	1.0015735001236306
9	0.8879791813078238	0.8810535650584101	1.0078606074863956
9	0.8811055970298072	0.8859838483060398	0.9944939726773128
9	0.8760938127418718	0.8816090694826313	0.9937441016299934
9	0.8930417068743864	0.8863196782926405	1.007584203246728
9	0.8720124289660631	0.8794275721648901	0.9915682161515893
9	0.8792660185542922	0.8840190323790084	0.9946234032858714
9	0.8831868964905161	0.8812162223980151	1.0022363116365904
9	0.8890404532709898	0.8808528863348862	1.0092950446812645
9	0.8926885875194637	0.8842218427009771	1.0095753626630888
9	0.8818125691375888	0.8829601943749508	0.9987002525768737
9	0.8866051037216325	0.8837920349578362	1.003182953288248
9	0.8904402709200536	0.88623221950583	1.0047482491852644
9	0.8843891037766304	0.8845810725942168	0.9997829833538904
9	0.891146296143334	0.8858078274205827	1.006026666910696
9	0.8903559865992682	0.8863292089760272	1.0045432076281149
9	0.8836111812082411	0.8841714579035801	0.9993663257388251
9	0.888432885108319	0.8853166617029112	1.0035198969365533
9	0.8881562349185325	0.8847811964339004	1.003814545899297
9	0.896652102368297	0.8857799914747236	1.0122740533746675
9	0.883798395889643	0.8855977371627174	0.997968218303223
9	0.8814170811696438	0.8860245734422308	0.9947998143497456
9	0.9021718653145626	0.8901129894296841	1.0135475788221053
9	0.8940599547021703	0.8880771666426555	1.006736788518201
9	0.8790043060449638	0.8825853930723169	0.9959425036314196
9	0.8962540603228244	0.8866396826815357	1.0108436130584761
9	0.8829214474272834	0.8855426154217074	0.9970400430777961
9	0.8888723921584494	0.885227716371058	1.004117218338274
9	0.8827488969385974	0.8855788317002631	0.9968044236601361
9	0.894008204598497	0.887583365935316	1.0072385748874537
9	0.895066009570645	0.8832470086395187	1.013381308756801
9	0.8873143865668353	0.8854064036238174	1.002154923360853
9	0.8913106049947408	0.8812814574899644	1.0113801866810417
9	0.8886312200517926	0.8863434301418934	1.0025811551505865
9	0.8846348154412814	0.8816582424734205	1.0033761074580445
9	0.8855563276242138	0.8825333842215037	1.00342530204155
9	0.8812298696353084	0.8836942620850881	0.9972112612296872
9	0.8848587351158873	0.8801676347332265	1.0053297805980819
9	0.8829679123398562	0.878341597872209	1.0052671016366006
9	0.8841341176641286	0.8843717707810206	0.9997312746463153
9	0.8940304964470615	0.8823990549336865	1.0131816114810426
9	0.8971714924141694	0.8877911341591317	1.0105659517133185
9	0.8917609166228108	0.8872418351939716	1.0050934043567177
9	0.8960738332109376	0.8838787812336009	1.0137971996118251
9	0.8703635754768376	0.880252299424541	0.9887660345174127
9	0.8809352873596232	0.8842262131989476	0.9962781856156261
9	0.888360012101819	0.8860444020971595	1.0026134243376277
9	0.8872328485798326	0.8838730969438591	1.0038011697013864
9	0.8953037436585283	0.886229409696626	1.0102392606954993
9	0.8859263797559772	0.8833482898782147	1.002918542897862
9	0.8905484010768092	0.8891531159390711	1.0015692293180174
