0	1.0	0.9999906023175544	1.000009397770763
0	1.0	0.9999906023175544	1.000009397770763
0	1.0	0.9999906023175544	1.000009397770763
0	1.0	0.9999904669042627	1.0000095331866181
0	1.0	0.9999906023175544	1.000009397770763
0	1.0	0.9999905350952194	1.0000094649943658
0	1.0	0.999991422337862	1.0000085777357148
0	1.0	0.9999906023175544	1.000009397770763
0	1.0	0.9999906023175544	1.000009397770763
0	1.0	0.9999918127839794	1.0000081872830517
0	0.9994715756181195	0.9997318694230428	0.9997396363836301
0	1.0	0.9999902563056824	1.000009743789258
0	1.0	0.9999905350952194	1.0000094649943658
0	1.0	0.9999905350952194	1.0000094649943658
0	1.0	0.9999906023175544	1.000009397770763
0	1.0	0.9999918127839794	1.0000081872830517
0	1.0	0.9999906023175544	1.000009397770763
0	1.0	0.999991422337862	1.0000085777357148
0	1.0	0.9999906023175544	1.000009397770763
0	1.0	0.9999904669042627	1.0000095331866181
0	1.0	0.9999904669042627	1.0000095331866181
0	1.0	0.9999905350952194	1.0000094649943658
0	1.0	0.9999906023175544	1.000009397770763
0	1.0	0.9999905350952194	1.0000094649943658
0	1.0	0.9999906023175544	1.000009397770763
0	1.0	0.9999905350952194	1.0000094649943658
0	1.0	0.9999906023175544	1.000009397770763
0	1.0	0.9999905350952194	1.0000094649943658
0	1.0	0.9999906023175544	1.000009397770763
0	1.0	0.9999918127839794	1.0000081872830517
0	1.0	0.9999906023175544	1.000009397770763
0	1.0	0.9999905350952194	1.0000094649943658
0	1.0	1.0	1.0
0	1.0	1.0	1.0
0	1.0	0.9999906023175544	1.000009397770763
0	1.0	0.9999905350952194	1.0000094649943658
0	1.0	0.9999906023175544	1.000009397770763
0	1.0	0.9999906023175544	1.000009397770763
0	1.0	0.9999906023175544	1.000009397770763
0	1.0	0.9999906023175544	1.000009397770763
0	1.0	0.9999906023175544	1.000009397770763
0	1.0	0.9999906023175544	1.000009397770763
0	1.0	0.9999906023175544	1.000009397770763
0	0.9983882828890931	0.9989397393442419	0.9994479582366893
0	1.0	0.9999903275315181	1.0000096725620395
0	1.0	0.9999905350952194	1.0000094649943658
0	1.0	0.9999906023175544	1.000009397770763
0	1.0	0.9999906023175544	1.000009397770763
0	1.0	0.9999906023175544	1.000009397770763
0	1.0	0.9999906023175544	1.000009397770763
0	1.0	0.9999906023175544	1.000009397770763
0	1.0	0.9999905350952194	1.0000094649943658
0	1.0	0.9999906023175544	1.000009397770763
0	1.0	0.9999905350952194	1.0000094649943658
0	1.0	0.9999905350952194	1.0000094649943658
0	1.0	0.9999906023175544	1.000009397770763
0	1.0	0.9999905350952194	1.0000094649943658
0	1.0	0.9999906023175544	1.000009397770763
0	1.0	0.9999906023175544	1.000009397770763
0	1.0	0.9999906023175544	1.000009397770763
0	1.0	0.9999906023175544	1.000009397770763
0	1.0	0.9999905350952194	1.0000094649943658
0	1.0	1.0	1.0
0	1.0	1.0	1.0
0	1.0	0.9999906023175544	1.000009397770763
0	1.0	0.9999906023175544	1.000009397770763
0	1.0	0.9999904669042627	1.0000095331866181
0	1.0	0.9999918127839794	1.0000081872830517
0	1.0	0.9999906023175544	1.000009397770763
0	1.0	0.9999906023175544	1.000009397770763
0	1.0	0.9999906023175544	1.000009397770763
0	1.0	0.9999906023175544	1.000009397770763
0	1.0	0.9999906023175544	1.000009397770763
0	1.0	0.9999906023175544	1.000009397770763
0	1.0	0.9999906023175544	1.000009397770763
0	1.0	0.9999906023175544	1.000009397770763
0	1.0	0.9999906023175544	1.000009397770763
0	1.0	0.9999906023175544	1.000009397770763
0	1.0	0.9999906023175544	1.000009397770763
0	1.0	0.9999906023175544	1.000009397770763
0	1.0	0.9999906023175544	1.000009397770763
0	1.0	0.9999904669042627	1.0000095331866181
0	1.0	0.9999906023175544	1.000009397770763
0	1.0	0.9999906023175544	1.000009397770763
0	1.0	0.9999906023175544	1.000009397770763
0	1.0	0.9999906023175544	1.000009397770763
0	1.0	0.9999906023175544	1.000009397770763
0	1.0	0.9999906023175544	1.000009397770763
0	1.0	0.9999906023175544	1.000009397770763
0	1.0	0.9999905350952194	1.0000094649943658
0	1.0	0.9999906023175544	1.000009397770763
0	1.0	0.9999906023175544	1.000009397770763
0	1.0	0.9999906023175544	1.000009397770763
0	1.0	0.9999906023175544	1.000009397770763
0	1.0	0.9999906023175544	1.000009397770763
0	1.0	0.9999905350952194	1.0000094649943658
0	1.0	0.9999906023175544	1.000009397770763
0	1.0	0.9999914845850473	1.0000085154874656
0	1.0	0.9999906023175544	1.000009397770763
0	1.0	0.9999906023175544	1.000009397770763
0	1.0	0.9999906023175544	1.000009397770763
0	1.0	0.9999906023175544	1.000009397770763
0	1.0	0.9999904669042627	1.0000095331866181
0	1.0	0.9999905350952194	1.0000094649943658
0	1.0	0.9999906023175544	1.000009397770763
0	1.0	0.9999906023175544	1.000009397770763
0	1.0	0.9999906023175544	1.000009397770763
0	1.0	0.9999906023175544	1.000009397770763
0	1.0	0.9999906023175544	1.000009397770763
0	1.0	0.9999906023175544	1.000009397770763
0	1.0	0.9999905350952194	1.0000094649943658
0	1.0	0.9999914845850473	1.0000085154874656
0	1.0	0.9999906023175544	1.000009397770763
0	1.0	0.9999906023175544	1.000009397770763
0	1.0	0.9999906023175544	1.000009397770763
0	1.0	0.9999906023175544	1.000009397770763
0	1.0	0.9999906023175544	1.000009397770763
0	1.0	0.9999906023175544	1.000009397770763
0	1.0	0.9999906023175544	1.000009397770763
0	1.0	0.9999906023175544	1.000009397770763
0	1.0	0.9999906023175544	1.000009397770763
0	1.0	0.9999906023175544	1.000009397770763
0	1.0	0.9999906023175544	1.000009397770763
0	1.0	0.9999906023175544	1.000009397770763
0	1.0	0.9999906023175544	1.000009397770763
0	1.0	0.9999906023175544	1.000009397770763
0	1.0	0.9999906023175544	1.000009397770763
0	1.0	0.9999918127839794	1.0000081872830517
0	1.0	0.9999906023175544	1.000009397770763
0	1.0	0.9999906023175544	1.000009397770763
0	1.0	0.9999906023175544	1.000009397770763
0	1.0	0.9999906023175544	1.000009397770763
0	1.0	0.9999905350952194	1.0000094649943658
0	1.0	0.9999906023175544	1.000009397770763
0	1.0	0.9999906023175544	1.000009397770763
0	1.0	0.9999905350952194	1.0000094649943658
0	1.0	0.9999906023175544	1.000009397770763
0	1.0	0.9999906023175544	1.000009397770763
0	1.0	0.9999906023175544	1.000009397770763
0	1.0	0.9999906023175544	1.000009397770763
0	1.0	0.9999906023175544	1.000009397770763
0	1.0	0.9999906023175544	1.000009397770763
0	1.0	0.9999906023175544	1.000009397770763
0	1.0	0.9999906023175544	1.000009397770763
0	1.0	0.9999905350952194	1.0000094649943658
0	1.0	0.9999908745262873	1.0000091255569876
1	0.9193289077299447	0.8773053269630088	1.0479007472944568
1	0.9551640816501358	0.7652962108645658	1.2480972309676976
1	0.8500262897273376	0.8570473019036066	0.9918079058639185
1	0.8211306179824327	0.8511444388418458	0.9647371004382606
1	0.9760809292091895	0.8861040348920751	1.1015421336255098
1	0.9563181274945354	0.8796911879255435	1.0871066353974637
1	0.9297019038031863	0.8761032215679753	1.0611785014775823
1	0.9390178407570813	0.8863602346055	1.0594088093031588
1	0.9217752252269286	0.866401542664101	1.0639122621972243
1	0.8271282908197918	0.8338679529426463	0.9919175906699966
1	0.9058253181369389	0.8601019512465301	1.0531604036290614
1	0.9193970973814883	0.8791318086445298	1.0458011965225564
1	0.9039417977284299	0.859483563110231	1.0517266839371737
1	0.9127992041384481	0.8486032548930875	1.0756489547679715
1	0.8273401090030414	0.674523904319223	1.2265541720690407
1	0.6803762121161933	0.6929050601345105	0.9819183770776836
1	0.8524471795410047	0.856464664746646	0.9953092224688223
1	0.8357218908268795	0.8187178385109876	1.020769124008361
1	0.9393332518421268	0.8832862164143305	1.063452858638865
1	0.9386709585376078	0.8754110179701279	1.0722631304254828
1	0.9643187455328561	0.8784957942814393	1.097693070143398
1	0.9331070502341763	0.8783217816130542	1.062374940218957
1	0.891255941821214	0.8736715249835562	1.0201270344000153
1	0.8662245676366449	0.8123187441961759	1.066360432804996
1	0.9169005171969055	0.8771293120035737	1.0453424650722078
1	0.955201487811195	0.8978650859538967	1.0638585938514178
1	0.9645906453455467	0.8893671613190592	1.0845809102226354
1	0.967748376641811	0.902666951841695	1.0720990445782153
1	0.8160199296728365	0.8283949174926872	0.9850614875121323
1	0.8603766536948886	0.8196403884786095	1.0497001682553644
1	0.9314332373991133	0.8514951544998969	1.0938796685768177
1	0.8969513313412495	0.8756866866673917	1.0242833938183813
1	0.9417392591847242	0.8015784086438815	1.1748560702601363
1	0.9591661880498826	0.7485356175590325	1.281390177768313
1	0.9590210154623662	0.8791716142252457	1.0908234523785056
1	0.9558077940425864	0.8813709206944035	1.0844557854138601
1	0.9591784042674615	0.852887164411436	1.1246252075201242
1	0.9542376324120528	0.8761527546661868	1.089122447347228
1	0.8505492003507792	0.8297583265200743	1.0250565413641581
1	0.9330941104829215	0.8386841705630383	1.1125691210512563
1	0.8763337235163821	0.8185606305299273	1.0705788805760827
1	0.9141778437973891	0.8596655466478582	1.0634110525449039
1	0.9361292245441615	0.8875136515266183	1.054777267858268
1	0.8994527017252288	0.8756293727446391	1.027207092089563
1	0.9201337561869796	0.886288715539323	1.0381873762513847
1	0.8388363903903464	0.7344605956314172	1.1421121778074386
1	0.80739226002684	0.8228816949329991	0.981176595613273
1	0.8458406881386702	0.8461362687024258	0.999650670258812
1	0.9440375552789917	0.8872402740977792	1.0640156706580626
1	0.95648096095514	0.8602049122977103	1.1119222260661878
1	0.9511397741498155	0.8827095281283969	1.077522949329108
1	0.9190917627231194	0.8800675532240254	1.044342288675606
1	0.8670285224417826	0.8555868401336343	1.0133729059067356
1	0.9410668479584825	0.8869775770722246	1.0609815538570864
1	0.9594875306454925	0.8617319362335627	1.1134408396643598
1	0.9064167531824673	0.8058579243502261	1.124784811061234
1	0.8765960900702371	0.8559456734969427	1.0241258495868408
1	0.885499027789615	0.8528250344657274	1.0383126573487105
1	0.9605897082837354	0.8908838085211173	1.0782435364700713
1	0.9098085136807921	0.8740538235167458	1.0409067373221796
1	0.9267421294224251	0.8859491815905105	1.0460443428128468
1	0.9119109884616355	0.880027029796301	1.0362306583613854
1	0.9337979277940711	0.8086728423957975	1.1547289321941052
1	0.9747659892133264	0.8448293392849722	1.1538022460705817
1	0.8200706189112908	0.8221794485284937	0.9974350737895759
1	0.8732278052080865	0.859696394135471	1.0157397555287213
1	0.9297967589637255	0.8911491282026319	1.0433683090046246
1	0.9527848746727472	0.8905156255577723	1.0699249371126673
1	0.9411977309464639	0.8700691579656475	1.0817504819353965
1	0.8775738096722172	0.8611709303466981	1.019047181863089
1	0.8272415301343404	0.8263881366530736	1.0010326787660857
1	0.9623185836325862	0.8723179652049315	1.1031740970811152
1	0.9613229669864696	0.881485072276168	1.0905720326087252
1	0.9257413787054976	0.8777488396353639	1.0546768470694543
1	0.885033339792877	0.7611578787256842	1.1627460800571134
1	0.8996995475815586	0.8670553507681593	1.0376494958303164
1	0.8918895264523357	0.8588428082372896	1.0384781916994472
1	0.9562473814486185	0.8904086077958072	1.07394220257573
1	0.8570057957909558	0.8477181409212963	1.0109560647830018
1	0.9670131569056583	0.888686638842314	1.0881373868356787
1	0.9116555304298906	0.8666728315879684	1.0519027448449056
1	0.8587361202089655	0.8398522187513116	1.0224847908191876
1	0.959801210253783	0.894348269983304	1.0731850694715392
1	0.9586395172326991	0.8974939765468029	1.0681291933803945
1	0.9068676389608642	0.8677559891370112	1.045072175027855
1	0.8971780215464161	0.8617141234488059	1.041155061908089
1	0.8440256897184046	0.7898342953413325	1.0686110931073878
1	0.8254134365982033	0.8381275418163744	0.9848303455216167
1	0.9030928388066567	0.8420244847363991	1.072525627433952
1	0.9556148511953838	0.8643202494706783	1.1056258970915185
1	0.9022403194462063	0.8560909992901135	1.0539070264660657
1	0.9508187024813367	0.8687939059357738	1.0944122604741506
1	0.8746407466770346	0.8647583262217472	1.0114279564077344
1	0.8294016512313682	0.853850106453796	0.971366806612033
1	0.9543023329118017	0.8912227553288774	1.0707786882749046
1	0.9404474217097306	0.8869486035327965	1.0603178334841992
1	0.9461787618681944	0.8891457074534382	1.0641436537753772
1	0.9289769157061828	0.8748957191714446	1.061814448681901
1	0.9394591950735063	0.8895733206381845	1.0560784291502059
1	0.9258733919053828	0.8765767323601575	1.0562377002780983
1	0.9539598958120589	0.8832486334392123	1.0800581622158978
1	0.9000098592625626	0.8795139342786221	1.0233036955813
1	0.9284023040931902	0.8763786149715744	1.0593621161366462
1	0.9047548339071424	0.8612109746902791	1.0505611987033991
1	0.9361107802276976	0.8627831603304277	1.0849896280650482
1	0.88246742260397	0.8560042882474387	1.0309147217132653
1	0.9449773282254412	0.8817993252185176	1.0716466901256334
1	0.866188734006383	0.8562295687845376	1.0116314194054088
1	0.898007399549364	0.853693062305113	1.051908981343476
1	0.9229762059143045	0.8811233502325034	1.0474994286222892
1	0.8754943888738401	0.859346070913767	1.0187914025636984
1	0.9766397598531633	0.8741929214759501	1.117190194361499
1	0.9262676498402881	0.8379115374862649	1.1054480197504997
1	0.9287922691100936	0.8171283043834532	1.1366541388024665
1	0.7575871564882359	0.7969634205904733	0.9505921312259685
1	0.8190474641266594	0.8239205478835937	0.9940854931104076
1	0.9475194928114549	0.8847291920072767	1.0709712094632249
1	0.9517693210151752	0.8335708612196028	1.1417977346552584
1	0.8803275293551931	0.8367983899764686	1.052018670088441
1	0.8663134212178795	0.8286041644362195	1.0455093739570054
1	0.9614319819195221	0.8538285942206039	1.1260245773299982
1	0.9345861915172217	0.8797480537059422	1.0623339120561546
1	0.8381363315201746	0.8216655943332842	1.0200455480921713
1	0.878598998825009	0.831353288073176	1.0568298837926464
1	0.8322373687294504	0.8468504379966969	0.9827442147850628
1	0.8368869358755366	0.8215771229214909	1.0186346631702752
1	0.9074597210698299	0.8700792080927472	1.0429621954293362
1	0.8954276986479316	0.6819265025561527	1.3130853476019555
1	0.9185862814361027	0.8494381352088246	1.0814045701047772
1	0.9164457032593557	0.8511396043992169	1.0767278346849287
1	0.9392213013838729	0.8915426094490406	1.0534788707006353
1	0.9296849717735853	0.8597633282238689	1.0813266177497511
1	0.910490215527053	0.842523537485618	1.0806703611441777
1	0.7158361375392136	0.7933686977632175	0.9022742383930761
1	0.9345954540307606	0.8816360116082206	1.0600695091003995
1	0.9283102337070475	0.8039389569561676	1.1547023883775556
1	0.9511778041836021	0.7713079568193171	1.2332010784719811
1	0.8717329631632562	0.836984228841774	1.0415165938903863
1	0.912214909156642	0.8618881323229517	1.0583913096680542
1	0.9526189389976146	0.8630972804297792	1.1037214003539186
1	0.9549724962935215	0.870916766951483	1.0965140786487133
1	0.9440699122926833	0.8520053710420639	1.1080562921076635
1	0.8954141188899716	0.8719108640331912	1.0269560293675681
1	0.9486372810440231	0.898532588385019	1.0557627995986878
1	0.799637383789095	0.8009859289902491	0.9983163933942583
1	0.9029067460203806	0.8786430875639414	1.0276149198688977
2	0.8627300236460655	0.7834931819617239	1.1011327775513593
2	0.888547669821877	0.8657923062749281	1.0262827047341803
2	0.8587497434246382	0.8461260154630486	1.0149194419399588
2	0.9174801731553599	0.8805317588129709	1.0419614783596205
2	0.9374115064119272	0.8816741243374282	1.0632176679976688
2	0.9234750325196825	0.880039276303029	1.049356610990277
2	0.9373994132811058	0.8863320854721211	1.0576164720267154
2	0.8876485646682235	0.8595248646379026	1.0327200540523849
2	0.9230048624660455	0.851524730773406	1.0839436943043532
2	0.7804376463681738	0.7886474328808124	0.9895900421781004
2	0.9121938745886382	0.849501435499406	1.0737990972933158
2	0.8823311118694349	0.8386862756818121	1.0520395259265947
2	0.8247620182239415	0.8289831853338829	0.9949080184198895
2	0.8712691825785276	0.8500388906124597	1.0249756713493088
2	0.9386170287084689	0.8425601756487813	1.1140059260286337
2	0.8897426846458389	0.8222230146922905	1.082118438364094
2	0.8983977299283351	0.8500825539148508	1.056835863518173
2	0.8952902739332412	0.8443733936839476	1.0603013792596503
2	0.8911514948691364	0.8568681332175639	1.0400100789404285
2	0.8794901145370165	0.8366728540571001	1.051175630083242
2	0.8658703193344028	0.7082387807804639	1.2225683524139026
2	0.9128418354369738	0.8575317157516629	1.0644992117135041
2	0.8808849165162502	0.8449488385945149	1.042530477918061
2	0.915661505768389	0.8757676289294473	1.0455530388668381
2	0.9163722496542406	0.8744923806678292	1.0478904904287774
2	0.9436330548108278	0.8754767388000542	1.0778505161704126
2	0.9173682435762377	0.8615845301324631	1.0647454910027205
2	0.9511774540167682	0.8855919027131582	1.0740584360614385
2	0.9245788907026619	0.8552288028633346	1.081089513832019
2	0.8594969261214549	0.8458816219244084	1.016095992446403
2	0.9445412382002747	0.8674396647625067	1.0888840764030285
2	0.8452065663878537	0.8288256758634254	1.0197639757085997
2	0.9537847286929587	0.9055238749262488	1.0532960588925837
2	0.9439435966351674	0.8908511540579953	1.0595974336849943
2	0.784563277117778	0.8002145095247849	0.9804412039263052
2	0.8564742350840051	0.8394229725686833	1.0203130758539334
2	0.9747047049567394	0.8579436927105127	1.1360940271934887
2	0.8492355388780993	0.8401858161351828	1.0107710967849288
2	0.94739321285224	0.8732956523735076	1.0848481957712082
2	0.9006861575138085	0.8236244920154613	1.0935640771315245
2	0.8943774348432296	0.8372829204205509	1.0681902294077625
2	0.8680263702842901	0.8394628189717682	1.034025987413604
2	0.9514969265667996	0.8764053667775848	1.0856813098547258
2	0.9039757220841309	0.858719994501928	1.052701378647241
2	0.8717345998010224	0.8520329626208702	1.023123092702364
2	0.9273258257907553	0.8697403056172844	1.0662100167159672
2	0.897712028229742	0.8590785777886919	1.0449707994587578
2	0.8671358057588743	0.8550802541112321	1.0140987370362946
2	0.9104260581902246	0.8696642331679566	1.0468707616890067
2	0.9370679729087925	0.8346230044925462	1.1227440028190132
2	0.9070311098036999	0.8466225323703661	1.071352432900885
2	0.9070923407605267	0.8296427632725418	1.0933529235914545
2	0.9041025862428448	0.8590860629450416	1.0524004814412675
2	0.8850225960574676	0.8439561725829993	1.0486594266486386
2	0.944426259962109	0.8812774551677706	1.0716559857784138
2	0.9134267807079762	0.8556175510383156	1.067564333620211
2	0.8903962509040223	0.8589679666241341	1.0365884241334469
2	0.9203701757994107	0.8736877066684403	1.0534315279643578
2	0.9000335009874607	0.8185159016160699	1.0995919556485625
2	0.814644440796713	0.8154443840253831	0.9990190094574921
2	0.9410084011003488	0.8840597036087995	1.0644172528835782
2	0.9173236991275445	0.8781775739098279	1.0445765485030891
2	0.8996016681927967	0.845986069310953	1.0633764559805496
2	0.9230108756026951	0.8859537579838472	1.0418273722357454
2	0.884465911271965	0.8658177264891171	1.021538233986576
2	0.8662769269990825	0.8594867161248088	1.007900309273992
2	0.9152540774068882	0.8560690210440403	1.069135846418864
2	0.8080749901415857	0.8113604321840703	0.9959506996987262
2	0.8615071807220925	0.856267020526328	1.006119773470364
2	0.9287736482550244	0.8430571307846719	1.1016734386560163
2	0.930913999099225	0.8703295451708235	1.0696109356100398
2	0.9514758926313341	0.8859272655860067	1.0739887229929306
2	0.9168605909085652	0.8597801507486128	1.0663895765798412
2	0.8987239493540382	0.8580521790411119	1.0474001130774795
2	0.9183647012255536	0.8792433351496577	1.044494356126381
2	0.8797771976157952	0.8038950208770195	1.0943931418507744
2	0.8993849188064476	0.8331334273094926	1.0795208658364681
2	0.939567620030239	0.8708869091250452	1.0788629501552565
2	0.9247384375132064	0.8850595870353221	1.0448318407699488
2	0.7954892353808567	0.7402778365610324	1.0745819962357772
2	0.9163157287452728	0.8592417850638143	1.066423612856793
2	0.9372377770006268	0.8601774156494513	1.0895865898699437
2	0.9362874247095592	0.8762113500613757	1.0685634517790432
2	0.9413988007948746	0.8792180388252218	1.0707228005157132
2	0.8386833035466548	0.8052336451590723	1.0415403139060024
2	0.901841487100709	0.8684065620577829	1.0385014652165898
2	0.8916369366219158	0.8500471550635261	1.0489264405046819
2	0.9379937740227249	0.8509914459771988	1.1022364307617931
2	0.8574680030584554	0.8103494746278027	1.0581459356807683
2	0.803578768522625	0.8263903161576509	0.9723961580998559
2	0.9074884864774606	0.8652469901866897	1.0488201597576856
2	0.9217168685765301	0.859334248786545	1.0725941272305566
2	0.9076975283533134	0.8764120794322896	1.0356971904600967
2	0.8910961247216974	0.8657638943598832	1.0292599755277898
2	0.909426177508216	0.8617836752486376	1.0552835979932351
2	0.9192482605449243	0.832691788118276	1.1039477915619287
2	0.9043992349520191	0.8664548720154854	1.0437926592163655
2	0.9166065417142913	0.7705762995440605	1.189507829732935
2	0.9259791316599728	0.8702295802286805	1.064063038878364
2	0.9343673891947617	0.8590122630763727	1.0877229922754774
2	0.9164884635895814	0.8475342694143054	1.0813585912259656
2	0.9308247453780905	0.8621176390839715	1.0796957435729102
2	0.9032856280120788	0.8438818199071528	1.0703935156601214
2	0.8266386015260828	0.8145951609943279	1.014784571660178
2	0.9236857269915365	0.8708170415513076	1.0607115879887314
2	0.8666547328611939	0.8468373007513683	1.0234016995853186
2	0.896017049996437	0.8596552638959407	1.0422981020737376
2	0.9221169069685384	0.850612058995597	1.0840628194918545
2	0.8744043319918735	0.8532641026415357	1.024775716316779
2	0.7663094079734613	0.7538217867966871	1.0165657472303096
2	0.8918951292878676	0.8693541930863475	1.0259283688751717
2	0.9292315496682173	0.8804106571888747	1.0554524097143785
2	0.928272070674766	0.882954472415791	1.0513249546547794
2	0.9321954434147312	0.8672091586937964	1.0749372675201194
2	0.862103613074326	0.8435450705156232	1.0220006532044088
2	0.8880700320567009	0.8629895496191541	1.0290623246232995
2	0.8928163465010328	0.8617646873797963	1.0360326427573279
2	0.9460169861959609	0.8487074202030602	1.1146561979741128
2	0.9394861568974834	0.8758699398501769	1.0726320360511383
2	0.8877954719572848	0.8599366621970355	1.032396350783642
2	0.9415834415050229	0.8611079553777043	1.0934557457340177
2	0.8494729258829363	0.8248425665746268	1.029860679245245
2	0.7824422736363367	0.8009263418321863	0.9769216378205695
2	0.8864063350798622	0.860323108563319	1.0303179424764035
2	0.8404325263549687	0.8073416816195302	1.0409874102735017
2	0.8286964871957636	0.8192083706478435	1.0115820551740906
2	0.871844813694478	0.8195247034680472	1.0638420172143972
2	0.9032809282533366	0.8109227115712703	1.1138927487961339
2	0.9180491572617004	0.8253806589262173	1.1122736489319252
2	0.8649712366850668	0.8514969494180256	1.0158242343395951
2	0.9113449274952894	0.8625403584827095	1.056582359923925
2	0.8451155503548797	0.8194774973705894	1.031285853567125
2	0.9201946707244051	0.8670446926122977	1.0613001596860863
2	0.9156006059270517	0.8573906108677513	1.067892036979956
2	0.9178972019630048	0.8783162981964733	1.0450645215713368
2	0.9547220564022249	0.8815169853660313	1.0830444248397513
2	0.9421521175659539	0.8415589329696629	1.1195319551077918
2	0.8504621227624067	0.8132329287474588	1.0457792505675936
2	0.7741918125408616	0.7206062237706261	1.0743618178730747
2	0.8685665162192473	0.8101821510594236	1.0720632577297318
2	0.917078179974894	0.8590231009147087	1.0675826750158022
2	0.9465592516325503	0.8833358519085192	1.0715734559934726
2	0.9323723035853358	0.8818827089232751	1.057252051946574
2	0.9240577199725204	0.8831478905852009	1.0463227391736296
2	0.907245744990297	0.8713142281488084	1.0412382992044427
2	0.8508708748966793	0.8458253601310292	1.005965196840242
3	0.8627912445584943	0.7834961315390887	1.1012067703048378
3	0.8885476671166366	0.8657948694764833	1.0262796632808775
3	0.8587497393634834	0.8461352083706088	1.0149084104621604
3	0.9174801707333291	0.8805391411290289	1.041952739950815
3	0.9374115047206718	0.8816697545713271	1.0632229356403937
3	0.9234750302279526	0.8800310756898442	1.0493663868677061
3	0.9373994117028257	0.8863273463581812	1.0576221252277658
3	0.8876343506586764	0.8595314802757278	1.0326955684903285
3	0.9230048603940333	0.8515452783358112	1.0839175365963825
3	0.7806071167687982	0.7886255978871969	0.9898323347100564
3	0.912193872348638	0.8494985359628121	1.0738027597831792
3	0.8823311096671074	0.8386907538326404	1.052033905983868
3	0.8247620147696104	0.8289922723495599	0.9948971085484791
3	0.8712691792045308	0.8500370944539399	1.0249778331900095
3	0.9386155241714663	0.8425397070934065	1.1140312038343
3	0.8897426823385415	0.8222473201917151	1.0820864483098458
3	0.8984325287945765	0.8500947190259496	1.056861675160167
3	0.8953415154785965	0.8443999607169391	1.0603287033770175
3	0.8911514921010589	0.8568770126138431	1.039999298595564
3	0.8794901119214937	0.8366823806475477	1.0511636581145825
3	0.8658241650651458	0.7081963734001854	1.2225763892409665
3	0.9128418336022946	0.8575341194957103	1.0644962256884998
3	0.8808849131941126	0.8449603350637864	1.0425162893919917
3	0.9156615039218625	0.875762383296788	1.0455592994013687
3	0.9163630332086757	0.8744826759422355	1.047891580266373
3	0.9436330534468261	0.8754744975564399	1.0778532739453008
3	0.9173682415858269	0.8615713571644985	1.0647617680849564
3	0.9512047280820859	0.8855996467687988	1.074079841328589
3	0.9246062344289054	0.8552413720998472	1.0811055973107906
3	0.8595125837383076	0.8458887816056118	1.0161059023703283
3	0.9445412369769424	0.8674499860064905	1.088871119043254
3	0.8452251858422748	0.8288291035101617	1.0197822232142602
3	0.9537847274069364	0.9055272477533898	1.0532921342491608
3	0.9439435950449887	0.8909351531938828	1.0594975309494499
3	0.7845215466972573	0.8002069008545744	0.980398376794094
3	0.8564990881906291	0.8394427888822054	1.0203185964955823
3	0.9747047039999861	0.8579562505550016	1.1360773971510334
3	0.8490640698388603	0.8401679537077186	1.0105884973259007
3	0.9473932111189949	0.8732995830828126	1.0848433108998246
3	0.9006861552001986	0.8236291801690023	1.0935578496810723
3	0.8943774324734195	0.8372940740661924	1.0681759971499742
3	0.8680252303252443	0.8394592299842644	1.0340290502750389
3	0.9515230214802181	0.8764117043572321	1.085703233708036
3	0.9040752917973197	0.8587442262217737	1.0527876219616517
3	0.8717345968454733	0.8520294826821438	1.0231272679688252
3	0.9273258241054577	0.8697388981968316	1.0662117401303046
3	0.8977707530616386	0.8590830420902626	1.0450337267480494
3	0.8672499701218968	0.8551028300929845	1.0142054728407242
3	0.9103828506044762	0.8696499893252093	1.0468382243192722
3	0.9370679716757755	0.8346246258794077	1.1227418202385626
3	0.9070311080251408	0.8466234491587626	1.0713512706580492
3	0.90709233907513	0.8296525175618534	1.0933400669244677
3	0.9041025840480679	0.8590975235533823	1.05238643956106
3	0.8850225936592446	0.8439578028582946	1.0486573981090914
3	0.9444262585327289	0.8812723787739419	1.0716621572171012
3	0.9134267790531719	0.8556398471023992	1.0675365133431627
3	0.8903962483242236	0.8589773690453434	1.0365770745669338
3	0.9203768053426247	0.8736881988692154	1.0534385225001741
3	0.8999828705569832	0.8184807410184363	1.0995773332884213
3	0.8146467153151453	0.8154385097468674	0.9990289955376674
3	0.9410083994828137	0.8840540703450818	1.0644240336063384
3	0.9173216942209594	0.8781730522811175	1.044579643884711
3	0.8996016659702898	0.8459800249762776	1.0633840509360915
3	0.9229534412507355	0.8859331715877229	1.0417867519247155
3	0.8844659086092245	0.8658225122659271	1.021532584426
3	0.8662718090564827	0.859480312202797	1.0079018643676427
3	0.9152540749883918	0.8560698606700655	1.0691347949944197
3	0.8080749863831315	0.8113624868164117	0.9959481729970293
3	0.8615071775467719	0.856267610358408	1.00611907670567
3	0.9287736468963106	0.8430633422903174	1.1016653201563091
3	0.9309139973787979	0.8703272182922531	1.0696137933103225
3	0.9514737828589963	0.8859286888948056	1.073984616127465
3	0.9168379356236095	0.8597683110017647	1.0663779112251182
3	0.8986815292936559	0.8580466676949267	1.0473574027248325
3	0.9183646991633658	0.87925781435298	1.044477153540186
3	0.8797771943341128	0.803890399299772	1.0943994294501365
3	0.899329894759974	0.8330952228883014	1.0795043232177473
3	0.939564201416663	0.8708796264184328	1.0788680466446339
3	0.9247625933628818	0.8850695568624678	1.044847363907899
3	0.7954171203855441	0.7402354593828707	1.0745460924672239
3	0.9163154313108463	0.8592369657726623	1.066429248055985
3	0.9372377756020196	0.8601682432750903	1.0895982070129526
3	0.9362874232556081	0.8762065509699997	1.0685693027735255
3	0.9413987993300802	0.8792160124604643	1.070725266587899
3	0.838684119588871	0.8052249051222942	1.0415526323810056
3	0.9017942158506991	0.8684144837671668	1.038437557995039
3	0.8915661908438086	0.8500570160548612	1.0488310478061726
3	0.9379937727142765	0.8509909196370739	1.10223711096037
3	0.8574680005359923	0.8103564582123955	1.058136813554275
3	0.8035787645093645	0.8263938564309103	0.9723919874960333
3	0.9074884837239214	0.8652422064567119	1.0488259552665766
3	0.9217168666462274	0.85932832691052	1.0726015165356044
3	0.9076975256804765	0.8764104817477938	1.035699075472361
3	0.8910961221914896	0.865766227986554	1.0292571982899394
3	0.9094261755455539	0.8617817681117774	1.0552859310752984
3	0.9192482589896397	0.8326959153550418	1.1039423180041588
3	0.9043992326319067	0.8664541876476863	1.043793480977034
3	0.9166065404686183	0.7705735735635615	1.189512036118393
3	0.925974309827124	0.870229220757987	1.0640579375403896
3	0.9343673878322027	0.8590086392184942	1.0877275794132504
3	0.9164122281875816	0.847505360906566	1.0813055237872558
3	0.9308362255441003	0.8621160604922704	1.0797110368325473
3	0.9032856255168671	0.843875960012952	1.0704009455406258
3	0.8266385982858211	0.8146015787375918	1.0147765728208917
3	0.9236857249976026	0.8708270588873394	1.0606993840749517
3	0.8666547295270751	0.8468549492640335	1.0233803678897417
3	0.8959509796182115	0.8596534005676288	1.042223504294423
3	0.9221169052170474	0.8506110816658026	1.0840640629924674
3	0.8743389860934242	0.8532645843523423	1.0246985543846028
3	0.766309404773545	0.7538253170940105	1.0165609822281647
3	0.8919033700977639	0.8693615610752943	1.025929153107009
3	0.9292300502997375	0.8804120214788415	1.0554490711506819
3	0.9282720688707349	0.8829631442755667	1.0513146272173595
3	0.9321954414964931	0.8672252219947338	1.074917354631729
3	0.862232226502735	0.8435550295388033	1.0221410534107573
3	0.8880725504098242	0.8629877722625106	1.0290673621962783
3	0.8928163444392588	0.8617564787678351	1.0360425090343783
3	0.9460169842748807	0.8487291000492564	1.1146277230508275
3	0.9395702419936013	0.8758928461436702	1.0726999839424265
3	0.887794396644875	0.8599332229669719	1.03239922930501
3	0.9415842930061817	0.8611055879007689	1.0934597408682558
3	0.8493667557795106	0.8248219051252142	1.0297577580102826
3	0.7824422692973927	0.800949262777045	0.9768936756174978
3	0.8864063323437051	0.8603394909859167	1.0302983201758145
3	0.8404397331354968	0.8073416800652946	1.0409963388332997
3	0.8287052761694864	0.8192113560217652	1.0115890973409174
3	0.8718448106735359	0.8195123223602634	1.063858085943785
3	0.9032809261412197	0.8109331498154685	1.1138784082840434
3	0.9180491557648024	0.8253814506133192	1.1122725802507727
3	0.8649712337497208	0.8514971741057213	1.0158239628430366
3	0.9113379685861196	0.8625570578127593	1.05655383644655
3	0.8451063230393163	0.8194727426929259	1.0312805771454387
3	0.9201946687756006	0.8670472693267041	1.0612970034380798
3	0.9156676303851496	0.8573958665034722	1.0679636631784968
3	0.9178971998905749	0.8783139875186453	1.0450672685786977
3	0.9547220552856668	0.881516369330418	1.0830451804438463
3	0.9421521164982615	0.8415667419823998	1.1195215655491828
3	0.8504621200605396	0.8132340109195667	1.0457778556247015
3	0.7741884839975335	0.7205979995200514	1.0743694605219214
3	0.8685665135610579	0.8102003729096479	1.0720391431588725
3	0.9170781778327601	0.8590287690210326	1.0675756283202038
3	0.9465592502924014	0.8833461154220843	1.0715610039674113
3	0.932344702497977	0.881898019246991	1.0572023999941171
3	0.9240577180618587	0.8831410627061711	1.0463308265050075
3	0.907245977761483	0.8713134458245504	1.0412395012485185
3	0.8508532483566734	0.845819544748995	1.0059512736953509
4	0.8627912445584943	0.7834961315390887	1.1012067703048378
4	0.8885476671166366	0.8657948694764833	1.0262796632808775
4	0.8587497393634834	0.8461352083706088	1.0149084104621604
4	0.9174801707333291	0.8805391411290289	1.041952739950815
4	0.9374115047206718	0.8816697545713271	1.0632229356403937
4	0.9234750302279526	0.8800310756898442	1.0493663868677061
4	0.9373994117028257	0.8863273463581812	1.0576221252277658
4	0.8876343506586764	0.8595314802757278	1.0326955684903285
4	0.9230048603940333	0.8515452783358112	1.0839175365963825
4	0.7806071167687982	0.7886255978871969	0.9898323347100564
4	0.912193872348638	0.8494985359628121	1.0738027597831792
4	0.8823311096671074	0.8386907538326404	1.052033905983868
4	0.8247620147696104	0.8289922723495599	0.9948971085484791
4	0.8712691792045308	0.8500370944539399	1.0249778331900095
4	0.9386155241714663	0.8425397070934065	1.1140312038343
4	0.8897426823385415	0.8222473201917151	1.0820864483098458
4	0.8984325287945765	0.8500947190259496	1.056861675160167
4	0.8953415154785965	0.8443999607169391	1.0603287033770175
4	0.8911514921010589	0.8568770126138431	1.039999298595564
4	0.8794901119214937	0.8366823806475477	1.0511636581145825
4	0.8658241650651458	0.7081963734001854	1.2225763892409665
4	0.9128418336022946	0.8575341194957103	1.0644962256884998
4	0.8808849131941126	0.8449603350637864	1.0425162893919917
4	0.9156615039218625	0.875762383296788	1.0455592994013687
4	0.9163630332086757	0.8744826759422355	1.047891580266373
4	0.9436330534468261	0.8754744975564399	1.0778532739453008
4	0.9173682415858269	0.8615713571644985	1.0647617680849564
4	0.9512047280820859	0.8855996467687988	1.074079841328589
4	0.9246062344289054	0.8552413720998472	1.0811055973107906
4	0.8595125837383076	0.8458887816056118	1.0161059023703283
4	0.9445412369769424	0.8674499860064905	1.088871119043254
4	0.8452251858422748	0.8288291035101617	1.0197822232142602
4	0.9537847274069364	0.9055272477533898	1.0532921342491608
4	0.9439435950449887	0.8909351531938828	1.0594975309494499
4	0.7845215466972573	0.8002069008545744	0.980398376794094
4	0.8564990881906291	0.8394427888822054	1.0203185964955823
4	0.9747047039999861	0.8579562505550016	1.1360773971510334
4	0.8490640698388603	0.8401679537077186	1.0105884973259007
4	0.9473932111189949	0.8732995830828126	1.0848433108998246
4	0.9006861552001986	0.8236291801690023	1.0935578496810723
4	0.8943774324734195	0.8372940740661924	1.0681759971499742
4	0.8680252303252443	0.8394592299842644	1.0340290502750389
4	0.9515230214802181	0.8764117043572321	1.085703233708036
4	0.9040752917973197	0.8587442262217737	1.0527876219616517
4	0.8717345968454733	0.8520294826821438	1.0231272679688252
4	0.9273258241054577	0.8697388981968316	1.0662117401303046
4	0.8977707530616386	0.8590830420902626	1.0450337267480494
4	0.8672499701218968	0.8551028300929845	1.0142054728407242
4	0.9103828506044762	0.8696499893252093	1.0468382243192722
4	0.9370679716757755	0.8346246258794077	1.1227418202385626
4	0.9070311080251408	0.8466234491587626	1.0713512706580492
4	0.90709233907513	0.8296525175618534	1.0933400669244677
4	0.9041025840480679	0.8590975235533823	1.05238643956106
4	0.8850225936592446	0.8439578028582946	1.0486573981090914
4	0.9444262585327289	0.8812723787739419	1.0716621572171012
4	0.9134267790531719	0.8556398471023992	1.0675365133431627
4	0.8903962483242236	0.8589773690453434	1.0365770745669338
4	0.9203768053426247	0.8736881988692154	1.0534385225001741
4	0.8999828705569832	0.8184807410184363	1.0995773332884213
4	0.8146467153151453	0.8154385097468674	0.9990289955376674
4	0.9410083994828137	0.8840540703450818	1.0644240336063384
4	0.9173216942209594	0.8781730522811175	1.044579643884711
4	0.8996016659702898	0.8459800249762776	1.0633840509360915
4	0.9229534412507355	0.8859331715877229	1.0417867519247155
4	0.8844659086092245	0.8658225122659271	1.021532584426
4	0.8662718090564827	0.859480312202797	1.0079018643676427
4	0.9152540749883918	0.8560698606700655	1.0691347949944197
4	0.8080749863831315	0.8113624868164117	0.9959481729970293
4	0.8615071775467719	0.856267610358408	1.00611907670567
4	0.9287736468963106	0.8430633422903174	1.1016653201563091
4	0.9309139973787979	0.8703272182922531	1.0696137933103225
4	0.9514737828589963	0.8859286888948056	1.073984616127465
4	0.9168379356236095	0.8597683110017647	1.0663779112251182
4	0.8986815292936559	0.8580466676949267	1.0473574027248325
4	0.9183646991633658	0.87925781435298	1.044477153540186
4	0.8797771943341128	0.803890399299772	1.0943994294501365
4	0.899329894759974	0.8330952228883014	1.0795043232177473
4	0.939564201416663	0.8708796264184328	1.0788680466446339
4	0.9247625933628818	0.8850695568624678	1.044847363907899
4	0.7954171203855441	0.7402354593828707	1.0745460924672239
4	0.9163154313108463	0.8592369657726623	1.066429248055985
4	0.9372377756020196	0.8601682432750903	1.0895982070129526
4	0.9362874232556081	0.8762065509699997	1.0685693027735255
4	0.9413987993300802	0.8792160124604643	1.070725266587899
4	0.838684119588871	0.8052249051222942	1.0415526323810056
4	0.9017942158506991	0.8684144837671668	1.038437557995039
4	0.8915661908438086	0.8500570160548612	1.0488310478061726
4	0.9379937727142765	0.8509909196370739	1.10223711096037
4	0.8574680005359923	0.8103564582123955	1.058136813554275
4	0.8035787645093645	0.8263938564309103	0.9723919874960333
4	0.9074884837239214	0.8652422064567119	1.0488259552665766
4	0.9217168666462274	0.85932832691052	1.0726015165356044
4	0.9076975256804765	0.8764104817477938	1.035699075472361
4	0.8910961221914896	0.865766227986554	1.0292571982899394
4	0.9094261755455539	0.8617817681117774	1.0552859310752984
4	0.9192482589896397	0.8326959153550418	1.1039423180041588
4	0.9043992326319067	0.8664541876476863	1.043793480977034
4	0.9166065404686183	0.7705735735635615	1.189512036118393
4	0.925974309827124	0.870229220757987	1.0640579375403896
4	0.9343673878322027	0.8590086392184942	1.0877275794132504
4	0.9164122281875816	0.847505360906566	1.0813055237872558
4	0.9308362255441003	0.8621160604922704	1.0797110368325473
4	0.9032856255168671	0.843875960012952	1.0704009455406258
4	0.8266385982858211	0.8146015787375918	1.0147765728208917
4	0.9236857249976026	0.8708270588873394	1.0606993840749517
4	0.8666547295270751	0.8468549492640335	1.0233803678897417
4	0.8959509796182115	0.8596534005676288	1.042223504294423
4	0.9221169052170474	0.8506110816658026	1.0840640629924674
4	0.8743389860934242	0.8532645843523423	1.0246985543846028
4	0.766309404773545	0.7538253170940105	1.0165609822281647
4	0.8919033700977639	0.8693615610752943	1.025929153107009
4	0.9292300502997375	0.8804120214788415	1.0554490711506819
4	0.9282720688707349	0.8829631442755667	1.0513146272173595
4	0.9321954414964931	0.8672252219947338	1.074917354631729
4	0.862232226502735	0.8435550295388033	1.0221410534107573
4	0.8880725504098242	0.8629877722625106	1.0290673621962783
4	0.8928163444392588	0.8617564787678351	1.0360425090343783
4	0.9460169842748807	0.8487291000492564	1.1146277230508275
4	0.9395702419936013	0.8758928461436702	1.0726999839424265
4	0.887794396644875	0.8599332229669719	1.03239922930501
4	0.9415842930061817	0.8611055879007689	1.0934597408682558
4	0.8493667557795106	0.8248219051252142	1.0297577580102826
4	0.7824422692973927	0.800949262777045	0.9768936756174978
4	0.8864063323437051	0.8603394909859167	1.0302983201758145
4	0.8404397331354968	0.8073416800652946	1.0409963388332997
4	0.8287052761694864	0.8192113560217652	1.0115890973409174
4	0.8718448106735359	0.8195123223602634	1.063858085943785
4	0.9032809261412197	0.8109331498154685	1.1138784082840434
4	0.9180491557648024	0.8253814506133192	1.1122725802507727
4	0.8649712337497208	0.8514971741057213	1.0158239628430366
4	0.9113379685861196	0.8625570578127593	1.05655383644655
4	0.8451063230393163	0.8194727426929259	1.0312805771454387
4	0.9201946687756006	0.8670472693267041	1.0612970034380798
4	0.9156676303851496	0.8573958665034722	1.0679636631784968
4	0.9178971998905749	0.8783139875186453	1.0450672685786977
4	0.9547220552856668	0.881516369330418	1.0830451804438463
4	0.9421521164982615	0.8415667419823998	1.1195215655491828
4	0.8504621200605396	0.8132340109195667	1.0457778556247015
4	0.7741884839975335	0.7205979995200514	1.0743694605219214
4	0.8685665135610579	0.8102003729096479	1.0720391431588725
4	0.9170781778327601	0.8590287690210326	1.0675756283202038
4	0.9465592502924014	0.8833461154220843	1.0715610039674113
4	0.932344702497977	0.881898019246991	1.0572023999941171
4	0.9240577180618587	0.8831410627061711	1.0463308265050075
4	0.907245977761483	0.8713134458245504	1.0412395012485185
4	0.8508532483566734	0.845819544748995	1.0059512736953509
5	0.7515438757245929	0.5727106106847144	1.3122576423476269
5	0.7088595558062026	0.6769576557578332	1.0471253996125596
5	0.675865155912937	0.6430724222039453	1.0509938423367684
5	0.7708614147949706	0.6921687473344338	1.1136900037217587
5	0.8206827787427244	0.7025051951782855	1.1682230741858746
5	0.7538698190836459	0.6945032580432446	1.085480608410198
5	0.7756016773045655	0.706194160002932	1.0982839015566843
5	0.7201808819924714	0.6600792693755249	1.0910521135950935
5	0.7973844138237866	0.6838350747109616	1.1660478429843908
5	0.6505801367426727	0.581350825161245	1.119083535423255
5	0.7989890820058537	0.674627762628494	1.1843406486753842
5	0.7287387064118949	0.6331716170679451	1.1509339439226547
5	0.6430531792619121	0.6400520249477362	1.004688922458172
5	0.709307006624817	0.6416650314409978	1.1054163338649052
5	0.8441320729369826	0.6784378085251598	1.244229113309622
5	0.748586636586672	0.6249707835759316	1.197794610979157
5	0.7110796398850674	0.6128640472734646	1.1602567372789259
5	0.7639578182343623	0.6610973685268262	1.1555904691267307
5	0.7502616578571157	0.658489855429533	1.1393670709896055
5	0.7455375933558044	0.6564327119125193	1.1357410741821163
5	0.7811785770350491	0.5321397435014655	1.4679951771595081
5	0.8007441433427889	0.6812795851546761	1.1753532041635883
5	0.7071762888920918	0.6620945801449982	1.0680895299538937
5	0.7538036219893696	0.6931528170731523	1.087499903949487
5	0.7346885118759708	0.6874635662192858	1.0686944704813945
5	0.7686577695679553	0.6773523203231979	1.1347975735894593
5	0.7593196446023172	0.6366095083858438	1.1927557389577972
5	0.7883108769216527	0.6690561705815071	1.178243190308664
5	0.7664225737251555	0.6493468981211132	1.180297581990152
5	0.6725473841037697	0.6369363475222544	1.0559098828635636
5	0.7947630575069417	0.6812138878226388	1.1666865161061815
5	0.7153419137605137	0.646194413401774	1.1070072704508929
5	0.8504088812069718	0.6985177167065538	1.2174478339884787
5	0.8382032425801638	0.7117236417848387	1.1777088653092138
5	0.7064455204101996	0.6056062928693284	1.1665095437880948
5	0.7314741908127569	0.6601955640924282	1.1079659279721388
5	0.8852195764997541	0.6393814252432598	1.3844937333970289
5	0.7008768826528865	0.6361805587507205	1.1016949087994945
5	0.7638072394456816	0.66918975050079	1.141391120940039
5	0.8281864686933854	0.66328307261451	1.2486169222272836
5	0.7632860116625804	0.6493527950396539	1.1754565738274352
5	0.6645366103339889	0.6435125075160923	1.0326708534369409
5	0.832304916943975	0.6997596804235859	1.1894153667729976
5	0.7336676420290432	0.6793824418595994	1.0799037432007441
5	0.7246624438966052	0.6799825692039749	1.0657073823891323
5	0.8050676372141885	0.689740216761504	1.1672041409940896
5	0.6984212656422498	0.6449521324640691	1.08290403347284
5	0.7113882074191658	0.6813389530545695	1.0441032385274318
5	0.7779598637329386	0.6942108447346135	1.1206391683932007
5	0.7731330743375233	0.6396199353023617	1.2087382391733101
5	0.7622123123852166	0.6828717145567209	1.1161866806564082
5	0.7811298487214497	0.5862164760126519	1.3324938494301057
5	0.7675768400617159	0.6744846148451513	1.1380197904705902
5	0.7404365485284423	0.6559534623057273	1.1287943292893836
5	0.8066211159875781	0.6747775189169622	1.1953882477919964
5	0.7790676148026655	0.680100586529746	1.1455182222057838
5	0.7434998295850368	0.6770632947229028	1.098124555532617
5	0.7567391939739292	0.6969906699120889	1.0857235636588598
5	0.7561702417284615	0.6397077061689495	1.1820558583809742
5	0.7058865643062985	0.6599726021781072	1.0695694972437666
5	0.8386942035135423	0.7097556017669141	1.181666198090779
5	0.7808800672292036	0.7028263807193091	1.1110568536571013
5	0.776402187806801	0.6641046329527551	1.16909617744232
5	0.8562758749841759	0.6791985723087061	1.2607150690460898
5	0.6543312869977482	0.6462880262591553	1.01244531913294
5	0.6971770880933417	0.6686214982702758	1.042708153861249
5	0.8026315989727715	0.685129904140949	1.1715027969464449
5	0.7222305893922318	0.6376563152186737	1.1326330064567067
5	0.6772063958451529	0.6720516691910827	1.0076701344411132
5	0.7967344616273161	0.657181982205882	1.2123498257712657
5	0.7335361196283333	0.6775700672205093	1.0825981770968793
5	0.8371196046253706	0.7054569124774321	1.1866346332698958
5	0.8089466246297669	0.6890359009339998	1.1740268156321405
5	0.7218469018268369	0.6494481278881112	1.1114773772220323
5	0.7799419438429727	0.6967320193888079	1.1194288795958578
5	0.6904519779960836	0.610043799726618	1.1318072215560575
5	0.7079457014729161	0.6404097238620655	1.1054574518381248
5	0.8008627580975674	0.6959915655957507	1.1506788267068289
5	0.7628216825090437	0.6996352328149166	1.0903134186651842
5	0.7089693621251231	0.569137118605469	1.2456916601438308
5	0.8016516149251182	0.6863062866671519	1.1680668391048952
5	0.7646597922976746	0.6699900521306659	1.1413002176165827
5	0.8408671187915834	0.7183823795899348	1.1705007565352104
5	0.8082219170189685	0.7134454456320579	1.1328433336664527
5	0.6912058490599939	0.6092259893800035	1.1345639567402888
5	0.6865338952966435	0.6767160048282901	1.0145081398966538
5	0.7312681398651586	0.6673429284653695	1.095790647766048
5	0.8458689370329229	0.6846658001191287	1.2354479176347724
5	0.7449749826169729	0.6296890045070892	1.1830839942967208
5	0.7029693383093398	0.6520736845874139	1.0780519976881586
5	0.7519100363865615	0.6786946093637399	1.1078768359328202
5	0.7297950022673998	0.6578190820403262	1.1094159810685778
5	0.7328599749673355	0.6856929143587361	1.0687874405887805
5	0.7280392236770332	0.6862758270338631	1.0608551183037798
5	0.7924846442360678	0.6952373519370846	1.139876391894122
5	0.7899584087412819	0.6609697427940664	1.195150636399711
5	0.7284332605964524	0.6766538298820747	1.0765227778632418
5	0.8220117381599735	0.5290278749136259	1.5538155495004549
5	0.8103985300946033	0.698012491487015	1.1610086352010205
5	0.7708379353706348	0.6833112425322075	1.1280919841360604
5	0.8009256258128559	0.6574992049719068	1.2181393068712185
5	0.8200199534469661	0.6850581358033191	1.1970078312921382
5	0.8072436060285424	0.6797738424742118	1.1875179002039438
5	0.7341628062618041	0.6324388091965497	1.1608440146082821
5	0.7396076173157162	0.6768313939504315	1.092750164851074
5	0.7461165489279704	0.6623800729184529	1.1264175651308075
5	0.7487706381865694	0.6369982680165764	1.1754673062424785
5	0.7445916617458757	0.662378716514715	1.1241177338301966
5	0.6655689666187721	0.6467474385689603	1.0291018207841034
5	0.6247620321080103	0.5808654644064849	1.0755709719226945
5	0.6822622194337251	0.664852362875678	1.0261860490090529
5	0.7123948904036794	0.6793490430793473	1.0486434001210074
5	0.7784991887601368	0.6877873244570288	1.131889409818246
5	0.8372428655180387	0.6923848006468614	1.209216124813606
5	0.6162373902680409	0.6222783022840809	0.9902922663479239
5	0.7137293936665671	0.6819831815826565	1.046549846009748
5	0.7186756698891437	0.663052384403985	1.0838897299723282
5	0.8309417448886322	0.651265141220006	1.2758885625784306
5	0.8016559838636018	0.6855738396684549	1.16932114015798
5	0.8114620343001689	0.7072130039168387	1.147408248725569
5	0.8216359564248947	0.6634664254390827	1.2383986964843552
5	0.7369161165188052	0.6450513427908641	1.1424146693974484
5	0.6556955506197273	0.6185640255238535	1.060028588090663
5	0.7313379196607542	0.6781469350527357	1.0784357811834424
5	0.6934998443044901	0.5502747483692433	1.2602792447948936
5	0.669557955018503	0.6130186585227736	1.092230955305627
5	0.781708264555054	0.6251683194255007	1.2503964776612577
5	0.7672931471296423	0.6178218031856479	1.2419327760420265
5	0.7869003982005754	0.646445813638697	1.2172720150685041
5	0.7071405617381246	0.6504853716462862	1.0870967935042908
5	0.7578396957300952	0.6489468826592687	1.1677992698333077
5	0.5957718269701203	0.5833544584066301	1.0212861466721397
5	0.7386148156843685	0.6499841288213148	1.1363582323521915
5	0.7976349960212513	0.6766609212578829	1.1787809388171595
5	0.7280442642522319	0.6808880246593759	1.0692569672031558
5	0.8675269296911757	0.7028354669176576	1.2343243483368675
5	0.8098945959928571	0.5948537253358673	1.3615020995885552
5	0.6873557738547739	0.6197844075150437	1.109023985631794
5	0.6743099184454369	0.5626873093711349	1.198374136425882
5	0.7991575155614115	0.6344984697204467	1.2595105484076452
5	0.8227446084178913	0.6846114652245998	1.201768667645632
5	0.8521458024075752	0.7075322914725909	1.2043913934076413
5	0.7564450989258862	0.6877375490341885	1.0999037350631586
5	0.7887716594753824	0.716837372149669	1.1003495215518622
5	0.7336765482215736	0.6798657293207544	1.0791491857584599
5	0.6312084372948981	0.6437827927537749	0.9804680156095968
6	0.6518761729124811	0.5348386914220243	1.2188276266611875
6	0.5927745797506903	0.5563142249474773	1.0655391380773254
6	0.6212817861740201	0.5496024598269623	1.1304203157489967
6	0.6711581639313395	0.5919034738267214	1.1338979979154842
6	0.6733770747828505	0.5990508025223539	1.1240734040377536
6	0.6843609029405269	0.604851163995185	1.1314533949478764
6	0.6856295972462245	0.6088387052602867	1.1261268236110393
6	0.6581607508725114	0.5969791799170092	1.1024852675163772
6	0.6298080794132519	0.5546561617067436	1.1354928023791475
6	0.571613162140931	0.49037826856736805	1.1656576132765617
6	0.6584035675977983	0.5536440978487448	1.1892180737699722
6	0.5857211101120718	0.5654030620638267	1.0359355111627455
6	0.5819951041395178	0.5636502396783676	1.0325465389167905
6	0.6296786894104001	0.5567754791994876	1.1309382559658163
6	0.6881252317600979	0.5511447162404279	1.2485381996475757
6	0.6512919622081181	0.5496571516307024	1.184905827707125
6	0.6501702942828729	0.5766776108341697	1.1274415411106309
6	0.6627932280258608	0.5670765389457535	1.1687897179771416
6	0.6222270344031138	0.5327087627368073	1.1680435501124546
6	0.6164934650769023	0.5629662138918232	1.095080752386616
6	0.7296306429052665	0.48958985167757874	1.4902895564627991
6	0.6300502292856898	0.561755005554934	1.1215747488770302
6	0.6176886243650535	0.5581070684394218	1.106756497623715
6	0.6403800684305706	0.5879304215127924	1.0892106361545657
6	0.6488049771808957	0.5935095586178186	1.093166854282601
6	0.6633897537333237	0.5645058302921732	1.1751690029312378
6	0.6672197330769993	0.5907512434217188	1.1294427908646687
6	0.7139705450810382	0.6065746895885422	1.1770529785298918
6	0.6750435827109544	0.5530946354635701	1.2204847767962426
6	0.6028113886210911	0.5503789474793592	1.0952660732788988
6	0.6919635871144229	0.5961186621636754	1.1607816212343836
6	0.6289939229064974	0.5702818877227745	1.1029526563050587
6	0.7104727538624303	0.5634301333525987	1.2609775583618124
6	0.6940225818244301	0.5848617764103461	1.186643767496776
6	0.6066682585336004	0.5488330011345968	1.1053786074806753
6	0.6527980682183638	0.5792856233501105	1.1269018976219676
6	0.7662591845761753	0.5214360575975763	1.4695170642908315
6	0.6276291377534443	0.5738639606218462	1.09368976067662
6	0.6156512017517517	0.5691800175794929	1.0816458461944662
6	0.7168902806519822	0.5589350257618391	1.2826003875402998
6	0.6436767543878915	0.5395965052660859	1.192885328400119
6	0.5948227911407497	0.5705418633169363	1.042557662083992
6	0.629461595276647	0.5375019509598072	1.171087089363358
6	0.684964489726047	0.5978387257293309	1.145734560588104
6	0.6538536232983159	0.5857990386074079	1.1161739439735014
6	0.6259102597391442	0.5806870744255581	1.0778787531276168
6	0.5884242889369616	0.5435829286057132	1.08249221594627
6	0.5985481775942801	0.575534410549089	1.039986778589372
6	0.654277664306333	0.5993787425733382	1.091593040983227
6	0.6488883267373581	0.5591831435408023	1.160421830008204
6	0.6274431762159797	0.589583983193345	1.0642134014862126
6	0.6718640292730207	0.5320298536248653	1.2628314458209944
6	0.6640227276327074	0.5791373077446667	1.1465721837513971
6	0.6407731775572637	0.5804707017229084	1.1038854771745932
6	0.6914932109568246	0.5945187784715789	1.1631141622381598
6	0.6904903388496487	0.585262137742509	1.1797967001812713
6	0.6015273256955382	0.5734895361468504	1.0488898014374728
6	0.6532587536615468	0.5979167786018235	1.092557989740873
6	0.6343369305959549	0.5377498599876618	1.1796133812299072
6	0.6189551616830411	0.5774639050893534	1.0718508225847772
6	0.702616720363792	0.5908373797051641	1.1891879974053219
6	0.6488855568786306	0.5899072183204447	1.0999790080991145
6	0.6516927170589195	0.5473986769281225	1.1905266573095712
6	0.7232864403040173	0.6068955006163187	1.191780857774527
6	0.5731886215646134	0.5477845329613723	1.0463760604300094
6	0.600694476857058	0.5661261733090555	1.0610611294403647
6	0.6471319535777175	0.5708133346946848	1.1337015347124886
6	0.5627548736256426	0.5326282302053933	1.0565622355552424
6	0.6021311939070306	0.5778987254987775	1.041932032965358
6	0.6700249565228894	0.5731338951935444	1.1690548441505546
6	0.6610420054102508	0.5935816127426367	1.1136497344584415
6	0.6719375974560913	0.5956629491143027	1.1280500129397038
6	0.6982272497565292	0.5958432436231257	1.171830439010838
6	0.6659713724202373	0.5757035428697183	1.156795681854865
6	0.640400941157347	0.5795605730135739	1.1049767202544818
6	0.6309218998598709	0.5723472136113225	1.102341174824564
6	0.6121944893370366	0.5446181489933863	1.124080221102714
6	0.6526745577713721	0.5934247346748428	1.0998438717405237
6	0.6575742023720765	0.6007570355339393	1.0945759491399703
6	0.6531140852610331	0.49840651929302066	1.3104043787137092
6	0.6677224601238713	0.5824356370347533	1.1464313267699808
6	0.6393235472512858	0.5654559916563578	1.1306336066553153
6	0.7076254907457834	0.6087342647784172	1.1624538516874243
6	0.7172953783333085	0.6153529306853504	1.1656650071275676
6	0.6133777106040433	0.54223275422842	1.1312074119846567
6	0.6635225463865154	0.6075044759957051	1.0922101360636005
6	0.6289431620399173	0.5751417410203888	1.0935446294057471
6	0.7103704500530611	0.5981224662777445	1.1876672255330285
6	0.5863885193928761	0.522568087958318	1.1221284515935628
6	0.6207107206433224	0.571214608303925	1.0866506416675221
6	0.651661686773849	0.5944936513027169	1.0961625668261712
6	0.622839272686415	0.5766176864593742	1.0801598482191153
6	0.6321308421538356	0.5874365390113012	1.0760836280592252
6	0.5747184446062216	0.5684848015299385	1.010965364526029
6	0.6864817980830388	0.5787760294997036	1.1860923104856924
6	0.6836212253463032	0.5821019289225985	1.1744012369304546
6	0.5854087235245288	0.5702781478673501	1.0265319225605294
6	0.6554344892382813	0.5076593209440139	1.2910912145166038
6	0.7115702004603165	0.6068266615831056	1.1726086632448764
6	0.6577183856678814	0.5751118190642762	1.1436356615623176
6	0.6832334595324575	0.5755047133540205	1.1871900328158873
6	0.6975630185407642	0.574444501496823	1.214326217281448
6	0.7156573314362447	0.5776669342312661	1.238875360571936
6	0.5846056655128825	0.5245874983234287	1.114410212559908
6	0.6088546862491209	0.5718355799949978	1.0647373258139112
6	0.6607202938882331	0.5776954721390231	1.1437172796972
6	0.6663474957608286	0.5689696990786863	1.1711475968576586
6	0.6374137617520583	0.5734110019018634	1.1116176000075224
6	0.5714939437853512	0.5681594971747137	1.005868856592592
6	0.547275069173905	0.4606590641837169	1.1880262687192984
6	0.6229815041717174	0.5789553334303346	1.07604415781184
6	0.6818776324387091	0.5980403461881918	1.1401866726632777
6	0.6575654997464842	0.5838922547581523	1.1261760956545779
6	0.6872241553105753	0.5854633413885303	1.1738124434583748
6	0.550562726724011	0.5442387270036785	1.0116199002506665
6	0.5977796157216482	0.5699867554927555	1.0487605369090824
6	0.6558650466729432	0.5798838423826387	1.1310283176335996
6	0.6410336790050923	0.520354159093479	1.2319180462050152
6	0.7277041532004876	0.5926518279645208	1.2278780202194057
6	0.6789324678072267	0.5989410123393614	1.1335548139464224
6	0.6946661606780994	0.5875735290929511	1.1822625191275538
6	0.626568184458644	0.573686130033714	1.0921794194707517
6	0.5735333117793262	0.5230829250181358	1.0964481621330715
6	0.6013592072909895	0.5632830143838125	1.0675969129813534
6	0.5958958625311197	0.5047095039368312	1.1806709758445548
6	0.6187402394858721	0.5420736056629999	1.141432146892861
6	0.6635195566218777	0.5770226317609898	1.1499021357219763
6	0.571179587406295	0.5087759822857273	1.1226543848241681
6	0.6480000647950455	0.5360960772139097	1.208738680131182
6	0.6098326519764112	0.5616664863609092	1.0857558120078967
6	0.6546251896502037	0.5622298571938225	1.1643372924332778
6	0.5538145435177773	0.5213394066942391	1.0622917362596083
6	0.620223958773451	0.5733174798979058	1.0818158882647329
6	0.6684090279767162	0.5967860806467342	1.1200144401028331
6	0.62966841253313	0.5809093028925565	1.0839358388612204
6	0.7244555497958377	0.5905521236527551	1.2267427730423637
6	0.7064350138057277	0.5136370381182168	1.375358397816976
6	0.6164162477823194	0.5537113649667363	1.1132447097583955
6	0.622937104870176	0.48584870392080276	1.2821627388178023
6	0.6312623184072675	0.5480420932127262	1.1518500608350877
6	0.6899224199049673	0.5672588540796223	1.2162391383460496
6	0.6804607436392558	0.5827631252890689	1.167645504855383
6	0.6664549870532746	0.5973445472845459	1.115696108858608
6	0.6670306072161439	0.6127854537559361	1.0885222603241052
6	0.616338026280512	0.5733006097938509	1.075069545978918
6	0.5801702038676323	0.5430435688778692	1.068367691134766
7	0.40754816730861887	0.2845693576115662	1.4321575967603557
7	0.47492125739551866	0.3069710935210108	1.5471204534214957
7	0.39534495819934135	0.29231289290457113	1.3524718471053079
7	0.4357159531626246	0.30346187402760183	1.4358177763147717
7	0.38303230330849675	0.292133654081928	1.311154322538534
7	0.4279393568473596	0.301490068841518	1.419414438730024
7	0.4164615537924675	0.29594353708237936	1.4072331428428544
7	0.4129406667887704	0.2875055954641139	1.436287409023012
7	0.4580280238564736	0.2806291591014543	1.6321469419750685
7	0.39147346425901774	0.26173445615288343	1.4956894480501703
7	0.46806614199104446	0.2916206190263991	1.6050516028452453
7	0.35063027474356223	0.299396182456385	1.1711247346804123
7	0.4172969464476738	0.2727633734871602	1.5298862934297786
7	0.38572021851759786	0.28697779837692816	1.3440768613430418
7	0.4553106760793494	0.2827022131850063	1.6105663657517404
7	0.40326971956421803	0.29212022887670325	1.3804922757828875
7	0.38566523405187647	0.2922852752364087	1.3194822549303566
7	0.43385872733992714	0.2842618570187502	1.5262643109775695
7	0.4585228708922081	0.28596791196930826	1.603406716979559
7	0.36844489793762447	0.2921826457555948	1.2610088357055318
7	0.6002011421044496	0.27575703327804185	2.1765578740444145
7	0.4271020285911461	0.3106511939350347	1.374860412351946
7	0.36769350842195186	0.29167625585191453	1.2606220117164135
7	0.38263898741915564	0.22915949920366022	1.6697496230740758
7	0.3971099394134036	0.24085568139051258	1.6487464074785407
7	0.3765645772954155	0.2794755085924137	1.3473974130756345
7	0.3901377136564941	0.288566827553473	1.351983930253381
7	0.5293616265036336	0.28176614394215266	1.8787268729216557
7	0.49511995814668036	0.28130400383145315	1.7600885568743547
7	0.4440438955671061	0.2589884110140191	1.71453191217529
7	0.3525402676729155	0.2811379309041307	1.2539761765307056
7	0.4180940288381304	0.270032203437573	1.5483117328811
7	0.5225310630171689	0.30319647792204657	1.723407430714002
7	0.3942092516809382	0.3026075340472955	1.302707987499498
7	0.37429298356391094	0.2908142893196278	1.287051555958908
7	0.49492108682508257	0.298209504439513	1.6596422295637105
7	0.4781007477069026	0.28422143087755253	1.6821417942719337
7	0.41726824981339894	0.2806555770714964	1.4867627223637916
7	0.3772164870072432	0.28687714511431067	1.3149060266091794
7	0.6241294108996959	0.2793122449918012	2.234522195466283
7	0.4233159378945087	0.28394009505716733	1.4908635492612625
7	0.32360669000204834	0.2911306680802755	1.111551359861607
7	0.4058766077453921	0.26795385114766485	1.5147257858283976
7	0.42345800601224254	0.2761798123049902	1.533269222243552
7	0.44102204256909616	0.3007292851941203	1.4665084655271172
7	0.35597193338928895	0.27853317506578346	1.2780234645485808
7	0.4312826570141829	0.2667068075833359	1.61706654930217
7	0.37830498504221255	0.29420130415472673	1.2858712034915178
7	0.41171588512782653	0.30537636434806725	1.3482244639554153
7	0.49939210874336687	0.27420757012269265	1.821219262910636
7	0.41610851960677336	0.27768287866123353	1.4985026142516182
7	0.4880171569746608	0.2677541858463717	1.8226312893374097
7	0.5030517896890844	0.29413965455392393	1.710248114801063
7	0.35049130263731565	0.28625882875516906	1.2243860011635945
7	0.440562680731578	0.26696325339497456	1.650274616932996
7	0.44073959946339725	0.28758423563005736	1.5325582728754155
7	0.34902516579855475	0.2887262609116925	1.2088445460293782
7	0.3764274487209491	0.28862652982562026	1.304202524100524
7	0.4943159148570023	0.28641042269110617	1.7259005807554788
7	0.4152045928172342	0.3070283552180171	1.3523330525039048
7	0.5466051664392945	0.27614049243320316	1.9794459031448102
7	0.45331946613279384	0.28323286058034475	1.6005186163919725
7	0.42332903509679165	0.23269318370273492	1.8192584258832165
7	0.3540242517272992	0.24555704900689662	1.441718953534729
7	0.4393315891894075	0.2552937654073671	1.720886479496963
7	0.37624451419679056	0.2895752225476894	1.2992980231063374
7	0.3880062077442755	0.2880462603927898	1.347027408775163
7	0.493509120501718	0.31568286512652033	1.5633066441662202
7	0.3920534862563364	0.2936980481147831	1.334886250599507
7	0.4170033187799714	0.2898466466484743	1.4387032715466002
7	0.3961146521484283	0.2652472846350028	1.4933787265475962
7	0.43547054790838036	0.24653002413373928	1.7663996482316626
7	0.4457885752823616	0.29580654639226206	1.5070274161249018
7	0.3607107417402441	0.2841135720355626	1.269600530364997
7	0.42084314040292253	0.2914470946574216	1.4439778200486033
7	0.42636147967574606	0.30134883360718556	1.414843636765215
7	0.3764867345927729	0.25383580195452826	1.4831900452727158
7	0.47960445177362415	0.30157683744474856	1.5903225719763434
7	0.3896495671783433	0.27410001135043705	1.421559835983283
7	0.4256650818761439	0.30046707203814405	1.4166779706965895
7	0.4328944974886822	0.2688422127732915	1.6102177296603797
7	0.44210820748862306	0.31056565449831025	1.4235579533184617
7	0.4444756529044625	0.20750269875313754	2.142023480057229
7	0.4178179174861745	0.28976850914869606	1.441902430024821
7	0.41394831224260525	0.28972873431074897	1.42874441924916
7	0.3642974549505434	0.2976187139571624	1.224040820910806
7	0.37473579490106157	0.28769313709907796	1.3025538206426077
7	0.4660715447847387	0.29694537064237286	1.5695531598169064
7	0.3821938761940391	0.28406572479376474	1.3454417158969694
7	0.4340008467773635	0.30193620578238395	1.4373925301630213
7	0.374321729814465	0.2905862546235543	1.288160481986278
7	0.4185356578081144	0.3137128950289214	1.3341359709473508
7	0.35055471908858155	0.2966334367800442	1.1817774924292177
7	0.47864856590570215	0.3070757221756915	1.5587313855826292
7	0.4425477040253547	0.2779289508093025	1.5923051655349258
7	0.42898380574684697	0.2885326992876056	1.4867770855990279
7	0.3290443182609448	0.27191690630815346	1.2100914309757957
7	0.46681502708187883	0.27044797856031916	1.7260806664811625
7	0.4470202439041137	0.2935292286961397	1.522915608403916
7	0.4481483933355682	0.28981626152547907	1.5463190056233937
7	0.43469579393376157	0.27150200702248367	1.6010776446958768
7	0.49347667630297154	0.2865849797311249	1.7219209351653852
7	0.5256607787301624	0.29502556772919214	1.781746520398779
7	0.4679097387271042	0.3119477520061474	1.499961886944078
7	0.38839877802374934	0.28210914449511054	1.376767770923785
7	0.4479627969408934	0.2657081798298437	1.685920234852248
7	0.5308354510328905	0.31048589849618574	1.7096926256681888
7	0.3737701303700557	0.2928554979130644	1.276295418845137
7	0.46383505603951125	0.298576143757611	1.5534900082843195
7	0.42824674874648244	0.2984069541057809	1.4351098151508737
7	0.3970033475533824	0.30507979785401135	1.301309855146026
7	0.44348342303617166	0.3046137698644516	1.455887641696286
7	0.36469047159208434	0.2669929110487069	1.3659181817211419
7	0.43988893147954455	0.3113158295189443	1.4129989218963768
7	0.4321697086629884	0.2983473748254306	1.4485453706970277
7	0.40550554812276723	0.2984067286261525	1.3589021601144573
7	0.4426356013895356	0.30013562002419913	1.4747853032367404
7	0.5077149788070088	0.27491151358437793	1.8468305389878734
7	0.49565501615499824	0.29962992731171323	1.6542239975893822
7	0.49066370318088987	0.30688363942991737	1.5988591118522046
7	0.46878868071940827	0.28134022618374965	1.6662696517960136
7	0.4079154201933104	0.28381260389807134	1.4372702783129725
7	0.3825978415438901	0.2662679774297006	1.4368901782224361
7	0.430734910181766	0.3101638923645559	1.3887332496959226
7	0.41573862737868783	0.2576436636585011	1.6136186757914481
7	0.4621782327696481	0.2715877072157226	1.7017641833197519
7	0.4688839584576585	0.2847133320306502	1.6468633734621947
7	0.41186959712966775	0.27177582196396544	1.5154754906206382
7	0.41082263659047846	0.2981409713026658	1.3779476024226835
7	0.37426585325133954	0.29173251704173053	1.2829075656239004
7	0.49279636280467753	0.28061858061005684	1.756107388660267
7	0.36361039589343414	0.27282958623828646	1.3327381421744366
7	0.3933380970519857	0.24848017919124082	1.5829757461228169
7	0.43371145480472084	0.3002457455390804	1.4445215669118228
7	0.4013349640895928	0.23365995975171713	1.7176026415310697
7	0.41704745055609427	0.2771258594890633	1.5049026869055246
7	0.4831533768242787	0.2589156295240446	1.866064932860339
7	0.3784918163183022	0.30124665971173503	1.2564183008053387
7	0.4713938913325883	0.2634586615738644	1.7892518261367782
7	0.48988703816611723	0.30063941723957094	1.629483727264347
7	0.45530084705013846	0.2903667340198975	1.568020002659598
7	0.39593980258896233	0.288869506968624	1.3706528139433143
7	0.392816449042399	0.29389745283054974	1.3365765686607778
7	0.3956753869898163	0.2839845209868816	1.3932991333992255
7	0.40400166668251014	0.30139556964847997	1.3404366466093065
7	0.4786226021142504	0.3029299422545465	1.5799778607295034
8	0.4636362607980266	0.42840225176393354	1.082245153682125
8	0.49489697456221726	0.43933391390334126	1.126471139378283
8	0.4686406587723827	0.4291605470901757	1.0919938049988351
8	0.4662348646370432	0.4229637703199784	1.1023044935605941
8	0.47188488740190176	0.43569651425149114	1.0830586703512668
8	0.4614466828687382	0.4324241269340158	1.0671159496591895
8	0.4697919016438318	0.4350587975367608	1.0798354252430356
8	0.48059861174561397	0.4373190672908464	1.0989656013008546
8	0.4833239084463795	0.438832937374136	1.1013847578043392
8	0.4805919163522455	0.4286645581749574	1.121137512273861
8	0.45471485608427864	0.4296122274859226	1.0584308988253335
8	0.4247752201060194	0.42371607268061323	1.0024996630850125
8	0.4769396173262622	0.4340078465252815	1.0989193424605053
8	0.46112800946740906	0.4319474096456681	1.0675559088215814
8	0.4552199157401261	0.42030634106493403	1.0830669710733634
8	0.46604339751148477	0.4279044696937888	1.0891295382938824
8	0.4539164843735688	0.42998111014474444	1.0556661064035278
8	0.48504927847351487	0.43344878302994744	1.1190463497967702
8	0.4602813739382867	0.4258430919586305	1.0808708245594878
8	0.43818265808976686	0.417961721090463	1.0483798778188285
8	0.528026722738973	0.43368733978073853	1.217528561027237
8	0.4588693011533363	0.4259199637660444	1.0773603967655079
8	0.455304299508172	0.43370736095559886	1.0497961079216824
8	0.461021817305986	0.4159277603154506	1.1084180025789452
8	0.4738853260598196	0.42837086820080195	1.1062501239876155
8	0.4627783423765933	0.42063934465641173	1.1001784503886618
8	0.4510846825481152	0.42682331370176235	1.0568417142820488
8	0.5075759969755026	0.43741528592216294	1.1603983978415986
8	0.48325855890322417	0.43119880839779695	1.1207325936239605
8	0.5032315563809645	0.42849591336125037	1.1744138991512554
8	0.44588744877196324	0.42728416504763816	1.0435384347141696
8	0.4512055252584952	0.41836377009063785	1.0785004761782844
8	0.5422137039032937	0.45211274924081407	1.1992886836608276
8	0.4729786139786797	0.4513102503078866	1.048012123934723
8	0.4749670517278144	0.43970404304339483	1.0801971445164524
8	0.4821437928365781	0.4348024158549608	1.1088802068602333
8	0.4988305316414839	0.43725508830307264	1.140822702778319
8	0.4868973780235333	0.42637183347822993	1.1419548379909428
8	0.465967111821252	0.44142011782388946	1.0556091419629314
8	0.5561273290189235	0.43473958752930963	1.2792194338212415
8	0.47444579635796663	0.4324416966466653	1.0971323996668656
8	0.4331177564449753	0.4287675203386926	1.0101459086799447
8	0.45830159665962106	0.41704581817963954	1.0989238512450707
8	0.4832188581958478	0.4270743735929193	1.1314630145812603
8	0.47017797367226954	0.43245607427081495	1.0872271235062643
8	0.44318837207081785	0.4200596962816634	1.0550604497262834
8	0.476396591906019	0.4095728629593287	1.1631546789107607
8	0.43305885159505164	0.4280880274878177	1.0116116868215272
8	0.4624952839354835	0.42776273636020085	1.0811958233454815
8	0.4761011954758243	0.4322462249017941	1.101458307898453
8	0.4390177317268279	0.41748239121860675	1.0515838295487403
8	0.47176675610912683	0.4080557248768551	1.1561331635562735
8	0.49230669223331613	0.4317517827837583	1.140253988203881
8	0.44550002851594106	0.42593626348712743	1.045931203106882
8	0.515902365843287	0.421484988837336	1.2240112447809846
8	0.4737795834444071	0.42351264767477753	1.1186905185609248
8	0.44239267261906745	0.4298464031028361	1.0291877969099343
8	0.46380836251139357	0.42545025382845886	1.0901588572054317
8	0.4887790740154262	0.41845896319189135	1.1680454166572323
8	0.48291648997589515	0.43983369724142396	1.0979524602245814
8	0.4978715891933567	0.42012380458066123	1.185059222460146
8	0.477960809969014	0.4253638745530812	1.1236516276122297
8	0.4835451811143033	0.44053505841080776	1.0976315548157525
8	0.4504879687988435	0.42511010162843343	1.0596971633306225
8	0.5097059568572584	0.4278397395495245	1.191347857012842
8	0.48087761617910746	0.44438675554625473	1.0821150949649636
8	0.4580355703049254	0.4321979780794526	1.0597818442841558
8	0.4574240714657144	0.43368519519057114	1.0547375758693165
8	0.4519517623929971	0.4325973464958233	1.0447400245377156
8	0.45399924685675525	0.4279165490210938	1.0609527672985037
8	0.4537347487934943	0.42291243851145116	1.0728810682195353
8	0.48632038394728416	0.4201243758107479	1.1575628836312877
8	0.4927668122130508	0.43341739561965587	1.136933628398886
8	0.454717264281334	0.4237734061331688	1.0730198207351438
8	0.4726726354289214	0.4187267187224413	1.128833232498447
8	0.4551938648838586	0.43017458903244327	1.058160747959774
8	0.4759580678458123	0.42475934751660316	1.1205358295904433
8	0.5016393268828707	0.4284994312657695	1.1706884310232315
8	0.46068961820494625	0.425998935984722	1.0814337297346404
8	0.4597406837485788	0.4300129912533828	1.0691320799600659
8	0.45175915838798775	0.4216346562619111	1.0714469308409125
8	0.4448425683848972	0.42560283753687245	1.0452058331174963
8	0.45280599749137024	0.4050133607925555	1.118002617506966
8	0.4614953185370861	0.43317065458588655	1.065389157024679
8	0.46794288232846337	0.4304327385091527	1.0871451924155
8	0.48004139886559505	0.4370060034283819	1.0984778128895107
8	0.457908093413734	0.43472713856085454	1.053322999179713
8	0.45037992242169944	0.42331177961066674	1.0639437504808587
8	0.4548442154854512	0.42243779028912665	1.0767128934514707
8	0.46383969997485686	0.4331285002588614	1.0709055157941367
8	0.46269706971936425	0.43744406450740897	1.0577285355109158
8	0.460574645756613	0.4336353696712899	1.0621242591575129
8	0.4336091194803623	0.42785075123990646	1.0134588246573557
8	0.45437135141211354	0.42430952195140226	1.0708488212153635
8	0.47888166733021953	0.4253418361148073	1.1258748297709442
8	0.47678748499284146	0.43567688590122305	1.0943602941124102
8	0.44679557996569874	0.4254679806475304	1.050127389811354
8	0.4850015190367364	0.4207256279784048	1.1527738905927327
8	0.46802226428052995	0.42533843664204274	1.1003526226678855
8	0.47651938707403074	0.42623392939013005	1.1179761962072114
8	0.46894525048955876	0.4196113213659566	1.1175705387619332
8	0.4622581870818019	0.43591385341173905	1.0604347245766
8	0.49963590165050953	0.4357943764860357	1.1464946052752003
8	0.4570301705662114	0.4294848753778496	1.0641356582443753
8	0.4636043473549707	0.43371593729766533	1.0689124089917694
8	0.49069639370437645	0.432567896793531	1.1343800530315147
8	0.5245004580827254	0.43356234065843363	1.2097463476329327
8	0.45766219326826585	0.4277964715024684	1.0698129221611055
8	0.4326253318440115	0.4123847124452293	1.0490818858894302
8	0.4481051216554931	0.426738456270279	1.0500696974253507
8	0.4524346041001179	0.4291661786580665	1.054217752001819
8	0.46732321214561817	0.42773200747971557	1.0925607716363852
8	0.45585475065520875	0.41877976488869023	1.088530986630581
8	0.4827907063229627	0.43732177928481575	1.103971330018152
8	0.4672340399866227	0.4268524490165899	1.0946031610292186
8	0.4476024733942031	0.4296733478665232	1.041727339190816
8	0.48607010752739377	0.4327272686702439	1.123271267422251
8	0.4950790103269263	0.43563054203476786	1.136465336003493
8	0.4651528724782059	0.4115105064976881	1.130354790785443
8	0.4783999647056586	0.42593367321906916	1.1231794872898078
8	0.47303113229685395	0.4103279347355474	1.1528124026011493
8	0.48092467987884174	0.42045883233823156	1.1438091981665623
8	0.4602680217169214	0.42865670253901567	1.0737450715004941
8	0.4636738800422844	0.41699299131618234	1.1119464588091998
8	0.47975553977114627	0.42018452251519295	1.1417734687117118
8	0.4832580832984766	0.4275639313352422	1.130259238166575
8	0.4992169021477018	0.43271465041518	1.1536861570753716
8	0.47237384559048773	0.43554624939514025	1.0845549611470455
8	0.47464624592784377	0.4261655916090738	1.1137601328528695
8	0.44273377395327423	0.42761549382622094	1.0353548464574513
8	0.4690087117980594	0.4159120720687369	1.1276631367423913
8	0.4377382954373295	0.41899193200057117	1.0447415857084636
8	0.44961301275875376	0.409733096435584	1.0973314498391746
8	0.44765813568023294	0.42941100450858755	1.0424933943938564
8	0.4763066454346413	0.41970418092064943	1.1348627606945219
8	0.4503783755148937	0.42004077054621225	1.0722253816676677
8	0.4965881593493431	0.42040656608729315	1.1812093326016977
8	0.4436847416402424	0.43313503241335605	1.0243566288510655
8	0.49097202225011183	0.42707847203083354	1.149606113170381
8	0.4392621625823221	0.4073486381224754	1.0783444977426226
8	0.4771545111908878	0.4373963648435138	1.0908972948634317
8	0.47761487763955285	0.4362097762052253	1.0949201592741185
8	0.4585369600708056	0.4229433627727488	1.08415688820534
8	0.4602649401487661	0.43218578699555704	1.0649700985041828
8	0.46510854372685256	0.438347086939413	1.0610508375321734
8	0.5202876897600193	0.43998484994163123	1.1825127384023362
9	0.9009443148131894	0.8871313298432103	1.0155703947153127
9	0.9021365337224416	0.8880526940594488	1.015859238710952
9	0.9009973312933564	0.8855909226837319	1.0173967553359018
9	0.908385305047991	0.8891153756499129	1.0216731483065316
9	0.8966400297363286	0.8869503627077588	1.0109247004522195
9	0.8991146977215072	0.8857003254634486	1.0151454977179097
9	0.89779957302367	0.8846248220824625	1.0148930378306515
9	0.8988350614402574	0.8844450876967891	1.0162700589823408
9	0.9013542425246674	0.8860138933189523	1.0173138923908418
9	0.9085647243120277	0.8862903551095058	1.025132135393451
9	0.8972103112148868	0.8845678264084398	1.0142922729371455
9	0.8888811710983553	0.8843075712766506	1.0051719559690095
9	0.9067866997077012	0.8878144075823429	1.0213696601038755
9	0.9057757884282118	0.8903764872914489	1.0172952693119828
9	0.8998856948847729	0.887711988709732	1.0137135763962533
9	0.8986500767968207	0.8844735682523457	1.0160281878999355
9	0.8939335519186875	0.8841818479835026	1.0110290704988176
9	0.8967962878300181	0.8846995564103208	1.0136732649316338
9	0.9028534307363548	0.887468449515904	1.0173358063927151
9	0.8966169393392531	0.8857043579508466	1.012320794507158
9	0.9169494584930821	0.8828404029773109	1.0386355850964013
9	0.9052989239266548	0.8915157020403958	1.0154604364844204
9	0.8918514471091094	0.8836445614154538	1.0092875416790994
9	0.9007967256303584	0.882539867048503	1.0206867239243393
9	0.9034495728786502	0.8808955661468645	1.0256034967123737
9	0.898287946196892	0.8865619478648589	1.0132263722352097
9	0.8944325790217691	0.8839382814897466	1.0118722061842778
9	0.9087655324973405	0.8843595053356139	1.0275974046917318
9	0.9059842878892714	0.8879682162947301	1.020289095109415
9	0.9000882635081424	0.8819479600772548	1.0205684510334359
9	0.8958860882631553	0.8875278835798887	1.0094173995407936
9	0.8893096086927713	0.8801408338773339	1.0104173951060147
9	0.9141814510126768	0.883491910140234	1.0347366405059346
9	0.9026281570241835	0.8889417324177472	1.0153963123873282
9	0.902757870290333	0.8901306427035064	1.0141858138356805
9	0.8996255961017642	0.8811377717899497	1.0209817634695857
9	0.909581453879243	0.8871536083281975	1.0252806789495112
9	0.9028928716544407	0.8819948610455429	1.023694027632003
9	0.8917329696171532	0.88385084127597	1.0089179395131922
9	0.9148029553655963	0.880253933178165	1.0392489267985339
9	0.9042071873757163	0.8857535800826467	1.0208337936284126
9	0.8897079397254928	0.884732944092071	1.005623160826827
9	0.9032111162004133	0.8831268941986542	1.022742170047922
9	0.8980745607566807	0.878955061569935	1.0217525332325814
9	0.9010559754017056	0.8868435470332813	1.0160258575663865
9	0.8914458985868052	0.8805421788736186	1.0123829612877087
9	0.8925612580289191	0.8781906779497383	1.0163638494919247
9	0.8897445717054364	0.8840650368362675	1.0064243405547333
9	0.8931599181328937	0.8806195427978719	1.0142404009059112
9	0.9123379940163799	0.8911899387800278	1.0237301323950114
9	0.8949763744330312	0.8823743953874557	1.014281895657276
9	0.9048069643508022	0.8808484729960748	1.0271993334713247
9	0.8984954631756885	0.8848944481786382	1.0153702116959205
9	0.8980020671990289	0.8882370601750635	1.0109936946585416
9	0.9035981953305688	0.8785446833254696	1.0285170606351706
9	0.8968126368530086	0.8800915658859266	1.0189992400963985
9	0.8938092948027594	0.8869031956736032	1.0077867563933074
9	0.8911224705033067	0.8811332198128204	1.0113368222487495
9	0.9057113208314232	0.8766957530763861	1.0330965077145857
9	0.9030013309563802	0.8859009966371174	1.019302759997083
9	0.9075238820074697	0.8769593679328169	1.0348528280696743
9	0.903199401873205	0.8848537284350205	1.0207330012279332
9	0.9055611137119769	0.8860224256505174	1.022052137164716
9	0.8979135856036431	0.8883029660008253	1.010819078592167
9	0.8996347003613252	0.8776573769239522	1.0250408918277427
9	0.8993724184085892	0.8882465933662526	1.0125256039543842
9	0.8952942943322817	0.8824452141191627	1.0145607682012812
9	0.8994426980537968	0.8853364684783867	1.0159331848146438
9	0.9007243897761825	0.8881897526987886	1.0141125666439035
9	0.8943493887679963	0.8843986633567085	1.0112514025897779
9	0.8995091101413409	0.8843832196577847	1.0171033214418173
9	0.9039550621852506	0.8846995514284931	1.021765028280693
9	0.9041042152589387	0.8841425434861936	1.022577436093094
9	0.9020867949228186	0.8875888911152993	1.0163340302618051
9	0.9033130189437341	0.8846712268210292	1.0210720000351907
9	0.9027120072042137	0.8880990967886239	1.0164541439895958
9	0.8957392382104288	0.883978587133263	1.0133042261977243
9	0.9089398899314094	0.8844144075203658	1.0277307585703015
9	0.8974666662322152	0.8840232594508773	1.0152070736121677
9	0.904994688756234	0.8867958157354472	1.0205220555824273
9	0.9000854664430911	0.8824431831853797	1.0199925429692
9	0.9008499129126315	0.8871929571644007	1.0153934447269288
9	0.9147132731859873	0.8814829546863361	1.0376981974784478
9	0.9057483564513749	0.8900289962638234	1.0176616270408474
9	0.8985656874544944	0.8864850636767662	1.013627554792207
9	0.8953080285582953	0.8848105437667796	1.0118641045424552
9	0.8954460006828162	0.8855330714206054	1.0111943072281966
9	0.8996926503356342	0.8865597178784715	1.0148133647314697
9	0.9077578321293649	0.8903851872690188	1.019511381263688
9	0.9042265174817473	0.8899422988289044	1.0160507244926327
9	0.8960662948672373	0.8879216959692455	1.0091726544524866
9	0.9001320588690689	0.8883466539015014	1.0132666734498381
9	0.8959935567692122	0.8882974852282848	1.0086638447917586
9	0.8935620197643889	0.8768542638567023	1.0190541993081041
9	0.9089948406527816	0.8870403573688534	1.0247502642935544
9	0.9029746813126873	0.8862061580039341	1.0189216957671816
9	0.8910647060239036	0.8852673781013883	1.0065486745201757
9	0.9086250644788972	0.8858719188279317	1.0256844642745528
9	0.9055576221731425	0.8864023863536831	1.0216100905349055
9	0.8992187516852808	0.8841555752586359	1.0170367940305511
9	0.9035903966102736	0.8851269054692209	1.0208597106550104
9	0.8986609084638012	0.8860614036608323	1.0142196745630867
9	0.9144420658653569	0.8842870173455022	1.0341009739240272
9	0.905261638088723	0.8909750194956537	1.0160348138617359
9	0.8945276919527624	0.8814138927905634	1.0148781398494646
9	0.9096410866969753	0.8852290971980192	1.0275770301453335
9	0.9076042158604023	0.8840291048909976	1.0266677995543048
9	0.8972961527886083	0.8868945268644314	1.0117281430983134
9	0.896527458189895	0.8779718352055994	1.0211346449171121
9	0.899242302761041	0.8849609779344473	1.0161378017592677
9	0.8979129118190713	0.8858648587933308	1.013600328431756
9	0.9006823289717009	0.8868428784013399	1.015605301578684
9	0.893137910426059	0.878324996992956	1.0168649571443562
9	0.9030325193034944	0.8848603439732727	1.0205367722194707
9	0.8923581990135183	0.883563936663298	1.0099531703200009
9	0.8903816894886404	0.8814946874852796	1.0100817419883874
9	0.8972374040163056	0.8814112168281993	1.0179555091720498
9	0.9105708937697374	0.8858400253441467	1.0279179848708946
9	0.896438314813512	0.8798280533879534	1.0188789859127558
9	0.9001144259709373	0.8809285937812821	1.0217791002870076
9	0.9029096058015469	0.8786221552160505	1.0276426566770607
9	0.8933491249231847	0.8784803326667788	1.0169255835372764
9	0.9055044709287262	0.8864867942976355	1.0214528594824228
9	0.8976616026877883	0.8820949592991473	1.0176473555647674
9	0.9016836895872185	0.8825662448639063	1.0216612008838613
9	0.9084482010088873	0.8824794563551293	1.0294270245802841
9	0.9082970988633783	0.888016924449064	1.0228375989870873
9	0.9031007676151953	0.8876349912867773	1.0174235766731072
9	0.9017051898145569	0.8875873810565387	1.01590582410175
9	0.8951209556075517	0.8870321040141006	1.0091190065803104
9	0.9087950940457677	0.8830996735020517	1.0290968520482149
9	0.8966221451124137	0.8848009524042691	1.0133602847917633
9	0.8964303814769993	0.877816339965107	1.0212049385098394
9	0.8925125956816451	0.8826641298309933	1.0111576595420702
9	0.9072246362694653	0.8843829583799884	1.0258278132488194
9	0.9001153040934817	0.8842258304898004	1.0179699269754194
9	0.9050144424536685	0.8832202963245335	1.0246757759302294
9	0.8995946701335622	0.8891344623204371	1.0117644836145776
9	0.9046057832060519	0.883665400853335	1.0236971848535603
9	0.9027591688099477	0.8842608130509975	1.020919569753549
9	0.9013927680313095	0.8858779099294467	1.0175135398771806
9	0.8994110522520575	0.8867140655813369	1.01431914431446
9	0.8892789526995404	0.8822866149510986	1.0079252451867122
9	0.8917089733854848	0.8844906246251723	1.0081610234855474
9	0.9037480697675704	0.8902533264067084	1.0151583183803763
9	0.9108132255566399	0.887864126704552	1.0258475347317693
