0	1.0	0.9999908111549421	1.0000091889294935
0	1.0	0.9999908111549421	1.0000091889294935
0	1.0	0.9999908111549421	1.0000091889294935
0	1.0	0.9999908111549421	1.0000091889294935
0	1.0	0.9999908111549421	1.0000091889294935
0	0.9997357878090597	0.999861567307303	0.9998742030873513
0	1.0	0.9999908111549421	1.0000091889294935
0	1.0	0.9999908111549421	1.0000091889294935
0	1.0	0.9999908111549421	1.0000091889294935
0	1.0	0.9999908111549421	1.0000091889294935
0	1.0	0.9999908111549421	1.0000091889294935
0	1.0	0.9999908111549421	1.0000091889294935
0	1.0	0.9999908111549421	1.0000091889294935
0	1.0	0.9999908111549421	1.0000091889294935
0	1.0	0.9999908111549421	1.0000091889294935
0	1.0	0.9999908111549421	1.0000091889294935
0	1.0	0.9999908111549421	1.0000091889294935
0	1.0	0.9999908111549421	1.0000091889294935
0	1.0	0.9999908111549421	1.0000091889294935
0	1.0	0.9999908111549421	1.0000091889294935
0	1.0	0.9999908111549421	1.0000091889294935
0	0.9989410185026011	0.9994697018853685	0.9994710361086783
0	1.0	0.9999908111549421	1.0000091889294935
0	1.0	0.9999908111549421	1.0000091889294935
0	1.0	0.9999908111549421	1.0000091889294935
0	1.0	0.9999908111549421	1.0000091889294935
0	1.0	0.9999908111549421	1.0000091889294935
0	1.0	0.9999908111549421	1.0000091889294935
0	1.0	0.9999908111549421	1.0000091889294935
0	1.0	0.9999908111549421	1.0000091889294935
0	1.0	0.9999908111549421	1.0000091889294935
0	1.0	0.9999908111549421	1.0000091889294935
0	1.0	0.9999908111549421	1.0000091889294935
0	1.0	0.9999908111549421	1.0000091889294935
0	1.0	0.9999908111549421	1.0000091889294935
0	1.0	0.9999908111549421	1.0000091889294935
0	1.0	0.9999908111549421	1.0000091889294935
0	1.0	0.9999908111549421	1.0000091889294935
0	1.0	0.9999908111549421	1.0000091889294935
0	1.0	0.9999908111549421	1.0000091889294935
0	1.0	0.9999908111549421	1.0000091889294935
0	1.0	0.9999908111549421	1.0000091889294935
0	1.0	0.9999908111549421	1.0000091889294935
0	1.0	0.9999908111549421	1.0000091889294935
0	1.0	0.9999908111549421	1.0000091889294935
0	1.0	0.9999908111549421	1.0000091889294935
0	1.0	0.9999908111549421	1.0000091889294935
0	1.0	0.9999908111549421	1.0000091889294935
0	1.0	0.9999908111549421	1.0000091889294935
0	1.0	0.9999908111549421	1.0000091889294935
0	1.0	0.9999908111549421	1.0000091889294935
0	1.0	0.9999908111549421	1.0000091889294935
0	1.0	0.9999908111549421	1.0000091889294935
0	1.0	0.9999908111549421	1.0000091889294935
0	1.0	0.9999908111549421	1.0000091889294935
0	1.0	0.9999908111549421	1.0000091889294935
0	1.0	0.9999908111549421	1.0000091889294935
0	1.0	0.9999908111549421	1.0000091889294935
0	1.0	0.9999908111549421	1.0000091889294935
0	1.0	0.9999908111549421	1.0000091889294935
0	1.0	0.9999908111549421	1.0000091889294935
0	1.0	0.9999908111549421	1.0000091889294935
0	1.0	0.9999908111549421	1.0000091889294935
0	1.0	0.9999908111549421	1.0000091889294935
0	1.0	0.9999908111549421	1.0000091889294935
0	1.0	0.9999908111549421	1.0000091889294935
0	1.0	0.9999908111549421	1.0000091889294935
0	1.0	0.9999908111549421	1.0000091889294935
0	1.0	0.9999908111549421	1.0000091889294935
0	1.0	0.9999908111549421	1.0000091889294935
0	1.0	0.9999908111549421	1.0000091889294935
0	1.0	0.9999908111549421	1.0000091889294935
0	1.0	0.9999908111549421	1.0000091889294935
1	0.8428039342425726	0.8793769706359007	0.9584102863566223
1	0.8870880409652214	0.895785829530824	0.9902903257912016
1	0.9632214882197117	0.9163272741885595	1.0511762722250941
1	0.9559699221918021	0.9188111268801994	1.0404422565470821
1	0.8692850933005549	0.8812154697295563	0.9864614537093149
1	0.9324291355165123	0.9089223635594121	1.0258622440150398
1	0.921585550960705	0.8916485414858321	1.0335748987207296
1	0.7966422735685401	0.7621997592344175	1.0451883038755063
1	0.8842310185397028	0.8892651707174847	0.9943389752083507
1	0.9469216923180964	0.9115659809995433	1.0387856853541035
1	0.9544798901205555	0.9158193406606518	1.0422141657676882
1	0.9001333347533172	0.8981814665463125	1.0021731334699102
1	0.9348528764504888	0.916643873871033	1.019864860387446
1	0.9734115919778391	0.929720221729759	1.0469941055673626
1	0.8598980919039891	0.8666591667745362	0.9921986922544073
1	0.9390390968772973	0.9097046756521439	1.032246092616952
1	0.9151381222273792	0.8552795630683802	1.0699871267170842
1	0.9747899063947533	0.9215236085983242	1.057802423399059
1	0.9106883810532633	0.9019036989708097	1.009740155287619
1	0.9297286221602902	0.8916629005755948	1.042690709190797
1	0.8247727069576386	0.8783559878257162	0.9389959405858691
1	0.9431655635703404	0.9157739236190744	1.0299109193271372
1	0.8539503228540082	0.874011777059541	0.9770467003625213
1	0.8694953482955919	0.885467831579204	0.9819615318434262
1	0.912047265672262	0.9032549760310619	1.0097340063155078
1	0.9321423913399548	0.9124352276332972	1.021598424863291
1	0.9324245398777278	0.9086428491200762	1.0261727594958587
1	0.8742988430958409	0.8832292743395128	0.9898888867215705
1	0.9158562291683034	0.904027775645161	1.0130841704666662
1	0.9583971059374532	0.921877881926447	1.0396139496640184
1	0.9602461553495002	0.9233631181273603	1.0399442391601488
1	0.9354661731431085	0.9202274098417219	1.0165597798309525
1	0.887946815325065	0.8929461597222452	0.9944012924600792
1	0.9556249520456284	0.9231020248274368	1.0352322130636333
1	0.9253709301905869	0.9032544490635097	1.0244853276394126
1	0.90795388370284	0.900010421750336	1.0088259666338704
1	0.9608927073859839	0.9131663459846977	1.0522646959244006
1	0.8437656265611123	0.8850770586305728	0.9533244798668952
1	0.9313224839134746	0.9123283086898929	1.020819451772638
1	0.9314318949789369	0.9047357344314821	1.0295071362072705
1	0.9113716604550797	0.8976687115358977	1.0152650401457533
1	0.9645653859587351	0.9236093740245096	1.0443434346662863
1	0.9225783461768741	0.9053008980321239	1.0190847575455924
1	0.8500712553688003	0.8722030762236899	0.9746253808795172
1	0.9262558660960871	0.8955405274938313	1.0342981000404445
1	0.9424365650764105	0.9044320714807433	1.042020285208867
1	0.9072088985255238	0.9046970078416766	1.0027764993827488
1	0.9479131732694124	0.9187285384511633	1.0317663309637142
1	0.9413838705770542	0.9108216216648574	1.0335545931115835
1	0.9427703520801921	0.9150106464994749	1.0303381230447062
1	0.9252327898632022	0.912169195221245	1.014321459999303
1	0.9344753657665033	0.9113896934502241	1.0253301880438042
1	0.9182572369881977	0.8923589548498286	1.029022269567214
1	0.9281566394792549	0.9053892069490431	1.0251465694040387
1	0.9355500669163831	0.9083208285737068	1.029977555821805
1	0.9451303421233487	0.9096902129529592	1.0389584593367744
1	0.9193924193434962	0.8816470340394734	1.0428123544306427
1	0.8486513734732378	0.8621191122734871	0.9843783317078615
1	0.887184806276472	0.9044586084722319	0.9809015005949935
1	0.9094949671330422	0.8894426043504096	1.022544864260553
1	0.942291671026796	0.9118099200378553	1.0334299400775055
1	0.863641134547991	0.8725739580261656	0.9897626746753004
1	0.8681300038048732	0.8819203494876425	0.9843632753334459
1	0.8172338087624834	0.8564032068659956	0.9542629011784619
1	0.9355136218474824	0.8908637419049834	1.0501197633737138
1	0.9326213654125891	0.9095847044874357	1.0253265702594845
1	0.8635030163143524	0.8631525382267174	1.000406044206688
1	0.911086062146582	0.8969895202803938	1.0157153919276356
1	0.7997297190428241	0.8670775322164568	0.922327807293685
1	0.9125825555650668	0.9002207157505009	1.0137320099374296
1	0.9586644070851433	0.9088693021275703	1.0547879709887964
1	0.9340115543144435	0.9180956106066014	1.0173358237682089
1	0.8640684117231759	0.8849710341878775	0.9763804444923064
2	0.8795759632175532	0.8969140572043949	0.9806691690830635
2	0.903298599614655	0.9098041242349912	0.9928495327213356
2	0.9607317128265308	0.9212833078446305	1.042818972889231
2	0.954627543002659	0.9252923944326497	1.0317036525389323
2	0.8771454243105369	0.8903544285018866	0.9851643303290183
2	0.9384716989454154	0.9191624953642679	1.021007388441687
2	0.9244239724862271	0.905932978366085	1.020410995693624
2	0.8565228721904959	0.8060787410134276	1.0625796570613542
2	0.9145460891538765	0.9090935989688549	1.0059977214570712
2	0.9511424195155648	0.9202817936677282	1.0335338871856232
2	0.9521498659008857	0.9194731398249191	1.0355385325145972
2	0.9188846575763197	0.912887161063124	1.0065698114389199
2	0.9354313491027618	0.9237023727773476	1.012697787372948
2	0.9736065929557506	0.936200830999749	1.0399548480597445
2	0.8862644783473567	0.8869010304777035	0.9992822737729778
2	0.938340914657783	0.9184376393115558	1.021670796681576
2	0.9190040227013064	0.8799557293553865	1.0443752930326675
2	0.9738182843557128	0.9271110912528059	1.0503792841479132
2	0.9333123785667752	0.9182497991597172	1.0164035749540503
2	0.9418772075491612	0.9112208291429973	1.033643193203777
2	0.8530905197655829	0.8935504923771304	0.9547199929307734
2	0.9413723093793821	0.9218433075283504	1.0211847303023687
2	0.889374328289339	0.8959472901542619	0.9926636734803996
2	0.8793172702137817	0.8957785741830664	0.9816234676250243
2	0.9129689258152501	0.9112703092423797	1.0018640095651559
2	0.9273640499849877	0.9175475349223808	1.0106986446903128
2	0.9329162499234946	0.9157136309463105	1.018786024796209
2	0.8858061514036725	0.8958144159591515	0.988827747826805
2	0.9253652645690663	0.9132020669955617	1.01331928388371
2	0.9619148797061193	0.9290712619021826	1.0353510211226344
2	0.9652038656323871	0.932011358242088	1.0356138442914526
2	0.9435544560030523	0.9285814508443769	1.0161246007499505
2	0.9059073401223077	0.9089513557715635	0.9966510686958908
2	0.9550408557540403	0.9299444135375459	1.0269870347637517
2	0.9278876529896277	0.9152106550165383	1.013851453655618
2	0.9259299219757828	0.917406281093715	1.0092910208461905
2	0.956873551076598	0.9176633384013182	1.0427283198908097
2	0.8751423612273832	0.9026319537977593	0.9695450704412628
2	0.9252153060152497	0.9163089466115624	1.0097198215041143
2	0.9349251018660408	0.9138089736482559	1.0231078144631058
2	0.9262736168343837	0.9117527579624651	1.0159263119799813
2	0.9616129162284449	0.9279130315543598	1.036317934470253
2	0.9279331514051853	0.9178576621061711	1.0109771805749208
2	0.8911441124710913	0.894202803118645	0.9965794217632888
2	0.9217374026863802	0.8997289311160201	1.0244612247191616
2	0.9405849513526957	0.9136801129475184	1.029446671787988
2	0.9272804086469216	0.920382766510967	1.0074943190886794
2	0.9507184535842409	0.9273767287575726	1.0251696253559648
2	0.9392548417630711	0.9184313663265364	1.0226728705050903
2	0.9437846170217474	0.9222403544198047	1.0233607892982481
2	0.9205799924487288	0.9172327829976757	1.0036492475117536
2	0.948535628034307	0.9213093887956304	1.0295516789145802
2	0.9228615835165722	0.9003928412891095	1.0249543767976808
2	0.9285017552326515	0.9130777397846833	1.0168923354232746
2	0.9279972211126898	0.911122790637775	1.0185204789610223
2	0.9379969397632476	0.9119222791255496	1.028593073373206
2	0.9176204483230762	0.9021811074210997	1.0171133498307343
2	0.8787447736287308	0.8861746336763826	0.9916158059988376
2	0.9119389772800263	0.9181079966304048	0.9932807258263519
2	0.9226711620952079	0.905047456525148	1.019472686700568
2	0.9435202763075785	0.9231319191717514	1.0220860710288513
2	0.8677160875823111	0.8826656354989023	0.9830631812145475
2	0.8921001970971298	0.8995136480885058	0.9917583785336335
2	0.8268015543954046	0.8737627587566693	0.9462540559315109
2	0.9279257996602742	0.8949191784730508	1.0368822369451738
2	0.935531259559856	0.9159918032193641	1.0213314750981592
2	0.8997562291066127	0.8909732063909098	1.0098577854560638
2	0.9133505730048574	0.9069899080507103	1.00701293906105
2	0.8378687706682918	0.8845795593123797	0.9471943612619783
2	0.9140391270307981	0.9085790075794954	1.0060095153043969
2	0.9618922015884107	0.923722452613978	1.0413216641713308
2	0.9433990565196241	0.9285110793648798	1.016034248255743
2	0.8771742760684681	0.8963429924469435	0.9786145297726416
3	0.8812054188534344	0.8980541837264391	0.9812385876283195
3	0.9038848401550535	0.9105159325838551	0.992717214283133
3	0.9607311540802947	0.92175039287067	1.042289931754978
3	0.954626986092579	0.9257853544224273	1.0311536918707742
3	0.8781991392142693	0.8914495287445402	0.985136130422401
3	0.9384708088192022	0.9196201926404577	1.020498262575792
3	0.9259900652984632	0.9076622948983615	1.0201922791142868
3	0.8588956665754014	0.8084247343141389	1.06243120740743
3	0.9167951797468148	0.9106960668429079	1.0066971991270925
3	0.9512339146978479	0.9207239654395696	1.0331369122598133
3	0.9521492920939966	0.9199147411972661	1.0350408026452291
3	0.9192226994402337	0.9134155719610288	1.0063575963203009
3	0.9354303704120791	0.9242340315281635	1.0121141815838604
3	0.9736061380756017	0.9366191708132763	1.0394898678298559
3	0.8864380977274432	0.8873986041016411	0.9989176156354559
3	0.938340034451821	0.9188677367059849	1.0211916220017059
3	0.9197412881343372	0.8805714108672528	1.0444823404254142
3	0.9738179582411195	0.9275854456564363	1.0498417830952116
3	0.9333114044127264	0.9186985392555426	1.0159060502795891
3	0.9418763397307677	0.9116114203073189	1.0331993640593555
3	0.8562715768554576	0.8950441640184396	0.9566808111580702
3	0.9431154628553646	0.9230732462545057	1.021712487803306
3	0.8898120631974811	0.8964557147087415	0.9925889796871684
3	0.8809870662378756	0.8971375294458312	0.9819977844222704
3	0.9131816853207236	0.9117894333189048	1.0015269446551394
3	0.9275356966568676	0.9180051336109922	1.0103818188994071
3	0.9337716826339849	0.9164998333111818	1.0188454473149247
3	0.887327635429169	0.8967937979336874	0.9894444380343291
3	0.9254243958955416	0.9136111243683455	1.0129303061358448
3	0.9619143661959277	0.929524120145383	1.0348460522417415
3	0.9652033885193574	0.9324418425864995	1.0351352164141203
3	0.9435537875323354	0.9290221243190105	1.0156418914393206
3	0.9059056582573908	0.9093890339668487	0.9961695428696088
3	0.9550403002949776	0.9303705934972345	1.0265160001510907
3	0.9283652511293932	0.9159524777783934	1.0135517656779602
3	0.9272518363133535	0.9182836767131021	1.0097662191190766
3	0.9568731175678876	0.9181245883215544	1.042203999042407
3	0.8751405097095897	0.9030634933320151	0.9690797116386595
3	0.9252624112925474	0.9167686451381603	1.009264896001223
3	0.9351264253172634	0.9142819322767428	1.0227987585717828
3	0.9263778696880054	0.9122255965310718	1.015514005757732
3	0.9616124258536471	0.9283915758541857	1.0357832307654191
3	0.9290614994797486	0.918755086020094	1.01121780289054
3	0.891142278172881	0.8946165331829183	0.9961164869179464
3	0.9253576191644204	0.9012757189952461	1.0267197924693026
3	0.9421455844629467	0.9147214577874418	1.0299808498445409
3	0.9296826772962458	0.9218028996207085	1.008548224006216
3	0.9507177102069122	0.9278329014203682	1.024664795515993
3	0.939881641067662	0.9190631956337296	1.0226518105967428
3	0.9444759402285718	0.9229064548712581	1.0233712585316381
3	0.9205788526067572	0.9177027391867614	1.0031340359979142
3	0.9485350580816181	0.9217468868729286	1.0290623940153134
3	0.9243375930657842	0.9016990229612678	1.025106570516367
3	0.9285007520792108	0.9134834711413408	1.0164395759882845
3	0.9279962561553258	0.9116081697791829	1.0179771166159168
3	0.9379961829848561	0.9123901679541342	1.0280647643191274
3	0.9177452971707867	0.902618673796339	1.0167585978593001
3	0.8793133494896154	0.8868404502667739	0.9915124521272183
3	0.9120146694314816	0.9185469009324697	0.9928885160960678
3	0.9226699103964647	0.9054868253824001	1.0189766261997328
3	0.9435282788630722	0.9235473643624389	1.021634964563433
3	0.8694014805262374	0.8841779415269517	0.9832879103778639
3	0.8929606903930734	0.9003062843852732	0.9918410055337831
3	0.8297777098900819	0.875329207283902	0.9479607249309505
3	0.9320254852049736	0.8972056508128842	1.0388092009457832
3	0.9367895880508676	0.9169209477902902	1.0216688693921316
3	0.9009634470858144	0.8919458617508126	1.0101100142079265
3	0.9133490834455337	0.9074561251088631	1.0064939319638881
3	0.8429542956433093	0.8869592761558203	0.9503866956516499
3	0.9143760974940683	0.9091087697105789	1.0057939467300117
3	0.9618915840502704	0.924167294459108	1.040819762631009
3	0.943489562747759	0.9289780330706514	1.0156209610566798
3	0.8772126174479156	0.8967076724165007	0.9782592972400372
4	0.8812054188534344	0.8980541837264391	0.9812385876283195
4	0.9038848401550535	0.9105159325838551	0.992717214283133
4	0.9607311540802947	0.92175039287067	1.042289931754978
4	0.954626986092579	0.9257853544224273	1.0311536918707742
4	0.8781991392142693	0.8914495287445402	0.985136130422401
4	0.9384708088192022	0.9196201926404577	1.020498262575792
4	0.9259900652984632	0.9076622948983615	1.0201922791142868
4	0.8588956665754014	0.8084247343141389	1.06243120740743
4	0.9167951797468148	0.9106960668429079	1.0066971991270925
4	0.9512339146978479	0.9207239654395696	1.0331369122598133
4	0.9521492920939966	0.9199147411972661	1.0350408026452291
4	0.9192226994402337	0.9134155719610288	1.0063575963203009
4	0.9354303704120791	0.9242340315281635	1.0121141815838604
4	0.9736061380756017	0.9366191708132763	1.0394898678298559
4	0.8864380977274432	0.8873986041016411	0.9989176156354559
4	0.938340034451821	0.9188677367059849	1.0211916220017059
4	0.9197412881343372	0.8805714108672528	1.0444823404254142
4	0.9738179582411195	0.9275854456564363	1.0498417830952116
4	0.9333114044127264	0.9186985392555426	1.0159060502795891
4	0.9418763397307677	0.9116114203073189	1.0331993640593555
4	0.8562715768554576	0.8950441640184396	0.9566808111580702
4	0.9431154628553646	0.9230732462545057	1.021712487803306
4	0.8898120631974811	0.8964557147087415	0.9925889796871684
4	0.8809870662378756	0.8971375294458312	0.9819977844222704
4	0.9131816853207236	0.9117894333189048	1.0015269446551394
4	0.9275356966568676	0.9180051336109922	1.0103818188994071
4	0.9337716826339849	0.9164998333111818	1.0188454473149247
4	0.887327635429169	0.8967937979336874	0.9894444380343291
4	0.9254243958955416	0.9136111243683455	1.0129303061358448
4	0.9619143661959277	0.929524120145383	1.0348460522417415
4	0.9652033885193574	0.9324418425864995	1.0351352164141203
4	0.9435537875323354	0.9290221243190105	1.0156418914393206
4	0.9059056582573908	0.9093890339668487	0.9961695428696088
4	0.9550403002949776	0.9303705934972345	1.0265160001510907
4	0.9283652511293932	0.9159524777783934	1.0135517656779602
4	0.9272518363133535	0.9182836767131021	1.0097662191190766
4	0.9568731175678876	0.9181245883215544	1.042203999042407
4	0.8751405097095897	0.9030634933320151	0.9690797116386595
4	0.9252624112925474	0.9167686451381603	1.009264896001223
4	0.9351264253172634	0.9142819322767428	1.0227987585717828
4	0.9263778696880054	0.9122255965310718	1.015514005757732
4	0.9616124258536471	0.9283915758541857	1.0357832307654191
4	0.9290614994797486	0.918755086020094	1.01121780289054
4	0.891142278172881	0.8946165331829183	0.9961164869179464
4	0.9253576191644204	0.9012757189952461	1.0267197924693026
4	0.9421455844629467	0.9147214577874418	1.0299808498445409
4	0.9296826772962458	0.9218028996207085	1.008548224006216
4	0.9507177102069122	0.9278329014203682	1.024664795515993
4	0.939881641067662	0.9190631956337296	1.0226518105967428
4	0.9444759402285718	0.9229064548712581	1.0233712585316381
4	0.9205788526067572	0.9177027391867614	1.0031340359979142
4	0.9485350580816181	0.9217468868729286	1.0290623940153134
4	0.9243375930657842	0.9016990229612678	1.025106570516367
4	0.9285007520792108	0.9134834711413408	1.0164395759882845
4	0.9279962561553258	0.9116081697791829	1.0179771166159168
4	0.9379961829848561	0.9123901679541342	1.0280647643191274
4	0.9177452971707867	0.902618673796339	1.0167585978593001
4	0.8793133494896154	0.8868404502667739	0.9915124521272183
4	0.9120146694314816	0.9185469009324697	0.9928885160960678
4	0.9226699103964647	0.9054868253824001	1.0189766261997328
4	0.9435282788630722	0.9235473643624389	1.021634964563433
4	0.8694014805262374	0.8841779415269517	0.9832879103778639
4	0.8929606903930734	0.9003062843852732	0.9918410055337831
4	0.8297777098900819	0.875329207283902	0.9479607249309505
4	0.9320254852049736	0.8972056508128842	1.0388092009457832
4	0.9367895880508676	0.9169209477902902	1.0216688693921316
4	0.9009634470858144	0.8919458617508126	1.0101100142079265
4	0.9133490834455337	0.9074561251088631	1.0064939319638881
4	0.8429542956433093	0.8869592761558203	0.9503866956516499
4	0.9143760974940683	0.9091087697105789	1.0057939467300117
4	0.9618915840502704	0.924167294459108	1.040819762631009
4	0.943489562747759	0.9289780330706514	1.0156209610566798
4	0.8772126174479156	0.8967076724165007	0.9782592972400372
5	0.6229138619417909	0.6957537933744127	0.8953078917768491
5	0.732769507557548	0.7330723217651768	0.9995869245112138
5	0.8862029821964608	0.7768810459150476	1.1407190159371807
5	0.8160203602588948	0.7497557879977611	1.0883815414591125
5	0.6729351104712384	0.6981478053227121	0.9638863079433168
5	0.75577308351979	0.7297703636555114	1.0356313727705078
5	0.8161495850299804	0.7508604244709919	1.0869524593801665
5	0.662566291943933	0.5843670103183033	1.1338187821092687
5	0.7227041439085966	0.710837317345428	1.0166941524784945
5	0.8259698927397089	0.7470542878210352	1.1056357030609518
5	0.8486850433303134	0.7673269787608692	1.1060278953058924
5	0.7263588896288092	0.7239553483926443	1.0033200130940414
5	0.7878461303862941	0.7470871177294408	1.0545572419729694
5	0.8984369536940274	0.7964064448139359	1.1281136152833733
5	0.661560377219055	0.6834420895311708	0.9679830776487204
5	0.7348167133135023	0.7222405412228199	1.0174127196866984
5	0.7324443608221253	0.6688946102675803	1.0950071200740021
5	0.8559234054351392	0.761605438677355	1.1238409837534535
5	0.7326085185454234	0.7274754782050307	1.0070559633887015
5	0.7445238091274347	0.6708949917701167	1.109747156053517
5	0.6925240241500983	0.7214269111513856	0.9599365000743336
5	0.8065858367749752	0.7632902248527679	1.0567223455934585
5	0.6393650604360614	0.677969746514237	0.9430583941589422
5	0.6327018800313807	0.6858365675408219	0.9225257298543235
5	0.7792226462267707	0.7455830905413541	1.0451184530767612
5	0.7643054824702858	0.7448850686860194	1.0260716915946833
5	0.8330702099924839	0.7703265138060746	1.0814507810154443
5	0.6960042607912231	0.6966937408547695	0.9990103541583415
5	0.7834691506225824	0.7420223830713863	1.0558564923333433
5	0.8158440531894481	0.7550683191603045	1.0804903774756847
5	0.8204645392268329	0.7603415591328605	1.079073647062697
5	0.8015104936053312	0.765985622566327	1.0463779867303296
5	0.6829678177808863	0.7092654334251789	0.9629227445678604
5	0.8011163482190125	0.7620611637297701	1.0512494092968783
5	0.7855910657563172	0.746700459025843	1.052083276848673
5	0.742213041103478	0.7341019561875863	1.0110489896499049
5	0.8396721001591902	0.7615469379254283	1.1025874550117516
5	0.5526354122280067	0.6754815594133862	0.8181354539240661
5	0.7673005262317625	0.7455337515683347	1.0291962297047428
5	0.8088775724540167	0.7616208449019464	1.062047576387112
5	0.7325556182019771	0.7370574872079838	0.9938921059969691
5	0.8477326550998504	0.7688600071229629	1.1025838868535056
5	0.8007077124642695	0.7509067393563048	1.066321116189016
5	0.7066697883604632	0.6957713400064776	1.015663836273975
5	0.8089271368298285	0.7271800821988756	1.1124165205182228
5	0.8510111810037603	0.753995648317054	1.1286685578401527
5	0.7369061800806462	0.7381403682792658	0.9983279762879022
5	0.8350310173355959	0.7653539828872729	1.0910389649838481
5	0.8155632898814469	0.760246144682907	1.0727621515550234
5	0.8263202150680853	0.7596566833864489	1.0877548149572769
5	0.7311208266316062	0.734831201691355	0.9949507110596166
5	0.7558448137241867	0.7414548734590418	1.0194077087901692
5	0.798491064114166	0.7395634161418967	1.0796789655709027
5	0.7792501438048025	0.7492295465497338	1.0400686243532655
5	0.7371898919585653	0.7106576504390836	1.0373347722396131
5	0.8280798437461386	0.7476914841726847	1.107515414144917
5	0.7295092842598356	0.7144187581311836	1.021122802217745
5	0.646623035020371	0.6562019362983579	0.9854025098858721
5	0.7133941973960468	0.7354698080522265	0.9699843414175717
5	0.7064331769605112	0.6930179371504536	1.019357709362067
5	0.7766580146353725	0.7501794354350901	1.035296327717815
5	0.6344385749482134	0.6645666467802288	0.954665085920301
5	0.6346835163209991	0.6721495634877823	0.9442593595205626
5	0.6227033244244848	0.6776622361335527	0.918899255737431
5	0.855645216804264	0.7465744437507492	1.1460949728007688
5	0.7974596350754375	0.7458251100961588	1.06923141133264
5	0.6478223167273529	0.659376695011631	0.982476817315974
5	0.6734852398959923	0.6875013160753967	0.9796130191293084
5	0.620205748310753	0.7023188970195373	0.8830828145771792
5	0.7707075304360458	0.7382479106365445	1.0439684546773906
5	0.7303821083961826	0.711638416393234	1.0263387860620938
5	0.7345083972839389	0.7339568469512238	1.0007514751514428
5	0.6312576276468432	0.6864818204684922	0.9195547628865671
6	0.4487131152732618	0.5433529478060646	0.8258225469928214
6	0.5378276827917952	0.5548840901982254	0.9692613147363136
6	0.6962481021845346	0.589998513570562	1.1800845021980984
6	0.6428201318662837	0.5810548368486138	1.106298564439559
6	0.43328020975572196	0.4433938760129587	0.977190333912187
6	0.6091303851132035	0.5687184792758136	1.0710578384737013
6	0.6980567026000695	0.5937434265774738	1.175687462552454
6	0.5410793733923562	0.5143764950334909	1.0519130998727435
6	0.565866767901166	0.5487889419251075	1.031119114601965
6	0.5364675305673283	0.5253711235306668	1.021121082868221
6	0.6417446362221503	0.5977365650365479	1.0736245258526413
6	0.5187832767084349	0.5281663367631518	0.9822346495760774
6	0.6223230411898	0.5775948969019318	1.077438607106431
6	0.7072713142317566	0.6075524849453773	1.1641320408644937
6	0.547823038705322	0.5449436903653386	1.0052837538829984
6	0.6174904651584064	0.5729391547584715	1.0777592350425345
6	0.5673512126767348	0.5096259621262661	1.1132698387453162
6	0.7051891398692909	0.5963228932744965	1.182562581149608
6	0.43596867658064775	0.5071816580338762	0.8595907791119846
6	0.5812884212499577	0.489042645014377	1.188625219448641
6	0.47269308680765415	0.5291611367429823	0.8932876093605584
6	0.47384652715634723	0.5303749591185486	0.8934179847854276
6	0.5593715841235722	0.5664299358335598	0.9875388794562906
6	0.49456350517530756	0.5026540003447829	0.983904444878732
6	0.6039202777686229	0.5684750826038751	1.0623513611228
6	0.5441799624556378	0.5514769452634193	0.9867682903692447
6	0.6163159372456508	0.5892187015037657	1.0459884176668686
6	0.5419455490397777	0.5666637121339692	0.9563794847545352
6	0.6625595759815164	0.59289540225421	1.1174982525795285
6	0.6490032843484344	0.5480026181619017	1.184306904454776
6	0.6803249701748162	0.5866703858593769	1.1596374839651238
6	0.6419189612913818	0.5868121953894179	1.0939086923123578
6	0.4980972386657621	0.5297947004592568	0.9401702928209409
6	0.601956935823119	0.5822264450371402	1.0338880017459877
6	0.6780132048648033	0.5977256807801213	1.1343216908129072
6	0.5735011548701202	0.5532555898860442	1.0365935118491005
6	0.6485743735180428	0.5821724084486408	1.1140589353012251
6	0.4606332548847563	0.5331013165314903	0.8640632476426209
6	0.5084025165722207	0.5496205013613377	0.9250064641201966
6	0.6907020561712884	0.6125756954441145	1.1275374803607459
6	0.5889776562838855	0.5216603110783604	1.1290444064382985
6	0.682066732307657	0.6022894258934932	1.132456760793724
6	0.6479867053502385	0.5918976626716462	1.0947613856514036
6	0.5194337421363494	0.5371893993391355	0.9669471191638749
6	0.6619711198929172	0.5247325225584796	1.2615401017365813
6	0.6692952102920409	0.5738972944550488	1.1662282027789979
6	0.5286629265181682	0.5560793631126996	0.9506968997355599
6	0.5968075496852042	0.559071637542864	1.067497454008203
6	0.587421428746126	0.5584369241653799	1.0519029156678086
6	0.6069122824539763	0.565020078988547	1.0741428579678467
6	0.519139339876482	0.542204504124103	0.9574603971892831
6	0.6300440587258277	0.5871820971339201	1.07299602934272
6	0.6621269242957635	0.5485119437238228	1.2071331023361382
6	0.5843757962151996	0.5711743342326233	1.0231128417216306
6	0.6139587330264861	0.5321206945947883	1.153796007678329
6	0.6272626541674838	0.5652048856898929	1.109796942752614
6	0.5980830415806042	0.5410727510680198	1.1053652958868325
6	0.5280521978259458	0.5247228911213739	1.0063448855784753
6	0.5016509566781978	0.5508252385227925	0.9107261642976442
6	0.6177583703660678	0.5670199239140219	1.0894826518648744
6	0.6223616408268667	0.5826739300749808	1.068113070970549
6	0.40071807324017306	0.44318378613120335	0.9041803553741508
6	0.41909835533034107	0.4818515895464413	0.8697664683950326
6	0.5808165077824013	0.5446298202047343	1.0664427217078638
6	0.731786370924207	0.6103206104428789	1.1990195946245146
6	0.6080531354636051	0.5469455519092619	1.1117251677813826
6	0.44276077159976507	0.5132863665839671	0.8625999060649803
6	0.5947652387736723	0.5607245134126176	1.06070846654069
6	0.620048777029999	0.581333298097443	1.0665977315582333
6	0.4383351945220971	0.4859214846496381	0.9020700017784727
6	0.6343536731221814	0.5719893000374765	1.1090306638264367
6	0.5995017861685396	0.5711910855628513	1.0495643250065623
6	0.4201211160876209	0.4953211012052797	0.8481793225956407
7	0.16809210753009401	0.33480324452376664	0.5020623613405923
7	0.2922528250000268	0.35540138542801514	0.8223176301017016
7	0.4574155311610715	0.3787713929651012	1.2076295614099248
7	0.519944504233419	0.40083291921299935	1.2971601864794062
7	0.269078592522201	0.30625229832553	0.8786173817908288
7	0.46083275770593446	0.389069631407517	1.1844480280786853
7	0.43205113469105433	0.37334024289662426	1.1572584068058442
7	0.5338136695679752	0.3608280858366333	1.4794127467385174
7	0.4485464731384425	0.39423803394168305	1.1377554536120502
7	0.3762487409143003	0.32968789708775936	1.1412270339245936
7	0.38711237137452387	0.3817347405196558	1.0140873498899983
7	0.23479894337952265	0.3048032097581005	0.7703296286343736
7	0.4150198725118188	0.36348919758181614	1.1417667299958862
7	0.542646626609923	0.40204655315451837	1.349710928628128
7	0.36149428805738565	0.3351788141094312	1.078511746089545
7	0.4272081111678746	0.35696205213245497	1.1967885903159086
7	0.3786871098953392	0.29838019405662936	1.2691429171182471
7	0.5202708383560508	0.41883713203745376	1.242179354598213
7	0.28214654911563136	0.32947821678689	0.85634356003003
7	0.41377250845985375	0.2976317644617604	1.3902162264438516
7	0.3067458915660168	0.3505558196398336	0.8750272406864396
7	0.2892841333325721	0.3311767962217929	0.8735036289765759
7	0.40421973807813105	0.3665396819687992	1.1027993910698577
7	0.39105987972331024	0.3377636792235651	1.1577913901881336
7	0.34757820435916925	0.34789772110282646	0.9990815785092114
7	0.35819179549889163	0.35193764082466905	1.0177706330575147
7	0.42920055341915037	0.3789862079678347	1.132496498277788
7	0.40255269601831195	0.35871671998234483	1.1222022102513778
7	0.4346736486954913	0.38813502658038107	1.1199031752561304
7	0.442980992566384	0.3647274070263993	1.2145536201350524
7	0.4879403790114713	0.36573683412246266	1.3341297170196706
7	0.5148949762346784	0.33730954949122216	1.5264761315276
7	0.3576791856695421	0.3362057620546554	1.063869885761791
7	0.3412043710054297	0.35872230979817094	0.9511657393079416
7	0.44537416136471697	0.3849672675776022	1.1569143635697232
7	0.3607754383683477	0.35321435314076155	1.0214065061636182
7	0.4510603847919315	0.37386965691989804	1.206464275565887
7	0.27865407523652086	0.3357348420374761	0.8299825944350939
7	0.2937799341401364	0.34115024667946764	0.8611453076748362
7	0.48968004686581673	0.4027002412424594	1.215991441562083
7	0.48249872292739504	0.32661431992305634	1.4772736328311076
7	0.5363276810126187	0.36648432113344953	1.4634396346176115
7	0.47184478300118826	0.40367080360893887	1.1688850884997217
7	0.3394807622287507	0.35367278839630584	0.9598724396301239
7	0.5207153714260578	0.34260406052692405	1.5198750727740913
7	0.4162044390519817	0.36915088313333283	1.1274642918886195
7	0.24427878316868884	0.3274280269110301	0.7460533707918202
7	0.46456131924891486	0.3698215616050226	1.2561769444505142
7	0.38467231698472176	0.3684567386523999	1.0440094497704913
7	0.46847279452360785	0.36900770058537485	1.2695474749726
7	0.28475013721129094	0.3522539908213708	0.8083659649882823
7	0.40486190486330964	0.3455369551323095	1.1716891604496662
7	0.5717045081990729	0.35044153120272153	1.6313834328852888
7	0.42340090495903554	0.39197351486441	1.0801773306175975
7	0.4945112387426283	0.33478125422262967	1.4771174685120756
7	0.4650299704039653	0.39059958261704086	1.190554191810028
7	0.3542027731270478	0.31675634387293977	1.1182184034461797
7	0.29851537362864927	0.319574270618458	0.9341032776229
7	0.33276147234969755	0.3658976279454268	0.9094387253019539
7	0.39755864905090815	0.34510075946472873	1.1520074591187357
7	0.45854088494564543	0.35889999073928297	1.27762857837114
7	0.2583847034125127	0.2850640810624309	0.9064091920999501
7	0.30963763913152037	0.30617115207580003	1.0113220564126242
7	0.403011225885158	0.3627771639107585	1.1109057183772926
7	0.5552891855568298	0.4101467214820925	1.3538793716313404
7	0.4880639046326224	0.3677044559842713	1.3273265980042936
7	0.22655087206357663	0.3245147255050413	0.6981220088271686
7	0.2866610047040878	0.3113050550652806	0.9208363309229753
7	0.4792687385420413	0.40496894143793105	1.1834703590855449
7	0.30139035206066106	0.28144454833743965	1.0708693909370284
7	0.37627153798435126	0.3143223479373924	1.1970880863338997
7	0.4124384398565961	0.36312395538873665	1.1358061998830857
7	0.3296803363567536	0.34700036899870057	0.9500864143403495
8	0.1584451392912274	0.2601658406670471	0.609015921863474
8	0.16152615841805898	0.26294317326598493	0.6143006354253748
8	0.2939171862782131	0.21165782885828233	1.388643112629717
8	0.4107496972614901	0.34390103480512013	1.1943834292160573
8	0.2310391324628332	0.3036481247773142	0.7608778504140933
8	0.366609624254687	0.3281038489269207	1.1173584993095975
8	0.43249571841962237	0.3307167986324322	1.3077524946058459
8	0.5736434596798572	0.3616284145852698	1.5862787229751703
8	0.34903346472787566	0.311117732745533	1.1218694018105178
8	0.24399766249680863	0.20386866878760282	1.1968374735944027
8	0.36444196901246023	0.3234093931751555	1.1268750280703252
8	0.1475427166265796	0.24377383671667655	0.6052442649867282
8	0.30824314171141953	0.2843945847659952	1.083857282180838
8	0.43605492336322144	0.3109608649811181	1.4022823206055182
8	0.4525758447070523	0.35886010292465936	1.261148400222323
8	0.5080185253227063	0.36625386282437655	1.3870666684717199
8	0.582001066260697	0.23984427834622205	2.4265789047531996
8	0.5070449238278001	0.37252347698503996	1.3611086418807434
8	0.1898309746485637	0.25597315238461477	0.7416050194331765
8	0.43734631724014217	0.3138298108837081	1.393577990595049
8	0.2681837193811468	0.3172057656251894	0.8454566355456254
8	0.24410607719936478	0.29558528439083565	0.825839749439614
8	0.3638304812278671	0.33487538804733075	1.0864652769777272
8	0.4351874897513863	0.32419720761623144	1.342354219986187
8	0.3023144692498388	0.3335279288270408	0.90641425536094
8	0.2498517492613259	0.2877256705110242	0.8683679451248435
8	0.4920095125449273	0.31619353838053543	1.556039111567167
8	0.2696541805874447	0.30283639891494063	0.8904285665580908
8	0.5059591427526989	0.3942186784403605	1.2834479197038937
8	0.35456303867411615	0.26135803977372524	1.3566180668522176
8	0.42686194348642575	0.2928712801221343	1.4575070089099011
8	0.5767585903196967	0.26012866661071654	2.217205038700398
8	0.30112515667253326	0.28272391164757293	1.0650855632186436
8	0.4133169098178396	0.34480061833392867	1.1987127860007345
8	0.3647024260719156	0.33337074521866195	1.0939844941484078
8	0.3624762268704879	0.31260805887996507	1.1595229763723756
8	0.367345068405468	0.3042189525305505	1.2075022458325577
8	0.1601693782455051	0.2733403985811685	0.5859703837299511
8	0.24500785992971572	0.28378717226409705	0.8633507215107924
8	0.5087294448122687	0.347577650213362	1.4636425687899752
8	0.561945190633612	0.30747238878494654	1.8276281420074105
8	0.4068915010948571	0.2719049887713189	1.4964473543994676
8	0.36731546437477874	0.35064789389396045	1.0475336392177468
8	0.419296242220034	0.3502057202990109	1.1972855322352602
8	0.3673416190738773	0.2510235142844411	1.463375334063857
8	0.31021986290411113	0.2966966778888108	1.0455791588619276
8	0.2180257485283582	0.25508546614665734	0.8547164674721521
8	0.3232875195383378	0.2391942226150714	1.3515690972962813
8	0.1844651566633267	0.2595464115299689	0.7107212755358291
8	0.3770397823878524	0.2576601578053705	1.463322019202744
8	0.39206683725713437	0.33732668976643093	1.1622763604285393
8	0.44455763908369	0.2972705812668834	1.4954646275090886
8	0.42532073487801936	0.27768009440976466	1.5316932810112978
8	0.4630984703449434	0.358475461832311	1.2918554256904016
8	0.5243919818566166	0.25145696538463835	2.0854144209307792
8	0.39767681713243375	0.2747581377071763	1.447370478090291
8	0.43258670721199804	0.27187832075137186	1.5911040866240722
8	0.36982042060327813	0.3319647664179025	1.1140351567844402
8	0.15091390921332729	0.27950262212170257	0.5399373646935431
8	0.3349894261544392	0.2994663444901089	1.1186212818833257
8	0.45097516189448056	0.30364121364160257	1.4852238155877646
8	0.2188653234833656	0.29122568861407294	0.7515316541096826
8	0.3771231844631743	0.3195807611119483	1.1800559681722176
8	0.3565467232173456	0.3289026972571368	1.0840492528360042
8	0.6012034468541974	0.37809007676101003	1.5901063894734715
8	0.5415235466549373	0.32255836988950837	1.678838924069572
8	0.21812154801768732	0.2892315143654514	0.7541417071933771
8	0.22358583733013485	0.2823943748575113	0.7917503223743403
8	0.47584782122637215	0.3649015008427549	1.304044571281242
8	0.2778827804852704	0.21284455722654694	1.3055667671572087
8	0.37120975698319625	0.3029141340275462	1.2254619883449858
8	0.46856390952459215	0.31360407168381255	1.49412572039886
8	0.2185335361627612	0.2921505811915799	0.7480167770724243
9	0.23743863322838862	0.3535918429833344	0.6715048379653363
9	0.20410728283544854	0.3331041229793929	0.6127431897565417
9	0.3469075256260823	0.292229183630274	1.187107739605456
9	0.5079438311729105	0.44873902027894513	1.1319359543486156
9	0.33267022890314246	0.39897365382374006	0.8338150294257541
9	0.4723144401604483	0.43303994265233037	1.0906948612351213
9	0.5259076028820705	0.4318372748303069	1.217837443719348
9	0.6579610509322452	0.4493040107605983	1.4644005732742618
9	0.4837150704455281	0.4232077802492725	1.1429730099966884
9	0.28245358973855433	0.25420987574190423	1.1111039211762392
9	0.44106649196450687	0.41749827130059247	1.0564510616786378
9	0.2258824577324154	0.33649906332362217	0.6712721738401299
9	0.42146884674873986	0.38698451128571326	1.0891103764035832
9	0.524006847270115	0.4101558193683149	1.2775799404166526
9	0.5696912733364041	0.4681347435522647	1.2169386724290443
9	0.6371332033872369	0.48787271390876985	1.3059414581369233
9	0.6381979090215683	0.3212441080747523	1.9866447134123375
9	0.6251488277057559	0.4806358605740046	1.3006703806061517
9	0.2237868575139737	0.32975295102176694	0.6786500524727724
9	0.5131165394585687	0.40503962246655756	1.266830480272173
9	0.3935220291808438	0.4231185790470714	0.9300514056062401
9	0.38449857002048715	0.410118411572558	0.937530623280642
9	0.508329897125554	0.4548201733915011	1.1176502865628009
9	0.5758442629400968	0.435130503174859	1.3233828902789915
9	0.42266218138174055	0.44160116111667447	0.957112930393926
9	0.3853059703871579	0.39636720231286987	0.9720934732713308
9	0.5715735719504024	0.3985414475579805	1.434163436331798
9	0.3716848715031085	0.4079241217309305	0.9111617864762466
9	0.6149332649815377	0.5001639338019933	1.229463428734507
9	0.46161384759083757	0.3563608383943193	1.2953551508935839
9	0.47658242337553314	0.3789028479862417	1.2577958331757861
9	0.6758733464135469	0.35861748897554296	1.8846636519158724
9	0.32970798279512503	0.3498806498805604	0.9423441476620049
9	0.5216523027856773	0.4497346099786207	1.1599114037731617
9	0.5095204007249584	0.44831240713562276	1.1365297783757724
9	0.4542657259790574	0.4194040985740916	1.0831218090702734
9	0.4589789823368563	0.4067987386142547	1.1282704167184778
9	0.29687802535426955	0.3916904126562384	0.7579404952523574
9	0.3364029253574747	0.3862745998686017	0.8708906189325113
9	0.593824651978618	0.44162094845381855	1.3446478344328718
9	0.6411919017475359	0.41137662776166245	1.5586493215142514
9	0.48502676392077054	0.3641675406682568	1.3318780774111112
9	0.5168759210657057	0.47151162557968695	1.0962103435524986
9	0.525936380389386	0.4572857869883991	1.1501262347406578
9	0.46777011893319503	0.3353017519858121	1.3950720989760537
9	0.4080290058427814	0.39040416606219613	1.0451451119447772
9	0.28487173397060506	0.3414716199641029	0.8342471740420246
9	0.4242408729563977	0.3257552084093793	1.3023302836136101
9	0.28006588819970185	0.35790113902843773	0.7825230424244296
9	0.5462265103181899	0.38147901032873166	1.4318651761403347
9	0.49219617415093725	0.44174989370526596	1.1141964744406456
9	0.5080327150575847	0.3693508500066726	1.375474606457266
9	0.4813301082112711	0.3557421817163768	1.353030742345371
9	0.5769873444784497	0.4626630925697178	1.2471004360294948
9	0.6254666615046519	0.3370597718247178	1.855655031505555
9	0.5425666865566796	0.38420319871597786	1.4121868021139823
9	0.5517425088323993	0.3701427015730879	1.4906210671925215
9	0.4780899380102364	0.4322908878181316	1.105944981684122
9	0.1437840876896651	0.3336124047297474	0.43099143092758097
9	0.4729842899689055	0.42668876072618156	1.108499528236773
9	0.5890273708977757	0.42902200054818784	1.3729537649471102
9	0.34147369006898215	0.4061186211480586	0.8408225387539942
9	0.5133932041494652	0.4321950492081672	1.187873866417634
9	0.4389437460778078	0.4294683944984341	1.022062977627119
9	0.7186260042038962	0.47975070077938553	1.4979154861815576
9	0.6171182991561178	0.4236344999604387	1.4567234236440791
9	0.3649808482529663	0.4070451679146361	0.8966593317464676
9	0.31004536276527367	0.383585950817159	0.8082813307024913
9	0.5459879989838398	0.45208313826309565	1.2077159105768174
9	0.3283421004071444	0.2792681103350899	1.1757235726383914
9	0.47419640594498197	0.4032268471680997	1.1760040515042791
9	0.5500073868595926	0.4248937232515223	1.294458724056056
9	0.3168063362357364	0.3864688982899524	0.8197460070850231
