1.0	0.9999906023175544	1.000009397770763
1.0	0.9999906023175544	1.000009397770763
1.0	0.9999906023175544	1.000009397770763
1.0	0.9999904669042627	1.0000095331866181
1.0	0.9999906023175544	1.000009397770763
1.0	0.9999905350952194	1.0000094649943658
1.0	0.999991422337862	1.0000085777357148
1.0	0.9999906023175544	1.000009397770763
1.0	0.9999906023175544	1.000009397770763
1.0	0.9999918127839794	1.0000081872830517
0.9994715756181195	0.9997318694230428	0.9997396363836301
1.0	0.9999902563056824	1.000009743789258
1.0	0.9999905350952194	1.0000094649943658
1.0	0.9999905350952194	1.0000094649943658
1.0	0.9999906023175544	1.000009397770763
1.0	0.9999918127839794	1.0000081872830517
1.0	0.9999906023175544	1.000009397770763
1.0	0.999991422337862	1.0000085777357148
1.0	0.9999906023175544	1.000009397770763
1.0	0.9999904669042627	1.0000095331866181
1.0	0.9999904669042627	1.0000095331866181
1.0	0.9999905350952194	1.0000094649943658
1.0	0.9999906023175544	1.000009397770763
1.0	0.9999905350952194	1.0000094649943658
1.0	0.9999906023175544	1.000009397770763
1.0	0.9999905350952194	1.0000094649943658
1.0	0.9999906023175544	1.000009397770763
1.0	0.9999905350952194	1.0000094649943658
1.0	0.9999906023175544	1.000009397770763
1.0	0.9999918127839794	1.0000081872830517
1.0	0.9999906023175544	1.000009397770763
1.0	0.9999905350952194	1.0000094649943658
1.0	0.9999906023175544	1.000009397770763
1.0	0.9999905350952194	1.0000094649943658
1.0	0.9999906023175544	1.000009397770763
1.0	0.9999906023175544	1.000009397770763
1.0	0.9999906023175544	1.000009397770763
1.0	0.9999906023175544	1.000009397770763
1.0	0.9999906023175544	1.000009397770763
1.0	0.9999906023175544	1.000009397770763
1.0	0.9999906023175544	1.000009397770763
0.9983882828890931	0.9989397393442419	0.9994479582366893
1.0	0.9999903275315181	1.0000096725620395
1.0	0.9999905350952194	1.0000094649943658
1.0	0.9999906023175544	1.000009397770763
1.0	0.9999906023175544	1.000009397770763
1.0	0.9999906023175544	1.000009397770763
1.0	0.9999906023175544	1.000009397770763
1.0	0.9999906023175544	1.000009397770763
1.0	0.9999905350952194	1.0000094649943658
1.0	0.9999906023175544	1.000009397770763
1.0	0.9999905350952194	1.0000094649943658
1.0	0.9999905350952194	1.0000094649943658
1.0	0.9999906023175544	1.000009397770763
1.0	0.9999905350952194	1.0000094649943658
1.0	0.9999906023175544	1.000009397770763
1.0	0.9999906023175544	1.000009397770763
1.0	0.9999906023175544	1.000009397770763
1.0	0.9999906023175544	1.000009397770763
1.0	0.9999905350952194	1.0000094649943658
1.0	0.9999906023175544	1.000009397770763
1.0	0.9999906023175544	1.000009397770763
1.0	0.9999904669042627	1.0000095331866181
1.0	0.9999918127839794	1.0000081872830517
1.0	0.9999906023175544	1.000009397770763
1.0	0.9999906023175544	1.000009397770763
1.0	0.9999906023175544	1.000009397770763
1.0	0.9999906023175544	1.000009397770763
1.0	0.9999906023175544	1.000009397770763
1.0	0.9999906023175544	1.000009397770763
1.0	0.9999906023175544	1.000009397770763
1.0	0.9999906023175544	1.000009397770763
1.0	0.9999906023175544	1.000009397770763
1.0	0.9999906023175544	1.000009397770763
1.0	0.9999906023175544	1.000009397770763
1.0	0.9999906023175544	1.000009397770763
1.0	0.9999906023175544	1.000009397770763
1.0	0.9999904669042627	1.0000095331866181
1.0	0.9999906023175544	1.000009397770763
1.0	0.9999906023175544	1.000009397770763
1.0	0.9999906023175544	1.000009397770763
1.0	0.9999906023175544	1.000009397770763
1.0	0.9999906023175544	1.000009397770763
1.0	0.9999906023175544	1.000009397770763
1.0	0.9999906023175544	1.000009397770763
1.0	0.9999905350952194	1.0000094649943658
1.0	0.9999906023175544	1.000009397770763
1.0	0.9999906023175544	1.000009397770763
1.0	0.9999906023175544	1.000009397770763
1.0	0.9999906023175544	1.000009397770763
1.0	0.9999906023175544	1.000009397770763
1.0	0.9999905350952194	1.0000094649943658
1.0	0.9999906023175544	1.000009397770763
1.0	0.9999914845850473	1.0000085154874656
1.0	0.9999906023175544	1.000009397770763
1.0	0.9999906023175544	1.000009397770763
1.0	0.9999906023175544	1.000009397770763
1.0	0.9999906023175544	1.000009397770763
1.0	0.9999904669042627	1.0000095331866181
1.0	0.9999905350952194	1.0000094649943658
1.0	0.9999906023175544	1.000009397770763
1.0	0.9999906023175544	1.000009397770763
1.0	0.9999906023175544	1.000009397770763
1.0	0.9999906023175544	1.000009397770763
1.0	0.9999906023175544	1.000009397770763
1.0	0.9999906023175544	1.000009397770763
1.0	0.9999905350952194	1.0000094649943658
1.0	0.9999914845850473	1.0000085154874656
1.0	0.9999906023175544	1.000009397770763
1.0	0.9999906023175544	1.000009397770763
1.0	0.9999906023175544	1.000009397770763
1.0	0.9999906023175544	1.000009397770763
1.0	0.9999906023175544	1.000009397770763
1.0	0.9999906023175544	1.000009397770763
1.0	0.9999906023175544	1.000009397770763
1.0	0.9999906023175544	1.000009397770763
1.0	0.9999906023175544	1.000009397770763
1.0	0.9999906023175544	1.000009397770763
1.0	0.9999906023175544	1.000009397770763
1.0	0.9999906023175544	1.000009397770763
1.0	0.9999906023175544	1.000009397770763
1.0	0.9999906023175544	1.000009397770763
1.0	0.9999906023175544	1.000009397770763
1.0	0.9999918127839794	1.0000081872830517
1.0	0.9999906023175544	1.000009397770763
1.0	0.9999906023175544	1.000009397770763
1.0	0.9999906023175544	1.000009397770763
1.0	0.9999906023175544	1.000009397770763
1.0	0.9999905350952194	1.0000094649943658
1.0	0.9999906023175544	1.000009397770763
1.0	0.9999906023175544	1.000009397770763
1.0	0.9999905350952194	1.0000094649943658
1.0	0.9999906023175544	1.000009397770763
1.0	0.9999906023175544	1.000009397770763
1.0	0.9999906023175544	1.000009397770763
1.0	0.9999906023175544	1.000009397770763
1.0	0.9999906023175544	1.000009397770763
1.0	0.9999906023175544	1.000009397770763
1.0	0.9999906023175544	1.000009397770763
1.0	0.9999906023175544	1.000009397770763
1.0	0.9999905350952194	1.0000094649943658
1.0	0.9999906156476005	1.0000093844404665
0.9297999585677175	0.9007443785594919	1.0322572981856324
0.9307460786198956	0.8448541536501676	1.1016647957504078
0.8959716521281932	0.893212652082751	1.0030888501623985
0.8849283734346969	0.8899449498355504	0.9943630486337605
0.9726866572415418	0.9142418438348215	1.0639270820963207
0.9637051226737541	0.9044051727048775	1.065567902261686
0.9497281478021222	0.9061907574169882	1.0480443990724793
0.9610585934489727	0.9161940295849301	1.0489684088908198
0.9244061275045983	0.8901517987962856	1.0384814463719934
0.8334549610861168	0.8564388403809868	0.9731634318632191
0.9174790174233806	0.8862425814352669	1.0352459209729308
0.9232516467054765	0.9013457912913467	1.0243034977538927
0.9224181763599997	0.8914254430911077	1.0347676112557675
0.9190521653492354	0.8829162293690541	1.0409279326601626
0.8305324900793067	0.7257748870241647	1.1443389746987127
0.796162613833404	0.7734983834420104	1.0293009408636893
0.894219154514181	0.8881259997585326	1.0068606872868322
0.8708462735423751	0.8608659424139711	1.0115933627254645
0.9601888971388857	0.9136215270603981	1.050970088487647
0.931441687656236	0.8994025145513476	1.0356227301864624
0.9719762071476797	0.9041858066699558	1.074973971033001
0.9523554602936727	0.9084117443653241	1.0483742269966474
0.9167299187080278	0.9027750213516658	1.0154577796530837
0.8847963702809276	0.8732383629871757	1.0132357988192529
0.9270684401533746	0.9049702180263045	1.0244187285801132
0.9662629827610019	0.9201800371279264	1.0500803579448539
0.9728382736052122	0.9161965763936402	1.0618226466579113
0.9736699128893335	0.9230939005039991	1.054789672380806
0.8386780170058795	0.8555522527600877	0.9802767911605978
0.8895406061446813	0.8620724178258914	1.031862970848857
0.9310981422898689	0.8855810131914552	1.0513980408572436
0.9273803069792228	0.9060211178266699	1.0235747144655838
0.9745612502926857	0.9133671038324748	1.066998413018644
0.9674988526104944	0.9067092191306146	1.0670442432891187
0.9581317291258973	0.873741724587333	1.0965846109483
0.9635354007758281	0.9108495148473311	1.0578425799977813
0.863051485918658	0.8629171518524763	1.000155674349378
0.9232958158576896	0.87158239590219	1.0593327953830116
0.8963374629037257	0.8523464509424848	1.0516116561670406
0.9346143043889452	0.8952670543858807	1.0439502937255467
0.9435659128650815	0.9069591259441513	1.0403621132130099
0.909024412055205	0.8968933213443878	1.0135256784972302
0.944177625709629	0.9140447635081161	1.032966506023034
0.8664020423234401	0.8066613631012794	1.074059180165122
0.8544364654109774	0.8627232411876594	0.9903946301883857
0.8722384257636966	0.8800909423703823	0.991077607746381
0.946530771001812	0.9061856437307536	1.044521922798245
0.964107943265945	0.8868384738048576	1.0871291353988888
0.9590973187916042	0.9040136744973495	1.0609323131366153
0.9151802851449237	0.8980227211979376	1.0191059352307905
0.8943832004578198	0.882994161550438	1.0128982040916148
0.9492326474152849	0.9111626298153004	1.0417818031098374
0.9684158569157709	0.8967361128332743	1.0799340442039538
0.8896284381776072	0.8316125101102931	1.0697631737882582
0.8978996827407822	0.8886679810474223	1.0103882461056817
0.9070745650430524	0.881043293942212	1.0295459613390439
0.9641214464574123	0.9183394432927559	1.049853029290022
0.9419735992186453	0.9108960711285138	1.0341175344533318
0.9646585396766042	0.9213112468575606	1.0470495643756592
0.937387008323687	0.9094808628910522	1.0306835982715754
0.8526815690681133	0.8616433518873634	0.989599196930354
0.9148532268920263	0.9001030199751745	1.0163872430038716
0.9299287218561154	0.9087476996792022	1.023307923843318
0.9631015477778402	0.9159558749309247	1.051471554620981
0.9513284123340077	0.9043814744460908	1.0519105479429138
0.8976221038990431	0.8893645360080233	1.0092847955553572
0.8889072830116032	0.8778249723515937	1.012624738426296
0.9678265505753189	0.9136138097096419	1.059338793141608
0.9677706375970623	0.9042104992409078	1.070293519495199
0.944522725022456	0.9039182461844902	1.044920521307497
0.8777397690715695	0.8287585535378647	1.0591019125227852
0.9156769889106597	0.8949446057210668	1.0231661077758982
0.9180075986040196	0.8851881614791465	1.0370762269007665
0.9706682063178926	0.9189177375421441	1.0563167590106237
0.8710946460582122	0.8772093550839549	0.993029361816191
0.9744163932661263	0.9173336019882011	1.0622268618027353
0.9234394562510075	0.8913286967842702	1.036025721580138
0.8948503040681143	0.8824360049601768	1.0140682146219744
0.9696248290244031	0.91591643953995	1.0586389622086376
0.9674260115039897	0.9184603867001799	1.0533127236763384
0.924623811128724	0.9009011069810144	1.0263321955804963
0.9121785132292615	0.8945267307210969	1.0197330967336606
0.8757549793817347	0.8365067126051904	1.0469192490450085
0.8933431748441223	0.8792650165910252	1.0160112798615362
0.8968606198479148	0.873003734398396	1.0273273578445332
0.9587303758765687	0.8979913396257464	1.0676387773139733
0.9096895113482585	0.8835593326993845	1.0295737679200818
0.9616615801205045	0.8985913793315172	1.0701878542791126
0.9219680230135928	0.9030108540500333	1.020993290256187
0.8930051188415487	0.894606729394403	0.9982097043312669
0.9593777659587843	0.9117247271315613	1.052266915011889
0.9532520775822683	0.9131312773126773	1.043937603788653
0.9502595037604437	0.9102414875814272	1.0439641751392228
0.927731173868873	0.89860823064063	1.0324089433361643
0.9515628018671702	0.9127395749456265	1.0425348346748924
0.9362554534587202	0.8961639943074305	1.0447367439508357
0.9519635745655581	0.9057169853216163	1.0510607507570588
0.9197494272972758	0.9042802424586966	1.0171066270302658
0.9605913685491144	0.9115722917906559	1.0537742066097329
0.9256756600335218	0.8961778419038683	1.032915138882465
0.9405623827462467	0.8967312721692694	1.0488787577029026
0.9011866240352588	0.8804641941065783	1.0235358008507183
0.9546809801271181	0.9076832558479321	1.0517776702130328
0.9002316198335188	0.8827358067577831	1.0198199879757868
0.918767156769541	0.886295891392885	1.0366370482950393
0.9317476378805717	0.906094608575115	1.0283116454536656
0.8984577343905531	0.8886580973230466	1.01102745487497
0.9814160552777249	0.9063940015858328	1.0827698038166989
0.9149362306336248	0.8749430785457608	1.0457094330688763
0.9367156354213144	0.8697255881289966	1.0770243490667335
0.815161590734844	0.8411612935606285	0.9690907046902645
0.8409917720110485	0.8541334101673191	0.9846140684817652
0.9575716734669513	0.9112488868714849	1.0508343958087045
0.9549399300307201	0.8868954969698357	1.0767220414280654
0.9091399847415982	0.8726857606059746	1.0417724521027025
0.896851750880779	0.8815722551470359	1.017332096880924
0.9514259116548007	0.8964723408478381	1.0612997951001928
0.9421837016466877	0.9040070809034033	1.0422304443734371
0.8575543803029728	0.848153744007511	1.011083646522674
0.8824002855573543	0.8697726458916347	1.0145183223746643
0.8476527875921086	0.8744969061596366	0.9693033578753134
0.8654939322949275	0.8600601967370928	1.006317854934398
0.9282534474626285	0.8979160528374882	1.0337864486655202
0.8817642856535706	0.7897946983743742	1.1164474609268666
0.9315455548181794	0.8785578480258284	1.0603121432600227
0.9197504905205538	0.8825760969781548	1.0421203267000774
0.9489180843008758	0.9124174834844542	1.040004275977953
0.937823760708417	0.8906389754110726	1.0529785767297757
0.8992750821477076	0.8625268770469366	1.0426052869524334
0.815629506628748	0.8465449366937935	0.9634804619046136
0.9432147265767343	0.9095854257550693	1.0369721192418497
0.912694924545747	0.8591516642460773	1.0623210808148233
0.9241204483375671	0.8374825216583401	1.1034504296372312
0.8882765830659463	0.8730473434840377	1.0174437728899488
0.9374888476221022	0.8954098206455895	1.0469941539687087
0.9391172595460148	0.8877590272394529	1.057851546118617
0.9467898980622532	0.8949362754341279	1.0579411339684175
0.9519736040334182	0.8923418761354699	1.0668261005033182
0.9171730294667757	0.902143181362513	1.0166601581819452
0.9600350077012756	0.9172784897498456	1.0466123630164819
0.8362610886519211	0.8381881172182607	0.9977009593350774
0.9300243397582948	0.9085938659453151	1.0235864170078708
0.8666266628269813	0.7159558123825966	1.2104471363155416
0.8682799160489113	0.8308319189924914	1.045072891640744
0.8083184382654067	0.7879612210972291	1.025835303341236
0.8918997081071958	0.8338032588394303	1.0696764478333052
0.9104736601152987	0.8378780157127368	1.0866422594234184
0.9100894530338287	0.8442884798228776	1.0779365996143349
0.8978307009866366	0.84395793407888	1.0638334740777748
0.8248151535772006	0.8003298531837288	1.0305940110768936
0.9139352113311663	0.795026407493562	1.1495658543122886
0.7375057909084883	0.7393786024985062	0.99746704653923
0.8853150141260349	0.8114411591580266	1.09104031035924
0.862189880861979	0.7766401554015636	1.1101536211660106
0.7730881299070635	0.7771631964233728	0.9947564854652622
0.82463234906599	0.8025957038843372	1.0274567195849686
0.90423132032873	0.8013014217989347	1.128453408080465
0.8332028239361715	0.7549029225398853	1.1037218151611397
0.8624565022921076	0.7898650794731111	1.0919035727815938
0.8498038956215783	0.7994949717920282	1.0629258789667997
0.8543484848050188	0.8172971963904897	1.0453339233000705
0.8514264083113365	0.784888380185356	1.0847738733375913
0.8277680282551245	0.6556321715289498	1.2625494357983529
0.888329701326299	0.8134661229310768	1.0920303578537163
0.8660967679455911	0.8062972167163658	1.074165642630838
0.8759741605060848	0.8327859942999828	1.0518598613589856
0.8739644894653	0.8311136575454143	1.0515583296350104
0.9194997360972355	0.8366902634424388	1.098972673966695
0.8917859942266595	0.8171234307375606	1.0913724422535604
0.9324676604950494	0.8543764887139658	1.0914013585493543
0.8725283158787317	0.7989308552169634	1.0921199377658053
0.8075874849089109	0.7922620523103305	1.019343893291228
0.928972140916577	0.8371034249346552	1.1097459564080665
0.8106338728161561	0.7745795754455573	1.0465469249558503
0.7828621482217069	0.7629714430087038	1.0260700520252317
0.8395571018469449	0.8036336251466386	1.044701311115188
0.9508008818418544	0.7857491960166343	1.2100564488795558
0.8146076152728924	0.79281741438433	1.0274845134493973
0.9147796436041549	0.825236712464227	1.1085057533038551
0.8766686479752366	0.770436534142848	1.137885613057768
0.84805801620567	0.7864266394725127	1.0783688822831534
0.8365093332631076	0.8004019597638391	1.0451115505888093
0.939914665398884	0.8444172421603945	1.1130926969162362
0.8493182303510034	0.8127845795808214	1.0449487498754264
0.817738779078567	0.8086278741413025	1.0112671170863847
0.9106673596853717	0.840692285606828	1.083235061480354
0.8394683356197167	0.7958670811442099	1.054784593443445
0.8548855492214695	0.8305672132939665	1.0292791908207626
0.8982266394517794	0.8221438358539104	1.0925419619777925
0.9263174851333528	0.7969120655398954	1.162383561736874
0.8956010775390716	0.812670548945523	1.1020469225827794
0.8906560258787453	0.7728759175690921	1.1523920019142322
0.9038203273146055	0.8097917545855867	1.1161145099299488
0.8128305873997128	0.7764153023756332	1.0469018126158232
0.9286963603808186	0.8434313007338294	1.1010930701443071
0.9051363419004907	0.8248507697922718	1.097333451150731
0.8498879847560016	0.7974597478345362	1.0657440542470409
0.8900580467677333	0.8235969729787033	1.0806961122606609
0.8607188962046906	0.7509215047704524	1.146216869189013
0.743118670516151	0.7548505041453349	0.9844580700883718
0.9097905359061034	0.8374849076682509	1.0863366343390806
0.8766571541921412	0.8316326626948536	1.0541398787192755
0.8117135219821605	0.8005635324507916	1.0139276760424436
0.8165699624171247	0.814473636502962	1.0025738413377792
0.8844148663985585	0.8132749722512866	1.0874733596563833
0.7697125321255742	0.7582872057476331	1.0150672809607493
0.8398227363697446	0.8174443596554382	1.0273760243739882
0.8998395327305431	0.785382841044657	1.1457336291351163
0.8839100592570788	0.8258044507111262	1.0703624308344621
0.9316896447716185	0.8396271358870084	1.1096468955679384
0.8989488543806352	0.8195286526142507	1.0969096095823356
0.8681805829608435	0.7954282130335413	1.0914631499552234
0.8628751324158263	0.8165590765162138	1.0567210104346845
0.7774811125596297	0.7510348699633862	1.035213068865275
0.8434164173319173	0.8052264533360756	1.047427607274475
0.9206903838639546	0.8336281433666112	1.1044377414439754
0.9141069775235442	0.844869743396245	1.0819501877875
0.7519130143827792	0.6755038796454316	1.1131142796358986
0.8939049900580844	0.8205130944348569	1.0894463429298196
0.9086283744360142	0.8185315851441464	1.1100712433424318
0.9378189041826556	0.8520862416913955	1.1006150062006403
0.9200017329379477	0.8438296956716392	1.0902694437716842
0.7476463979553072	0.7337525707696736	1.018935302906073
0.8447211487361768	0.8216470047107666	1.0280827945493851
0.8500515949569852	0.7917706447656407	1.0736083745673537
0.9231871471524119	0.81639589393685	1.1308081704093216
0.7689594704773484	0.7503649594897115	1.02478062275227
0.822444936284367	0.8014272777107382	1.0262252847615385
0.889260876898135	0.8285726705517679	1.0732442771808457
0.898403645196009	0.8019401327402926	1.1202876730038351
0.8668434364872896	0.8293985987918975	1.045146974868217
0.8430280162868288	0.819552989001722	1.0286436967470536
0.8595838858908765	0.818551610717723	1.0501279023043832
0.8674643080333503	0.7795038750358128	1.1128415596311132
0.8746812287483856	0.8270699096983016	1.0575662570863589
0.8999345987783365	0.6883152821477084	1.3074453264648216
0.9195214561434846	0.8339738986707527	1.1025782193052849
0.930119861375822	0.8304747169300912	1.1199857652669742
0.8976044607077803	0.8097175352508008	1.1085402274630962
0.9244582013830179	0.8301587662717201	1.1135920488255526
0.893150972572921	0.8063993056347812	1.1075790446890956
0.7803304740325036	0.7654449258360628	1.019446922559689
0.9001797422631761	0.8359196851418247	1.0768734823016506
0.856818448957435	0.8113953239310295	1.0559814971650816
0.8724927434515731	0.8147516918687342	1.0708695080465591
0.8702312132996077	0.8010661789331297	1.0863412239655317
0.7986378738305326	0.7819028237358158	1.0214029794837667
0.7352603944601658	0.6933788195467989	1.060402154973152
0.8378066955293129	0.8100800007222266	1.0342271069306321
0.8738437204463458	0.8241920935626682	1.0602427847482163
0.8904457686128471	0.8340588237293752	1.0676054773107557
0.9221426937173215	0.8217737982013276	1.1221368894161363
0.8016329975868122	0.7945452052042173	1.0089205652946747
0.8379124958441135	0.8091594570425674	1.0355344531307054
0.8562795371868834	0.805576601066892	1.0629399315382813
0.9152777729614066	0.812775666373622	1.1261136508246123
0.9316221802500095	0.8356169258821514	1.1148914668841903
0.8664208985547817	0.8112468737861164	1.0680113866093144
0.9218056301245745	0.8157515791675959	1.1300077789186722
0.8275529177467018	0.7734224300694812	1.0699882568344414
0.7232631198689475	0.7425996098328734	0.9739610825162194
0.8490347536781636	0.7988104689138154	1.0628738439452863
0.7786642855276765	0.7420432168409866	1.0493516655843746
0.7784539737822167	0.7654414251398746	1.0170000580252947
0.8539677133203952	0.7886655286092096	1.082800860874881
0.874693598082968	0.7661617318717159	1.1416566002926187
0.9028764931818569	0.7950022175696698	1.1356905342251244
0.8144708277549639	0.7952029060638942	1.0242301952673216
0.8927421639123395	0.8194763171893684	1.0894056913984502
0.8067581183451891	0.7796134749840192	1.034818078743093
0.8680016750345578	0.8006844013813933	1.0840746660444793
0.8939510674195612	0.818381553359985	1.0923401972457891
0.8867439273978197	0.8390654651398003	1.0568232923876513
0.9394306687518672	0.8453599062916307	1.111278949664055
0.9010487118248808	0.757319725411638	1.1897864027443885
0.8095385323929196	0.7509556956024774	1.0780110426400618
0.750436418436544	0.6861164759968623	1.093744932077649
0.8423672637081111	0.7490324292584972	1.1246072009752774
0.854781955610231	0.78775091558221	1.0850916688284389
0.9449446722980378	0.8503590854199385	1.1112301714650223
0.9058420682041362	0.841472151780052	1.0764967875501477
0.9060842847207748	0.8486315066636739	1.0677005008722478
0.8843025066238022	0.8255586607148148	1.0711564770674487
0.8054225426688149	0.7974565994314886	1.0099891871770892
0.8666105294608553	0.7155421266629624	1.211124400882479
0.8681440089030132	0.8304740776689931	1.0453595509443878
0.80831790056207	0.787728126309841	1.0261381732663057
0.8915995331106368	0.833384200509289	1.0698541351825146
0.910187576845896	0.837446354864497	1.0868607541950182
0.909710294285848	0.8438779337372191	1.078011709889228
0.8974205980030625	0.8435334635333942	1.0638826280156637
0.8237574725287489	0.7994641453302139	1.0303870127765402
0.9138970734151602	0.7947544647330491	1.1499112165694219
0.7367009670809544	0.7387030996645195	0.9972896653818369
0.8853147489559717	0.8113768461965228	1.091126463746219
0.8616960283233613	0.7760023980270458	1.1104295946947949
0.7729144272340032	0.7769199793350443	0.9948443183241735
0.8246319450889427	0.8023056125642472	1.027827715742058
0.9040613822305416	0.8008456782402439	1.1288833876422997
0.8330924600221831	0.7550789068650602	1.1033184114240722
0.862439543981699	0.7895168932413983	1.092363635743009
0.848960322444827	0.798823546571282	1.0627632674183711
0.8543720287677274	0.8172164510387401	1.0454660178239927
0.8514724728987082	0.7847426778775682	1.0850339823515383
0.8271224774205365	0.6544301522690458	1.2638819812209605
0.888303636673615	0.8133845175521788	1.0921078745719182
0.8659837668548628	0.8059647523027753	1.0744685352313526
0.8753342248981391	0.8322683479141122	1.0517451818178134
0.8731879985936033	0.8305183216207178	1.0513771651534642
0.9193699519509639	0.8363841685810278	1.0992196965070802
0.8910411657298445	0.8165421574788746	1.0912371854516247
0.9323439202975028	0.8540850207236503	1.0916289335077498
0.8725280364453439	0.798980227307243	1.0920521016971532
0.8068560112510724	0.7917293577676408	1.0191058388008787
0.9290555241252567	0.8369322700035269	1.1100725320596632
0.8097290836361897	0.7738005871644067	1.0464312085926983
0.7817351576255195	0.7620342626822896	1.0258530303793487
0.8389744164580286	0.8030421764711412	1.044745146693025
0.9508007180469352	0.7856148070093822	1.210263235320589
0.8131617124413847	0.7919544639418087	1.0267783685365202
0.9148580880605826	0.8249990451411132	1.1089201780883264
0.8764585654585734	0.7699494957752584	1.1383325403389888
0.8480577384430618	0.7864589721129362	1.0783241955580105
0.8356396325177649	0.7998577317986414	1.044735331417827
0.9399300997604982	0.8440936455652011	1.113537703664533
0.8489310270005085	0.8122838121770247	1.0451162688140547
0.8171945260871769	0.8081713249148896	1.011164960812285
0.9104910841920676	0.8403491109018851	1.0834676593099555
0.8388861286941015	0.7953214225909914	1.0547762261466382
0.8549556948873771	0.8303531865477755	1.0296289684175086
0.8975816944317832	0.8214367326284205	1.0926972933870576
0.9263675253040645	0.7966285585048418	1.1628600499117483
0.8955739781647175	0.8123834270251936	1.102403062854388
0.8905743100228539	0.7724634419679186	1.1529015635407127
0.9038201452193334	0.8097762624269925	1.1161356378988938
0.8127471251493539	0.7761828850146832	1.047107763956917
0.9284402811480493	0.8430223172127539	1.1013234907205174
0.9055241892896515	0.8251005267802606	1.097471350337423
0.8494433920719613	0.7968905867477685	1.0659473285268293
0.8898592301996044	0.8232423998992029	1.0809200671740888
0.8596806313623532	0.7498163049460831	1.1465216556262672
0.7422352663296501	0.7541394115178982	0.9842149276295109
0.9094893031576659	0.8370629302882618	1.0865244060496888
0.8760762049390041	0.8311417233242563	1.054063561428521
0.8117288745136463	0.8002546814482144	1.0143381767472663
0.8159900139896308	0.8139933214577677	1.002452959353877
0.8843938611709227	0.8130148687260803	1.0877954330118054
0.7696879057321919	0.7581357522654942	1.015237579064405
0.8397670034998747	0.8172165108806769	1.0275942694732099
0.8999445014401865	0.7854411200206496	1.1457822598039258
0.8837635096305014	0.8254248141988817	1.070677176682943
0.931193077712259	0.8391440537908227	1.1096939476667993
0.898350958349955	0.8189009258425246	1.0970203232163749
0.867238019743964	0.7945598282377871	1.0914697533442712
0.8627196967331645	0.816186466015032	1.0570129898690033
0.7772360091467666	0.7505500470028441	1.0355552068119733
0.8422429376639176	0.8043806726901501	1.047070082933671
0.9202062188012727	0.8330418772862763	1.1046338052042997
0.9141243055329223	0.8445254908056031	1.0824117394738766
0.7508945327286518	0.6744169512490246	1.1133980712347018
0.8935026791480369	0.8199742984301208	1.0896715675828983
0.9085176376386563	0.8180978675843915	1.1105243927859738
0.9375502729896196	0.8516478700676767	1.1008661043385415
0.9198655991510373	0.843523534483581	1.0905037755872387
0.7466493729797603	0.7329663049136841	1.0186680724261774
0.8437143873552309	0.821023692171182	1.0276370772249503
0.8490772066684263	0.7909695351345324	1.0734638553734066
0.9231876312329202	0.816324034629153	1.13090830610214
0.7689922184404377	0.7501747400940517	1.0250841268582662
0.8232379730152722	0.801623711269885	1.0269631018163712
0.8889885452818589	0.8281549222138691	1.073456815187871
0.8983464241691316	0.8015772245206404	1.1207234895007916
0.8669093840464919	0.8291252127531716	1.04557112811448
0.8429533796417908	0.8192950166217371	1.0288764883711927
0.8595052173725047	0.8183566505043289	1.0502819483935484
0.8673908436486949	0.7793847344685297	1.112917414581102
0.8745345681153406	0.8267704356255231	1.057771940591562
0.8998480262191091	0.6877319342063091	1.3084284464085514
0.9189813235522077	0.8332896849746037	1.1028353526063577
0.9299063325443319	0.8300605137862267	1.12028739724369
0.8966448971582078	0.8088320915852196	1.1085674103272596
0.9245676417354691	0.8299186694065847	1.114046081643833
0.8928545777018954	0.8059018451714041	1.107894941612893
0.7800493409137141	0.7655345508010819	1.0189603331390378
0.9001831710204105	0.8357506540295524	1.077095383270355
0.8567290387570559	0.8111869712323156	1.0561425036888288
0.8716634358352376	0.8140533210276717	1.0707694610653244
0.8701225814276498	0.8007264340980292	1.086666487297614
0.7973083279037582	0.7811126854503198	1.020734066614347
0.7351322612459434	0.6930657671851588	1.060696251427386
0.83734115494647	0.8095839009718134	1.0342858274989624
0.8734819879555797	0.823760725059428	1.0603588656069574
0.8904382838881059	0.8338251939933715	1.0678956336442675
0.9221642778410054	0.821577257226415	1.122431603029233
0.8015180503359559	0.7942161760314059	1.0091938121193105
0.8375150419209172	0.8086971622336481	1.035634945976159
0.8555946098716232	0.8049031664004994	1.062978312904165
0.9152774816953011	0.8125831082805066	1.1263801479113986
0.9315569500915138	0.8351743396971429	1.1154041806760033
0.8656521358969609	0.8105681949604133	1.0679571950627027
0.9215218056230468	0.8151939779960022	1.1304325479543298
0.8265715050165305	0.7725879254385117	1.0698737034330148
0.7227581729102012	0.7420394100621176	0.9740158852879494
0.8491925526128237	0.7986495728820774	1.063285552821812
0.7776776880359995	0.7412146348417423	1.0491936498286254
0.7778700275597515	0.7649395475712965	1.0169039240153157
0.8531579492531549	0.7880255722270701	1.08265261854639
0.8748459059856935	0.7660257256238532	1.142058127712639
0.9028495088918671	0.7947445629275925	1.1360247694756784
0.814231416392871	0.7949063440637355	1.0243111310828663
0.8920896017702372	0.818822762069078	1.0894782645221315
0.8058591499125717	0.778977512671619	1.0345088745229092
0.8676002035515257	0.8001701776602885	1.084269606358492
0.8941799380726664	0.8180851161146424	1.0930157760593708
0.8864444073393134	0.8387143242415147	1.0569086299330384
0.9393964349534698	0.8450729725922929	1.1116157603192967
0.9010485697628781	0.7576038758951359	1.1893399683287749
0.8095128766031279	0.7507309053811803	1.0782996554432527
0.749561092700997	0.6852522638914597	1.093846941043778
0.8422050037358684	0.749465221904119	1.1237412746066204
0.8546509454781468	0.7875077368725649	1.0852603796277966
0.9449873119343699	0.850182990353909	1.111510489689986
0.905209663532279	0.8409611076390041	1.0763989622227033
0.9057177309065022	0.8482140623322681	1.0677938165940337
0.8843299462672023	0.825328609734075	1.0714882967066146
0.8046246542962976	0.7968425798884639	1.0097661377595095
0.8666105294608553	0.7155421266629624	1.211124400882479
0.8681440089030132	0.8304740776689931	1.0453595509443878
0.80831790056207	0.787728126309841	1.0261381732663057
0.8915995331106368	0.833384200509289	1.0698541351825146
0.910187576845896	0.837446354864497	1.0868607541950182
0.909710294285848	0.8438779337372191	1.078011709889228
0.8974205980030625	0.8435334635333942	1.0638826280156637
0.8237574725287489	0.7994641453302139	1.0303870127765402
0.9138970734151602	0.7947544647330491	1.1499112165694219
0.7367009670809544	0.7387030996645195	0.9972896653818369
0.8853147489559717	0.8113768461965228	1.091126463746219
0.8616960283233613	0.7760023980270458	1.1104295946947949
0.7729144272340032	0.7769199793350443	0.9948443183241735
0.8246319450889427	0.8023056125642472	1.027827715742058
0.9040613822305416	0.8008456782402439	1.1288833876422997
0.8330924600221831	0.7550789068650602	1.1033184114240722
0.862439543981699	0.7895168932413983	1.092363635743009
0.848960322444827	0.798823546571282	1.0627632674183711
0.8543720287677274	0.8172164510387401	1.0454660178239927
0.8514724728987082	0.7847426778775682	1.0850339823515383
0.8271224774205365	0.6544301522690458	1.2638819812209605
0.888303636673615	0.8133845175521788	1.0921078745719182
0.8659837668548628	0.8059647523027753	1.0744685352313526
0.8753342248981391	0.8322683479141122	1.0517451818178134
0.8731879985936033	0.8305183216207178	1.0513771651534642
0.9193699519509639	0.8363841685810278	1.0992196965070802
0.8910411657298445	0.8165421574788746	1.0912371854516247
0.9323439202975028	0.8540850207236503	1.0916289335077498
0.8725280364453439	0.798980227307243	1.0920521016971532
0.8068560112510724	0.7917293577676408	1.0191058388008787
0.9290555241252567	0.8369322700035269	1.1100725320596632
0.8097290836361897	0.7738005871644067	1.0464312085926983
0.7817351576255195	0.7620342626822896	1.0258530303793487
0.8389744164580286	0.8030421764711412	1.044745146693025
0.9508007180469352	0.7856148070093822	1.210263235320589
0.8131617124413847	0.7919544639418087	1.0267783685365202
0.9148580880605826	0.8249990451411132	1.1089201780883264
0.8764585654585734	0.7699494957752584	1.1383325403389888
0.8480577384430618	0.7864589721129362	1.0783241955580105
0.8356396325177649	0.7998577317986414	1.044735331417827
0.9399300997604982	0.8440936455652011	1.113537703664533
0.8489310270005085	0.8122838121770247	1.0451162688140547
0.8171945260871769	0.8081713249148896	1.011164960812285
0.9104910841920676	0.8403491109018851	1.0834676593099555
0.8388861286941015	0.7953214225909914	1.0547762261466382
0.8549556948873771	0.8303531865477755	1.0296289684175086
0.8975816944317832	0.8214367326284205	1.0926972933870576
0.9263675253040645	0.7966285585048418	1.1628600499117483
0.8955739781647175	0.8123834270251936	1.102403062854388
0.8905743100228539	0.7724634419679186	1.1529015635407127
0.9038201452193334	0.8097762624269925	1.1161356378988938
0.8127471251493539	0.7761828850146832	1.047107763956917
0.9284402811480493	0.8430223172127539	1.1013234907205174
0.9055241892896515	0.8251005267802606	1.097471350337423
0.8494433920719613	0.7968905867477685	1.0659473285268293
0.8898592301996044	0.8232423998992029	1.0809200671740888
0.8596806313623532	0.7498163049460831	1.1465216556262672
0.7422352663296501	0.7541394115178982	0.9842149276295109
0.9094893031576659	0.8370629302882618	1.0865244060496888
0.8760762049390041	0.8311417233242563	1.054063561428521
0.8117288745136463	0.8002546814482144	1.0143381767472663
0.8159900139896308	0.8139933214577677	1.002452959353877
0.8843938611709227	0.8130148687260803	1.0877954330118054
0.7696879057321919	0.7581357522654942	1.015237579064405
0.8397670034998747	0.8172165108806769	1.0275942694732099
0.8999445014401865	0.7854411200206496	1.1457822598039258
0.8837635096305014	0.8254248141988817	1.070677176682943
0.931193077712259	0.8391440537908227	1.1096939476667993
0.898350958349955	0.8189009258425246	1.0970203232163749
0.867238019743964	0.7945598282377871	1.0914697533442712
0.8627196967331645	0.816186466015032	1.0570129898690033
0.7772360091467666	0.7505500470028441	1.0355552068119733
0.8422429376639176	0.8043806726901501	1.047070082933671
0.9202062188012727	0.8330418772862763	1.1046338052042997
0.9141243055329223	0.8445254908056031	1.0824117394738766
0.7508945327286518	0.6744169512490246	1.1133980712347018
0.8935026791480369	0.8199742984301208	1.0896715675828983
0.9085176376386563	0.8180978675843915	1.1105243927859738
0.9375502729896196	0.8516478700676767	1.1008661043385415
0.9198655991510373	0.843523534483581	1.0905037755872387
0.7466493729797603	0.7329663049136841	1.0186680724261774
0.8437143873552309	0.821023692171182	1.0276370772249503
0.8490772066684263	0.7909695351345324	1.0734638553734066
0.9231876312329202	0.816324034629153	1.13090830610214
0.7689922184404377	0.7501747400940517	1.0250841268582662
0.8232379730152722	0.801623711269885	1.0269631018163712
0.8889885452818589	0.8281549222138691	1.073456815187871
0.8983464241691316	0.8015772245206404	1.1207234895007916
0.8669093840464919	0.8291252127531716	1.04557112811448
0.8429533796417908	0.8192950166217371	1.0288764883711927
0.8595052173725047	0.8183566505043289	1.0502819483935484
0.8673908436486949	0.7793847344685297	1.112917414581102
0.8745345681153406	0.8267704356255231	1.057771940591562
0.8998480262191091	0.6877319342063091	1.3084284464085514
0.9189813235522077	0.8332896849746037	1.1028353526063577
0.9299063325443319	0.8300605137862267	1.12028739724369
0.8966448971582078	0.8088320915852196	1.1085674103272596
0.9245676417354691	0.8299186694065847	1.114046081643833
0.8928545777018954	0.8059018451714041	1.107894941612893
0.7800493409137141	0.7655345508010819	1.0189603331390378
0.9001831710204105	0.8357506540295524	1.077095383270355
0.8567290387570559	0.8111869712323156	1.0561425036888288
0.8716634358352376	0.8140533210276717	1.0707694610653244
0.8701225814276498	0.8007264340980292	1.086666487297614
0.7973083279037582	0.7811126854503198	1.020734066614347
0.7351322612459434	0.6930657671851588	1.060696251427386
0.83734115494647	0.8095839009718134	1.0342858274989624
0.8734819879555797	0.823760725059428	1.0603588656069574
0.8904382838881059	0.8338251939933715	1.0678956336442675
0.9221642778410054	0.821577257226415	1.122431603029233
0.8015180503359559	0.7942161760314059	1.0091938121193105
0.8375150419209172	0.8086971622336481	1.035634945976159
0.8555946098716232	0.8049031664004994	1.062978312904165
0.9152774816953011	0.8125831082805066	1.1263801479113986
0.9315569500915138	0.8351743396971429	1.1154041806760033
0.8656521358969609	0.8105681949604133	1.0679571950627027
0.9215218056230468	0.8151939779960022	1.1304325479543298
0.8265715050165305	0.7725879254385117	1.0698737034330148
0.7227581729102012	0.7420394100621176	0.9740158852879494
0.8491925526128237	0.7986495728820774	1.063285552821812
0.7776776880359995	0.7412146348417423	1.0491936498286254
0.7778700275597515	0.7649395475712965	1.0169039240153157
0.8531579492531549	0.7880255722270701	1.08265261854639
0.8748459059856935	0.7660257256238532	1.142058127712639
0.9028495088918671	0.7947445629275925	1.1360247694756784
0.814231416392871	0.7949063440637355	1.0243111310828663
0.8920896017702372	0.818822762069078	1.0894782645221315
0.8058591499125717	0.778977512671619	1.0345088745229092
0.8676002035515257	0.8001701776602885	1.084269606358492
0.8941799380726664	0.8180851161146424	1.0930157760593708
0.8864444073393134	0.8387143242415147	1.0569086299330384
0.9393964349534698	0.8450729725922929	1.1116157603192967
0.9010485697628781	0.7576038758951359	1.1893399683287749
0.8095128766031279	0.7507309053811803	1.0782996554432527
0.749561092700997	0.6852522638914597	1.093846941043778
0.8422050037358684	0.749465221904119	1.1237412746066204
0.8546509454781468	0.7875077368725649	1.0852603796277966
0.9449873119343699	0.850182990353909	1.111510489689986
0.905209663532279	0.8409611076390041	1.0763989622227033
0.9057177309065022	0.8482140623322681	1.0677938165940337
0.8843299462672023	0.825328609734075	1.0714882967066146
0.8046246542962976	0.7968425798884639	1.0097661377595095
0.7142320398738011	0.536799278617355	1.3305383750020368
0.6317678284260563	0.6140973558550322	1.0287747087697858
0.6013807522725758	0.585984432102043	1.0262742819212844
0.7283624524606903	0.630307525712939	1.1555668031043127
0.7382072580997617	0.6447389112977041	1.1449708481436747
0.7769708084289715	0.6482104166752636	1.1986398065216737
0.7359048942601042	0.6503097867051092	1.1316220504517935
0.632107614544488	0.5888880651373558	1.0733917903346393
0.7849896055147582	0.5995475118673934	1.3093034162876827
0.5350903016896617	0.530884274419845	1.007922681971345
0.6785319726344339	0.5720507859892675	1.1861393940068183
0.6496674727174568	0.5579002687453042	1.1644867534811079
0.5734747708830449	0.5826518783534244	0.9842494157981366
0.5881390834849654	0.5656892858764535	1.0396857394492263
0.7165702033838691	0.5847340982415085	1.22546334400343
0.7475989588188051	0.5971096834305836	1.2520295342115593
0.7113555190043688	0.607479856273508	1.1709944151367753
0.690980007364707	0.5908439698368075	1.1694796640736762
0.6720708028859861	0.6026410427297503	1.1152091464626166
0.7044600389174797	0.6217960587258198	1.1329438793180104
0.6913246267309674	0.46653171549336464	1.4818384340706199
0.7482049720160813	0.6123420011887518	1.2218743293185441
0.7299391448062558	0.6275970591527648	1.1630697342521799
0.6751265798255336	0.6225351314966825	1.0844794866474639
0.6414129797831809	0.6012862614129967	1.0667347999535
0.7186256510038508	0.6135587385932442	1.1712418156597395
0.7251813391985884	0.6283068874392561	1.1541833357169715
0.7906769553880568	0.6480048355822826	1.22017138140269
0.648295173042753	0.5790039647532157	1.119673115397527
0.6536756409698992	0.5909923436261343	1.1060644829324875
0.7885974091802908	0.6530834651281855	1.2074986602600741
0.6200208015155383	0.5440337649115492	1.1396733833539603
0.6131705824690947	0.5758618307063512	1.0647876795671292
0.6369112315297759	0.5504816157857476	1.1570072701168417
0.8734265625428819	0.6155312137230499	1.4189801314216839
0.6113524816741862	0.5821487159333835	1.050165473085308
0.7293972498049708	0.5987887409078644	1.218121183606562
0.7385522073892818	0.5243857015772379	1.408414083694269
0.6974215951742707	0.5939367587307425	1.1742354466571119
0.6911132755279625	0.6150005444496661	1.1237604287755647
0.7398234988749162	0.6121167223444066	1.2086314127171573
0.6815362285973461	0.616025144640222	1.1063448213552787
0.6420762632545933	0.6201764633569848	1.0353122073983039
0.6799257043826801	0.6299270898375767	1.079372065992582
0.631086054649469	0.5687111574801537	1.1096776392530896
0.6565220811956352	0.6270609043645353	1.0469829591129682
0.6850649856481006	0.619903465935627	1.1051155918512645
0.7145180924788257	0.5776748803236906	1.2368862085165573
0.6814758057546119	0.6054283460335754	1.1256093478596707
0.7061798151458832	0.5342024745389595	1.321932879018106
0.720954511500586	0.6094183702830857	1.183020641740238
0.554486053626413	0.5455958937104513	1.0162944040056867
0.79022702474389	0.6505942918442423	1.2146233599803498
0.7198875407942145	0.6271017652294336	1.147959678491471
0.6668054273362813	0.586158909746517	1.1375847338474132
0.6978516159043828	0.6247379643945453	1.11703090843966
0.7063801717281739	0.5064688175778655	1.3947160164891566
0.6005141653732847	0.5676054925347735	1.057978073276828
0.730747937449333	0.6387863829770625	1.1439629223836674
0.6652955637713287	0.6240651307609876	1.0660675159979929
0.5732837788275061	0.5913676693056213	0.9694202246474699
0.5626992451346823	0.572413533502762	0.9830292475640203
0.7475306939268396	0.6112950774339858	1.2228639187881665
0.5538685901920338	0.5460890239760393	1.0142459670025081
0.6155370153887796	0.6037858107824163	1.0194625385302372
0.7022772766026646	0.5765661421619616	1.2180341946013713
0.631133230114797	0.6081005824267098	1.037876378273101
0.7685720116132536	0.6209926475209684	1.2376507430183417
0.733478128229368	0.6097758583437248	1.2028651482228956
0.6760745705694706	0.5846413804779294	1.1563919235699618
0.6660551506934151	0.595855949897168	1.1178123685907007
0.6619820788228317	0.6102365648308432	1.0847958266911328
0.7069431525408134	0.592067715021551	1.1940241540025216
0.7224216615577574	0.6297434600912104	1.1471681840937638
0.6838088755881964	0.6120234369953451	1.1172919765054639
0.639677330238219	0.4558956908837897	1.4031221242695981
0.7090994722737524	0.6045448938673196	1.172947583326011
0.6903363345854243	0.6123140025294664	1.1274220934580101
0.7865403177441237	0.6597554425378457	1.192169502563831
0.7850582778493542	0.6628725852485248	1.1843275696113145
0.6619549868827516	0.5605663776448927	1.1808681599203699
0.6446301841458212	0.6199600472542673	1.039793107637847
0.7076966261985994	0.6114721023947075	1.157365353917289
0.8030267156275619	0.6243231300392508	1.2862357279267806
0.6802070842589665	0.5883259461430037	1.1561738670856263
0.6781109290355388	0.6188399076024178	1.0957776328012778
0.7284527591588585	0.6399680954533935	1.1382641796272313
0.727910642343225	0.6084723550484529	1.1962920522252176
0.6758802791671519	0.6312389956868238	1.070720097752763
0.5810236792315304	0.5955767097439882	0.9755648092439452
0.7285715410018746	0.6218485391319544	1.1716221799264754
0.6897307796679296	0.5852676717148313	1.1784877467211232
0.677991716348125	0.621508950546828	1.090880052091931
0.7514830127686872	0.49833175781837447	1.5079974354004106
0.8170649463520429	0.6464195799520969	1.2639854541729565
0.6678215375740025	0.5908217794820875	1.1303265396875057
0.697836076722723	0.6041632062131562	1.1550456392349682
0.7363721060289177	0.5965861346420386	1.2343097890981878
0.698708394918069	0.5649078296523707	1.2368537985179557
0.5922173402179324	0.5612239975144964	1.055224549984849
0.694499095163237	0.6221723766678773	1.1162486815675017
0.7613259133060915	0.6286697167073331	1.2110109538813913
0.6629202984733211	0.5586400299582154	1.1866680920142898
0.79228245722576	0.6363455026215283	1.2450507687440613
0.6078564688324104	0.5928162226794509	1.0253708410424054
0.5649377144417397	0.4684953326129289	1.2058555872711147
0.6724106562026598	0.6081797334102512	1.1056117447917018
0.7195250682525682	0.6369892071218808	1.1295718360811962
0.7412789643715894	0.6250739224258941	1.1859060789077662
0.7216001227714781	0.6102023468108669	1.1825587471808578
0.6109849344860194	0.5924843779162998	1.0312253913508809
0.6409612990670581	0.6011485720686862	1.0662277660601729
0.6699643240131173	0.6113338347297343	1.0959058471044762
0.7958929211035413	0.6283054645443353	1.2667292678740985
0.7834804896738404	0.6493485216014586	1.2065639076863965
0.661910416314192	0.6037887164667778	1.0962616528966094
0.7845575858400305	0.6511976983230567	1.204791705898835
0.5793467736904179	0.5141149318174248	1.1268818270700578
0.5281125930022761	0.5254070451628968	1.0051494319771452
0.6873600371663274	0.5820821779443749	1.1808642545864256
0.6020913679003973	0.49858996171655956	1.2075882270623743
0.5889298100899737	0.5395891327523327	1.0914411991323183
0.7145183563669655	0.5870094865871962	1.2172177327509488
0.7136247651784714	0.5698260712309456	1.2523554137087656
0.7101005001925564	0.5834455404194921	1.2170810315595189
0.5668423120998133	0.5416305777677006	1.0465478415860887
0.6755893182226227	0.6107879350327755	1.1060947334959552
0.6069710341800615	0.5732587658791612	1.0588081165216872
0.6822709784436736	0.5772101609231032	1.1820148442164495
0.7035142776416338	0.620927850455013	1.1330048686431151
0.7135969293748514	0.6394318042122222	1.1159859811070867
0.82019076548747	0.6500098621706749	1.2618128019603958
0.7963283664226536	0.5606466523804312	1.4203747815875634
0.735641662757035	0.5903926428192694	1.246021053453793
0.5333300143360297	0.453257566212981	1.1766599260373372
0.7498175450252853	0.5952509791967348	1.2596662101037304
0.6894940552324329	0.5490037790028469	1.2559003810224363
0.8136911344843814	0.6663753084602121	1.2210703550294664
0.7212692245085434	0.6380313030985557	1.130460560486215
0.7304519231748425	0.6566861581216841	1.1123303181296684
0.6822395534557002	0.6117161722593842	1.115287750094683
0.5744999718058569	0.578715824567112	0.9927151590084673
0.600217168369799	0.49698615782863054	1.2077140558445176
0.5803711280669613	0.5547420596758174	1.0461999733824423
0.5591658252879412	0.515807068904556	1.0840600274739707
0.7140675025865558	0.6024982438766392	1.1851777326221722
0.670758746054192	0.596738995803342	1.12404041091902
0.6508330666088256	0.5568662848780901	1.1687420917416589
0.710316439734086	0.6170695505993373	1.1511124459863258
0.5816785472531538	0.566175269673142	1.0273824704299819
0.5898956545501852	0.483181004932038	1.2208585365088125
0.49053890811914647	0.45540291034841446	1.0771536522325924
0.6621246081602706	0.5545126355037883	1.194065862103781
0.5844743717631851	0.5379462060558878	1.0864922276307742
0.5751282842876039	0.557709006689655	1.0312336314978003
0.6775587104692213	0.559101420510397	1.21187084420334
0.5775083726764159	0.5382558578304643	1.072925383486147
0.6725710630596284	0.5719011137006366	1.1760268461580368
0.6066617113317582	0.5575190490993548	1.088145261245855
0.6230985665845583	0.5563163713044478	1.1200435556543482
0.6505313474335119	0.5501887277480483	1.1823785450788338
0.6234961839757454	0.556523606134916	1.1203409470910985
0.6815273141284436	0.470031058005902	1.4499623004058722
0.6344287959749983	0.5498504855329387	1.1538205615297088
0.5603442663761242	0.5457631669959634	1.0267168989443156
0.6575611375002964	0.5537107974685115	1.1875533952138448
0.6492483660152928	0.5701506883101485	1.1387311798913713
0.6595040546368736	0.5816800755572856	1.1337917222023253
0.6455044202661189	0.5778117183689069	1.1171535636007874
0.688756943345177	0.5716371290334479	1.2048848970145818
0.712908675892298	0.558513784236355	1.2764388203364472
0.5463456146517343	0.5307289817714133	1.0294248729892184
0.6657071969136314	0.5905241608460584	1.1273157663182765
0.629856019049843	0.5624464039468606	1.119850735341089
0.6304333548571979	0.5747429459275919	1.0968962025966684
0.6590565985078698	0.5679506075394785	1.1604118206037106
0.7051874319613445	0.5209475240172198	1.3536630839962198
0.5881597334367463	0.5603647080268243	1.0496016701476345
0.6145320087426495	0.5440957027413443	1.129455729288841
0.7900496906016816	0.5579997610364668	1.4158602669187341
0.6156351800960458	0.5295921428380381	1.1624703810689307
0.5825286469117094	0.5583830790258704	1.0432419405114537
0.6010275099230625	0.5110954570309272	1.1759594057332687
0.6785579222100377	0.5852299229227074	1.1594723639919835
0.6275404408894811	0.5856885593512681	1.071457570529583
0.6154056127267324	0.5821112321566724	1.0571959081543698
0.5745261436218172	0.523005064636745	1.0985097133253505
0.5838418750839999	0.5553561254236367	1.0512927621688402
0.6609802413410735	0.5876217799247032	1.1248395888691707
0.6292419495073371	0.5356512437026371	1.1747232119872688
0.6828553696102133	0.6000430501817184	1.1380106300763184
0.6133934850848352	0.49549421212477984	1.2379427853546043
0.7039396126977685	0.5946119265952474	1.1838639307632666
0.6246756730445213	0.5375301785642201	1.162122049989961
0.7174063959924911	0.5742744852031386	1.2492395439416437
0.6352241459009823	0.5560869680477876	1.1423107938152472
0.608896705542213	0.5626424411163963	1.0822089857530812
0.5839920788357041	0.5623976874609167	1.0383970131034512
0.6785079783422919	0.539457260817732	1.2577603966508504
0.6599470811649123	0.5737029919396599	1.1503288120106636
0.684753137889999	0.5898685689024392	1.1608571366399643
0.643067890129555	0.5804278971029885	1.1079203693330613
0.5404580291626421	0.5126022029278238	1.0543419947782404
0.520156066043176	0.5264554202597604	0.9880344014437609
0.6194224746140218	0.5487731174773409	1.1287405575940916
0.601800733127852	0.5394740805908105	1.1155322466443316
0.5759662852055071	0.557283477269757	1.0335247835218098
0.6868050317474715	0.5889666970726923	1.166118619543447
0.7323714663057043	0.6024227981944155	1.2157100768775213
0.6832738753590142	0.5809086370921595	1.1762157277937233
0.7020611462639028	0.5704559835465024	1.2307016956842425
0.6805332749239117	0.5837642998687778	1.165767202750984
0.6275417924103704	0.5473735806730946	1.1464597754950003
0.6051400228841123	0.5622385823911379	1.0763046895688293
0.5396547096893649	0.49372926020765306	1.0930174757363913
0.7130700892348294	0.5992593047382204	1.1899190944499827
0.6670181949033722	0.6047859119677849	1.102899690128533
0.6894743723776046	0.5118073188823897	1.3471366018820876
0.652593596333378	0.5513937270391037	1.1835346764601429
0.6149842052058316	0.5788348672495881	1.0624519012270495
0.6907912527798998	0.598742213304132	1.1537373471093666
0.752403624678681	0.6155164660780078	1.2223939831746513
0.5917390473887899	0.5300490214075613	1.116385510565436
0.6127314362141665	0.5809565130456751	1.0546941508615004
0.604285253850429	0.5601432580629495	1.078804832785328
0.7092315813600722	0.5851613972839671	1.212027287944793
0.5756119189490725	0.5219284836221402	1.1028559218580556
0.6879548866885454	0.5895410294694222	1.1669330077122777
0.6026683252291327	0.5701395402034285	1.0570540766460397
0.6184148333608824	0.5562169743048012	1.1118230149912638
0.5965654591423242	0.5650017834112326	1.0558647364624656
0.6336208762727645	0.5746385336171727	1.1026425121272605
0.7022485625385404	0.5834728099278866	1.2035669025011357
0.5944742487531535	0.5438169208558751	1.0931514374682427
0.6313742274130874	0.5765788964830222	1.0950352696990855
0.5745758495012264	0.4720324385503393	1.2172380594558472
0.7091774476485282	0.5826660546783865	1.2171250443617692
0.5892926033005057	0.5504551379023181	1.070555187378557
0.6388849352509552	0.5362171101481312	1.1914668949568987
0.6800648577059809	0.586469505606263	1.1595911657895388
0.6740083428805115	0.5466699896385353	1.2329345961101208
0.6060458943435167	0.5290194490689981	1.1456022938477493
0.6111543233093183	0.5585712254769164	1.094138572547316
0.6644113832279406	0.5765811578650009	1.152329336754886
0.7680209388477692	0.5876087544239202	1.3070277341268026
0.6631874041316742	0.5766924771597659	1.1499844898235874
0.5900132218081076	0.5639801853778822	1.0461594877004101
0.573168015029775	0.5055347082628738	1.1337856840716314
0.624920504108179	0.5685607806463767	1.0991269981684788
0.7212627237224357	0.615507447483023	1.1718180286394173
0.6313107676480844	0.577459586146076	1.0932553252105612
0.6306874856899141	0.5780950513122057	1.0909754101134923
0.515833017948286	0.5156644421422704	1.0003269098899183
0.5691143212948886	0.5503484187806058	1.0340982219152404
0.6745396981583791	0.5623511826654022	1.1994990300566841
0.6448491663619265	0.5009487632993209	1.2872557307355281
0.6922620876756793	0.5894136112946737	1.1744928763268534
0.6976760190443191	0.6024138399214735	1.1581341144739692
0.6827843109058556	0.574582040291277	1.188314745375137
0.6227770702146807	0.5507156249688381	1.1308505551298278
0.4516385527261712	0.4482477862539998	1.007564491283957
0.5278190805468279	0.5244698497384417	1.0063859358360763
0.4701205084151071	0.438727694651646	1.07155421038188
0.534909929933319	0.5071325475648256	1.0547734167366623
0.6372572019190453	0.5347933959191292	1.1915951221196655
0.5936087603946932	0.49935133251813346	1.188759740364039
0.6344115160545778	0.5348196158034797	1.186215870376178
0.6107219912459392	0.5549296390058638	1.100539506846355
0.7013504390936539	0.5868894687782562	1.195029858950569
0.4817727882636265	0.48762217885328984	0.9880042564851768
0.6486355349113591	0.5516887010841193	1.1757274231586223
0.6767313366087041	0.5908742281449504	1.145305217885881
0.6742115670751703	0.5845859779624474	1.1533146406027555
0.7343095976271108	0.6011179110439425	1.2215733122173293
0.6893961871879097	0.5046461035243833	1.3660983060668768
0.5855790754669226	0.5239251094540132	1.1176770589925715
0.5818658518912969	0.4626727217584231	1.2576186676402084
0.673463903716128	0.5544896690549908	1.2145652864261716
0.6798879507499442	0.5563627201641566	1.222022838894276
0.7198002859876874	0.5956709783134846	1.2083856897404142
0.6231465200109237	0.5668055891070668	1.0994008033559006
0.6300035181988051	0.5773599374201535	1.0911798297157256
0.570726641224382	0.5606113291484384	1.0180433600785568
0.5558268429670822	0.5433884796422405	1.0228903699486434
0.4930273943271442	0.34252949706528435	1.439372079050978
0.40726224803793054	0.32790398908800905	1.2420167536559668
0.42207774566892803	0.3186625621690227	1.3245288144173415
0.5074096262969083	0.37463883415551186	1.354396768398771
0.5332987696346412	0.383303492658852	1.3913224894856047
0.4317929258696219	0.33994477598612166	1.270185501798239
0.4340312229304388	0.3494502029538955	1.2420402657133451
0.3984441236949318	0.3236697106837876	1.231020730525495
0.5421602906280336	0.3495541208227426	1.551005290259361
0.46524196700859266	0.32516397534972485	1.4307918535815942
0.5704702066430902	0.3617015292741554	1.5771849452444435
0.37307133533334624	0.35445444978374824	1.0525226458885086
0.44225728400599174	0.3491498411431639	1.2666690110984484
0.4738047934563673	0.3738077801291511	1.2675091815709856
0.5325056066300832	0.3751777254992256	1.4193422755082572
0.4684048420845045	0.3754066365835141	1.2477265888193796
0.44751013667319234	0.3566100851088852	1.2549003950254303
0.3875342467237785	0.3128393490074932	1.2387643944192461
0.5393240985641332	0.3527375654683605	1.5289670036930303
0.3622587253644836	0.32969357701210583	1.0987739847633793
0.684078317581126	0.3671811809188877	1.8630538631342402
0.484086586634448	0.34101320237343796	1.4195537981087685
0.43500071342358604	0.36082769338062376	1.205563545713549
0.38225787148854523	0.2906456996065967	1.3152022273370985
0.4440036232961293	0.35558999338356295	1.2486392518284324
0.4692848676529948	0.37067780066451245	1.266018269267029
0.46454025593004544	0.34583597901039875	1.3432386568318198
0.5460147097469783	0.37421819677142715	1.4590811308956326
0.6311270333342263	0.3671514494645356	1.7189828182748028
0.4461345870889316	0.2859578439766846	1.5601411064118489
0.45667600579812173	0.3611215872557303	1.2646045595571778
0.3638742390650543	0.28998373490223217	1.2548091333044396
0.45419242286475364	0.3495769039226886	1.2992632458499076
0.4492803201403451	0.34733967052924997	1.293489797625954
0.6293063272099169	0.2963896153507541	2.123240136012126
0.4190432035864359	0.3384227461144465	1.2382241099264808
0.4041379439736671	0.3274305235696883	1.2342708296334286
0.6695110457406479	0.35093398148499755	1.907797708582033
0.4797242362595401	0.3528253110738787	1.3596650274307838
0.3210149608142768	0.3134946883711125	1.0239885163038611
0.490613241406864	0.3219598157202518	1.523833775060779
0.46173939401677444	0.3417833409482141	1.3509710354394824
0.46718507971395284	0.37751106514300964	1.2375400957769878
0.3839803494401811	0.3546766740534176	1.0826208136325033
0.4196882325200232	0.2960693011630688	1.4175337695307615
0.30156574319652113	0.3081632959360661	0.9785907250261441
0.46050425405733986	0.36247389792654844	1.2704480424426485
0.49108647142997713	0.309985249479086	1.5842252889620465
0.45389385313485997	0.34950954802975115	1.2986593805334994
0.5031570746400252	0.28476650689891314	1.766911004104274
0.5001326890275362	0.3491526491693632	1.4324184284935417
0.4037053531110196	0.36303441522681407	1.112030529829508
0.4508212406665974	0.3518640333110246	1.2812370631473469
0.4029873405085397	0.302124440187686	1.333845551383382
0.35574094887755925	0.325407081562314	1.0932182150726688
0.40767934692411634	0.34247305133109246	1.1903983257648627
0.4615194592754239	0.30798094506170254	1.4985325120778517
0.46209275276314	0.36879118291848284	1.2529929514754163
0.5732665527281599	0.3745709817274094	1.5304617300689602
0.46059941582969943	0.3543872776380099	1.299706408479427
0.4362184633470008	0.33199019961620496	1.3139498209624507
0.4991464322992054	0.3552784499032712	1.4049442977335214
0.32836283663041443	0.3234873487632689	1.0150716492802119
0.6611262631596471	0.34310640657986674	1.9268840525300803
0.47010045270488654	0.3608769004194063	1.3026615229695835
0.4108107025684779	0.3479844508913975	1.1805432728851664
0.4764225115142482	0.3668427035421445	1.298710610607837
0.44418761819074354	0.3317209015792648	1.339040187326287
0.5072901318028848	0.3606060816899378	1.4067708714881613
0.3819880063269112	0.3458995423806606	1.104332210727632
0.4262790693878607	0.33464319043226814	1.2738315960866375
0.4654135310224968	0.3586261818027668	1.2977678558852674
0.345748246968241	0.2494928998573082	1.3858039534030182
0.5157042493837249	0.3516843256766132	1.4663839464313635
0.3725011105303988	0.32032521134620484	1.1628841481596734
0.49509130884252545	0.36768589131178897	1.346506136191937
0.3857255345524365	0.2962425148417083	1.3020600191655198
0.4126855001100216	0.34943685347834885	1.1810016488017387
0.5112358983255225	0.343955903374445	1.4863413981558253
0.5161336664824707	0.3753264866247643	1.3751591877353424
0.41353161161115565	0.33462490502557757	1.2358064370000994
0.446873389335089	0.36861426857961477	1.2123062708804815
0.3905664600172276	0.31884976778148433	1.2249231440083486
0.5149671489326456	0.3461387055808289	1.4877479479462392
0.39592614274482063	0.3052487604766176	1.2970606076388933
0.4896639288380012	0.34596306724714015	1.415364746110913
0.3623748752092448	0.33679632623781014	1.0759466388994212
0.43911990717445926	0.358263944641754	1.2256882495210542
0.38930109548545266	0.33642695598694444	1.1571638020009314
0.3835596967949808	0.3282575563256453	1.1684717972325167
0.5138057650652236	0.3674762916129546	1.3982011269624732
0.4291486934085884	0.31663511470880623	1.3553414434253617
0.423843012808916	0.3409756364448366	1.2430301977821392
0.4290232871339577	0.27703252921104166	1.5486386683750428
0.4570119431864441	0.3432821492362959	1.3313012173897312
0.4553462720576779	0.33388881300500206	1.3637661829983392
0.4459451488645623	0.2626563623065503	1.6978273244494753
0.5765160692697254	0.37394296385131015	1.5417219335592682
0.5731274703697729	0.3637865699413918	1.5754497766701698
0.6579417728295306	0.35642366681545007	1.845954222703739
0.36480719373602255	0.31626481822467645	1.153486485736334
0.472017458502371	0.3398537955867044	1.3888838807508583
0.5699986980752166	0.3320338534955186	1.7166885005083068
0.40666230990836	0.3313738471010778	1.2272009799986334
0.4647975000385728	0.35177919199856933	1.321276273897585
0.3797983358339231	0.3200806934023912	1.1865705856755862
0.4053303994663957	0.3210999391173211	1.262318518591494
0.5351412301916152	0.38326325193977645	1.396275869087767
0.40166750964212294	0.3418534446861672	1.1749699056297855
0.4366263889497747	0.35319736924558415	1.2362107619385492
0.42973048935980024	0.3414809004330689	1.2584319908223638
0.37354605027483423	0.33429426233433035	1.1174168759775118
0.4536402723147823	0.3293600490163746	1.3773384891991831
0.6394879038611816	0.2972846749990765	2.1510960962355967
0.45347125294604895	0.35680413810548894	1.2709248703051208
0.5088794147877005	0.33611490633073227	1.5140043038941284
0.5627924295893694	0.3781469859975342	1.4882901369813883
0.43735992964589243	0.3313825108562113	1.3198038982680813
0.4099289753301825	0.3122353212809207	1.3128846975046942
0.3404281382984674	0.3143070779823492	1.0831068154233074
0.4478750348789431	0.29220965564743523	1.5327181228375475
0.4276162838406618	0.2734811582880816	1.5636041858145715
0.49652121831788587	0.3394399927484298	1.462765817008116
0.4623945724474905	0.3434898050615175	1.3461668021403945
0.38849970555536917	0.3268831395023481	1.1884972291529843
0.4564221777340709	0.36511776977234783	1.2500683766190062
0.5061551054542897	0.3376484813824768	1.4990593275642021
0.34496925075386675	0.3030738809451896	1.1382348412143568
0.4035414223575696	0.2925781798816018	1.3792601434627543
0.4066110128352184	0.34887779953315085	1.1654826227960706
0.4864864726002396	0.3286639393157442	1.4801942483044261
0.5450677755980738	0.3608075610585099	1.5106883403413034
0.5303168774085356	0.3528437640924716	1.502979310892831
0.38584362321777244	0.3315042678977463	1.1639175135349609
0.38741654742584963	0.262704868379759	1.4747216137076335
0.49242882574116803	0.35518494032742204	1.3864011950710233
0.4701559003590393	0.35235556312531485	1.3343223424340511
0.48263750019622964	0.3425328923464787	1.4090252672961765
0.4065850223850875	0.3365662380259559	1.2080386457352617
0.4690250845206516	0.3510479959187995	1.3360711070093712
0.4043219569075943	0.3463144355628806	1.167499576650426
0.5089518528304569	0.35716986658523875	1.424957423470088
0.16005587115217326	0.12567363366105339	1.273583539279608
0.17023511138784464	0.12933726480523558	1.316210851096903
0.11314388042006795	0.1138582216112942	0.9937260464715059
0.12960779147814444	0.1135163695795967	1.1417541977262107
0.09491628041508075	0.10491079912995742	0.9047331752520917
0.11415203046368219	0.11299373896674454	1.010250935206937
0.11757785293497074	0.11621926252449893	1.0116898901349112
0.155736074375905	0.12100626119847391	1.2870083980238627
0.1215510128123182	0.111178821082907	1.0932928738439902
0.1272605047096051	0.11422685061791078	1.114103242986992
0.10764370241968502	0.11049985702878723	0.9741524135333666
0.13044982969010516	0.10942588284387186	1.1921295611224825
0.16513032204364012	0.12460730137586461	1.3252058283931705
0.11951140967835952	0.11325474182369213	1.0552442021757231
0.12182842093795512	0.11863913715435	1.0268822233548096
0.11603746630477625	0.10704478777391595	1.0840085605088339
0.06218161483866824	0.10178700733179846	0.6108993325245606
0.13314412709708107	0.12241741501807142	1.0876240694792172
0.1213031313040303	0.0957933425621303	1.266300225669176
0.10067588695599392	0.10395797284342163	0.9684287236692168
0.16340482646186513	0.1094994646718962	1.4922888157626228
0.12678521917109448	0.11800602519295687	1.0743961502286206
0.12230830497900466	0.11802984421772315	1.036248974059385
0.15293498917557588	0.1300233706181572	1.176211541421302
0.14864889146137084	0.12162177091655609	1.2222227183598393
0.17548183772516435	0.11857689715781664	1.4798990522716382
0.16116845858348636	0.12980767429146955	1.2415942236327218
0.1729131377972318	0.11903802800364835	1.452587384864375
0.14753200426981178	0.11902953432501662	1.239457123867826
0.2260944880658915	0.12442149897332455	1.8171657626015678
0.12264677280748933	0.11202742356215825	1.0947924080342608
0.16974281990422782	0.12783006222560903	1.327878723900223
0.14554088787034117	0.12381002354092167	1.1755178111426254
0.15793145038016335	0.11387175752249523	1.3869237975796076
0.1270563561556754	0.10157823267693837	1.2508226694568334
0.1936050083287073	0.12835113168630577	1.50840125665494
0.12820134643087933	0.11660193808366565	1.0994786925316005
0.2220327958705674	0.1207397863440384	1.8389364648857556
0.09981997966027545	0.09994136023731065	0.9987854820391979
0.10613180415312957	0.1140303645408256	0.9307328322635665
0.10651350053513715	0.09413244569495062	1.13152802680076
0.17954223966276706	0.11664374268385329	1.5392359292636162
0.12465249461067404	0.12119238991609688	1.0285505112736257
0.1479412463204345	0.11838090137261295	1.249705354538382
0.16283982755253595	0.12181681199413795	1.3367598846731608
0.12647820420943434	0.10633301843960632	1.1894537187550058
0.15185280880240065	0.12372007389839423	1.227390220661447
0.12735192982144028	0.11505955764658338	1.106834863841682
0.11487655651978619	0.11248537766228485	1.0212576861739344
0.2592880057252184	0.11941685923832021	2.1712847530829573
0.13118775107144534	0.10202023041771802	1.285899380292536
0.13936958211213576	0.1152572335101487	1.2092046448422165
0.11971343781585668	0.11560663578271682	1.0355239299659114
0.1497699219158845	0.11686419818604048	1.2815723227524325
0.10924615107041165	0.11116574953781971	0.9827321052087631
0.15290236331129198	0.13045635606269906	1.1720575978513845
0.1614185110856141	0.1241401941382231	1.3002920786951866
0.1460430005065172	0.11847447803327336	1.2326958761996087
0.11425255454032346	0.10335170030326334	1.1054733904239011
0.1591647083964962	0.11298517776727952	1.4087220247981083
0.18493661852182336	0.13458005026894324	1.3741755791608647
0.09130814146162622	0.11162677726547553	0.8179770454581281
0.10005232557156721	0.11033771691368449	0.9067826339912091
0.1326419225463049	0.11143886496676225	1.1902662736727145
0.11339712945034304	0.11267572692891134	1.0064024660953539
0.13284498913161488	0.11418081904249996	1.1634615187176736
0.12701038053390518	0.11468308895250358	1.1074900553690787
0.15679125263616775	0.11012092242162494	1.4238098372973487
0.1676938276199559	0.1255010127151949	1.3361950154180116
0.1302067791264742	0.12210289572599299	1.0663692974052543
0.1770869973581357	0.12346082418149203	1.434357809711453
0.10504579117771495	0.10337475508964321	1.0161648372141021
0.13656422162286538	0.11443419798400818	1.1933864529023903
0.1657027546674618	0.10637254463079354	1.5577586795784226
0.16496114737337536	0.11962869618745621	1.3789429512370839
0.1528192795167415	0.11624198991703937	1.3146650330556708
0.14237716644958423	0.12381429264328205	1.1499251290784591
0.13339104101297833	0.12173311068206674	1.0957663060246516
0.16878869708808208	0.12325609893702569	1.3694145648266869
0.12951065945658966	0.11476786862473957	1.128457476892379
0.14301818908900277	0.11892813174493201	1.2025597896024909
0.14011213236692432	0.12348723576018764	1.1346284618357014
0.12184136182331629	0.12171068407299408	1.0010736752596332
0.09621845588389388	0.09778191965455647	0.9840107069263317
0.1053859550713903	0.10911781343884515	0.9657997328772872
0.12904466900167497	0.10635426064080204	1.213347431726378
0.1270989888739646	0.11201233640172227	1.1346874188762155
0.1135158644006105	0.11501233037345476	0.9869886474955762
0.06886830538045086	0.10083384718728085	0.6829879777624699
0.11237866502315522	0.10844420189878388	1.0362809911040107
0.12776035052344495	0.10597738518522413	1.2055435251601008
0.12768857926402463	0.11567425082941467	1.1038634644137661
0.10833464416156416	0.11317173462431356	0.9572588466651442
0.18768305725129197	0.13199928109955775	1.4218490865093112
0.177991641337913	0.12530657358362582	1.4204493527159352
0.1482551981617506	0.11260786176553679	1.316561702152163
0.17642093514676152	0.11316803242346639	1.5589290665283237
0.10883162862025575	0.10966060549872488	0.9924405225130846
0.1965763834485008	0.1244832468098066	1.5791392696307374
0.11274710618866109	0.10667846559072418	1.056887213031536
0.17813920018249343	0.12532057922374906	1.4214680564509783
0.12931482842248393	0.11399949545373043	1.1343456206345195
0.18688755451189198	0.11281341787231282	1.6566075032264294
0.12152533984846654	0.11650628873477971	1.0430796583445587
0.11938356453291817	0.10735267049318602	1.1120688845881648
0.1274750269730446	0.11434236602692016	1.1148538499109995
0.08261075651732704	0.10490447813663634	0.7874855104824782
0.11567200098188853	0.10193067562247325	1.134810500131578
0.15169345913054427	0.11296840354141759	1.3427954576248298
0.1482534527391633	0.11332267390868528	1.3082417456777011
0.14073934383323222	0.12053380800873857	1.1676337631598661
0.15024121939205237	0.12218153536419721	1.229655683604034
0.11730942603655067	0.11748935057519626	0.998468588533644
0.10815674369211484	0.1069881049744848	1.010923071475177
0.17036182841300818	0.11299250435359291	1.5077268123900207
0.18028882344760663	0.11246371749241649	1.6030843321515105
0.17431840340581548	0.11803820102766699	1.4767965106902718
0.15810011102755545	0.12061141278590108	1.3108221467250454
0.1762263684906853	0.13201446507765113	1.3349019623495701
0.17557289072621227	0.12061941426670689	1.4555939588464204
0.21789408604368984	0.12030522028726114	1.8111773165238298
0.15696488208628673	0.12821295582474473	1.2242513330777836
0.16814380541939525	0.11867352735495573	1.4168602650233237
0.12675978589767953	0.10763029338452783	1.1777333491492799
0.13280997024537414	0.11205227727539356	1.1852500767919594
0.10247469086408864	0.10557662129651942	0.9706191541807463
0.23787085880115927	0.1293867112285929	1.8384489144399294
0.157610348876777	0.12483542098636866	1.2625450984299336
0.1607897050060937	0.1271345975138601	1.2647202897587697
0.11804985013750646	0.11108272605425817	1.0627201395817854
0.17304468969923326	0.11040125185700553	1.5674160101315253
0.11851585163843228	0.10948518494796872	1.0824830016477138
0.18188697256085487	0.12601158637144788	1.443414671605685
0.14237927045610843	0.11140720912895677	1.27800769419958
0.16249193205421503	0.11442163968012604	1.4201153952038528
0.11168014718816441	0.09888538197801534	1.1293898547410541
0.12330930441889087	0.11490520662503881	1.0731393993422464
0.12405968072186865	0.11926485617324355	1.0402031638025888
0.1834671239573466	0.11377725437159528	1.6125114371115423
0.12722456271511237	0.11909505510096605	1.0682606646199904
0.09690338085907726	0.09913125857468233	0.9775259817373684
0.16032988035931214	0.12185441464880621	1.3157494607101037
0.7640517754762108	0.7394899433416591	1.033214558704558
0.7649815759305689	0.7461449758869965	1.0252452280083775
0.7417258728009657	0.7348122643189602	1.009408673232221
0.7630660254033668	0.7415292344986508	1.0290437516186088
0.7578958147566371	0.7455197780339279	1.0166005478155753
0.7419058987660726	0.7317939211177346	1.013818067295357
0.7521195424860277	0.7427628925393819	1.0125970885737938
0.7460934357940024	0.7313571955688345	1.0201491696731122
0.767886789375741	0.7491547416033679	1.0250042437591491
0.7298204108722217	0.7266281871981682	1.0043932009937055
0.7683972125471502	0.7454712835251562	1.0307536045031576
0.7424165635507336	0.7404285290385036	1.00268497827172
0.7726078393463254	0.7504133766792062	1.0295763153441322
0.7633684797464328	0.7469942474892168	1.0219201584379702
0.7443729084345693	0.7356525033088502	1.0118539732910525
0.7462201061800663	0.737960097430892	1.0111930289699003
0.7559336857163869	0.7415958848147934	1.0193337115202226
0.7416050839520352	0.7308877727275177	1.0146634156766952
0.7431244799110281	0.7354916786573876	1.0103778213610437
0.7283563219366611	0.7310539834997809	0.9963099010141423
0.7701386755630688	0.7308687593709846	1.0537304621227503
0.7409835264824709	0.734842671265157	1.0083566938304513
0.7265401159236626	0.731428295999041	0.9933169387865947
0.7326604006428123	0.7317232246522144	1.001280779342549
0.7524346890361464	0.7333346339534617	1.0260454834646429
0.7595673698571452	0.7448551060175684	1.0197518466621478
0.7616739031670541	0.7467104967340439	1.020039100157902
0.7777702850172524	0.7439713027731047	1.0454304918995723
0.7548237575520023	0.7325255747220579	1.0304401424324399
0.7744928673839857	0.7436245017300497	1.0415106893090806
0.7310317229053392	0.7320909478702992	0.9985531511241311
0.7730795490199391	0.7457766741582823	1.0366099876916532
0.7637126974640799	0.7513801920654252	1.0164131361578146
0.767121475150309	0.7399682743791507	1.036695087764324
0.7746914766391818	0.7440807340856149	1.0411390070342081
0.7667327650560438	0.7406760307339261	1.0351796645779106
0.7621575528658973	0.7476914050219744	1.019347751955899
0.7761428669637296	0.7256803346903116	1.0695382386170809
0.7638864591992972	0.746191564072709	1.023713609183692
0.7414328616663391	0.737193621421216	1.0057505112930174
0.768940849521587	0.7441542328589216	1.033308440062807
0.7587201225864666	0.7358101858546873	1.0311356613053244
0.7708626812514181	0.7484439791836626	1.029953747630127
0.7394310655646823	0.7371133154731949	1.0031443606333437
0.7488042331623761	0.7340155370382035	1.0201476608844628
0.7447734369381565	0.739475448746877	1.0071645220950303
0.7297936462402763	0.7296527120197486	1.000193152465832
0.7653977427520504	0.7428005950667549	1.0304215530189025
0.7595254818846062	0.7433706479281096	1.0217318695613322
0.7638590972847762	0.7276045744075765	1.0498272332973146
0.7584734266944226	0.7406841373592941	1.0240173758797528
0.7524437940364214	0.7428986081726765	1.0128485714722544
0.7575358611057489	0.7352456416098886	1.0303166972157138
0.7589253918913268	0.7334515957508853	1.0347313937116223
0.7451280697751933	0.7415021228943095	1.004890002022827
0.7514008171333378	0.7401089628752084	1.0152570159591938
0.7731389835536582	0.7395096716427869	1.0454751481967306
0.7489226332162378	0.7374934303722499	1.0154973622452732
0.7513195742849093	0.7255758863540114	1.0354803521107334
0.7729858358947579	0.7494453714615494	1.0314105141343397
0.7550955876685641	0.7370707293026834	1.0244547200822007
0.761514081265466	0.7389305664822863	1.0305624314483155
0.7555714082314525	0.7425134364792796	1.017586175698165
0.7643006579951859	0.7464801190650904	1.0238727575925457
0.7486819623270513	0.7391107508787801	1.0129496309408181
0.7400734623094094	0.7370611608555092	1.004086908405815
0.7419379217582524	0.7308380695163819	1.0151878407883372
0.767786367379	0.7439850201263954	1.0319917022637914
0.763008155002424	0.7392512195623203	1.032136484609615
0.7569908681514231	0.7455704639347431	1.0153176725327997
0.7653372607142132	0.7472109435148274	1.0242586345351432
0.7613970545501794	0.7396460711820164	1.0294072857487135
0.7417437479367429	0.7323963428634042	1.0127627686353455
0.7691561056805971	0.7379000332376239	1.042358139361823
0.7513421841408989	0.740373632903489	1.0148148863627073
0.7581353552379462	0.7453051354606004	1.0172147207457745
0.7537632714630231	0.7402986933383499	1.0181880344323657
0.7641671570748951	0.7449967732685839	1.0257321702511588
0.7732435122280356	0.7361748805756225	1.0503530243023624
0.7544059409249655	0.7357049995657889	1.0254190760837751
0.7579825487449714	0.7412550477799721	1.0225664580836211
0.7547270405186822	0.7422109378557407	1.0168632689503347
0.7350504442381471	0.733121705074599	1.0026308580829044
0.7691783952946519	0.7469673881441715	1.0297349087831844
0.781720381165972	0.7524124240769706	1.0389519845116264
0.7639139040193346	0.7456168321794394	1.0245395101749686
0.7657937108947401	0.7458069571547322	1.0267988298423196
0.769373847147732	0.7505778586470289	1.025042023667717
0.7501346945984322	0.745222898030558	1.0065910435399328
0.7488554859366381	0.7409300707844293	1.010696576458043
0.7589321882713677	0.7391825698051449	1.026718187458653
0.7486092091921004	0.7319266959891845	1.0227926010819566
0.7421924496061163	0.7381509357854078	1.0054751862048488
0.7450613330912198	0.7268533482075143	1.0250504244475285
0.7723196663661976	0.7427763359757116	1.039774194410324
0.7505816310327035	0.7386810494943389	1.0161105818898577
0.7562869054429573	0.7368628420290478	1.026360487062182
0.7596563071429653	0.7435508936296176	1.021660136046276
0.771268417841122	0.7386436687118207	1.0441684543051701
0.7627538839028922	0.7436557291799163	1.0256814463650228
0.765130360405194	0.7351226040601551	1.0408200702567205
0.7681805317640503	0.7483062618658084	1.0265590051975348
0.7679979922266249	0.739823344479883	1.0380829396057372
0.7538088784309389	0.7403227851970889	1.018216504345817
0.7642448373831356	0.7418980476099803	1.0301211060537838
0.7576096510162234	0.7441400227695396	1.018100932397847
0.7497609851025588	0.7384787243218682	1.0152777059231475
0.7702585083892106	0.7510851105804582	1.0255275967246038
0.7469059603589965	0.7399501103404359	1.0094004310849556
0.7595345376554983	0.7414410900002327	1.024403081916137
0.7419360121590225	0.7387049944719492	1.004373894465656
0.7565514919841808	0.7468053771723788	1.0130504079238203
0.7454360995351316	0.7390566933369521	1.00863182250522
0.7757167179962053	0.7404710349159197	1.0475990030917115
0.7775821122864967	0.7505309405619848	1.0360427135812103
0.7553446440642038	0.7409058635439705	1.0194880095173877
0.7745731563836797	0.7449854691457418	1.0397157910635029
0.7445893113243391	0.7335325091956775	1.0150733634706737
0.7113750198440094	0.7176549966884868	0.9912493093847944
0.7572268171148652	0.741298735866344	1.0214867238777985
0.7483173623792142	0.7325605511051688	1.0215092271215997
0.7717298434047011	0.7387414229330819	1.0446548947270924
0.7752347671512059	0.7423212924258368	1.0443385836580423
0.7868174395242835	0.7532471761481234	1.0445673935982451
0.7415970150279477	0.7357038650279503	1.0080102202531906
0.74907667405962	0.7402367633290835	1.0119420044618974
0.7462746422717453	0.7238337520588928	1.0310028237133473
0.7020626348297488	0.7130444311890036	0.9845987208105074
0.7497151531014616	0.7359958196071587	1.0186405046452924
0.7486247125536325	0.7410802098317867	1.0101804131614287
0.7686487911163702	0.7411134013806648	1.0371540842257176
0.7512009597903628	0.7394670927721178	1.0158680043141028
0.746233249758317	0.7287662820968651	1.023967859230801
0.7680034659956329	0.7524911539094409	1.0206146105580116
0.7459544897460582	0.7344682820182826	1.0156388070240583
0.7166876913316897	0.7216042381898697	0.993186643594953
0.7660026494524714	0.7443904904709074	1.029033362540529
0.7583158597544518	0.7372036111130417	1.0286382870663568
0.7554614156954826	0.7421373319647843	1.0179536632329536
0.7169433373478451	0.7251794426408886	0.9886426657889665
0.7382394377479555	0.7356251659115436	1.003553809681283
0.7921104383488933	0.7529751204162711	1.0519742510363248
