0	1.0	0.999990397723597	1.0000096023686076
0	1.0	0.9999945461442663	1.0000054538854783
0	1.0	0.9999905350952194	1.0000094649943658
0	1.0	0.9999905350952194	1.0000094649943658
0	1.0	0.9999905350952194	1.0000094649943658
0	0.9997357878090597	0.9998611882448749	0.9998745821547136
0	1.0	0.9999899605941704	1.0000100395066203
0	1.0	0.9999902563056824	1.000009743789258
0	1.0	0.9999902563056824	1.000009743789258
0	1.0	0.9999910345448308	1.0000089655355493
0	1.0	0.9999901106600274	1.0000098894377727
0	1.0	0.999990397723597	1.0000096023686076
0	1.0	0.999990397723597	1.0000096023686076
0	1.0	0.999990397723597	1.0000096023686076
0	1.0	0.9999905350952194	1.0000094649943658
0	1.0	0.9999905350952194	1.0000094649943658
0	1.0	1.0	1.0
0	1.0	0.9999901106600274	1.0000098894377727
0	1.0	0.9999902563056824	1.000009743789258
0	1.0	0.9999905350952194	1.0000094649943658
0	1.0	0.9999898059037879	1.0000101942001327
0	0.9989410185026011	0.999468920132245	0.9994718178634568
0	1.0	0.9999901106600274	1.0000098894377727
0	1.0	0.9999905350952194	1.0000094649943658
0	1.0	0.9999902563056824	1.000009743789258
0	1.0	0.999990397723597	1.0000096023686076
0	1.0	0.9999902563056824	1.000009743789258
0	1.0	0.9999902563056824	1.000009743789258
0	1.0	0.9999901106600274	1.0000098894377727
0	1.0	0.9999905350952194	1.0000094649943658
0	1.0	0.9999902563056824	1.000009743789258
0	1.0	1.0	1.0
0	1.0	0.9999905350952194	1.0000094649943658
0	1.0	0.999990397723597	1.0000096023686076
0	1.0	0.9999905350952194	1.0000094649943658
0	1.0	0.9999905350952194	1.0000094649943658
0	1.0	0.9999905350952194	1.0000094649943658
0	1.0	0.9999905350952194	1.0000094649943658
0	1.0	0.9999905350952194	1.0000094649943658
0	1.0	0.9999905350952194	1.0000094649943658
0	1.0	0.9999905350952194	1.0000094649943658
0	1.0	0.999990397723597	1.0000096023686076
0	1.0	0.999990397723597	1.0000096023686076
0	1.0	0.999990397723597	1.0000096023686076
0	1.0	0.9999944621095092	1.0000055379211592
0	1.0	0.9999944621095092	1.0000055379211592
0	1.0	0.9999902563056824	1.000009743789258
0	1.0	0.9999902563056824	1.000009743789258
0	1.0	0.9999902563056824	1.000009743789258
0	1.0	0.9999905350952194	1.0000094649943658
0	1.0	0.9999905350952194	1.0000094649943658
0	1.0	0.9999899605941704	1.0000100395066203
0	1.0	0.9999902563056824	1.000009743789258
0	1.0	0.9999901106600274	1.0000098894377727
0	1.0	0.9999902563056824	1.000009743789258
0	1.0	0.9999902563056824	1.000009743789258
0	1.0	0.9999905350952194	1.0000094649943658
0	1.0	0.999990397723597	1.0000096023686076
0	1.0	0.999990397723597	1.0000096023686076
0	1.0	0.9999898059037879	1.0000101942001327
0	1.0	0.9999898059037879	1.0000101942001327
0	1.0	0.9999905350952194	1.0000094649943658
0	1.0	0.9999909005320481	1.000009099550753
0	1.0	0.999990397723597	1.0000096023686076
0	1.0	0.9999909005320481	1.000009099550753
0	1.0	0.9999905350952194	1.0000094649943658
0	1.0	0.9999901106600274	1.0000098894377727
0	1.0	0.9999901106600274	1.0000098894377727
0	1.0	0.9999909005320481	1.000009099550753
0	1.0	0.9999902563056824	1.000009743789258
0	1.0	0.999990397723597	1.0000096023686076
0	1.0	0.9999905350952194	1.0000094649943658
0	1.0	0.999990811154942	1.0000091889294935
1	0.8496867384631284	0.8727819500756177	0.9735383945434615
1	0.8902821821253403	0.8913489984794265	0.9988031440480596
1	0.9637325671701426	0.9084092245024198	1.0609013439928752
1	0.9496719622012547	0.9104863385502233	1.0430381236839061
1	0.8517372205139013	0.8724672641187315	0.9762397462261585
1	0.91344971878463	0.8921721713082937	1.0238491494810185
1	0.917562791095719	0.8876907641998648	1.0336513886373255
1	0.7919701081740367	0.7489640794889559	1.0574206825972552
1	0.8684341615347668	0.8750299205066917	0.9924622474987992
1	0.9470769782793697	0.9058720394881664	1.0454864892556843
1	0.9506421658502247	0.9056239123326923	1.0497096564086685
1	0.8938960984917047	0.887664215965946	1.007020540440483
1	0.9447066881597449	0.911852702345017	1.03602992646755
1	0.9671053248483041	0.9193461649317954	1.0519490500295412
1	0.8450893106208152	0.8579880848254607	0.9849662548550782
1	0.922888822532311	0.8953775791644278	1.0307258568988926
1	0.9054783100157138	0.8478805774680107	1.0679314210967124
1	0.9676810019453719	0.9093119598916084	1.0641903380009663
1	0.8978198001989847	0.8908850921554105	1.007784065649585
1	0.900543427926878	0.8666848377584573	1.0390667849410988
1	0.8247458061355881	0.8742311729020019	0.9433955590920562
1	0.9241459980016795	0.9015309681736051	1.0250851391981461
1	0.8421910688023551	0.8605733516017309	0.9786394933503785
1	0.8536147322469765	0.8711743841193553	0.979843700420405
1	0.9107554853288502	0.8952551896137414	1.0173138295035145
1	0.9184368832866856	0.9002274246291107	1.0202276204427756
1	0.9198887954884127	0.895866677331687	1.0268143896458732
1	0.8605471594471216	0.8637179439121806	0.9963289121322442
1	0.8883201287717529	0.8841891036907319	1.0046721058467896
1	0.9513515819828483	0.9139634749624268	1.0409076599280496
1	0.9498840064755342	0.9147856269322295	1.038367873860249
1	0.921650964635796	0.9105603142161033	1.01218002832601
1	0.8709492826204993	0.8805592253816192	0.9890865458175682
1	0.9390963841172005	0.9106894571834527	1.0311927701695414
1	0.9193463144750988	0.8962063367145482	1.0258199220565443
1	0.9036924092704146	0.895219324398032	1.0094648145336675
1	0.9483017061751053	0.9031098597743349	1.0500402535878224
1	0.8027910419463885	0.8618297391806025	0.931496101201676
1	0.9212754774732218	0.9014525581807544	1.0219899750825185
1	0.9262923311105581	0.8965065138628173	1.033224317712318
1	0.8992584135203373	0.8862778102501555	1.014646201360404
1	0.9648441587108276	0.9158229703996542	1.0535269259404807
1	0.9124114053956791	0.8967974115557225	1.0174108373181745
1	0.8463342600317171	0.8571937707754284	0.9873313233087454
1	0.9194535469446555	0.8856605699725684	1.0381556751173124
1	0.9308255014090393	0.8912265540074723	1.0444319653891674
1	0.9055560399039767	0.8979727476524961	1.0084449024442057
1	0.9449522758009969	0.9118147474228376	1.0363423913375163
1	0.9395857119079125	0.9034769324695782	1.0399664652639597
1	0.9351677115147653	0.90373376306078	1.0347823106082972
1	0.9188014124670647	0.9044011836579597	1.0159223904936319
1	0.926759382213421	0.9034102054022002	1.0258455977933365
1	0.924872894039908	0.8896442151291696	1.0395986151673267
1	0.9167937546950413	0.8946159761791478	1.024790277735273
1	0.917379941937066	0.8954143534986861	1.024531199832293
1	0.92921750490674	0.896670031068622	1.0362981617656264
1	0.9121207404238987	0.8721297588699191	1.0458543939674743
1	0.8442321586931338	0.8473023897356307	0.9963764636100522
1	0.8848279299233226	0.899190142792392	0.9840276130869627
1	0.8979561739726002	0.8759090486983893	1.0251705645774218
1	0.9199808925874694	0.8993722516978854	1.02291447267878
1	0.8468770381764038	0.8590074949529207	0.9858785204462253
1	0.8483734910468118	0.8677676461837464	0.97765052059474
1	0.7924466576824145	0.8438142112034037	0.9391245693199082
1	0.9230956092413176	0.881112648405349	1.0476476656100102
1	0.9273861354137527	0.9009828947080446	1.029304930050047
1	0.860398676265185	0.8539300086012954	1.007575173139172
1	0.8950017899692013	0.8841393055681586	1.012285942195571
1	0.7848404541600538	0.8564241559408364	0.9164155970097043
1	0.9087460402023049	0.8900886563453043	1.0209612646156032
1	0.9433706016365613	0.8930753733842288	1.056316890770085
1	0.9286944661005571	0.9090990950632974	1.021554714050062
1	0.8415664645252938	0.8695619848274269	0.9678050319694127
2	0.7575390317380476	0.7737028623384521	0.9791084777022142
2	0.8286731870869539	0.8106357587069994	1.022250965598563
2	0.8777646296351999	0.8409811745935181	1.0437387377422103
2	0.8498873504316095	0.8217060341022817	1.0342961048839272
2	0.7406731235088087	0.7675738374714822	0.9649535814674337
2	0.7310671374030946	0.79414129548273	0.9205756476354816
2	0.7936649017384699	0.7905307337483103	1.0039646377507665
2	0.8708171588421127	0.7770961607658285	1.1206041192944798
2	0.8290453410090102	0.7952547958233431	1.042490212398761
2	0.8446063881769703	0.8019427948302235	1.0532002951105497
2	0.6618440801576528	0.7341465960330202	0.9015148796356806
2	0.8332064822934698	0.8198231611162251	1.0163246439134785
2	0.8613095384402792	0.8344938662071743	1.0321340555263563
2	0.8995835542929908	0.8356190261932533	1.076547476894027
2	0.7520203628242836	0.795642205218628	0.9451740466905499
2	0.7902636508401755	0.8060661095783899	0.980395579778835
2	0.8872943298090056	0.8566842135554452	1.0357309213467598
2	0.7928308121808033	0.7834868177620549	1.0119261667291846
2	0.7664860532187018	0.7901110255298116	0.970099173979672
2	0.8746643233700984	0.7969976086202523	1.0974491189306093
2	0.7677580392936396	0.7930851451805053	0.9680650860241478
2	0.8445757414205626	0.8290381791623134	1.0187416727586043
2	0.8367044208414698	0.8245353925002007	1.014758648872997
2	0.8191525536517958	0.8135400412868669	1.0068988766134375
2	0.8299413472532069	0.8091713386170037	1.0256682455803516
2	0.7572320353563766	0.7931866659569103	0.9546706568028881
2	0.7758510425032538	0.7935616681104077	0.9776821054760297
2	0.8593280806032615	0.8340906808707773	1.0302573812551612
2	0.8710096114955154	0.8108587429615395	1.0741816858436821
2	0.7998375248206444	0.7525207623907311	1.062877683639704
2	0.8937927957191567	0.8342611455939402	1.0713585313658998
2	0.8366882671667759	0.8547985099901493	0.9788134366032271
2	0.816468188900847	0.8076186988725019	1.0109575100733796
2	0.8084340448662851	0.7852646435947258	1.0295052138926009
2	0.8452808302424236	0.8013804902322951	1.0547808944006152
2	0.866399053286708	0.8327562739495058	1.0403993105661575
2	0.8444367864153896	0.8070979976237024	1.0462630175042211
2	0.7984056840746951	0.7838123040591365	1.0186184625323993
2	0.8045881819750648	0.8194950673815664	0.9818096703691801
2	0.711442432548134	0.7604710399204656	0.9355286331778534
2	0.885165300391968	0.8193654193746102	1.0803059043760723
2	0.9322927472184491	0.8479984875732801	1.0994037853609788
2	0.7630511869794363	0.777684616021705	0.981183337382798
2	0.7870401500987119	0.8038843422469736	0.979046498030824
2	0.7673677242590741	0.7756753787673374	0.9892897792869675
2	0.8809247026060557	0.8159719400741939	1.079601710968095
2	0.8397795001302262	0.8246663978467262	1.018326322404989
2	0.8125257921927667	0.8010461300309915	1.014330837802476
2	0.684418104118897	0.7608154635063653	0.899584901921714
2	0.9236745697993152	0.8319822155953733	1.1102095122770455
2	0.8187781282349046	0.8199639849986003	0.9985537696955095
2	0.8123332987466496	0.7855516512835987	1.0340927899766863
2	0.8908670563831137	0.8231066169350412	1.082322797622972
2	0.8444016540711236	0.8084728216805862	1.0444403713112476
2	0.6972296118276375	0.7374946761808531	0.9454029084498211
2	0.8465967398660628	0.8175004501852753	1.035591772058588
2	0.8775151324569715	0.8280448247103921	1.0597435142039342
2	0.7803291751021678	0.802379342627253	0.9725190239159377
2	0.7950509557521719	0.8097591284720144	0.9818363607118622
2	0.8312183139301732	0.824184907385822	1.0085337725567678
2	0.7593471549658705	0.7952584390015741	0.9548432531180816
2	0.7781815790714259	0.7710631274866386	1.009231995839291
2	0.7621364857647974	0.7535140224579158	1.0114430031159283
2	0.7275658412249126	0.778786318276232	0.934230384061329
2	0.8390993116539153	0.7953998029650216	1.0549403061529492
2	0.8458299495446142	0.7997341861841459	1.057638855705806
2	0.7877116522413893	0.8102208004923993	0.9722185011328635
2	0.8712170837658126	0.8426614059465055	1.0338874874508255
2	0.7802246152269973	0.7546043990094745	1.0339518511304107
2	0.5841682467927414	0.718551344734281	0.8129805212580401
2	0.8835551844832777	0.8185739207886011	1.0793835010429782
2	0.88866604795336	0.845021067883831	1.0516495762393572
2	0.8049258524562916	0.8137500123617147	0.9891561784683565
3	0.7572692437536133	0.7733201071474187	0.9792442182151283
3	0.8285353942189444	0.8103149812358487	1.022485593139728
3	0.8772939219374938	0.8405683358603473	1.043691374645414
3	0.8489991403376829	0.821067517614538	1.0340186673128844
3	0.7401293477029972	0.7671079367740468	0.964830778332833
3	0.7307049997085758	0.7937947498766125	0.9205213310142913
3	0.7935344033005702	0.7902597997777807	1.0041437050495423
3	0.8709818725199848	0.7769505222103663	1.1210261755692066
3	0.8285983320712706	0.7947396323979649	1.0426035122611716
3	0.8445487321190973	0.801832566425452	1.0532731738298842
3	0.6611087305121415	0.7335118645262384	0.9012924841224473
3	0.8327527062928488	0.8194043219853737	1.016290351355644
3	0.8608139081567515	0.8340471921742834	1.0320925677031414
3	0.8991853484815704	0.8351913862953572	1.0766219135353754
3	0.7521634122764859	0.7954049759147809	0.9456357893806691
3	0.7897807600845761	0.8055971944819149	0.9803668204089135
3	0.8876507164431645	0.8567792093647175	1.0360320450601708
3	0.7918576434598898	0.7827377242190746	1.0116513091916122
3	0.7661234133121512	0.7896149756896648	0.9702493454395344
3	0.8745287297217149	0.7966369311193808	1.0977757816134457
3	0.7680083622213124	0.7928255618218487	0.9686977807028466
3	0.8440542048848109	0.8286319246231559	1.0186117379784378
3	0.8363199899350575	0.8241266620532287	1.0147954537127222
3	0.8188378674828084	0.8131639959099223	1.0069775243387862
3	0.8294679663346999	0.8086768830334238	1.025710000789545
3	0.7569101211985055	0.7928415608097464	0.9546801764850176
3	0.7757872156687777	0.7934367614522163	0.9777555734232243
3	0.8597141175779222	0.834009612930297	1.0308203937330078
3	0.8706989045212535	0.8103978176355826	1.0744092414532969
3	0.7988473887847082	0.75161738253213	1.0628378312559306
3	0.893375903236183	0.8338089265817407	1.071439600555299
3	0.8359952611228008	0.8543574372339762	0.9785076183445843
3	0.8161029285577627	0.8072283304917388	1.0109939130364982
3	0.8083869141573361	0.7850589325468225	1.0297149432270454
3	0.8453122248184688	0.8012987504719341	1.0549276712594553
3	0.8659193357086217	0.8323326834200607	1.0403524371415445
3	0.8434329479695838	0.8063575383612024	1.0459788714615745
3	0.7981161887660992	0.783386719279007	1.0188022966494104
3	0.803238993698688	0.8187889955590354	0.9810085358441701
3	0.7104364075727351	0.7597634495239396	0.9350757897315114
3	0.8848252479342094	0.8188844344932596	1.0805251762805275
3	0.9320730122288786	0.8476328494482402	1.0996187946651714
3	0.7617827117678091	0.7769888480047101	0.9804294022031975
3	0.7868483847931111	0.8034495990645792	0.9793375784980214
3	0.7677779912766183	0.7756750944557146	0.9898190579592636
3	0.8807283980857846	0.8155708315648379	1.079891977494988
3	0.8396386877374435	0.8244061652074636	1.018476963386302
3	0.8124142392193473	0.8008927901670446	1.0143857569873986
3	0.6839516756511677	0.7603795909266321	0.8994871559054787
3	0.9233552347311013	0.8314367284048312	1.1105538198951375
3	0.8182086064343886	0.8194045965247136	0.9985404156928123
3	0.8124436154808508	0.7853539149131404	1.0344936213512177
3	0.8908188938706318	0.8229167150903048	1.0825140351814042
3	0.8440273571589048	0.8079595323067431	1.0446406328658406
3	0.6968710899881064	0.7369457424631685	0.94562062012718
3	0.846159175965127	0.8170446647631032	1.0356339285447331
3	0.8774761842092909	0.8278303535861441	1.0599710199174046
3	0.7798831490395004	0.8019821262017492	0.972444551517736
3	0.7945182435331243	0.8093269272979535	0.9817024699594884
3	0.8302737593860516	0.8236320199837748	1.0080639645389304
3	0.7581099359006997	0.7945719617668103	0.9541111093512115
3	0.7779103151862411	0.7707049052322804	1.00934911651015
3	0.7612095355972726	0.7528410238358364	1.0111159082681194
3	0.7274128139660075	0.7783999628779485	0.934497493135241
3	0.8389277515428898	0.7951220629737388	1.0550930361626725
3	0.8450081480959034	0.7990984207528801	1.0574519059864602
3	0.7871595363094156	0.8098186074927877	0.9720195720699417
3	0.8710401955359369	0.8423420113433665	1.034069515477214
3	0.7802338357559127	0.7546380871381878	1.033917912511932
3	0.5841521112519225	0.7183362664239917	0.8132014747910998
3	0.8834973823214964	0.8183639915408908	1.0795897564578403
3	0.8880530668732142	0.8445647445950358	1.0514919934279647
3	0.8045287671784732	0.813352874449966	0.9891509484398637
4	0.7572692437536133	0.7733201071474187	0.9792442182151283
4	0.8285353942189444	0.8103149812358487	1.022485593139728
4	0.8772939219374938	0.8405683358603473	1.043691374645414
4	0.8489991403376829	0.821067517614538	1.0340186673128844
4	0.7401293477029972	0.7671079367740468	0.964830778332833
4	0.7307049997085758	0.7937947498766125	0.9205213310142913
4	0.7935344033005702	0.7902597997777807	1.0041437050495423
4	0.8709818725199848	0.7769505222103663	1.1210261755692066
4	0.8285983320712706	0.7947396323979649	1.0426035122611716
4	0.8445487321190973	0.801832566425452	1.0532731738298842
4	0.6611087305121415	0.7335118645262384	0.9012924841224473
4	0.8327527062928488	0.8194043219853737	1.016290351355644
4	0.8608139081567515	0.8340471921742834	1.0320925677031414
4	0.8991853484815704	0.8351913862953572	1.0766219135353754
4	0.7521634122764859	0.7954049759147809	0.9456357893806691
4	0.7897807600845761	0.8055971944819149	0.9803668204089135
4	0.8876507164431645	0.8567792093647175	1.0360320450601708
4	0.7918576434598898	0.7827377242190746	1.0116513091916122
4	0.7661234133121512	0.7896149756896648	0.9702493454395344
4	0.8745287297217149	0.7966369311193808	1.0977757816134457
4	0.7680083622213124	0.7928255618218487	0.9686977807028466
4	0.8440542048848109	0.8286319246231559	1.0186117379784378
4	0.8363199899350575	0.8241266620532287	1.0147954537127222
4	0.8188378674828084	0.8131639959099223	1.0069775243387862
4	0.8294679663346999	0.8086768830334238	1.025710000789545
4	0.7569101211985055	0.7928415608097464	0.9546801764850176
4	0.7757872156687777	0.7934367614522163	0.9777555734232243
4	0.8597141175779222	0.834009612930297	1.0308203937330078
4	0.8706989045212535	0.8103978176355826	1.0744092414532969
4	0.7988473887847082	0.75161738253213	1.0628378312559306
4	0.893375903236183	0.8338089265817407	1.071439600555299
4	0.8359952611228008	0.8543574372339762	0.9785076183445843
4	0.8161029285577627	0.8072283304917388	1.0109939130364982
4	0.8083869141573361	0.7850589325468225	1.0297149432270454
4	0.8453122248184688	0.8012987504719341	1.0549276712594553
4	0.8659193357086217	0.8323326834200607	1.0403524371415445
4	0.8434329479695838	0.8063575383612024	1.0459788714615745
4	0.7981161887660992	0.783386719279007	1.0188022966494104
4	0.803238993698688	0.8187889955590354	0.9810085358441701
4	0.7104364075727351	0.7597634495239396	0.9350757897315114
4	0.8848252479342094	0.8188844344932596	1.0805251762805275
4	0.9320730122288786	0.8476328494482402	1.0996187946651714
4	0.7617827117678091	0.7769888480047101	0.9804294022031975
4	0.7868483847931111	0.8034495990645792	0.9793375784980214
4	0.7677779912766183	0.7756750944557146	0.9898190579592636
4	0.8807283980857846	0.8155708315648379	1.079891977494988
4	0.8396386877374435	0.8244061652074636	1.018476963386302
4	0.8124142392193473	0.8008927901670446	1.0143857569873986
4	0.6839516756511677	0.7603795909266321	0.8994871559054787
4	0.9233552347311013	0.8314367284048312	1.1105538198951375
4	0.8182086064343886	0.8194045965247136	0.9985404156928123
4	0.8124436154808508	0.7853539149131404	1.0344936213512177
4	0.8908188938706318	0.8229167150903048	1.0825140351814042
4	0.8440273571589048	0.8079595323067431	1.0446406328658406
4	0.6968710899881064	0.7369457424631685	0.94562062012718
4	0.846159175965127	0.8170446647631032	1.0356339285447331
4	0.8774761842092909	0.8278303535861441	1.0599710199174046
4	0.7798831490395004	0.8019821262017492	0.972444551517736
4	0.7945182435331243	0.8093269272979535	0.9817024699594884
4	0.8302737593860516	0.8236320199837748	1.0080639645389304
4	0.7581099359006997	0.7945719617668103	0.9541111093512115
4	0.7779103151862411	0.7707049052322804	1.00934911651015
4	0.7612095355972726	0.7528410238358364	1.0111159082681194
4	0.7274128139660075	0.7783999628779485	0.934497493135241
4	0.8389277515428898	0.7951220629737388	1.0550930361626725
4	0.8450081480959034	0.7990984207528801	1.0574519059864602
4	0.7871595363094156	0.8098186074927877	0.9720195720699417
4	0.8710401955359369	0.8423420113433665	1.034069515477214
4	0.7802338357559127	0.7546380871381878	1.033917912511932
4	0.5841521112519225	0.7183362664239917	0.8132014747910998
4	0.8834973823214964	0.8183639915408908	1.0795897564578403
4	0.8880530668732142	0.8445647445950358	1.0514919934279647
4	0.8045287671784732	0.813352874449966	0.9891509484398637
5	0.5360445975852067	0.5765318983550208	0.9297743960302391
5	0.6382836213550832	0.6085160866977167	1.0489182378380633
5	0.7165830061926353	0.6468611830934549	1.1077848306892568
5	0.654355661828925	0.619165189490233	1.0568353533693726
5	0.5347546036030211	0.5653717778056184	0.945845945262015
5	0.49840943822268235	0.565213414560033	0.8818075179808825
5	0.5687623877684062	0.5748570967483001	0.9893978712024799
5	0.7097722996666461	0.5900465065646392	1.20290907880986
5	0.675638701926715	0.6005012332146747	1.1251245868552266
5	0.6846070948854637	0.6134763103471036	1.1159470762581107
5	0.47084795445335464	0.5387143012911378	0.8740216350760918
5	0.6570110045400568	0.6256145663020043	1.05018495401032
5	0.6102763468129289	0.6085955716592581	1.002761727544432
5	0.7459966520652942	0.6380727451979881	1.1691404431227013
5	0.5510950547411341	0.5849800892514662	0.9420748925767867
5	0.573859869428894	0.5992516478900121	0.9576275200067893
5	0.7614939535090965	0.6803410360977444	1.1192827025058252
5	0.5778940728134592	0.5632442600785825	1.02600969734309
5	0.6040590625809619	0.6002177098608561	1.0063999323195516
5	0.6522272326089826	0.5611795609764325	1.1622433851192484
5	0.6139171186523977	0.603135992958815	1.0178751157606987
5	0.5881038963296453	0.6150370922280491	0.9562088266890784
5	0.6524874654431226	0.6246240834295593	1.0446082415852054
5	0.6185772194153373	0.5983185684558051	1.0338593051053346
5	0.597285575195002	0.5989924850245564	0.9971503652011855
5	0.5008052039451719	0.570638526347904	0.8776224892320774
5	0.538916128759329	0.5776079924859089	0.9330136282220441
5	0.6423430486707182	0.638994582451728	1.0052402106542793
5	0.6763007183303382	0.6056036336404629	1.1167382108738255
5	0.6269749253479785	0.5366974519831876	1.1682092453228543
5	0.7044057179406199	0.6314472320591654	1.115541698779065
5	0.6076368604576572	0.6351565448034862	0.956672595801806
5	0.5617330632462999	0.5826416299892816	0.9641141901525877
5	0.6150829909038008	0.5786641316397045	1.062936092411499
5	0.6181569943111246	0.5906192908622627	1.0466251337789165
5	0.6289226996549236	0.6150770924134707	1.0225103607535193
5	0.6399397477542369	0.5972618738316461	1.0714558819045275
5	0.6073907572949134	0.6035920700349353	1.006293467804768
5	0.5806653558838155	0.6113475776695744	0.949812147939282
5	0.4629779848272196	0.5347785807237652	0.8657377118594182
5	0.6333912644654492	0.6092294647479054	1.039659604657404
5	0.7733607028390795	0.6613572945965688	1.169353856315796
5	0.5756228945331834	0.5906984895993229	0.9744783585338681
5	0.640526618088386	0.6177373912785744	1.0368914479381652
5	0.6604316747450467	0.6027014789955683	1.0957857210599329
5	0.7110515078614881	0.6249706697416066	1.137735804714598
5	0.6276210454602946	0.6139265234558577	1.0223064511488265
5	0.6604470915433602	0.6063147261249393	1.0892809675997648
5	0.5019660386337903	0.5634417559701261	0.8908925071936001
5	0.697265853781445	0.6187926958761277	1.1268165549275106
5	0.5699462696660942	0.6007886874955389	0.9486634511078843
5	0.5966634530714383	0.5620182028594467	1.0616443560648443
5	0.7405516238378079	0.6248023340019999	1.1852574542966376
5	0.5664305957629933	0.5992008773157848	0.9453100240780835
5	0.5182904384024548	0.5306742249525493	0.9766640511865791
5	0.6827125184696925	0.6238476623899771	1.0943577408853349
5	0.6634614013223198	0.6179133549668627	1.0737126750689823
5	0.5481065867376459	0.5978531398498325	0.91679134925229
5	0.5946399120137146	0.6212187223403706	0.9572150526524323
5	0.6653731234402589	0.6273649008211994	1.060583916265172
5	0.5470658012235762	0.582825944938289	0.9386435280973994
5	0.5605415847306991	0.5543676285222127	1.011136934934214
5	0.5628463933974291	0.5178827783594028	1.086821993155413
5	0.49050902727415774	0.5806960902510903	0.8446914582498117
5	0.626642194380719	0.5619890930542666	1.1150433382524907
5	0.635680989597019	0.5925579431941357	1.0727743959863774
5	0.5626266589595249	0.5998784679206096	0.9379010733787252
5	0.6811511325329215	0.6451565398788874	1.0557920294209389
5	0.6818994351790342	0.5751509332727422	1.1856008496741337
5	0.42937091328875093	0.5255784121995765	0.8169492949525999
5	0.6960535786645113	0.6073491769900998	1.1460517360277207
5	0.7034059771764091	0.6476929783373826	1.0860176051036416
5	0.553616705147525	0.5981161027657574	0.9256007363579377
6	0.4353208588398216	0.5265857181229955	0.826685654125817
6	0.5507632645476715	0.5588694971893087	0.9854953031389164
6	0.6304105794096985	0.5768128743716119	1.0929204381862605
6	0.6442693335178066	0.5912578924620179	1.0896587457548301
6	0.37412484071716945	0.46950846398000634	0.7968436554811529
6	0.474680337597882	0.5459648356841709	0.8694339022824439
6	0.6159105553018392	0.5596485699073183	1.1005309196159268
6	0.5930987970307583	0.5540305470262608	1.0705164186599367
6	0.6029247424789986	0.5575765846139737	1.0813308146654341
6	0.6018788792597118	0.5532391104547248	1.087918167544244
6	0.41942643677932673	0.5095509583410168	0.8231295220106832
6	0.5122303602310168	0.5500043636492727	0.9313205386815008
6	0.5829979265703464	0.5763800861650205	1.0114817297893794
6	0.6283130967103143	0.5742935001189912	1.0940626989163738
6	0.4922277223763243	0.5443658438193811	0.9042222761860935
6	0.6105733463499041	0.5765512310220553	1.05900970026122
6	0.5932141899472879	0.5866040046595049	1.0112685648841075
6	0.6155225862345659	0.5706023154204973	1.078724305177355
6	0.4758885551772783	0.5415133306407874	0.8788122623207566
6	0.6117070376688394	0.5504263847388955	1.111333058568792
6	0.5376856990309753	0.5439592810273599	0.988466816882808
6	0.5246479653263545	0.548924729922392	0.9557739644933289
6	0.6082914094338393	0.5837369605238076	1.0420642353843725
6	0.5752203620715683	0.5392456216476645	1.0667130876537914
6	0.5677685830448485	0.5615375099077646	1.0110964504189708
6	0.5492203618846833	0.5473621462644352	1.0033948559156487
6	0.5375941462762641	0.5660542407733143	0.9497219657639708
6	0.5708084475346965	0.5652011386887218	1.0099209086149115
6	0.6135136510468951	0.5622799765944794	1.0911177288629752
6	0.6482736701847571	0.5558809013471443	1.1662096478107171
6	0.642914822073747	0.5846258866091611	1.0997029669737386
6	0.6496292108142852	0.5786185665409119	1.1227244481591525
6	0.46723306670351605	0.5203930290209647	0.8978465133988045
6	0.537135011345905	0.5440775097399742	0.9872398725001754
6	0.6014437948155851	0.5729151592119128	1.0497955677118327
6	0.6549548461445059	0.5914445935776877	1.1073815759860792
6	0.6460273283186251	0.5766558271086328	1.1202996622054835
6	0.5219759605840764	0.5552054023375614	0.9401492823852572
6	0.49845256424676554	0.5466276164883506	0.9118686089241674
6	0.5432259131534881	0.558490830461718	0.9726675596524834
6	0.577894648328347	0.5651185445146605	1.022607829698208
6	0.6847656033819323	0.606338450194193	1.1293455052415384
6	0.5450244719751237	0.5553877173253641	0.9813405211765437
6	0.5718306236998169	0.5721344256511277	0.9994690024971578
6	0.5955898892236697	0.5545942191055062	1.0739201179995792
6	0.577967717212102	0.5630592964246607	1.0264775324412678
6	0.5652934865742274	0.5694164728766086	0.9927592781403873
6	0.6150075667957313	0.5647388897154697	1.0890122461826355
6	0.489658993758795	0.5259387060489794	0.9310191247137347
6	0.6203850801518772	0.5662917798830074	1.0955219591568948
6	0.5114626773922999	0.5616317561454204	0.9106726459033586
6	0.53332602731413	0.5370055502108412	0.9931480728732385
6	0.6416263930867606	0.5669612097497807	1.1316936362717516
6	0.6397766378638636	0.5823208522437108	1.0986668868181053
6	0.5510769296465159	0.5335313982602276	1.0328856585451238
6	0.6586239917488544	0.5913757916446509	1.113714834212578
6	0.6037310386176821	0.5778422909333109	1.044802445391383
6	0.49228565554482173	0.5334817483703201	0.9227788149241389
6	0.4587085382521942	0.5327330617659558	0.861047626238218
6	0.6451144655154256	0.5961125672058903	1.082202424517265
6	0.5665576449876967	0.5629061931456558	1.0064867856962731
6	0.44357169716998185	0.4866447090945399	0.9114898176850613
6	0.44949828716430046	0.47277931918841976	0.9507570845863481
6	0.46280013791120517	0.5179880242441977	0.8934572157077999
6	0.5847380817831462	0.5450562593008093	1.0728031681229389
6	0.5788807690364165	0.537327802376948	1.0773326198191362
6	0.552949921061443	0.5721781468577298	0.9663946868612795
6	0.6483318484971057	0.5928949600923522	1.0935020402199378
6	0.5394223216287104	0.5150413755575051	1.0473378396926154
6	0.4417735576958012	0.5093699932210872	0.8672940368987412
6	0.6654260737977268	0.5753582264959299	1.1565422082349144
6	0.6156650255293631	0.5717199324190176	1.0768647210259197
6	0.5351305971064054	0.5537773082317464	0.966328141568528
7	0.26323190326824286	0.33630276058944925	0.7827229928379635
7	0.39303887567552065	0.34660519957366814	1.1339670500008856
7	0.4474940871878288	0.3614479109894118	1.2380596860080832
7	0.32742362355164256	0.336406415363941	0.9732977987278263
7	0.273712348873248	0.33779227931852474	0.8102978239332348
7	0.3506372736971177	0.35776448137787237	0.9800784928305198
7	0.39637474099045483	0.3622811631626515	1.094108061071054
7	0.431163494493193	0.37480683048487706	1.1503618915786804
7	0.3746029411395575	0.3348741981463879	1.118637814478028
7	0.3863289420707608	0.34146984813193965	1.1313705856731695
7	0.3548277210944572	0.35470968773861794	1.0003327604514884
7	0.27472993571613447	0.326532140957099	0.841356489167875
7	0.399761132058902	0.36282886606454734	1.1017897677076895
7	0.38603487951786875	0.3599811464186405	1.0723752712008119
7	0.26661466751445684	0.32643110761397703	0.8167563118088106
7	0.32594756047942836	0.32505407366407946	1.0027487328655116
7	0.3972082132306129	0.33430723412340363	1.188153209643051
7	0.35679658915736184	0.34756119212750136	1.0265720029711272
7	0.23051688303887066	0.31827274902115904	0.7242746472885924
7	0.41967194623659476	0.3385112993305778	1.2397575710663604
7	0.3248085800293215	0.3340576364681364	0.9723129920435238
7	0.2672079129385433	0.3326645806085698	0.8032352360738814
7	0.40595052009627247	0.3664340221512744	1.1078406904277152
7	0.3569017355489435	0.30201636678224	1.1817297828970872
7	0.2887957904998272	0.3377903499152718	0.8549557160891839
7	0.3176664031245115	0.3169699605400178	1.0021971879710847
7	0.3841853429857825	0.35613583310721214	1.078760706649045
7	0.3545274740216138	0.3267098837300968	1.0851446242578255
7	0.329136676264816	0.33426588969692866	0.9846552891269785
7	0.35599823860626034	0.3381049225301484	1.0529223767054632
7	0.42692285420273945	0.36431033016289643	1.1718659034780778
7	0.4277266369326045	0.35199070673866706	1.215164573223142
7	0.3004731710709106	0.34472165353780665	0.8716399680357092
7	0.34972097615682374	0.3348619764360852	1.0443735054032768
7	0.397704260361714	0.35454483180383156	1.1217319353896615
7	0.34243019761258175	0.34967319533938135	0.9792863799017544
7	0.3573461889631122	0.35300402288495786	1.012300613581306
7	0.36361924551833774	0.34630928246328463	1.049984115158358
7	0.24969885781800033	0.30046127316462296	0.8310517198707007
7	0.3292223062689381	0.34415497395905775	0.9566106294546941
7	0.3534471971102084	0.32307885449974505	1.0939966890048736
7	0.40888330900222103	0.35967106388105263	1.1368257000998097
7	0.38959424396260056	0.3513835435097258	1.1087435685553588
7	0.27789326867210673	0.33262148425978666	0.835463978794179
7	0.30854442879998534	0.3261904381338102	0.9459027387964508
7	0.3530740647249431	0.3478188132818774	1.0151091638588474
7	0.32475861449127813	0.3329016054729438	0.9755393460175804
7	0.40461554449148385	0.34358935579713573	1.1776137347234341
7	0.27125938463975585	0.3099099336347003	0.8752845752905004
7	0.3797670885908364	0.3381596926692818	1.1230406722726898
7	0.20465778084033956	0.3192047196562682	0.641148981320586
7	0.36670612716908435	0.35995311052578904	1.0187608231345218
7	0.37405924364466986	0.32769214211674524	1.141495921227814
7	0.3528999499402847	0.331865072525471	1.0633838241992135
7	0.3665587562103097	0.33554364592369795	1.0924324172529989
7	0.38502783555589787	0.3524958126077336	1.0922905231341478
7	0.3705335110324182	0.34788091586868225	1.065115946665746
7	0.3117035229445745	0.3386579853271134	0.9204080117688549
7	0.2749379175098358	0.3143156324861234	0.8747191965451288
7	0.3561314845946505	0.34553183406308763	1.0306763356849706
7	0.40407016929919465	0.35395104651915993	1.1415990241388414
7	0.29085114465992334	0.31416321005637754	0.9257963228976723
7	0.343522277031473	0.2807263969900408	1.2236906850040894
7	0.3622816105195751	0.3417341758459724	1.0601269528361832
7	0.3985401563342119	0.3451083717771173	1.154826103701717
7	0.3795661893951078	0.32021960955090495	1.1853308731699286
7	0.2830508849034144	0.3213312237204072	0.8808695327712666
7	0.4006421656614205	0.3440733587557329	1.1644091455097147
7	0.38159210046948433	0.3418522830862997	1.1162485065900596
7	0.26856349512388034	0.3094637106000285	0.8678351804260167
7	0.4270929965900232	0.3476117851937445	1.228649357650458
7	0.38630563680168756	0.3434588692032805	1.1247507967920538
7	0.335055670407838	0.3514755145018498	0.9532831067413507
8	0.1393934845300121	0.127572044212817	1.092664818457204
8	0.11533151492475227	0.11385148054350251	1.0129996937605412
8	0.1034261015312239	0.10903801043499768	0.9485325449227701
8	0.1285211645151905	0.11849671956535722	1.084596814043483
8	0.10448538028918958	0.11279060340759987	0.9263660015329727
8	0.0852086605832283	0.11020360148943366	0.773193066575035
8	0.1416505102341147	0.11912487982604786	1.1890925761348923
8	0.12318404299221443	0.11274166761536963	1.0926221475849558
8	0.09153249144924008	0.11216187930227445	0.8160748733761986
8	0.0894552074835672	0.10007527580641	0.893879200059496
8	0.10937209095305621	0.11432061405424838	0.9567136413486725
8	0.1368627056023109	0.12408848332252352	1.1029444629973062
8	0.13359656128087596	0.12018793555674281	1.1115638242891916
8	0.14119396821888977	0.12429710202393872	1.1359393414634626
8	0.1197806491868019	0.12151137412433141	0.9857566836849477
8	0.1336952332742901	0.11976154693925031	1.1163452434537082
8	0.13124435836494838	0.10877752214273809	1.206539327056276
8	0.12437924792567534	0.11888425109119943	1.0462214026167398
8	0.0957718766509687	0.11534685882869175	0.8302946228748632
8	0.11019319142568924	0.11876789802600271	0.9278028259922884
8	0.10694461908324703	0.10704878405455084	0.9990269392387424
8	0.07419373978926808	0.10565728435283295	0.7022113074712841
8	0.12486549400898085	0.12010544361420693	1.0396322618820157
8	0.12079201812425805	0.11403631491824055	1.0592416828872544
8	0.12770179991033317	0.11981952451773774	1.0657845657819196
8	0.10568176713285549	0.11586956617447043	0.9120752810425243
8	0.09846441303917683	0.10889313445391047	0.9042297618942391
8	0.10874454650882288	0.11630633589880769	0.9349838567989629
8	0.12341265746214161	0.12127400538142277	1.0176348762786591
8	0.13834454908565805	0.12125137141671986	1.1409730666896287
8	0.10963663967305731	0.10798320047811813	1.0153120039748613
8	0.14735951900199978	0.11864160062352111	1.2420560598268366
8	0.12803469739144563	0.12336822716647723	1.03782554335219
8	0.11333649913739294	0.11084028367527876	1.0225208324928794
8	0.1168229888342438	0.11343338014094512	1.0298819332465186
8	0.10116582477201669	0.11256046486510995	0.8987687186016124
8	0.11813690773240061	0.12392982382514782	0.9532564808538708
8	0.10496638192131856	0.11360580700487288	0.9239526102465541
8	0.09572008531657039	0.11055496308189149	0.8658144568839262
8	0.12704150573305342	0.1179374580190898	1.077193860770596
8	0.12659738400968643	0.12277814936513141	1.0311067943628711
8	0.13525987350318908	0.11901290674498838	1.1365143260723263
8	0.1362379868390565	0.12118186843609983	1.1242439863096836
8	0.10215163761841785	0.10965000029610682	0.9316154796403114
8	0.10595150301822516	0.10810900468622273	0.9800432750790784
8	0.11489798157893753	0.11397574679157305	1.0080915002825204
8	0.0942892032066509	0.1050266816759351	0.8977642795340788
8	0.10392056608514919	0.11133612955525538	0.9333948153242934
8	0.13835854649837181	0.12278498408404959	1.1268360502751844
8	0.13176578106491113	0.11888918233364225	1.108307572468056
8	0.10719794088462944	0.11152130966109768	0.9612328012502137
8	0.0948046840642683	0.11578184522519568	0.8188216717385459
8	0.14202953254656436	0.1197507028407347	1.186043415005755
8	0.11999720425949204	0.11463031595028622	1.046819100730154
8	0.11391107910154688	0.11088774797947318	1.027264789637836
8	0.09630844515434635	0.10365033429407876	0.9291667587014061
8	0.11573700087175402	0.11350935718413346	1.0196251986874254
8	0.13196549594446289	0.12148142686276872	1.0863018269742375
8	0.11096193090524956	0.11258647286601114	0.9855707180498056
8	0.11252239755498483	0.11290911692500423	0.9965749500080117
8	0.13758818286187396	0.11933924167344892	1.1529165170863085
8	0.14569368709443944	0.1263027848857554	1.1535271152272986
8	0.13673267890112525	0.12442729641789917	1.0988961653711213
8	0.10812286216467351	0.11351748087487977	0.9524776389624761
8	0.10291022760012213	0.10873599318615279	0.9464228410912923
8	0.17589725389139282	0.12684932091040466	1.3866629527771093
8	0.11796947233931902	0.1190779629938821	0.9906910512516911
8	0.10036873498713614	0.1100025096451356	0.9124222284648078
8	0.13321463023335992	0.11875043168791635	1.1218033344371867
8	0.08126385311964478	0.1071917539109056	0.7581166475472425
8	0.12289262007726341	0.11694300690741184	1.0508761774405382
8	0.10761492252055337	0.11638094975605606	0.9246781603529014
8	0.097291628246432	0.10954732699664141	0.8881241643569711
9	0.7400829450168187	0.7427372325141461	0.9964263438250662
9	0.7372456661899308	0.7382282673814037	0.9986689737647703
9	0.7432710882624369	0.738528364023441	1.0064218579407809
9	0.7340372988096817	0.7368966985788367	0.9961196735245665
9	0.7355616860961668	0.737878928335302	0.9968595901710284
9	0.743624231201938	0.7427932721180035	1.0011186949520492
9	0.7613333212688701	0.748614383910681	1.0169899719155098
9	0.742923044550158	0.7365589314468245	1.0086403311827778
9	0.7335948692472465	0.7361281766007683	0.9965586056422674
9	0.7309904991254583	0.7331195220078834	0.997095940268247
9	0.7253635698532999	0.7327542026970929	0.9899138990720355
9	0.719199204217979	0.7316860217591411	0.9829341860171923
9	0.7416862759933701	0.739129189064909	1.00345959402807
9	0.7559939681196216	0.7451976825487684	1.0144878142051208
9	0.7270420986799659	0.7379688052680103	0.9851935386563174
9	0.7356602734581236	0.7387830198686978	0.9957731210293258
9	0.7420921303547048	0.7262339925214685	1.0218361271939052
9	0.7508957559074732	0.7453032363580225	1.0075036834359916
9	0.735933929899788	0.7423335174716086	0.9913790938692657
9	0.7423853832129252	0.736516531582584	1.00796839090323
9	0.7481501596741108	0.7413436619761076	1.0091812988322582
9	0.7353427087780102	0.7399097031256527	0.9938276328471571
9	0.750189079565293	0.7423609987556243	1.0105448438465792
9	0.7447923253016591	0.7365300677616157	1.011217814318366
9	0.72682129156449	0.7361487734587803	0.9873293521220374
9	0.7318889714370984	0.7353836122881688	0.9952478668375587
9	0.7442706513484326	0.7413789465242207	1.0039004409792982
9	0.722646356279212	0.7341758089786037	0.9842960602101128
9	0.7394803356527534	0.7404746863526712	0.9986571442370088
9	0.7459017373577066	0.7382843817478809	1.0103176442549031
9	0.7485418084631021	0.7373460425150242	1.0151838693130977
9	0.7386724459369579	0.7186408169609273	1.0278743267892057
9	0.7350214705469219	0.7379816478035469	0.9959888199585513
9	0.7506645973734482	0.7441692413408293	1.008728331771568
9	0.7367486919003254	0.7379152160403915	0.9984191623716265
9	0.7334883604466816	0.7373502083748585	0.9947625322617206
9	0.750168914731619	0.7421633162025526	1.010786842133385
9	0.7503569129672301	0.7432313068048944	1.0095873331721834
9	0.7369482603698806	0.7349721671468541	1.0026886640220645
9	0.7463694617415038	0.7426555584189037	1.0050008422888626
9	0.7431473002567387	0.7424994013772456	1.0008725917869985
9	0.7453750017518801	0.735927325787411	1.0128377838862832
9	0.7439961472206492	0.7414205186831346	1.003473910517191
9	0.7385150993904728	0.7397881676005337	0.9982791449420041
9	0.7653868117885968	0.7486239070658965	1.0223916235702377
9	0.7584464287488489	0.747933973045509	1.0140553258471925
9	0.74561536082031	0.7429849270620791	1.003540359517968
9	0.7307933573543397	0.7355629066996694	0.993515783215973
9	0.7283107021267969	0.7324933845625291	0.9942898017594655
9	0.7513150238226447	0.7405112845135045	1.01458956741792
9	0.7371279671884736	0.7400522572397842	0.9960485357314935
9	0.7427594551842149	0.7408255578650693	1.0026104624747543
9	0.7560555268901141	0.7417052104543884	1.0193477357762315
9	0.7454879780943385	0.7395316449742331	1.0080541964100982
9	0.7512592497919391	0.7425815606253815	1.0116858398143491
9	0.7488621944333318	0.7444979983119208	1.005861931303115
9	0.748644430929179	0.7406639650211901	1.010774745748243
9	0.7449390690256873	0.7427978185184073	1.0028826828161006
9	0.7373243456372112	0.739816151708049	0.9966318577053436
9	0.7556933866740059	0.7454362946466446	1.0137598505747878
9	0.7483567980628942	0.7389643020851491	1.0127103514354376
9	0.7230656832856053	0.7294850563543863	0.991200130814383
9	0.7365568621080648	0.7353508711086456	1.001640021174655
9	0.763362255901055	0.7475776839339381	1.021114289934465
9	0.7396703719430269	0.7377895737126642	1.0025492339514888
9	0.7062378318530952	0.7183837236880853	0.9830927519172695
9	0.7280107168367269	0.7386929809291608	0.9855389662982891
9	0.731538730045431	0.7403221729681944	0.988135647906441
9	0.7443224695367963	0.7403292409836498	1.005393854966259
9	0.724043779997107	0.7279781504331803	0.9945954827988558
9	0.749622472630722	0.7406542319609595	1.0121085390223428
9	0.7327204613562415	0.7335150417757776	0.9989167496584493
9	0.7479196859877406	0.743161182941289	1.0064030565046715
