0	1.0	0.9999906023175544	1.000009397770763
0	1.0	0.9999906023175544	1.000009397770763
0	1.0	0.9999906023175544	1.000009397770763
0	1.0	0.9999904669042627	1.0000095331866181
0	1.0	0.9999906023175544	1.000009397770763
0	1.0	0.9999905350952194	1.0000094649943658
0	1.0	0.999991422337862	1.0000085777357148
0	1.0	0.9999906023175544	1.000009397770763
0	1.0	0.9999906023175544	1.000009397770763
0	1.0	0.9999918127839794	1.0000081872830517
0	0.9994715756181195	0.9997318694230428	0.9997396363836301
0	1.0	0.9999902563056824	1.000009743789258
0	1.0	0.9999905350952194	1.0000094649943658
0	1.0	0.9999905350952194	1.0000094649943658
0	1.0	0.9999906023175544	1.000009397770763
0	1.0	0.9999918127839794	1.0000081872830517
0	1.0	0.9999906023175544	1.000009397770763
0	1.0	0.999991422337862	1.0000085777357148
0	1.0	0.9999906023175544	1.000009397770763
0	1.0	0.9999904669042627	1.0000095331866181
0	1.0	0.9999904669042627	1.0000095331866181
0	1.0	0.9999905350952194	1.0000094649943658
0	1.0	0.9999906023175544	1.000009397770763
0	1.0	0.9999905350952194	1.0000094649943658
0	1.0	0.9999906023175544	1.000009397770763
0	1.0	0.9999905350952194	1.0000094649943658
0	1.0	0.9999906023175544	1.000009397770763
0	1.0	0.9999905350952194	1.0000094649943658
0	1.0	0.9999906023175544	1.000009397770763
0	1.0	0.9999918127839794	1.0000081872830517
0	1.0	0.9999906023175544	1.000009397770763
0	1.0	0.9999905350952194	1.0000094649943658
0	1.0	1.0	1.0
0	1.0	1.0	1.0
0	1.0	0.9999906023175544	1.000009397770763
0	1.0	0.9999905350952194	1.0000094649943658
0	1.0	0.9999906023175544	1.000009397770763
0	1.0	0.9999906023175544	1.000009397770763
0	1.0	0.9999906023175544	1.000009397770763
0	1.0	0.9999906023175544	1.000009397770763
0	1.0	0.9999906023175544	1.000009397770763
0	1.0	0.9999906023175544	1.000009397770763
0	1.0	0.9999906023175544	1.000009397770763
0	0.9983882828890931	0.9989397393442419	0.9994479582366893
0	1.0	0.9999903275315181	1.0000096725620395
0	1.0	0.9999905350952194	1.0000094649943658
0	1.0	0.9999906023175544	1.000009397770763
0	1.0	0.9999906023175544	1.000009397770763
0	1.0	0.9999906023175544	1.000009397770763
0	1.0	0.9999906023175544	1.000009397770763
0	1.0	0.9999906023175544	1.000009397770763
0	1.0	0.9999905350952194	1.0000094649943658
0	1.0	0.9999906023175544	1.000009397770763
0	1.0	0.9999905350952194	1.0000094649943658
0	1.0	0.9999905350952194	1.0000094649943658
0	1.0	0.9999906023175544	1.000009397770763
0	1.0	0.9999905350952194	1.0000094649943658
0	1.0	0.9999906023175544	1.000009397770763
0	1.0	0.9999906023175544	1.000009397770763
0	1.0	0.9999906023175544	1.000009397770763
0	1.0	0.9999906023175544	1.000009397770763
0	1.0	0.9999905350952194	1.0000094649943658
0	1.0	1.0	1.0
0	1.0	1.0	1.0
0	1.0	0.9999906023175544	1.000009397770763
0	1.0	0.9999906023175544	1.000009397770763
0	1.0	0.9999904669042627	1.0000095331866181
0	1.0	0.9999918127839794	1.0000081872830517
0	1.0	0.9999906023175544	1.000009397770763
0	1.0	0.9999906023175544	1.000009397770763
0	1.0	0.9999906023175544	1.000009397770763
0	1.0	0.9999906023175544	1.000009397770763
0	1.0	0.9999906023175544	1.000009397770763
0	1.0	0.9999906023175544	1.000009397770763
0	1.0	0.9999906023175544	1.000009397770763
0	1.0	0.9999906023175544	1.000009397770763
0	1.0	0.9999906023175544	1.000009397770763
0	1.0	0.9999906023175544	1.000009397770763
0	1.0	0.9999906023175544	1.000009397770763
0	1.0	0.9999906023175544	1.000009397770763
0	1.0	0.9999906023175544	1.000009397770763
0	1.0	0.9999904669042627	1.0000095331866181
0	1.0	0.9999906023175544	1.000009397770763
0	1.0	0.9999906023175544	1.000009397770763
0	1.0	0.9999906023175544	1.000009397770763
0	1.0	0.9999906023175544	1.000009397770763
0	1.0	0.9999906023175544	1.000009397770763
0	1.0	0.9999906023175544	1.000009397770763
0	1.0	0.9999906023175544	1.000009397770763
0	1.0	0.9999905350952194	1.0000094649943658
0	1.0	0.9999906023175544	1.000009397770763
0	1.0	0.9999906023175544	1.000009397770763
0	1.0	0.9999906023175544	1.000009397770763
0	1.0	0.9999906023175544	1.000009397770763
0	1.0	0.9999906023175544	1.000009397770763
0	1.0	0.9999905350952194	1.0000094649943658
0	1.0	0.9999906023175544	1.000009397770763
0	1.0	0.9999914845850473	1.0000085154874656
0	1.0	0.9999906023175544	1.000009397770763
0	1.0	0.9999906023175544	1.000009397770763
0	1.0	0.9999906023175544	1.000009397770763
0	1.0	0.9999906023175544	1.000009397770763
0	1.0	0.9999904669042627	1.0000095331866181
0	1.0	0.9999905350952194	1.0000094649943658
0	1.0	0.9999906023175544	1.000009397770763
0	1.0	0.9999906023175544	1.000009397770763
0	1.0	0.9999906023175544	1.000009397770763
0	1.0	0.9999906023175544	1.000009397770763
0	1.0	0.9999906023175544	1.000009397770763
0	1.0	0.9999906023175544	1.000009397770763
0	1.0	0.9999905350952194	1.0000094649943658
0	1.0	0.9999914845850473	1.0000085154874656
0	1.0	0.9999906023175544	1.000009397770763
0	1.0	0.9999906023175544	1.000009397770763
0	1.0	0.9999906023175544	1.000009397770763
0	1.0	0.9999906023175544	1.000009397770763
0	1.0	0.9999906023175544	1.000009397770763
0	1.0	0.9999906023175544	1.000009397770763
0	1.0	0.9999906023175544	1.000009397770763
0	1.0	0.9999906023175544	1.000009397770763
0	1.0	0.9999906023175544	1.000009397770763
0	1.0	0.9999906023175544	1.000009397770763
0	1.0	0.9999906023175544	1.000009397770763
0	1.0	0.9999906023175544	1.000009397770763
0	1.0	0.9999906023175544	1.000009397770763
0	1.0	0.9999906023175544	1.000009397770763
0	1.0	0.9999906023175544	1.000009397770763
0	1.0	0.9999918127839794	1.0000081872830517
0	1.0	0.9999906023175544	1.000009397770763
0	1.0	0.9999906023175544	1.000009397770763
0	1.0	0.9999906023175544	1.000009397770763
0	1.0	0.9999906023175544	1.000009397770763
0	1.0	0.9999905350952194	1.0000094649943658
0	1.0	0.9999906023175544	1.000009397770763
0	1.0	0.9999906023175544	1.000009397770763
0	1.0	0.9999905350952194	1.0000094649943658
0	1.0	0.9999906023175544	1.000009397770763
0	1.0	0.9999906023175544	1.000009397770763
0	1.0	0.9999906023175544	1.000009397770763
0	1.0	0.9999906023175544	1.000009397770763
0	1.0	0.9999906023175544	1.000009397770763
0	1.0	0.9999906023175544	1.000009397770763
0	1.0	0.9999906023175544	1.000009397770763
0	1.0	0.9999906023175544	1.000009397770763
0	1.0	0.9999905350952194	1.0000094649943658
0	1.0	0.9999908745262873	1.0000091255569876
1	0.9297999585677175	0.9006210917921869	1.0323986047422744
1	0.9307460786198956	0.844846895251824	1.1016742605682033
1	0.8959716521281932	0.8930200084542197	1.0033052380081413
1	0.8849283734346969	0.8896546900948886	0.9946874706413478
1	0.9726866572415418	0.9139435851878318	1.0642742867347084
1	0.9637051226737541	0.9040581697829069	1.0659768971560428
1	0.9497281478021222	0.9058588626485673	1.0484283887506372
1	0.9610585934489727	0.9158795299758781	1.0493286092705714
1	0.9244061275045983	0.8899477856854265	1.0387195095863206
1	0.8334549610861168	0.8564044794134933	0.973202477475254
1	0.9174790174233806	0.886108695138747	1.0354023411086397
1	0.9232516467054765	0.9010032368833603	1.0246929299600247
1	0.9224181763599997	0.8911587256632807	1.0350773097951242
1	0.9190521653492354	0.8827000791683671	1.041182828730589
1	0.8305324900793067	0.7258729989171845	1.1441843012734283
1	0.796162613833404	0.7737312739305421	1.0289911247724435
1	0.894219154514181	0.8880369206035793	1.0069616856767618
1	0.8708462735423751	0.8605568947842525	1.0119566513504052
1	0.9601888971388857	0.9134347938115482	1.0511849380427514
1	0.931441687656236	0.8991694925246814	1.0358911144115233
1	0.9719762071476797	0.9038511736065089	1.0753719589358293
1	0.9523554602936727	0.9081740650284302	1.048648598288104
1	0.9167299187080278	0.9025117386338035	1.0157540112395074
1	0.8847963702809276	0.8732155364195443	1.0132622856309548
1	0.9270684401533746	0.9047448817818147	1.0246738708569378
1	0.9662629827610019	0.9199811061776367	1.0503074207422132
1	0.9728382736052122	0.9158973408707439	1.0621695578680626
1	0.9736699128893335	0.9228301980278164	1.0550910828125986
1	0.8386780170058795	0.8552901706889995	0.9805771722247928
1	0.8895406061446813	0.8618879132657261	1.0320838620119153
1	0.9310981422898689	0.8853035358583683	1.0517275765617486
1	0.9273803069792228	0.9058456571580543	1.023772979040083
1	0.9496723640914606	0.8552358222400585	1.1104216397344666
1	0.9417079190306946	0.8179529654727956	1.1512983738452074
1	0.9745612502926857	0.9130721549482563	1.0673430845647833
1	0.9674988526104944	0.9064055438669016	1.06740173772874
1	0.9581317291258973	0.8734360407166863	1.0969683920298445
1	0.9635354007758281	0.910490778216571	1.0582593737667048
1	0.863051485918658	0.8626377147708839	1.0004796580774167
1	0.9232958158576896	0.8713745270870796	1.0595855021653866
1	0.8963374629037257	0.8524027624851834	1.0515421844603723
1	0.9346143043889452	0.8949374982292289	1.0443347230820286
1	0.9435659128650815	0.9067913361996817	1.0405546184632952
1	0.909024412055205	0.8968216847631248	1.013606637193773
1	0.944177625709629	0.9138056274919398	1.0332368255392004
1	0.8664020423234401	0.8067003716980494	1.074007243234217
1	0.8544364654109774	0.8625930487540714	0.9905441119020431
1	0.8722384257636966	0.8799315554147346	0.9912571272121137
1	0.946530771001812	0.9058702747353972	1.0448855618739579
1	0.964107943265945	0.8865097388075153	1.087532263957766
1	0.9590973187916042	0.9036972420374383	1.061303801956132
1	0.9151802851449237	0.8978272766347871	1.019327780478199
1	0.8943832004578198	0.8828858952386399	1.0130224135204609
1	0.9492326474152849	0.9108758027761062	1.0421098513345917
1	0.9684158569157709	0.8965972015558435	1.0801013601596148
1	0.8896284381776072	0.8316145191496812	1.0697605894221818
1	0.8978996827407822	0.8883893387819767	1.010705153184126
1	0.9070745650430524	0.8807745941253718	1.0298600471597354
1	0.9641214464574123	0.9180321288488074	1.0502044712382779
1	0.9419735992186453	0.9106273521012187	1.0344226944700234
1	0.9646585396766042	0.9210943031022696	1.047296174156771
1	0.937387008323687	0.9091701133790485	1.031035880446803
1	0.9307049061896226	0.8537550382912326	1.0901310849683572
1	0.9779680392146723	0.8664940802998679	1.1286494177504671
1	0.8526815690681133	0.8615775816870765	0.9896747399096159
1	0.9148532268920263	0.8998475025281545	1.016675852654714
1	0.9299287218561154	0.9084890287319208	1.023599286778532
1	0.9631015477778402	0.9155815695779274	1.0519014141162966
1	0.9513284123340077	0.9041238027851609	1.0522103382340255
1	0.8976221038990431	0.8890770788615321	1.0096111183615857
1	0.8889072830116032	0.8775627703224731	1.0129272948588752
1	0.9678265505753189	0.9134399772927705	1.0595403908680874
1	0.9677706375970623	0.9038942333533244	1.0706680072587311
1	0.944522725022456	0.9035299037519038	1.0453696342537526
1	0.8777397690715695	0.8286816849433957	1.0592001549201908
1	0.9156769889106597	0.8945957639573828	1.0235650847037558
1	0.9180075986040196	0.8850226409259394	1.0372701851373771
1	0.9706682063178926	0.9186562958393069	1.0566173777006191
1	0.8710946460582122	0.8769378679527894	0.9933367891750208
1	0.9744163932661263	0.917004349431226	1.0626082568425224
1	0.9234394562510075	0.8910787588137694	1.0363163156086423
1	0.8948503040681143	0.8821719972795288	1.0143716948936072
1	0.9696248290244031	0.9156509977849809	1.0589458553204096
1	0.9674260115039897	0.9181741196490075	1.0536411240536923
1	0.924623811128724	0.9006822874817408	1.026581541548821
1	0.9121785132292615	0.8942278160441961	1.0200739642214152
1	0.8757549793817347	0.8363898627759524	1.0470655113814158
1	0.8933431748441223	0.878977836190315	1.01634323194777
1	0.8968606198479148	0.8727648696873972	1.0276085243545012
1	0.9587303758765687	0.8976810815503051	1.0680077764597988
1	0.9096895113482585	0.8833484132556694	1.029819601979593
1	0.9616615801205045	0.8983106017676722	1.0705223541035493
1	0.9219680230135928	0.9027829107832835	1.0212510804105315
1	0.8930051188415487	0.8943978940205661	0.9984427790043684
1	0.9593777659587843	0.9114726772970123	1.0525578987225765
1	0.9532520775822683	0.9130157373980091	1.0440697115461866
1	0.9502595037604437	0.9099769560072164	1.0442676569854894
1	0.927731173868873	0.8983874338223927	1.0326626786414752
1	0.9515628018671702	0.912532871788966	1.0427709853363292
1	0.9362554534587202	0.8958541705220455	1.0450980575478388
1	0.9519635745655581	0.9054110329629813	1.0514159204027285
1	0.9197494272972758	0.9040593430968771	1.0173551485532486
1	0.9605913685491144	0.9113827488561298	1.0539933631119813
1	0.9256756600335218	0.8958613445821129	1.0332800557047321
1	0.9405623827462467	0.8966930717746164	1.0489234414232842
1	0.9011866240352588	0.8804246603924295	1.023581760685321
1	0.9546809801271181	0.9074024600893286	1.0521031428911216
1	0.9002316198335188	0.8825537408917439	1.0200303710954906
1	0.918767156769541	0.8860282746576827	1.0369501550325886
1	0.9317476378805717	0.9058128143520913	1.0286315485026905
1	0.8984577343905531	0.8884572031495771	1.0112560641137516
1	0.9814160552777249	0.9060668629724314	1.0831607416456042
1	0.9149362306336248	0.8748673446592157	1.0457999560950775
1	0.9367156354213144	0.8698121916644344	1.0769171142897602
1	0.815161590734844	0.8409766867006507	0.9693034344779693
1	0.8409917720110485	0.8539625392297544	0.9848110817244922
1	0.9575716734669513	0.9109959373377255	1.0511261732575203
1	0.9549399300307201	0.8869140015452311	1.076699576697369
1	0.9091399847415982	0.8725551993737445	1.041928333467168
1	0.896851750880779	0.8814618702771141	1.0174594966868238
1	0.9514259116548007	0.8961597882504199	1.0616699433839554
1	0.9421837016466877	0.9036612425120447	1.0426293143076009
1	0.8575543803029728	0.8480720218338602	1.011181076871995
1	0.8824002855573543	0.8697836524495555	1.0145054842917165
1	0.8476527875921086	0.8742341529534234	0.969594684362862
1	0.8654939322949275	0.8598065615337043	1.0066147096517597
1	0.9282534474626285	0.8977498713959925	1.033977811680667
1	0.8817642856535706	0.7899197317234883	1.1162707427622944
1	0.9315455548181794	0.8784368046017498	1.060458248035847
1	0.9197504905205538	0.8823402328263679	1.0423989027161904
1	0.9489180843008758	0.9122225478390037	1.0402265176943952
1	0.937823760708417	0.8904437785678427	1.0532094033121087
1	0.8992750821477076	0.8622524194517183	1.0429371514196863
1	0.815629506628748	0.8462957172162773	0.9637641902662586
1	0.9432147265767343	0.9093548092641459	1.0372351000595554
1	0.912694924545747	0.8590561118798657	1.0624392422382094
1	0.9241204483375671	0.8375163842111167	1.1034058148104475
1	0.8882765830659463	0.8728708900104959	1.0176494522062307
1	0.9374888476221022	0.8950966317741139	1.0473604908600376
1	0.9391172595460148	0.8874694990841012	1.0581966597333383
1	0.9467898980622532	0.894744654419514	1.0581677055969725
1	0.9519736040334182	0.8920882998941182	1.0671293459923281
1	0.9171730294667757	0.9018942443578086	1.0169407723849555
1	0.9600350077012756	0.9170194103477356	1.0469080554546042
1	0.8362610886519211	0.8380836189573014	0.9978253598278799
1	0.9300243397582948	0.908235080719141	1.023990770122974
2	0.8666266628269813	0.7163929759032687	1.2097084867900743
2	0.8682799160489113	0.8310378321884246	1.044813945187567
2	0.8083184382654067	0.7882174719241223	1.0255018025573779
2	0.8918997081071958	0.8339577057607157	1.069478346379241
2	0.9104736601152987	0.8379335688669954	1.0865702174295127
2	0.9100894530338287	0.8444570662077832	1.077721401658443
2	0.8978307009866366	0.8441254356897769	1.0636223753321383
2	0.8248151535772006	0.8004515609576621	1.030437310398133
2	0.9139352113311663	0.7950733623968715	1.1494979640318566
2	0.7375057909084883	0.7398595353369286	0.996818660413198
2	0.8853150141260349	0.811776294857526	1.0905898826245173
2	0.862189880861979	0.7763950848986839	1.1105040431502615
2	0.7730881299070635	0.7774299175096467	0.9944152038598009
2	0.82463234906599	0.8028819452402081	1.0270904134222056
2	0.90423132032873	0.8016397602114572	1.1279771353783787
2	0.8332028239361715	0.7554352324655452	1.1029440885578146
2	0.8624565022921076	0.7902341342144059	1.0913936325333504
2	0.8498038956215783	0.7995627952139117	1.0628357156040824
2	0.8543484848050188	0.8177203532398516	1.0447929801674185
2	0.8514264083113365	0.7850403529012033	1.0845638764488936
2	0.8277680282551245	0.6553598142304424	1.2630741316159777
2	0.888329701326299	0.8137250974144966	1.0916828105079326
2	0.8660967679455911	0.8064646562887677	1.0739426225214155
2	0.8759741605060848	0.8329819653163802	1.051612396161993
2	0.8739644894653	0.8312778154542436	1.0513506714812673
2	0.9194997360972355	0.8370166565949698	1.0985441315323536
2	0.8917859942266595	0.8173608558806872	1.0910554228410914
2	0.9324676604950494	0.8545860135531069	1.091133772033238
2	0.8725283158787317	0.7992116944221421	1.0917361719908265
2	0.8075874849089109	0.7923219048365263	1.0192668913723069
2	0.928972140916577	0.8373131869778259	1.1094679450464435
2	0.8106338728161561	0.7746112445911545	1.0465041380131457
2	0.9374300734063322	0.857148062242619	1.0936617775856199
2	0.9256074335732247	0.8355296842633297	1.107809155086231
2	0.7828621482217069	0.7631470142309958	1.0258339921706665
2	0.8395571018469449	0.8036386196433817	1.0446948184489966
2	0.9508008818418544	0.785722027680897	1.2100982896561994
2	0.8146076152728924	0.7927952658306602	1.0275132185853533
2	0.9147796436041549	0.8252321855669403	1.108511834127864
2	0.8766686479752366	0.7702372034399085	1.1381800879780946
2	0.84805801620567	0.7868711971410063	1.0777596375200644
2	0.8365093332631076	0.8005837949438364	1.0448741762525826
2	0.939914665398884	0.8446506100589372	1.1127851613500872
2	0.8493182303510034	0.8131935589118091	1.0444232139363416
2	0.817738779078567	0.8087240920023586	1.011146801690906
2	0.9106673596853717	0.8409731783410599	1.0828732510611023
2	0.8394683356197167	0.7962588679055231	1.0542656031296098
2	0.8548855492214695	0.83085334840386	1.0289247204260263
2	0.8982266394517794	0.8222321956242329	1.0924245538328161
2	0.9263174851333528	0.7972212594340838	1.1619327434781521
2	0.8956010775390716	0.8130145149001418	1.101580674299614
2	0.8906560258787453	0.7731793149226996	1.151939800624116
2	0.9038203273146055	0.8100906644536637	1.1157026823956233
2	0.8128305873997128	0.776509841089907	1.0467743541521974
2	0.9286963603808186	0.8437952626038043	1.1006181256754446
2	0.9051363419004907	0.8249953357944786	1.0971411626574052
2	0.8498879847560016	0.7975925958815715	1.0655665425487413
2	0.8900580467677333	0.8238959079491956	1.0803040022170098
2	0.8607188962046906	0.750634838338981	1.1466546078640656
2	0.743118670516151	0.7546209844592415	0.9847574952459969
2	0.9097905359061034	0.8375148720624078	1.086297767663175
2	0.8766571541921412	0.8317258724000239	1.0540217435613297
2	0.8746823025635171	0.8105333745941374	1.0791440920017652
2	0.9106305965854474	0.853533155277364	1.06689539938203
2	0.8117135219821605	0.8006686601044739	1.0137945475176278
2	0.8165699624171247	0.8146185804450623	1.0023954547795806
2	0.8844148663985585	0.8133624137386817	1.0873564495478454
2	0.7697125321255742	0.7581310889054023	1.0152763069469863
2	0.8398227363697446	0.8175979336695786	1.0271830465622824
2	0.8998395327305431	0.785712572716405	1.1452528112405946
2	0.8839100592570788	0.8261221090475971	1.0699508578412253
2	0.9316896447716185	0.839800978971048	1.1094171930034609
2	0.8989488543806352	0.8197350611498929	1.096633408749925
2	0.8681805829608435	0.7952705932401477	1.0916794740562967
2	0.8628751324158263	0.816718417570479	1.0565148450829005
2	0.7774811125596297	0.7512016971213528	1.0349831683540933
2	0.8434164173319173	0.8054999838989116	1.0470719232661885
2	0.9206903838639546	0.8336816656549427	1.1043668366398074
2	0.9141069775235442	0.8451345849533686	1.0816111348395252
2	0.7519130143827792	0.675580282629004	1.1129883948902835
2	0.8939049900580844	0.8207422367307079	1.0891421813732998
2	0.9086283744360142	0.818758898309104	1.1097630527283529
2	0.9378189041826556	0.8523701008687363	1.1002484756643032
2	0.9200017329379477	0.8441948469769855	1.0897978544081646
2	0.7476463979553072	0.7340209832202159	1.018562704672713
2	0.8447211487361768	0.8219596369671859	1.0276917633729252
2	0.8500515949569852	0.7919621878408482	1.0733487128653303
2	0.9231871471524119	0.8166933568203671	1.1303962980018072
2	0.7689594704773484	0.7507411128316278	1.0242671639188707
2	0.822444936284367	0.8016505238092504	1.0259394983942711
2	0.889260876898135	0.828909563510982	1.07280807948641
2	0.898403645196009	0.8021468705971756	1.1199989405022213
2	0.8668434364872896	0.8295287937279646	1.044982938556756
2	0.8430280162868288	0.819818807036641	1.0283101693337349
2	0.8595838858908765	0.8188282050467858	1.0497731765868545
2	0.8674643080333503	0.7797247963586964	1.1125262555255344
2	0.8746812287483856	0.8272262996396054	1.0573663205938384
2	0.8999345987783365	0.6886302117150683	1.3068473956973277
2	0.9195214561434846	0.8343420831252872	1.1020916656860116
2	0.930119861375822	0.8307730758935409	1.119583540156773
2	0.8976044607077803	0.8097144554944877	1.108544443805957
2	0.9244582013830179	0.8304457826869902	1.1132071721670271
2	0.893150972572921	0.8064706514017458	1.1074810608675145
2	0.7803304740325036	0.7654234467145054	1.01947553002457
2	0.9001797422631761	0.8362920824261127	1.0763939551498838
2	0.856818448957435	0.8117154503483551	1.0555650364788838
2	0.8724927434515731	0.8149168731965054	1.0706524458491413
2	0.8702312132996077	0.801291052186761	1.086036354611356
2	0.7986378738305326	0.7820344841277519	1.0212310199099461
2	0.7352603944601658	0.6933439964273249	1.0604554135448325
2	0.8378066955293129	0.8103266526547688	1.033912302877506
2	0.8738437204463458	0.8243079229750206	1.0600938024379833
2	0.8904457686128471	0.8343251637768018	1.067264667629105
2	0.9221426937173215	0.8220946267830024	1.1216989670955817
2	0.8016329975868122	0.7947865947160833	1.0086141398411161
2	0.8379124958441135	0.8090952674004195	1.0356166073449944
2	0.8562795371868834	0.8059019818214421	1.062510772403837
2	0.9152777729614066	0.8130814262068394	1.1256901750066166
2	0.9316221802500095	0.8360027229857084	1.1143769686811602
2	0.8664208985547817	0.8113389309992696	1.0678902064858042
2	0.9218056301245745	0.8159146873456995	1.1297818809014888
2	0.8275529177467018	0.7734588062862344	1.069937934665455
2	0.7232631198689475	0.7426599695833797	0.9738819237486122
2	0.8490347536781636	0.7991452881347106	1.0624285299359022
2	0.7786642855276765	0.7421676497935171	1.0491757296943802
2	0.7784539737822167	0.7655710327751452	1.0168278846188468
2	0.8539677133203952	0.7889613214419492	1.0823949034150835
2	0.874693598082968	0.7667738420241599	1.1407452238771179
2	0.9028764931818569	0.7953529520367145	1.1351897178099353
2	0.8144708277549639	0.795426379627414	1.0239424396968964
2	0.8927421639123395	0.819711301466551	1.089093394607502
2	0.8067581183451891	0.7799305939755489	1.0343973227577752
2	0.8680016750345578	0.8007783700069201	1.083947453559537
2	0.8939510674195612	0.8186016783578488	1.0920464629548117
2	0.8867439273978197	0.8392612018954467	1.0565768146974204
2	0.9394306687518672	0.8456238982932553	1.11093202385593
2	0.9010487118248808	0.7578761160705715	1.1889129274803238
2	0.8095385323929196	0.7513216552338154	1.0774859565853812
2	0.750436418436544	0.6860728050953886	1.093814552716758
2	0.8423672637081111	0.7492120148923284	1.1243376333589237
2	0.854781955610231	0.7877555989056183	1.0850852177981702
2	0.9449446722980378	0.8504951970998019	1.1110523322416277
2	0.9058420682041362	0.841715114621792	1.0761860544837172
2	0.9060842847207748	0.8489324897491336	1.067321955116278
2	0.8843025066238022	0.8258168068665169	1.0708216389772978
2	0.8054225426688149	0.7982936045151853	1.008930220802607
3	0.8666105294608553	0.7159804773318006	1.2103829041406244
3	0.8681440089030132	0.8306817010688514	1.0450982702351075
3	0.80831790056207	0.7879856798375083	1.0258027794727873
3	0.8915995331106368	0.833541268374974	1.0696525378387682
3	0.910187576845896	0.8375045959310016	1.0867851726044528
3	0.909710294285848	0.8440494308535136	1.0777926754431164
3	0.8974205980030625	0.8437042728295676	1.0636672432549668
3	0.8237574725287489	0.7995901462138764	1.0302246424987935
3	0.9138970734151602	0.7948028604052186	1.1498411982931505
3	0.7367009670809544	0.7391869632779222	0.9966368505933281
3	0.8853147489559717	0.8117130653176133	1.0906745089898966
3	0.8616960283233613	0.775758572360987	1.1107786095109815
3	0.7729144272340032	0.7771882560628275	0.9945009091484794
3	0.8246319450889427	0.8025931851316166	1.0274594406800401
3	0.9040613822305416	0.801186771372059	1.128402782639941
3	0.8330924600221831	0.7556118209967748	1.102540268524649
3	0.862439543981699	0.7898872506482616	1.0918514550955134
3	0.848960322444827	0.7988946708733482	1.0626686513213903
3	0.8543720287677274	0.8176410334033616	1.0449231311343026
3	0.8514724728987082	0.7848965344758415	1.0848212923596694
3	0.8271224774205365	0.6541599870219826	1.2644039590161322
3	0.888303636673615	0.8136455772416233	1.0917574697389658
3	0.8659837668548628	0.8061346832823731	1.0742420402119401
3	0.8753342248981391	0.832468138596959	1.051492765084591
3	0.8731879985936033	0.8306860748400993	1.0511648443868344
3	0.9193699519509639	0.8367130972266906	1.0987875712693416
3	0.8910411657298445	0.8167840984062648	1.090913948335273
3	0.9323439202975028	0.8542974526307637	1.0913574861149347
3	0.8725280364453439	0.7992619008241625	1.0916672439229653
3	0.8068560112510724	0.7917919794815883	1.01902523915353
3	0.9290555241252567	0.8371440270571907	1.1097917372607462
3	0.8097290836361897	0.7738345674629286	1.0463852581449595
3	0.9373475059378891	0.8567449354110351	1.0940800081744093
3	0.9256072591454959	0.8357174142268444	1.1075600955399645
3	0.7817351576255195	0.7622143850233906	1.0256106063932786
3	0.8389744164580286	0.8030498881020964	1.0447351140796932
3	0.9508007180469352	0.7855885941852974	1.2103036183117868
3	0.8131617124413847	0.7919361542920418	1.0268021077637473
3	0.9148580880605826	0.8249969658263566	1.108922973000533
3	0.8764585654585734	0.7697513768206711	1.1386255248787451
3	0.8480577384430618	0.7869044645761181	1.0777137208134728
3	0.8356396325177649	0.8000441318727995	1.0444919214164359
3	0.9399300997604982	0.8443292685509215	1.113226953950858
3	0.8489310270005085	0.8126954158844665	1.044586951529198
3	0.8171945260871769	0.8082702656141586	1.0110411836890192
3	0.9104910841920676	0.8406325691899973	1.0831023179001777
3	0.8388861286941015	0.7957164284777772	1.0542526189875316
3	0.8549556948873771	0.8306416326440069	1.0292714225820543
3	0.8975816944317832	0.8215283321476161	1.0925754588224006
3	0.9263675253040645	0.7969402576575385	1.1624052322654073
3	0.8955739781647175	0.8127309823258839	1.1019316325332553
3	0.8905743100228539	0.7727685380477245	1.1524463874690691
3	0.9038201452193334	0.8100760843564655	1.1157225385037004
3	0.8127471251493539	0.7762797292117259	1.0469771328109505
3	0.9284402811480493	0.8433896760513598	1.1008437825500608
3	0.9055241892896515	0.825244225997098	1.0972802483962314
3	0.8494433920719613	0.7970268011886379	1.0657651547038975
3	0.8898592301996044	0.8235439162959333	1.0805243200653325
3	0.8596806313623532	0.7495319041824827	1.1469566893219978
3	0.7422352663296501	0.7539112559554522	0.9845127798085402
3	0.9094893031576659	0.83709532234879	1.086482362134992
3	0.8760762049390041	0.8312372523365864	1.0539424243516236
3	0.8744705761496091	0.8100728224032295	1.0794962526397711
3	0.910085204010285	0.8528508685305326	1.0671094297862034
3	0.8117288745136463	0.8003630357463166	1.0142008541870393
3	0.8159900139896308	0.8141410559146482	1.0022710537216495
3	0.8843938611709227	0.8131044528233345	1.0876755847296748
3	0.7696879057321919	0.7579804913312973	1.0154455352542544
3	0.8397670034998747	0.8173717128166691	1.02739915063372
3	0.8999445014401865	0.7857739914253852	1.1452968808597206
3	0.8837635096305014	0.8257457584410683	1.0702610344604921
3	0.931193077712259	0.839322739671051	1.1094577016669582
3	0.898350958349955	0.8191110995651393	1.0967388414427344
3	0.867238019743964	0.7944047163709625	1.0916828687847198
3	0.8627196967331645	0.8163474577740508	1.0568045364966991
3	0.7772360091467666	0.750719812870237	1.0353210289936932
3	0.8422429376639176	0.8046592804093549	1.0467075421480787
3	0.9202062188012727	0.8330986580345523	1.104558517681717
3	0.9141243055329223	0.8447943218377041	1.0820672936631521
3	0.7508945327286518	0.6744974086809051	1.1132652595317665
3	0.8935026791480369	0.8202060314290341	1.0893637024240104
3	0.9085176376386563	0.8183277142820684	1.1102124757386629
3	0.9375502729896196	0.8519343557700231	1.1004959086809127
3	0.9198655991510373	0.8438906147834815	1.0900294221035374
3	0.7466493729797603	0.7332378641591494	1.0182908023114583
3	0.8437143873552309	0.8213418390200385	1.027239021893595
3	0.8490772066684263	0.7911656063413424	1.0731978233923611
3	0.9231876312329202	0.8166228002630366	1.130494557506304
3	0.7689922184404377	0.7505523325629982	1.024568421251148
3	0.8232379730152722	0.8018503195913974	1.0266728751006464
3	0.8889885452818589	0.8284949770937005	1.073016215982824
3	0.8983464241691316	0.8017861908909423	1.1204313997611905
3	0.8669093840464919	0.8292573198646526	1.045404560538561
3	0.8429533796417908	0.8195640754807346	1.0285387132755137
3	0.8595052173725047	0.8186345387898466	1.049925426604985
3	0.8673908436486949	0.7796065837538263	1.1126007164693057
3	0.8745345681153406	0.826928772064859	1.057569403385988
3	0.8998480262191091	0.6880485902804556	1.307826276996399
3	0.9189813235522077	0.8336629254101569	1.1023416005936388
3	0.9299063325443319	0.8303615116880203	1.1198813040526763
3	0.8966448971582078	0.8088329936918238	1.1085661739212402
3	0.9245676417354691	0.8302070737709453	1.1136590748810675
3	0.8928545777018954	0.8059757613576708	1.1077933363627173
3	0.7800493409137141	0.765514330641255	1.0189872477766464
3	0.9001831710204105	0.8361245692914433	1.0766137057582847
3	0.8567290387570559	0.8115084941311956	1.055724055820603
3	0.8716634358352376	0.8142234565704417	1.0705457191159005
3	0.8701225814276498	0.8009523704756847	1.08635995535026
3	0.7973083279037582	0.7812484591532548	1.0205566725442372
3	0.7351322612459434	0.6930319102675453	1.0607480699729184
3	0.83734115494647	0.8098332657073992	1.0339673490876449
3	0.8734819879555797	0.823879540506962	1.0602059463912596
3	0.8904382838881059	0.8340926432887373	1.0675532161238155
3	0.9221642778410054	0.8218990848417157	1.1219920971424358
3	0.8015180503359559	0.7944593098154681	1.0088849616755418
3	0.8375150419209172	0.8086361603952511	1.0357130721331462
3	0.8555946098716232	0.8052322901765538	1.0625438402178669
3	0.9152774816953011	0.8128900205270204	1.125954875300228
3	0.9315569500915138	0.8355653959260206	1.114882156003014
3	0.8656521358969609	0.810664316329015	1.0678305661916276
3	0.9215218056230468	0.8153612778379046	1.1302006002377845
3	0.8265715050165305	0.772628465600549	1.0698175666800636
3	0.7227581729102012	0.7421025154858562	0.973933058880699
3	0.8491925526128237	0.7989856327417177	1.0628383262647927
3	0.7776776880359995	0.741342576706345	1.049012578626045
3	0.7778700275597515	0.7650730179252748	1.0167265206518192
3	0.8531579492531549	0.7883263342057466	1.0822395653098755
3	0.8748459059856935	0.7666394619537307	1.1411438484476206
3	0.9028495088918671	0.7950975459377898	1.1355204320584182
3	0.814231416392871	0.7951316169490292	1.0240209281541701
3	0.8920896017702372	0.8190617848038878	1.0891603274884016
3	0.8058591499125717	0.7792988142851421	1.0340823508781976
3	0.8676002035515257	0.8002663092520218	1.0841393590121746
3	0.8941799380726664	0.8183083453291902	1.0927176084376293
3	0.8864444073393134	0.838912818476016	1.0566585559505983
3	0.9393964349534698	0.8453392076037495	1.111265662947707
3	0.9010485697628781	0.7581604928054536	1.1884667933944826
3	0.8095128766031279	0.7510978870524733	1.0777728050599265
3	0.749561092700997	0.6852105076345463	1.0939135993238034
3	0.8422050037358684	0.7496464666105185	1.1234695836610127
3	0.8546509454781468	0.787513909389247	1.0852518733808367
3	0.9449873119343699	0.850320661561108	1.1113305305312269
3	0.905209663532279	0.8412091034608572	1.0760816303676626
3	0.9057177309065022	0.8485191569224515	1.0674098793379136
3	0.8843299462672023	0.8255888709961484	1.07115051732732
3	0.8046246542962976	0.7976824672762043	1.008702945476285
4	0.8666105294608553	0.7159804773318006	1.2103829041406244
4	0.8681440089030132	0.8306817010688514	1.0450982702351075
4	0.80831790056207	0.7879856798375083	1.0258027794727873
4	0.8915995331106368	0.833541268374974	1.0696525378387682
4	0.910187576845896	0.8375045959310016	1.0867851726044528
4	0.909710294285848	0.8440494308535136	1.0777926754431164
4	0.8974205980030625	0.8437042728295676	1.0636672432549668
4	0.8237574725287489	0.7995901462138764	1.0302246424987935
4	0.9138970734151602	0.7948028604052186	1.1498411982931505
4	0.7367009670809544	0.7391869632779222	0.9966368505933281
4	0.8853147489559717	0.8117130653176133	1.0906745089898966
4	0.8616960283233613	0.775758572360987	1.1107786095109815
4	0.7729144272340032	0.7771882560628275	0.9945009091484794
4	0.8246319450889427	0.8025931851316166	1.0274594406800401
4	0.9040613822305416	0.801186771372059	1.128402782639941
4	0.8330924600221831	0.7556118209967748	1.102540268524649
4	0.862439543981699	0.7898872506482616	1.0918514550955134
4	0.848960322444827	0.7988946708733482	1.0626686513213903
4	0.8543720287677274	0.8176410334033616	1.0449231311343026
4	0.8514724728987082	0.7848965344758415	1.0848212923596694
4	0.8271224774205365	0.6541599870219826	1.2644039590161322
4	0.888303636673615	0.8136455772416233	1.0917574697389658
4	0.8659837668548628	0.8061346832823731	1.0742420402119401
4	0.8753342248981391	0.832468138596959	1.051492765084591
4	0.8731879985936033	0.8306860748400993	1.0511648443868344
4	0.9193699519509639	0.8367130972266906	1.0987875712693416
4	0.8910411657298445	0.8167840984062648	1.090913948335273
4	0.9323439202975028	0.8542974526307637	1.0913574861149347
4	0.8725280364453439	0.7992619008241625	1.0916672439229653
4	0.8068560112510724	0.7917919794815883	1.01902523915353
4	0.9290555241252567	0.8371440270571907	1.1097917372607462
4	0.8097290836361897	0.7738345674629286	1.0463852581449595
4	0.9373475059378891	0.8567449354110351	1.0940800081744093
4	0.9256072591454959	0.8357174142268444	1.1075600955399645
4	0.7817351576255195	0.7622143850233906	1.0256106063932786
4	0.8389744164580286	0.8030498881020964	1.0447351140796932
4	0.9508007180469352	0.7855885941852974	1.2103036183117868
4	0.8131617124413847	0.7919361542920418	1.0268021077637473
4	0.9148580880605826	0.8249969658263566	1.108922973000533
4	0.8764585654585734	0.7697513768206711	1.1386255248787451
4	0.8480577384430618	0.7869044645761181	1.0777137208134728
4	0.8356396325177649	0.8000441318727995	1.0444919214164359
4	0.9399300997604982	0.8443292685509215	1.113226953950858
4	0.8489310270005085	0.8126954158844665	1.044586951529198
4	0.8171945260871769	0.8082702656141586	1.0110411836890192
4	0.9104910841920676	0.8406325691899973	1.0831023179001777
4	0.8388861286941015	0.7957164284777772	1.0542526189875316
4	0.8549556948873771	0.8306416326440069	1.0292714225820543
4	0.8975816944317832	0.8215283321476161	1.0925754588224006
4	0.9263675253040645	0.7969402576575385	1.1624052322654073
4	0.8955739781647175	0.8127309823258839	1.1019316325332553
4	0.8905743100228539	0.7727685380477245	1.1524463874690691
4	0.9038201452193334	0.8100760843564655	1.1157225385037004
4	0.8127471251493539	0.7762797292117259	1.0469771328109505
4	0.9284402811480493	0.8433896760513598	1.1008437825500608
4	0.9055241892896515	0.825244225997098	1.0972802483962314
4	0.8494433920719613	0.7970268011886379	1.0657651547038975
4	0.8898592301996044	0.8235439162959333	1.0805243200653325
4	0.8596806313623532	0.7495319041824827	1.1469566893219978
4	0.7422352663296501	0.7539112559554522	0.9845127798085402
4	0.9094893031576659	0.83709532234879	1.086482362134992
4	0.8760762049390041	0.8312372523365864	1.0539424243516236
4	0.8744705761496091	0.8100728224032295	1.0794962526397711
4	0.910085204010285	0.8528508685305326	1.0671094297862034
4	0.8117288745136463	0.8003630357463166	1.0142008541870393
4	0.8159900139896308	0.8141410559146482	1.0022710537216495
4	0.8843938611709227	0.8131044528233345	1.0876755847296748
4	0.7696879057321919	0.7579804913312973	1.0154455352542544
4	0.8397670034998747	0.8173717128166691	1.02739915063372
4	0.8999445014401865	0.7857739914253852	1.1452968808597206
4	0.8837635096305014	0.8257457584410683	1.0702610344604921
4	0.931193077712259	0.839322739671051	1.1094577016669582
4	0.898350958349955	0.8191110995651393	1.0967388414427344
4	0.867238019743964	0.7944047163709625	1.0916828687847198
4	0.8627196967331645	0.8163474577740508	1.0568045364966991
4	0.7772360091467666	0.750719812870237	1.0353210289936932
4	0.8422429376639176	0.8046592804093549	1.0467075421480787
4	0.9202062188012727	0.8330986580345523	1.104558517681717
4	0.9141243055329223	0.8447943218377041	1.0820672936631521
4	0.7508945327286518	0.6744974086809051	1.1132652595317665
4	0.8935026791480369	0.8202060314290341	1.0893637024240104
4	0.9085176376386563	0.8183277142820684	1.1102124757386629
4	0.9375502729896196	0.8519343557700231	1.1004959086809127
4	0.9198655991510373	0.8438906147834815	1.0900294221035374
4	0.7466493729797603	0.7332378641591494	1.0182908023114583
4	0.8437143873552309	0.8213418390200385	1.027239021893595
4	0.8490772066684263	0.7911656063413424	1.0731978233923611
4	0.9231876312329202	0.8166228002630366	1.130494557506304
4	0.7689922184404377	0.7505523325629982	1.024568421251148
4	0.8232379730152722	0.8018503195913974	1.0266728751006464
4	0.8889885452818589	0.8284949770937005	1.073016215982824
4	0.8983464241691316	0.8017861908909423	1.1204313997611905
4	0.8669093840464919	0.8292573198646526	1.045404560538561
4	0.8429533796417908	0.8195640754807346	1.0285387132755137
4	0.8595052173725047	0.8186345387898466	1.049925426604985
4	0.8673908436486949	0.7796065837538263	1.1126007164693057
4	0.8745345681153406	0.826928772064859	1.057569403385988
4	0.8998480262191091	0.6880485902804556	1.307826276996399
4	0.9189813235522077	0.8336629254101569	1.1023416005936388
4	0.9299063325443319	0.8303615116880203	1.1198813040526763
4	0.8966448971582078	0.8088329936918238	1.1085661739212402
4	0.9245676417354691	0.8302070737709453	1.1136590748810675
4	0.8928545777018954	0.8059757613576708	1.1077933363627173
4	0.7800493409137141	0.765514330641255	1.0189872477766464
4	0.9001831710204105	0.8361245692914433	1.0766137057582847
4	0.8567290387570559	0.8115084941311956	1.055724055820603
4	0.8716634358352376	0.8142234565704417	1.0705457191159005
4	0.8701225814276498	0.8009523704756847	1.08635995535026
4	0.7973083279037582	0.7812484591532548	1.0205566725442372
4	0.7351322612459434	0.6930319102675453	1.0607480699729184
4	0.83734115494647	0.8098332657073992	1.0339673490876449
4	0.8734819879555797	0.823879540506962	1.0602059463912596
4	0.8904382838881059	0.8340926432887373	1.0675532161238155
4	0.9221642778410054	0.8218990848417157	1.1219920971424358
4	0.8015180503359559	0.7944593098154681	1.0088849616755418
4	0.8375150419209172	0.8086361603952511	1.0357130721331462
4	0.8555946098716232	0.8052322901765538	1.0625438402178669
4	0.9152774816953011	0.8128900205270204	1.125954875300228
4	0.9315569500915138	0.8355653959260206	1.114882156003014
4	0.8656521358969609	0.810664316329015	1.0678305661916276
4	0.9215218056230468	0.8153612778379046	1.1302006002377845
4	0.8265715050165305	0.772628465600549	1.0698175666800636
4	0.7227581729102012	0.7421025154858562	0.973933058880699
4	0.8491925526128237	0.7989856327417177	1.0628383262647927
4	0.7776776880359995	0.741342576706345	1.049012578626045
4	0.7778700275597515	0.7650730179252748	1.0167265206518192
4	0.8531579492531549	0.7883263342057466	1.0822395653098755
4	0.8748459059856935	0.7666394619537307	1.1411438484476206
4	0.9028495088918671	0.7950975459377898	1.1355204320584182
4	0.814231416392871	0.7951316169490292	1.0240209281541701
4	0.8920896017702372	0.8190617848038878	1.0891603274884016
4	0.8058591499125717	0.7792988142851421	1.0340823508781976
4	0.8676002035515257	0.8002663092520218	1.0841393590121746
4	0.8941799380726664	0.8183083453291902	1.0927176084376293
4	0.8864444073393134	0.838912818476016	1.0566585559505983
4	0.9393964349534698	0.8453392076037495	1.111265662947707
4	0.9010485697628781	0.7581604928054536	1.1884667933944826
4	0.8095128766031279	0.7510978870524733	1.0777728050599265
4	0.749561092700997	0.6852105076345463	1.0939135993238034
4	0.8422050037358684	0.7496464666105185	1.1234695836610127
4	0.8546509454781468	0.787513909389247	1.0852518733808367
4	0.9449873119343699	0.850320661561108	1.1113305305312269
4	0.905209663532279	0.8412091034608572	1.0760816303676626
4	0.9057177309065022	0.8485191569224515	1.0674098793379136
4	0.8843299462672023	0.8255888709961484	1.07115051732732
4	0.8046246542962976	0.7976824672762043	1.008702945476285
5	0.7142320398738011	0.5373921604139407	1.3290704488946115
5	0.6317678284260563	0.6145562829307168	1.0280064592509908
5	0.6013807522725758	0.5867634778196686	1.0249116978228143
5	0.7283624524606903	0.6308658235009154	1.1545441603077005
5	0.7382072580997617	0.6451807862705609	1.1441866741986169
5	0.7769708084289715	0.6488287166784776	1.1974975651609356
5	0.7359048942601042	0.6507213444734647	1.1309063403407587
5	0.632107614544488	0.5891606470552737	1.072895173334931
5	0.7849896055147582	0.600007723230512	1.3082991686978327
5	0.5350903016896617	0.5312487338793926	1.007231203700414
5	0.6785319726344339	0.5725278002644658	1.1851511355797952
5	0.6496674727174568	0.5576768564369039	1.1649532614071476
5	0.5734747708830449	0.5831280647519576	0.9834456709384776
5	0.5881390834849654	0.5662048943064529	1.038738960752679
5	0.7165702033838691	0.5851966732957571	1.2244946632184905
5	0.7475989588188051	0.5976538110949468	1.2508896370110107
5	0.7113555190043688	0.6080971871247377	1.169805639733127
5	0.690980007364707	0.591013593521896	1.1691440179016923
5	0.6720708028859861	0.6036288275275683	1.113384206050517
5	0.7044600389174797	0.6223546151047555	1.131927074725563
5	0.6913246267309674	0.46655898675804025	1.4817518177813853
5	0.7482049720160813	0.6129151461139241	1.2207317387405703
5	0.7299391448062558	0.6282044149532444	1.1619452640436843
5	0.6751265798255336	0.6229831363820947	1.0836996066157685
5	0.6414129797831809	0.6018045981679206	1.0658160169195126
5	0.7186256510038508	0.6142180974125028	1.1699844957860774
5	0.7251813391985884	0.6288699643500892	1.153149904285909
5	0.7906769553880568	0.6487009607872104	1.2188620075859853
5	0.648295173042753	0.5793340974368736	1.1190350713189183
5	0.6536756409698992	0.5909349893060868	1.1061718341259272
5	0.7885974091802908	0.6534651605492805	1.2067933484279754
5	0.6200208015155383	0.5440977796520323	1.1395392973521434
5	0.8121546257590744	0.6403857137360676	1.268227270438142
5	0.7864255516022952	0.6540499751287376	1.2023936725133304
5	0.6131705824690947	0.5763415675404521	1.0639013685683147
5	0.6369112315297759	0.5504281550861899	1.157119645215176
5	0.8734265625428819	0.6160619608484456	1.4177576575901418
5	0.6113524816741862	0.5821945403326287	1.0500828148008714
5	0.7293972498049708	0.5993277660094783	1.2170256263305435
5	0.7385522073892818	0.5245455544321276	1.4079848759538867
5	0.6974215951742707	0.5947082120576017	1.1727122327120656
5	0.6911132755279625	0.6154454526440286	1.1229480574742339
5	0.7398234988749162	0.6128699276531587	1.2071460280452921
5	0.6815362285973461	0.6163129881404155	1.1058281128452718
5	0.6420762632545933	0.6205882752281208	1.0346251917482228
5	0.6799257043826801	0.6305068813785947	1.078379514107811
5	0.631086054649469	0.5690921820365554	1.1089346762611674
5	0.6565220811956352	0.6277020250588503	1.0459135943269944
5	0.6850649856481006	0.6202365855890895	1.1045220510451481
5	0.7145180924788257	0.5783312058451515	1.2354825146166128
5	0.6814758057546119	0.6060424556089286	1.1244687553611912
5	0.7061798151458832	0.534332758995744	1.3216105568244003
5	0.720954511500586	0.6100415565331332	1.181812130304321
5	0.554486053626413	0.5460180058531	1.015508733562884
5	0.79022702474389	0.6514182745955909	1.2130869758519953
5	0.7198875407942145	0.6270076622994558	1.1481319672460393
5	0.6668054273362813	0.5864457074206263	1.137028405014852
5	0.6978516159043828	0.6254046566045988	1.1158401341190962
5	0.7063801717281739	0.5063525073342109	1.3950363857128836
5	0.6005141653732847	0.5676053523830864	1.057978334510115
5	0.730747937449333	0.6393654208120702	1.1429268985507477
5	0.6652955637713287	0.6242672565423427	1.06572234375423
5	0.6532108464642679	0.5612198617547314	1.1639125607955392
5	0.7595561136530101	0.6696714055397294	1.1342221085889685
5	0.5732837788275061	0.5917418852079903	0.968807166026457
5	0.5626992451346823	0.5728914283048826	0.9822092238308439
5	0.7475306939268396	0.6116099989672041	1.222234259068946
5	0.5538685901920338	0.5461417047930764	1.0141481328584583
5	0.6155370153887796	0.6040457931337643	1.0190237600950738
5	0.7022772766026646	0.5770028229665249	1.2171123756242133
5	0.631133230114797	0.6084838600511085	1.0372226307889023
5	0.7685720116132536	0.6215713046643001	1.2364985414317768
5	0.733478128229368	0.6106159487523505	1.2012102365292905
5	0.6760745705694706	0.5846555654862592	1.1563638670012113
5	0.6660551506934151	0.5962092496284901	1.1171499789854777
5	0.6619820788228317	0.6108829768784185	1.083647938931818
5	0.7069431525408134	0.5922387490266859	1.1936793289912866
5	0.7224216615577574	0.630204305885774	1.1463293011658635
5	0.6838088755881964	0.6128466961629703	1.1157910777189792
5	0.639677330238219	0.4564239215476286	1.4014982564218375
5	0.7090994722737524	0.6051071811207808	1.17185763844408
5	0.6903363345854243	0.6126897700004073	1.1267306365911176
5	0.7865403177441237	0.6603332554444036	1.191126315779421
5	0.7850582778493542	0.6634582712641497	1.1832820719131416
5	0.6619549868827516	0.561131228108391	1.1796794648450486
5	0.6446301841458212	0.6205511281464455	1.0388026947453928
5	0.7076966261985994	0.6117823381228792	1.156778452235173
5	0.8030267156275619	0.6248833157427734	1.2850826632697603
5	0.6802070842589665	0.5890644344820511	1.1547244145830238
5	0.6781109290355388	0.619325970415514	1.0949176385750226
5	0.7284527591588585	0.6407537115284574	1.1368685753239
5	0.727910642343225	0.6091960921189538	1.1948708334804792
5	0.6758802791671519	0.6318706437408892	1.0696497548386021
5	0.5810236792315304	0.5961253070775303	0.9746670244213674
5	0.7285715410018746	0.6225476769721414	1.1703064166031378
5	0.6897307796679296	0.5858151289743931	1.1773864237263132
5	0.677991716348125	0.6220722235849854	1.0898922836336866
5	0.7514830127686872	0.4987132662472949	1.506843839193266
5	0.8170649463520429	0.6470376803178487	1.2627779976440792
5	0.6678215375740025	0.591253687445879	1.1295008416080825
5	0.697836076722723	0.6042817273187148	1.154819093767939
5	0.7363721060289177	0.5969627756423327	1.2335310275193967
5	0.698708394918069	0.5654176998896548	1.2357384550473514
5	0.5922173402179324	0.5615570046465599	1.0545987946329152
5	0.694499095163237	0.6228774162669641	1.1149851913487516
5	0.7613259133060915	0.6294617640284772	1.2094871472950162
5	0.6629202984733211	0.5589970884106173	1.1859101097613693
5	0.79228245722576	0.6370170063198596	1.243738313680025
5	0.6078564688324104	0.5933034628950632	1.0245287729593466
5	0.5649377144417397	0.46870294519978806	1.2053214519506183
5	0.6724106562026598	0.6088218481643416	1.1044456736072217
5	0.7195250682525682	0.6373522865340416	1.1289283547806612
5	0.7412789643715894	0.6254561991777711	1.185181257050581
5	0.7216001227714781	0.6106255663187989	1.1817391255359604
5	0.6109849344860194	0.5928142032202559	1.030651646278138
5	0.6409612990670581	0.6015059535063774	1.0655942727261176
5	0.6699643240131173	0.6118110281540162	1.0950510748957303
5	0.7958929211035413	0.6292446531938444	1.2648385918956064
5	0.7834804896738404	0.6498130894489271	1.2057013045678562
5	0.661910416314192	0.6041227650231181	1.095655477059969
5	0.7845575858400305	0.6516603803964719	1.2039362978653139
5	0.5793467736904179	0.5142228296160739	1.1266453769136746
5	0.5281125930022761	0.5255238945895044	1.0049259385527916
5	0.6873600371663274	0.5826416692841648	1.1797303100734622
5	0.6020913679003973	0.49866376387964856	1.2074095041838868
5	0.5889298100899737	0.5396891329681046	1.0912389635326958
5	0.7145183563669655	0.587649595505009	1.2158918543165664
5	0.7136247651784714	0.570656120486712	1.250533797078741
5	0.7101005001925564	0.5840160900475909	1.2158920144386622
5	0.5668423120998133	0.5417447586806348	1.0463272657778935
5	0.6755893182226227	0.6112009241452965	1.1053473441117043
5	0.6069710341800615	0.5737957067839003	1.057817315472971
5	0.6822709784436736	0.577405884147725	1.181614176742819
5	0.7035142776416338	0.6212065003917305	1.1324966451542284
5	0.7135969293748514	0.6400088553486272	1.1149797747503654
5	0.82019076548747	0.6507876974349204	1.2603046565266243
5	0.7963283664226536	0.5611199846493219	1.4191766256914335
5	0.735641662757035	0.5909379402900824	1.2448712675241664
5	0.5333300143360297	0.4533166540741087	1.1765065535157688
5	0.7498175450252853	0.5957827964321861	1.2585417865630364
5	0.6894940552324329	0.5492049139706072	1.2554404334214202
5	0.8136911344843814	0.6668446814982653	1.2202108782755556
5	0.7212692245085434	0.6384041854157619	1.129800275414572
5	0.7304519231748425	0.6573859633517593	1.1111462122655433
5	0.6822395534557002	0.6124045960836333	1.1140340190434004
5	0.5744999718058569	0.579875401739539	0.9907300259373709
6	0.600217168369799	0.49710497232310574	1.207425396621607
6	0.5803711280669613	0.5548613340462808	1.0459750796377403
6	0.5591658252879412	0.5161301295811599	1.0833814831575612
6	0.7140675025865558	0.6026207723854499	1.1849367551004732
6	0.670758746054192	0.5968753186794616	1.1237836865799569
6	0.6508330666088256	0.5570830446011789	1.1682873368992288
6	0.710316439734086	0.6172318446256428	1.1508097741860677
6	0.5816785472531538	0.5660568712559311	1.0275973613085243
6	0.5898956545501852	0.48335275330867916	1.2204247322730477
6	0.49053890811914647	0.4551059080983906	1.0778566030241372
6	0.6621246081602706	0.5545690638028167	1.1939443639714036
6	0.5844743717631851	0.5375931532575093	1.0872057581492662
6	0.5751282842876039	0.5578878884984594	1.0309029755701393
6	0.6775587104692213	0.5594071949016809	1.211208430360475
6	0.5775083726764159	0.5382280870826299	1.0729807428049654
6	0.6725710630596284	0.5718878905569774	1.176054038151766
6	0.6066617113317582	0.5575963899967933	1.0879943310523352
6	0.6230985665845583	0.5561261403033223	1.1204266827750766
6	0.6505313474335119	0.5503822807846607	1.1819627378012103
6	0.6234961839757454	0.5565375814209514	1.120312814066995
6	0.6815273141284436	0.46994717101216915	1.4502211230691622
6	0.6344287959749983	0.5500673091303074	1.153365752598663
6	0.5603442663761242	0.545722700173224	1.0267930327953354
6	0.6575611375002964	0.5537193665206378	1.1875350172997576
6	0.6492483660152928	0.5700649006553183	1.1389025447259584
6	0.6595040546368736	0.5819722382196013	1.1332225342130777
6	0.6455044202661189	0.5778963359173329	1.1169899861736745
6	0.688756943345177	0.571724818454558	1.2047000954182312
6	0.712908675892298	0.5586258649759694	1.2761827201162004
6	0.5463456146517343	0.5304956110634592	1.0298777280296463
6	0.6657071969136314	0.5902683601797776	1.1278043036405976
6	0.629856019049843	0.5622690994286903	1.1202038662445195
6	0.7228026127872529	0.5728052499984423	1.2618645041909418
6	0.6470516098654724	0.5789688929712281	1.1175930481253467
6	0.6304333548571979	0.5748408079147325	1.096709464911043
6	0.6590565985078698	0.5679575781881968	1.1603975786541696
6	0.7051874319613445	0.5210029260851329	1.3535191390578016
6	0.5881597334367463	0.5602551817641898	1.0498068604821964
6	0.6145320087426495	0.5442019960719289	1.1292351244177077
6	0.7900496906016816	0.557837609550595	1.4162718272763308
6	0.6156351800960458	0.5297570819007886	1.1621084476815737
6	0.5825286469117094	0.5585620494302244	1.0429076724885493
6	0.6010275099230625	0.511490532559139	1.1750510941345158
6	0.6785579222100377	0.5854492072401197	1.1590380750686196
6	0.6275404408894811	0.5858669229847758	1.071131371766807
6	0.6154056127267324	0.5822093615257395	1.05701772144989
6	0.5745261436218172	0.5229706910015968	1.0985819157885905
6	0.5838418750839999	0.5554862712466365	1.051046453000048
6	0.6609802413410735	0.5878604306337738	1.1243829434623946
6	0.6292419495073371	0.5357977765009307	1.1744019424952654
6	0.6828553696102133	0.6000222747255066	1.1380500330968555
6	0.6133934850848352	0.49546646500230757	1.238012112650204
6	0.7039396126977685	0.5948499906588088	1.183390138273585
6	0.6246756730445213	0.5374868923827261	1.1622156407857311
6	0.7174063959924911	0.5745848295497165	1.2485648055739642
6	0.6352241459009823	0.556047557986898	1.14239175548353
6	0.608896705542213	0.5630298285675438	1.0814643818984926
6	0.5839920788357041	0.562679015737777	1.0378778353231846
6	0.6785079783422919	0.5393395992047881	1.2580347879938654
6	0.6599470811649123	0.5735777904515394	1.1505799076449248
6	0.684753137889999	0.590042729557947	1.1605144908793434
6	0.643067890129555	0.5803645498292668	1.1080412997636304
6	0.6497180645158789	0.5572348400230548	1.1659681302213583
6	0.7370917054496118	0.6112550235072677	1.2058660904254277
6	0.5404580291626421	0.5126615695900493	1.0542199010446995
6	0.520156066043176	0.5266878133977833	0.9875984460083299
6	0.6194224746140218	0.5489318241243838	1.128414217197335
6	0.601800733127852	0.539353502232089	1.1157816360463557
6	0.5759662852055071	0.5572469015851118	1.0335926203755412
6	0.6868050317474715	0.5888707057455601	1.1663087075760006
6	0.7323714663057043	0.6025599733926774	1.215433315595344
6	0.6832738753590142	0.5809207319130463	1.1761912388785056
6	0.7020611462639028	0.5705801552333104	1.230433865995269
6	0.6805332749239117	0.5836374564986332	1.1660205618168809
6	0.6275417924103704	0.5473844726758071	1.146436962931605
6	0.6051400228841123	0.5625535696208113	1.0757020407709907
6	0.5396547096893649	0.49383068851227885	1.0927929799485248
6	0.7130700892348294	0.5990781399144179	1.1902789331233083
6	0.6670181949033722	0.6049393758357914	1.1026199013443487
6	0.6894743723776046	0.5119386385677622	1.3467910418063571
6	0.652593596333378	0.5517526219127518	1.182764830497846
6	0.6149842052058316	0.5787719931482728	1.0625673192314988
6	0.6907912527798998	0.5988353717149251	1.153557864829585
6	0.752403624678681	0.6157188666020857	1.2219921550088364
6	0.5917390473887899	0.5301778118617435	1.1161143189128782
6	0.6127314362141665	0.5810020229549704	1.0546115366308375
6	0.604285253850429	0.5600368823833635	1.0790097453559784
6	0.7092315813600722	0.5852201907310238	1.211905523071821
6	0.5756119189490725	0.5219675082345347	1.1027734674443257
6	0.6879548866885454	0.5896057984925773	1.1668048184862045
6	0.6026683252291327	0.5703456360927983	1.0566721073869587
6	0.6184148333608824	0.5564986725171799	1.111260213009387
6	0.5965654591423242	0.565123626038647	1.0556370883377773
6	0.6336208762727645	0.5745403134257006	1.1028310137104143
6	0.7022485625385404	0.5835208945748638	1.203467723379774
6	0.5944742487531535	0.5439621141677	1.0928596556080759
6	0.6313742274130874	0.5767811939492679	1.0946512022869825
6	0.5745758495012264	0.4720005736505647	1.2173202355609871
6	0.7091774476485282	0.582905487930541	1.2166251001792485
6	0.5892926033005057	0.5503954146819942	1.0706713529599179
6	0.6388849352509552	0.5361057239560391	1.1917144449353876
6	0.6800648577059809	0.5866860542262073	1.1591631551612946
6	0.6740083428805115	0.5466480905926042	1.2329839881995013
6	0.6060458943435167	0.5290199866305706	1.1456011297484976
6	0.6111543233093183	0.5587762283707967	1.0937371568064707
6	0.6644113832279406	0.576840535866718	1.1518111885629623
6	0.7680209388477692	0.5875986065314257	1.3070503066393746
6	0.6631874041316742	0.5767474421006279	1.1498748944879842
6	0.5900132218081076	0.5639725562704516	1.0461736395647738
6	0.573168015029775	0.5052987105976364	1.1343152139689154
6	0.624920504108179	0.5685805922537355	1.0990887002159602
6	0.7212627237224357	0.6154022473224688	1.1720183454976827
6	0.6313107676480844	0.5775175229116571	1.0931456494431875
6	0.6306874856899141	0.5782924487658727	1.090603010701345
6	0.515833017948286	0.5156983474743165	1.0002611419536809
6	0.5691143212948886	0.5502690691930384	1.0342473403593018
6	0.6745396981583791	0.5625044689011952	1.199172158535976
6	0.6448491663619265	0.501370258375268	1.2861735525589686
6	0.6922620876756793	0.5894667740945481	1.174386951222196
6	0.6976760190443191	0.6023708912424516	1.1582166887335656
6	0.6827843109058556	0.5743246614210159	1.1888472788483166
6	0.6227770702146807	0.5507291728638745	1.1308227362936782
6	0.4516385527261712	0.44790824710468746	1.0083282807262353
6	0.5278190805468279	0.5245205179448175	1.0062887198673083
6	0.4701205084151071	0.43868574580985625	1.0716566765742963
6	0.534909929933319	0.5069349064494842	1.055184646249296
6	0.6372572019190453	0.5347870355163055	1.1916092941628829
6	0.5936087603946932	0.49956589153887315	1.1882491788343044
6	0.6344115160545778	0.5350598928629168	1.1856831814847222
6	0.6107219912459392	0.5547650316699436	1.1008660538815054
6	0.7013504390936539	0.5869184859026396	1.1949707769299955
6	0.4817727882636265	0.4876283030957769	0.9879918478993613
6	0.6486355349113591	0.5514246778681062	1.1762903637520996
6	0.6767313366087041	0.5909346056507587	1.1451881987237198
6	0.6742115670751703	0.5845536241231091	1.1533784741931203
6	0.7343095976271108	0.6011248899778748	1.2215591300073068
6	0.6893961871879097	0.5045139322612814	1.3664561929894934
6	0.5855790754669226	0.5240414257057057	1.117428979356635
6	0.5818658518912969	0.4626902267969889	1.2575710879378437
6	0.673463903716128	0.5545426413014373	1.2144492660394852
6	0.6798879507499442	0.5564164697987445	1.2219047919193682
6	0.7198002859876874	0.595773273647521	1.20817820776154
6	0.6231465200109237	0.5666759215220825	1.0996523698010006
6	0.6300035181988051	0.5773258934118498	1.0912441748899289
6	0.570726641224382	0.5608805594142041	1.0175546854761044
6	0.5558268429670822	0.5442097531142422	1.0213467138109178
7	0.4930273943271442	0.34259869319608965	1.439081362884695
7	0.40726224803793054	0.3281765973676423	1.2409850406904301
7	0.42207774566892803	0.31891418258650794	1.323483773113277
7	0.5074096262969083	0.3750558640818292	1.3528907954528138
7	0.5332987696346412	0.3835823109238712	1.3903111651581972
7	0.4317929258696219	0.34042123767120086	1.2684077198693264
7	0.4340312229304388	0.3494019872887385	1.2422116608391367
7	0.3984441236949318	0.3235407401134221	1.2315114429028358
7	0.5421602906280336	0.35012917830362783	1.5484578956109698
7	0.46524196700859266	0.32517859543106264	1.4307275249524325
7	0.5704702066430902	0.3620694035304935	1.575582474190049
7	0.37307133533334624	0.3538676163974436	1.0542680879686208
7	0.44225728400599174	0.349674963095815	1.264766799688796
7	0.4738047934563673	0.37433140962493205	1.2657361398849867
7	0.5325056066300832	0.3756838411376306	1.4174301588739384
7	0.4684048420845045	0.3757388310130656	1.2466234613590328
7	0.44751013667319234	0.35663998018144333	1.2547952039631622
7	0.3875342467237785	0.3127433200607796	1.239144761424365
7	0.5393240985641332	0.35341566197152213	1.5260333839069966
7	0.3622587253644836	0.33027327929562994	1.096845394629165
7	0.684078317581126	0.36716955594286727	1.8631128493876838
7	0.484086586634448	0.34186254958484197	1.4160269594382975
7	0.43500071342358604	0.3608926349263191	1.2053466081744701
7	0.38225787148854523	0.2905945417209664	1.3154337628805
7	0.4440036232961293	0.35581705879344466	1.247842430044586
7	0.4692848676529948	0.37085022350837443	1.2654296476172882
7	0.46454025593004544	0.34597593202688187	1.3426952944632902
7	0.5460147097469783	0.3743104874472665	1.4587213771933167
7	0.6311270333342263	0.3677114094625668	1.7163651088680056
7	0.4461345870889316	0.2855097213942059	1.5625898302529233
7	0.45667600579812173	0.36113380605350776	1.2645617722381213
7	0.3638742390650543	0.28964051707900884	1.2562960553125784
7	0.5078107429652258	0.32428170374237975	1.565955578451776
7	0.40103371616679234	0.3788552364506482	1.0585407764821357
7	0.45419242286475364	0.3495673008479451	1.2992989383246645
7	0.4492803201403451	0.34716434290305126	1.2941430458651988
7	0.6293063272099169	0.2970441676611928	2.118561465673013
7	0.4190432035864359	0.33787793081485323	1.240220699161493
7	0.4041379439736671	0.32778391761688386	1.2329401238227506
7	0.6695110457406479	0.3509978317455647	1.9074506597692338
7	0.4797242362595401	0.35339861346688206	1.3574593050985366
7	0.3210149608142768	0.3134534561062136	1.0241232137044964
7	0.490613241406864	0.32237504348590473	1.521871035988911
7	0.46173939401677444	0.3417903203370234	1.3509434484905098
7	0.46718507971395284	0.3776520015400675	1.2370782567251566
7	0.3839803494401811	0.35491186737112385	1.0819033814912167
7	0.4196882325200232	0.29600108847218254	1.4178604365485787
7	0.30156574319652113	0.3083755111702419	0.977917286791423
7	0.46050425405733986	0.36269357648766953	1.269678549360787
7	0.49108647142997713	0.31048542432054	1.5816731896663452
7	0.45389385313485997	0.349827753803818	1.2974781108688187
7	0.5031570746400252	0.28466026822840257	1.7675704367576426
7	0.5001326890275362	0.34959911348543665	1.4305891226133511
7	0.4037053531110196	0.3631790519278168	1.1115876617004263
7	0.4508212406665974	0.35195872578955567	1.280892353656701
7	0.4029873405085397	0.30184712568396665	1.3350709886516086
7	0.35574094887755925	0.32589373856011883	1.0915857127213089
7	0.40767934692411634	0.34243385709075913	1.19053457618843
7	0.4615194592754239	0.3075954269221764	1.500410665702749
7	0.46209275276314	0.36872340004469234	1.2532232907028156
7	0.5732665527281599	0.3744929655984322	1.530780563026308
7	0.46059941582969943	0.35420640219694866	1.3003701033432853
7	0.4793395083201674	0.3669633311171131	1.3062327150262063
7	0.43188283815170647	0.34649596049763765	1.2464296482170705
7	0.4362184633470008	0.33215826044048996	1.3132850068774804
7	0.4991464322992054	0.35583142291191516	1.4027609709521562
7	0.32836283663041443	0.3235947089903396	1.014734875162057
7	0.6611262631596471	0.34357612566922147	1.924249718666854
7	0.47010045270488654	0.36120914028165224	1.3014633360006518
7	0.4108107025684779	0.34827987281150724	1.1795418990255948
7	0.4764225115142482	0.36681695752264165	1.2988017640510559
7	0.44418761819074354	0.3318601696874247	1.3384782470554353
7	0.5072901318028848	0.3606949741941645	1.4064241758184497
7	0.3819880063269112	0.3458890524505513	1.1043657022984867
7	0.4262790693878607	0.3346644581595236	1.2737506448463893
7	0.4654135310224968	0.3587924128093664	1.2971665910610555
7	0.345748246968241	0.24918539406100945	1.387514096767604
7	0.5157042493837249	0.3514654281504353	1.4672972306197685
7	0.3725011105303988	0.32063526445267254	1.1617596435197537
7	0.49509130884252545	0.3676536432907966	1.346624242346843
7	0.3857255345524365	0.296624163232146	1.300384737202132
7	0.4126855001100216	0.34970387053412805	1.180099892745531
7	0.5112358983255225	0.34452340588059743	1.4838930812808206
7	0.5161336664824707	0.37597192127361984	1.3727984386016046
7	0.41353161161115565	0.3344372380929738	1.2364999004572377
7	0.446873389335089	0.36864960635238175	1.2121900624191508
7	0.3905664600172276	0.3186513906076229	1.22568572279717
7	0.5149671489326456	0.3465620692094607	1.485930500436277
7	0.39592614274482063	0.3051769463166879	1.297365831604988
7	0.4896639288380012	0.3463993253508402	1.4135822243362042
7	0.3623748752092448	0.33714510495746863	1.0748335653722718
7	0.43911990717445926	0.3582971474819074	1.2255746668946983
7	0.38930109548545266	0.3368845632614352	1.1555919681108697
7	0.3835596967949808	0.32820387270181123	1.1686629217305518
7	0.5138057650652236	0.3677398920330526	1.3971988794162222
7	0.4291486934085884	0.3173000184466739	1.3525013188132293
7	0.423843012808916	0.3412052638352239	1.2421936521284145
7	0.4290232871339577	0.2766106146004436	1.5510008094001382
7	0.4570119431864441	0.3432715394886833	1.3313423649020881
7	0.4553462720576779	0.33385084503033374	1.3639212805236574
7	0.4459451488645623	0.2624469937946531	1.6991817754006513
7	0.5765160692697254	0.3744064719073207	1.5398133112731938
7	0.5731274703697729	0.36386786459258635	1.5750977927426737
7	0.6579417728295306	0.35698722667255656	1.843040096874452
7	0.36480719373602255	0.3171301745209427	1.150338955563282
7	0.472017458502371	0.34035719962468536	1.3868296572626302
7	0.5699986980752166	0.3318875152921716	1.7174454350095931
7	0.40666230990836	0.33164133453005445	1.2262111732381384
7	0.4647975000385728	0.35183383499875187	1.321071067653916
7	0.3797983358339231	0.32015115926989496	1.186309419275737
7	0.4053303994663957	0.3212789392553031	1.2616152194909402
7	0.5351412301916152	0.3834094357025062	1.395743506445262
7	0.40166750964212294	0.3419683019144892	1.1745752673373857
7	0.4366263889497747	0.35374086269307575	1.2343114268045838
7	0.42973048935980024	0.3418061943188381	1.2572343523972127
7	0.37354605027483423	0.33446077221295784	1.1168605747193276
7	0.4536402723147823	0.32927519649164017	1.3776934222444526
7	0.6394879038611816	0.2981097346446328	2.1451426422672677
7	0.45347125294604895	0.35657480450645185	1.2717422745942888
7	0.5088794147877005	0.33610017634854367	1.5140706568983788
7	0.5627924295893694	0.3782452126199769	1.4879036424310468
7	0.43735992964589243	0.33093570437047337	1.3215858061549022
7	0.4099289753301825	0.312267343528931	1.3127500644082026
7	0.3404281382984674	0.3147902548086049	1.0814443366598199
7	0.4478750348789431	0.2920968171186674	1.5333102198679185
7	0.4276162838406618	0.2732006119475931	1.5652098316774254
7	0.49652121831788587	0.33946665083005856	1.4626509470188012
7	0.4623945724474905	0.34377626350613055	1.345045081738881
7	0.38849970555536917	0.32673721520689997	1.1890280245834846
7	0.4564221777340709	0.3651919844580506	1.2498143364548568
7	0.5061551054542897	0.3377596303333992	1.498566021506682
7	0.34496925075386675	0.3032755733315359	1.137477862012817
7	0.4035414223575696	0.29267275309710905	1.3788144543256278
7	0.4066110128352184	0.3489808043363465	1.1651386201841867
7	0.4864864726002396	0.32884927687010335	1.479360019369614
7	0.5450677755980738	0.3609380586610645	1.5101421490990914
7	0.5303168774085356	0.35308662978203204	1.5019455076390507
7	0.38584362321777244	0.3316465973263232	1.1634180067830522
7	0.38741654742584963	0.2625040428330431	1.4758498316624133
7	0.49242882574116803	0.3554784807154266	1.3852563585568354
7	0.4701559003590393	0.3527876278227463	1.3326881763417826
7	0.48263750019622964	0.34348359666674594	1.4051253244110324
7	0.4065850223850875	0.3364486838190672	1.2084607309795206
7	0.4690250845206516	0.35109409650423123	1.3358956735263678
7	0.4043219569075943	0.346630042362319	1.1664365677945832
7	0.5089518528304569	0.3574813871603764	1.4237156705507759
8	0.16005587115217326	0.12554494808951552	1.2748889826936796
8	0.17023511138784464	0.12930596544452727	1.3165294486036387
8	0.11314388042006795	0.11386857085086134	0.9936357291096369
8	0.12960779147814444	0.11354600201734916	1.1414562307384555
8	0.09491628041508075	0.10484508017661995	0.9053002797573969
8	0.11415203046368219	0.1130610732726937	1.0096492732592162
8	0.11757785293497074	0.11607507100108992	1.0129466380758596
8	0.155736074375905	0.12091466141871972	1.2879833805811272
8	0.1215510128123182	0.1111485355167637	1.0935907724486895
8	0.1272605047096051	0.11400821127215205	1.11623981544468
8	0.10764370241968502	0.11053407864335942	0.9738508136210168
8	0.13044982969010516	0.10924623806741102	1.194089901838179
8	0.16513032204364012	0.12459712532164942	1.3253140601547075
8	0.11951140967835952	0.11346107377711374	1.0533252127785362
8	0.12182842093795512	0.11862963740361773	1.0269644551256114
8	0.11603746630477625	0.1070579365320264	1.083875423566226
8	0.06218161483866824	0.10162429571116918	0.6118774492213683
8	0.13314412709708107	0.12236265331186028	1.0881108205274246
8	0.1213031313040303	0.09586599481009431	1.2653405573511824
8	0.10067588695599392	0.10394724969758995	0.9685286262877248
8	0.16340482646186513	0.10954037721630254	1.4917314566043518
8	0.12678521917109448	0.11803255477339385	1.0741546636392352
8	0.12230830497900466	0.11806031594639359	1.0359815150294864
8	0.15293498917557588	0.12983588551552416	1.1779100097660582
8	0.14864889146137084	0.12147239362807043	1.2237257126628345
8	0.17548183772516435	0.1185516379490355	1.4802143670136614
8	0.16116845858348636	0.1296331351116583	1.2432659168866462
8	0.1729131377972318	0.1189397303458823	1.4537878747025264
8	0.14753200426981178	0.11908387010500252	1.2388915823757243
8	0.2260944880658915	0.12412006627821555	1.821578853809987
8	0.12264677280748933	0.11198051200082323	1.0952510451692494
8	0.16974281990422782	0.12774165417930286	1.3287977284681987
8	0.2670159292111743	0.10150780850317458	2.6304964430674667
8	0.13727836215894848	0.12669553579161733	1.0835295916403658
8	0.14554088787034117	0.12380567744776738	1.175559076696977
8	0.15793145038016335	0.11360816128618581	1.3901417696773077
8	0.1270563561556754	0.10155661095148738	1.251088973581139
8	0.1936050083287073	0.1281627990498977	1.5106178217388258
8	0.12820134643087933	0.11659310772612469	1.0995619632339007
8	0.2220327958705674	0.12062411337487597	1.84069992026
8	0.09981997966027545	0.10000490632269222	0.9981508241023689
8	0.10613180415312957	0.11398704946707587	0.9310865106986105
8	0.10651350053513715	0.09421107412989281	1.1305836550412585
8	0.17954223966276706	0.11647982358712028	1.5414020568848104
8	0.12465249461067404	0.12120920133320368	1.0284078538559525
8	0.1479412463204345	0.11827075267389564	1.2508692383851518
8	0.16283982755253595	0.12174651727754163	1.3375317109179823
8	0.12647820420943434	0.10636900336466872	1.1890513233053854
8	0.15185280880240065	0.12363035250221649	1.2282809660328209
8	0.12735192982144028	0.11510958268277237	1.1063538486835305
8	0.11487655651978619	0.11247256318318258	1.0213740424203568
8	0.2592880057252184	0.1191168388974382	2.176753581821208
8	0.13118775107144534	0.10214386622527973	1.2843429167064122
8	0.13936958211213576	0.11512724708734472	1.2105699183999326
8	0.11971343781585668	0.11554076858052184	1.0361142589459829
8	0.1497699219158845	0.11666386913438034	1.283772971247599
8	0.10924615107041165	0.11121721952074827	0.9822773086862785
8	0.15290236331129198	0.13035425994290503	1.1729755773095791
8	0.1614185110856141	0.12406912183770842	1.3010369437188525
8	0.1460430005065172	0.11842358291362375	1.2332256541590927
8	0.11425255454032346	0.10321797713692185	1.1069055770078104
8	0.1591647083964962	0.11301501245193306	1.4083501381216172
8	0.15798943179783995	0.12329438494928276	1.2814000561568883
8	0.16085528262990287	0.1205946459563952	1.3338509463186714
8	0.18493661852182336	0.13463320155897393	1.373633074014175
8	0.09130814146162622	0.1115996728090919	0.8181757093304618
8	0.10005232557156721	0.110259976374436	0.9074219754210335
8	0.1326419225463049	0.11134050558142808	1.191317767542363
8	0.11339712945034304	0.11266550442966841	1.0064937801892269
8	0.13284498913161488	0.11418493013314389	1.1634196296894228
8	0.12701038053390518	0.11467909889139782	1.107528588572057
8	0.15679125263616775	0.11013808592284824	1.4235879561771219
8	0.1676938276199559	0.12556167350468928	1.3355494789076154
8	0.1302067791264742	0.12202077654703389	1.0670869569190533
8	0.1770869973581357	0.12348850172970277	1.434036326278796
8	0.10504579117771495	0.10343951513641918	1.0155286501408807
8	0.13656422162286538	0.11439274761966138	1.1938188780718932
8	0.1657027546674618	0.1064364555329595	1.5568233068053425
8	0.16496114737337536	0.11966453622430825	1.3785299519663847
8	0.1528192795167415	0.11616928602450186	1.3154878087527337
8	0.14237716644958423	0.12384123549454351	1.1496749518124552
8	0.13339104101297833	0.12169305396959239	1.0961269905043958
8	0.16878869708808208	0.12320393908342404	1.3699943227772255
8	0.12951065945658966	0.11474794332517683	1.1286534268381412
8	0.14301818908900277	0.1187641458208892	1.2042202476216317
8	0.14011213236692432	0.12347511003664377	1.1347398866487601
8	0.12184136182331629	0.12166866483266697	1.0014194040091327
8	0.09621845588389388	0.09770763366098797	0.9847588389842596
8	0.1053859550713903	0.10906685519784895	0.9662509740490689
8	0.12904466900167497	0.1064114501139969	1.212695333664107
8	0.1270989888739646	0.11207641772408854	1.134038644836587
8	0.1135158644006105	0.11502507718615125	0.9868792716991764
8	0.06886830538045086	0.10091250086259179	0.6824556402008692
8	0.11237866502315522	0.10835186824534249	1.0371640733383092
8	0.12776035052344495	0.10597197126304843	1.2056051142647184
8	0.12768857926402463	0.11581019200965935	1.1025677191984498
8	0.10833464416156416	0.11324780643794212	0.9566158283244958
8	0.18768305725129197	0.13196350289220315	1.4222345810614347
8	0.177991641337913	0.12524094738982636	1.4211936674663939
8	0.1482551981617506	0.11243222589194926	1.3186183675152734
8	0.17642093514676152	0.1130741396567211	1.5602235460942118
8	0.10883162862025575	0.10963105870229445	0.9927079963333241
8	0.1965763834485008	0.12439070400591273	1.5803140999922054
8	0.11274710618866109	0.10674101902069374	1.056267845511227
8	0.17813920018249343	0.1253598533657381	1.4210227229827024
8	0.12931482842248393	0.1141547974757814	1.1328023988647418
8	0.18688755451189198	0.11261466683177988	1.6595312117830843
8	0.12152533984846654	0.11646202373304863	1.0434761130978105
8	0.11938356453291817	0.10726244021903572	1.1130043684362434
8	0.1274750269730446	0.11434909984961314	1.1147881980767151
8	0.08261075651732704	0.10493147216138596	0.7872829268064649
8	0.11567200098188853	0.10176253014433201	1.1366855837588592
8	0.15169345913054427	0.11294086957985291	1.3431228190012474
8	0.1482534527391633	0.11355552016128763	1.3055591883916586
8	0.14073934383323222	0.12051880973811144	1.1677790723212436
8	0.15024121939205237	0.1221998153085118	1.2294717386662641
8	0.11730942603655067	0.11745720629115017	0.9987418374805103
8	0.10815674369211484	0.10705588256120864	1.0102830512865726
8	0.17036182841300818	0.11283029572546817	1.5098943711671398
8	0.18028882344760663	0.11221130729556812	1.6066903397954377
8	0.17431840340581548	0.11767575305180751	1.4813451274798357
8	0.15810011102755545	0.12041086587068715	1.3130053495117617
8	0.1762263684906853	0.13194886665577502	1.335565609293336
8	0.17557289072621227	0.12061487288081839	1.455648764806135
8	0.21789408604368984	0.12006855659791518	1.8147472762029793
8	0.15696488208628673	0.12826689178447848	1.2237365379526643
8	0.16814380541939525	0.11870434785195712	1.4164923902290156
8	0.12675978589767953	0.10762015399938855	1.1778443087750992
8	0.13280997024537414	0.11203349624895112	1.185448769270356
8	0.10247469086408864	0.10548694650318818	0.9714442806531659
8	0.23787085880115927	0.12925819069319858	1.8402768716278788
8	0.157610348876777	0.12478398648691878	1.2630655047496775
8	0.1607897050060937	0.12705051985858087	1.2655572380582756
8	0.11804985013750646	0.1109967323242872	1.0635434725466777
8	0.17304468969923326	0.11037323431756663	1.5678138886584394
8	0.11851585163843228	0.10957731814800815	1.0815728441021955
8	0.18188697256085487	0.12607685606541494	1.442667419200895
8	0.14237927045610843	0.11146315463408135	1.2773662375115844
8	0.16249193205421503	0.1143830894585163	1.420594012833921
8	0.11168014718816441	0.09889680912678203	1.129259358054663
8	0.12330930441889087	0.114920651109788	1.0729951773514481
8	0.12405968072186865	0.11923871167574959	1.0404312406463172
8	0.1834671239573466	0.11364187222732341	1.6144324302432145
8	0.12722456271511237	0.11896356084908387	1.0694414475076812
8	0.09690338085907726	0.09932554363878209	0.975613898590744
8	0.16032988035931214	0.12201310543510056	1.314038191123596
9	0.7640517754762108	0.7394498058341461	1.0332706418312088
9	0.7649815759305689	0.7461298882737332	1.025265959658112
9	0.7417258728009657	0.7347553395244688	1.0094868766534018
9	0.7630660254033668	0.7414707827772576	1.0291248733297647
9	0.7578958147566371	0.7454572750264669	1.0166857848824786
9	0.7419058987660726	0.7317351321247447	1.0138995193681557
9	0.7521195424860277	0.7426929271914376	1.0126924802289927
9	0.7460934357940024	0.7312953020278851	1.0202355105045555
9	0.767886789375741	0.7491438716250601	1.0250191164349023
9	0.7298204108722217	0.7265311482269674	1.0045273525481757
9	0.7683972125471502	0.7454424987570692	1.0307934063705182
9	0.7424165635507336	0.7403249577848228	1.0028252536185855
9	0.7726078393463254	0.7503664106792003	1.029640757302813
9	0.7633684797464328	0.7470166508764781	1.021889510562809
9	0.7443729084345693	0.7356259826975038	1.0118904524076093
9	0.7462201061800663	0.737837830069737	1.011360594115291
9	0.7559336857163869	0.7415212297953367	1.0194363361990701
9	0.7416050839520352	0.730797483277549	1.014788776537674
9	0.7431244799110281	0.7354645776282767	1.0104150526289832
9	0.7283563219366611	0.7310534682147591	0.9963106032658808
9	0.7701386755630688	0.7308197695972861	1.0538010978923698
9	0.7409835264824709	0.7348422216732594	1.0083573107642447
9	0.7265401159236626	0.7313658211092962	0.9934017901215098
9	0.7326604006428123	0.7316417821604473	1.0013922366207098
9	0.7524346890361464	0.7333267700250041	1.026056486401677
9	0.7595673698571452	0.7448503641171672	1.0197583386529203
9	0.7616739031670541	0.7466555982783655	1.0201140993562732
9	0.7777702850172524	0.7439016833583456	1.0455283304455059
9	0.7548237575520023	0.7325103969981522	1.0304614933047924
9	0.7744928673839857	0.74351013573668	1.0416708934527268
9	0.7310317229053392	0.7320320908293393	0.99863343706303
9	0.7730795490199391	0.7457197770961387	1.036689079147586
9	0.7750136879877573	0.7394635651343566	1.0480755571059697
9	0.7614212883596213	0.7566144726686104	1.0063530580826152
9	0.7637126974640799	0.7513345121669853	1.0164749323991435
9	0.767121475150309	0.7398550567428228	1.0368537298745046
9	0.7746914766391818	0.7440992312704651	1.0411131258884436
9	0.7667327650560438	0.7405585118458798	1.0353439367605448
9	0.7621575528658973	0.7476753240237147	1.0193696760837907
9	0.7761428669637296	0.7256120002480595	1.0696389622806617
9	0.7638864591992972	0.7462048315649895	1.023695407596363
9	0.7414328616663391	0.7371299044939367	1.0058374475735814
9	0.768940849521587	0.7441665648923889	1.0332913164847453
9	0.7587201225864666	0.735755411329253	1.0312124259007818
9	0.7708626812514181	0.7483453735536875	1.0300894593505698
9	0.7394310655646823	0.7370074556359881	1.0032884469623211
9	0.7488042331623761	0.7339547271493915	1.0202321825361882
9	0.7447734369381565	0.739404726867346	1.0072608544085946
9	0.7297936462402763	0.7295551379043228	1.0003269229747853
9	0.7653977427520504	0.7428045697038453	1.0304160393859894
9	0.7595254818846062	0.7433233771797626	1.0217968453599777
9	0.7638590972847762	0.7275582586981623	1.0498940643620318
9	0.7584734266944226	0.7406427064639676	1.0240746585024565
9	0.7524437940364214	0.742838664418344	1.01293030381718
9	0.7575358611057489	0.7351508458212869	1.0304495538727894
9	0.7589253918913268	0.7333318562602941	1.0349003461564452
9	0.7451280697751933	0.741481442513383	1.0049180290331332
9	0.7514008171333378	0.740025800994949	1.0153711074980027
9	0.7731389835536582	0.7393788856596739	1.045660078410088
9	0.7489226332162378	0.7374455813663608	1.0155632525841594
9	0.7513195742849093	0.7255006056734346	1.0355877974595329
9	0.7729858358947579	0.7494131359352388	1.0314548795973548
9	0.7542108208527185	0.7397909619856582	1.0194918018846246
9	0.730159423520002	0.7390134231890777	0.9880191625872398
9	0.7550955876685641	0.7371091776566012	1.024401283496625
9	0.761514081265466	0.7389318237756876	1.0305606779450789
9	0.7555714082314525	0.7424482737173489	1.0176754866011037
9	0.7643006579951859	0.7464277605447158	1.023944577620515
9	0.7486819623270513	0.7391007740547699	1.0129633043403785
9	0.7400734623094094	0.7369632058573917	1.0042203687067377
9	0.7419379217582524	0.7307081539173452	1.0153683351974438
9	0.767786367379	0.7439615954123174	1.0320241960251704
9	0.763008155002424	0.7391976054956045	1.03221134555875
9	0.7569908681514231	0.7454854581943156	1.0154334465288908
9	0.7653372607142132	0.7471523893307098	1.0243389054805716
9	0.7613970545501794	0.7395681792025812	1.0295157038410367
9	0.7417437479367429	0.7322964620169652	1.012900903404281
9	0.7691561056805971	0.7378381090064243	1.0424456209185857
9	0.7513421841408989	0.740346796986856	1.0148516711341133
9	0.7581353552379462	0.7452403916385194	1.0173030927256577
9	0.7537632714630231	0.7402864408821564	1.0182048864285655
9	0.7641671570748951	0.7448971296795034	1.0258693806535175
9	0.7732435122280356	0.7362255389124985	1.0502807514260064
9	0.7544059409249655	0.7357078466888275	1.0254151078043978
9	0.7579825487449714	0.7411668902873721	1.0226880864188082
9	0.7547270405186822	0.7421178693798072	1.0169907930520694
9	0.7350504442381471	0.7330647427689472	1.0027087668432935
9	0.7691783952946519	0.7468625750637955	1.0298794195558
9	0.781720381165972	0.7523450314104129	1.0390450505142428
9	0.7639139040193346	0.7455678842862964	1.024606773064803
9	0.7657937108947401	0.7457768486177907	1.0268402838115025
9	0.769373847147732	0.7504974978780913	1.0251517817487874
9	0.7501346945984322	0.7451777822348231	1.0066519862531906
9	0.7488554859366381	0.7408346265256964	1.0108267879547657
9	0.7589321882713677	0.7391644364572287	1.026743375139752
9	0.7486092091921004	0.7319441749147086	1.0227681766568244
9	0.7421924496061163	0.7381227618092351	1.005513564961614
9	0.7450613330912198	0.726764414853709	1.025175858728848
9	0.7723196663661976	0.742743317086539	1.0398204179011317
9	0.7505816310327035	0.7385898095879931	1.0162361046538129
9	0.7562869054429573	0.7367440199235376	1.0265260185232965
9	0.7596563071429653	0.7434814430658694	1.021755572015888
9	0.771268417841122	0.7385752647774201	1.0442651610781393
9	0.7627538839028922	0.7435912691866134	1.0257703600221666
9	0.765130360405194	0.735184659594188	1.040732216620972
9	0.7681805317640503	0.7483631575318301	1.0264809591877555
9	0.7679979922266249	0.7397198670780193	1.0382281542069534
9	0.7538088784309389	0.7402133352992016	1.0183670605261952
9	0.7642448373831356	0.7418357101904501	1.0302076684700612
9	0.7576096510162234	0.7440409351328393	1.0182365179692183
9	0.7497609851025588	0.7383809321234371	1.0154121707157238
9	0.7702585083892106	0.7510636553691706	1.0255568923923035
9	0.7469059603589965	0.7399250232155892	1.0094346547614639
9	0.7595345376554983	0.7414789475432374	1.0243507791719306
9	0.7419360121590225	0.7386790466079965	1.0044091754950704
9	0.7565514919841808	0.7468261154737132	1.0130222769517088
9	0.7454360995351316	0.7390124261752407	1.008692239984565
9	0.7757167179962053	0.7405145316230847	1.0475374687056624
9	0.7775821122864967	0.7504442892041506	1.0361623420588966
9	0.7553446440642038	0.7408331265926735	1.0195881055404115
9	0.7745731563836797	0.744852361503099	1.0399015918008299
9	0.7445893113243391	0.7334383852019665	1.0152036303898957
9	0.7113750198440094	0.7176023117020597	0.9913220850093418
9	0.7572268171148652	0.7412962055124847	1.021490210639035
9	0.7483173623792142	0.7324964361495967	1.0215986391862615
9	0.7717298434047011	0.7386516485855581	1.0447818601400056
9	0.7752347671512059	0.7422692178418854	1.0444118501979192
9	0.7868174395242835	0.753209549873556	1.0446195745345626
9	0.7415970150279477	0.7357092910939327	1.008002785890145
9	0.74907667405962	0.7401933018831109	1.0120014219986981
9	0.7462746422717453	0.7238155394802022	1.031028765709661
9	0.7020626348297488	0.7129862874139253	0.9846790144817543
9	0.7497151531014616	0.7359694343315469	1.0186770239750507
9	0.7486247125536325	0.7409974454428647	1.0102932434621408
9	0.7686487911163702	0.7411137302394561	1.0371536240031842
9	0.7512009597903628	0.7394057144468994	1.0159523318700434
9	0.746233249758317	0.7287736907660097	1.0239574496356414
9	0.7680034659956329	0.7524899124099756	1.0206162944244295
9	0.7459544897460582	0.7343901077283893	1.0157469196493396
9	0.7166876913316897	0.7215571461755362	0.993251463353033
9	0.7660026494524714	0.7443968311708344	1.029024597334266
9	0.7583158597544518	0.7372105208469732	1.0286286458354268
9	0.7554614156954826	0.742059068500665	1.0180610247401156
9	0.7169433373478451	0.7250775588872304	0.9887815842047728
9	0.7382394377479555	0.7356123642751655	1.0035712742204634
9	0.7921104383488933	0.7527898047451174	1.0522332175009852
