0	1.0	0.9999908745262873	1.0000091255569876
0	1.0	0.9999908745262873	1.0000091255569876
0	1.0	0.9999908745262873	1.0000091255569876
0	1.0	0.9999908745262873	1.0000091255569876
0	1.0	0.9999908745262873	1.0000091255569876
0	1.0	0.9999908745262873	1.0000091255569876
0	1.0	0.9999908745262873	1.0000091255569876
0	1.0	0.9999908745262873	1.0000091255569876
0	1.0	0.9999908745262873	1.0000091255569876
0	1.0	0.9999908745262873	1.0000091255569876
0	0.9994715756181195	0.9997305251986879	0.9997409806202358
0	1.0	0.9999908745262873	1.0000091255569876
0	1.0	0.9999908745262873	1.0000091255569876
0	1.0	0.9999908745262873	1.0000091255569876
0	1.0	0.9999908745262873	1.0000091255569876
0	1.0	0.9999908745262873	1.0000091255569876
0	1.0	0.9999908745262873	1.0000091255569876
0	1.0	0.9999908745262873	1.0000091255569876
0	1.0	0.9999908745262873	1.0000091255569876
0	1.0	0.9999908745262873	1.0000091255569876
0	1.0	0.9999908745262873	1.0000091255569876
0	1.0	0.9999908745262873	1.0000091255569876
0	1.0	0.9999908745262873	1.0000091255569876
0	1.0	0.9999908745262873	1.0000091255569876
0	1.0	0.9999908745262873	1.0000091255569876
0	1.0	0.9999908745262873	1.0000091255569876
0	1.0	0.9999908745262873	1.0000091255569876
0	1.0	0.9999908745262873	1.0000091255569876
0	1.0	0.9999908745262873	1.0000091255569876
0	1.0	0.9999908745262873	1.0000091255569876
0	1.0	0.9999908745262873	1.0000091255569876
0	1.0	0.9999908745262873	1.0000091255569876
0	1.0	0.9999908745262873	1.0000091255569876
0	1.0	0.9999908745262873	1.0000091255569876
0	1.0	0.9999908745262873	1.0000091255569876
0	1.0	0.9999908745262873	1.0000091255569876
0	1.0	0.9999908745262873	1.0000091255569876
0	1.0	0.9999908745262873	1.0000091255569876
0	1.0	0.9999908745262873	1.0000091255569876
0	1.0	0.9999908745262873	1.0000091255569876
0	1.0	0.9999908745262873	1.0000091255569876
0	1.0	0.9999908745262873	1.0000091255569876
0	1.0	0.9999908745262873	1.0000091255569876
0	0.9983882828890931	0.9989412370598596	0.9994464597613429
0	1.0	0.9999908745262873	1.0000091255569876
0	1.0	0.9999908745262873	1.0000091255569876
0	1.0	0.9999908745262873	1.0000091255569876
0	1.0	0.9999908745262873	1.0000091255569876
0	1.0	0.9999908745262873	1.0000091255569876
0	1.0	0.9999908745262873	1.0000091255569876
0	1.0	0.9999908745262873	1.0000091255569876
0	1.0	0.9999908745262873	1.0000091255569876
0	1.0	0.9999908745262873	1.0000091255569876
0	1.0	0.9999908745262873	1.0000091255569876
0	1.0	0.9999908745262873	1.0000091255569876
0	1.0	0.9999908745262873	1.0000091255569876
0	1.0	0.9999908745262873	1.0000091255569876
0	1.0	0.9999908745262873	1.0000091255569876
0	1.0	0.9999908745262873	1.0000091255569876
0	1.0	0.9999908745262873	1.0000091255569876
0	1.0	0.9999908745262873	1.0000091255569876
0	1.0	0.9999908745262873	1.0000091255569876
0	1.0	0.9999908745262873	1.0000091255569876
0	1.0	0.9999908745262873	1.0000091255569876
0	1.0	0.9999908745262873	1.0000091255569876
0	1.0	0.9999908745262873	1.0000091255569876
0	1.0	0.9999908745262873	1.0000091255569876
0	1.0	0.9999908745262873	1.0000091255569876
0	1.0	0.9999908745262873	1.0000091255569876
0	1.0	0.9999908745262873	1.0000091255569876
0	1.0	0.9999908745262873	1.0000091255569876
0	1.0	0.9999908745262873	1.0000091255569876
0	1.0	0.9999908745262873	1.0000091255569876
0	1.0	0.9999908745262873	1.0000091255569876
0	1.0	0.9999908745262873	1.0000091255569876
0	1.0	0.9999908745262873	1.0000091255569876
0	1.0	0.9999908745262873	1.0000091255569876
0	1.0	0.9999908745262873	1.0000091255569876
0	1.0	0.9999908745262873	1.0000091255569876
0	1.0	0.9999908745262873	1.0000091255569876
0	1.0	0.9999908745262873	1.0000091255569876
0	1.0	0.9999908745262873	1.0000091255569876
0	1.0	0.9999908745262873	1.0000091255569876
0	1.0	0.9999908745262873	1.0000091255569876
0	1.0	0.9999908745262873	1.0000091255569876
0	1.0	0.9999908745262873	1.0000091255569876
0	1.0	0.9999908745262873	1.0000091255569876
0	1.0	0.9999908745262873	1.0000091255569876
0	1.0	0.9999908745262873	1.0000091255569876
0	1.0	0.9999908745262873	1.0000091255569876
0	1.0	0.9999908745262873	1.0000091255569876
0	1.0	0.9999908745262873	1.0000091255569876
0	1.0	0.9999908745262873	1.0000091255569876
0	1.0	0.9999908745262873	1.0000091255569876
0	1.0	0.9999908745262873	1.0000091255569876
0	1.0	0.9999908745262873	1.0000091255569876
0	1.0	0.9999908745262873	1.0000091255569876
0	1.0	0.9999908745262873	1.0000091255569876
0	1.0	0.9999908745262873	1.0000091255569876
0	1.0	0.9999908745262873	1.0000091255569876
0	1.0	0.9999908745262873	1.0000091255569876
0	1.0	0.9999908745262873	1.0000091255569876
0	1.0	0.9999908745262873	1.0000091255569876
0	1.0	0.9999908745262873	1.0000091255569876
0	1.0	0.9999908745262873	1.0000091255569876
0	1.0	0.9999908745262873	1.0000091255569876
0	1.0	0.9999908745262873	1.0000091255569876
0	1.0	0.9999908745262873	1.0000091255569876
0	1.0	0.9999908745262873	1.0000091255569876
0	1.0	0.9999908745262873	1.0000091255569876
0	1.0	0.9999908745262873	1.0000091255569876
0	1.0	0.9999908745262873	1.0000091255569876
0	1.0	0.9999908745262873	1.0000091255569876
0	1.0	0.9999908745262873	1.0000091255569876
0	1.0	0.9999908745262873	1.0000091255569876
0	1.0	0.9999908745262873	1.0000091255569876
0	1.0	0.9999908745262873	1.0000091255569876
0	1.0	0.9999908745262873	1.0000091255569876
0	1.0	0.9999908745262873	1.0000091255569876
0	1.0	0.9999908745262873	1.0000091255569876
0	1.0	0.9999908745262873	1.0000091255569876
0	1.0	0.9999908745262873	1.0000091255569876
0	1.0	0.9999908745262873	1.0000091255569876
0	1.0	0.9999908745262873	1.0000091255569876
0	1.0	0.9999908745262873	1.0000091255569876
0	1.0	0.9999908745262873	1.0000091255569876
0	1.0	0.9999908745262873	1.0000091255569876
0	1.0	0.9999908745262873	1.0000091255569876
0	1.0	0.9999908745262873	1.0000091255569876
0	1.0	0.9999908745262873	1.0000091255569876
0	1.0	0.9999908745262873	1.0000091255569876
0	1.0	0.9999908745262873	1.0000091255569876
0	1.0	0.9999908745262873	1.0000091255569876
0	1.0	0.9999908745262873	1.0000091255569876
0	1.0	0.9999908745262873	1.0000091255569876
0	1.0	0.9999908745262873	1.0000091255569876
0	1.0	0.9999908745262873	1.0000091255569876
0	1.0	0.9999908745262873	1.0000091255569876
0	1.0	0.9999908745262873	1.0000091255569876
0	1.0	0.9999908745262873	1.0000091255569876
0	1.0	0.9999908745262873	1.0000091255569876
0	1.0	0.9999908745262873	1.0000091255569876
0	1.0	0.9999908745262873	1.0000091255569876
0	1.0	0.9999908745262873	1.0000091255569876
0	1.0	0.9999908745262873	1.0000091255569876
0	1.0	0.9999908745262873	1.0000091255569876
1	0.8931108841085565	0.8392205314287877	1.0642147691358546
1	0.9194586579499692	0.6869423910234566	1.338480009335416
1	0.8381327609624915	0.8235035631366693	1.017764583519348
1	0.7454125841180936	0.790271907173023	0.943235584299838
1	0.9622575075133699	0.8554590561055605	1.124843440075326
1	0.944657249172321	0.8425513941987234	1.1211865005228572
1	0.9048850637304959	0.8408869590262488	1.0761078573252667
1	0.9286481227352781	0.8571240726362072	1.0834465538683198
1	0.8749111986591579	0.809966967217362	1.0801813334004366
1	0.77315617365905	0.7809273959787154	0.9900487262200272
1	0.859857365569575	0.8074166453358417	1.0649487727763165
1	0.880757841633876	0.831602219982293	1.0591095363509608
1	0.8848039229689071	0.8234860122877178	1.074461387037823
1	0.8822725146021181	0.8014735835568388	1.1008129683909278
1	0.7352506841249561	0.5671973524427534	1.2962872287016962
1	0.6237218013294761	0.6385153909544906	0.9768312716739682
1	0.8195299589456798	0.8067297408333316	1.015866798339585
1	0.7766449787530434	0.7546662783310395	1.029123734626927
1	0.9306841314217718	0.8546586088254209	1.0889542582398306
1	0.9200503082765048	0.8429512438328787	1.0914632548533396
1	0.9508380015188014	0.8399758989740577	1.1319824803070542
1	0.8972237974483184	0.8355140352942684	1.073858438694349
1	0.8526614594550782	0.8310685234262316	1.0259821367554938
1	0.801769530328329	0.7717935244627393	1.0388394109505603
1	0.8650873252907504	0.8328537994076407	1.0387025020550251
1	0.9246810479479233	0.8569711771395413	1.0790106745881334
1	0.9589059011671026	0.8540423809317318	1.1227849139301123
1	0.9573636427629836	0.8710853797482093	1.0990468500799695
1	0.7351748059793948	0.7510452810452489	0.9788688172785444
1	0.8188578545129388	0.7574998333553938	1.0810007058163376
1	0.8920122978938381	0.7893051055817578	1.1301235625941883
1	0.8591422848272255	0.8358149446120304	1.0279096950414344
1	0.9191020316018296	0.7748596265297393	1.1861529496872738
1	0.9274895492767712	0.6922521897100176	1.3398145402260033
1	0.9560951486223944	0.8492058311297981	1.125869740378948
1	0.9476255108223318	0.8484044547098729	1.1169501828539896
1	0.9347456693430505	0.7911218462069213	1.1815445039531418
1	0.9346782724239043	0.8411357398122212	1.1112097943104473
1	0.7874172779064518	0.7698321047882047	1.0228428679563644
1	0.8915467337671782	0.7963193265760331	1.1195844481140478
1	0.8293381148094998	0.7687884100828246	1.0787599083604187
1	0.9111795212472348	0.8334550390778198	1.093255758889422
1	0.9164176817436424	0.8469076331132263	1.0820751235585133
1	0.8855305613087154	0.8440372833926675	1.0491604799129997
1	0.89705218142057	0.8470899527369367	1.0589810191021698
1	0.7546009286836901	0.6568956321801068	1.1487379299194282
1	0.7322299179754939	0.7650694048215273	0.9570764604634868
1	0.8066766397883228	0.8049708025109993	1.0021191293796028
1	0.9242647992463084	0.850360951644968	1.0869087973270388
1	0.9505642875289599	0.8159314335658473	1.1650051075673475
1	0.9402020256844544	0.8481642389236643	1.1085141091041373
1	0.8533036542067831	0.8263538920734181	1.0326128579920462
1	0.8315527961361591	0.8129407654613794	1.0228946947496433
1	0.9270093049865945	0.8503629965153119	1.0901336356184008
1	0.9331618547394532	0.8111566884415378	1.1504088766528229
1	0.8511467515031589	0.7393959761770081	1.1511379273443572
1	0.829419799216284	0.8057690499898572	1.0293517717349958
1	0.84063699731021	0.7993742691400977	1.0516187845456915
1	0.9464654861700893	0.8581334384458901	1.1029350958333144
1	0.8916515051192817	0.8423076726451603	1.0585817202865593
1	0.9160581741951237	0.8555342745526965	1.0707439800399245
1	0.8887999077270944	0.846015634281305	1.050571492667668
1	0.9029669738154977	0.824576282932171	1.0950678457602145
1	0.9627783257170967	0.8628674887483535	1.1157893167509074
1	0.7691605473632919	0.7680581740110438	1.0014352732508414
1	0.8374739548292368	0.82155776990358	1.019373178014645
1	0.9106194035515076	0.8582160119053658	1.0610608412324989
1	0.9328229633014157	0.8509927530256118	1.0961585277722583
1	0.9132994995368608	0.827289336600356	1.1039662414723646
1	0.8236640032210873	0.8076845206187306	1.0197843120605006
1	0.7722147677758198	0.7697137056877359	1.0032493407218845
1	0.9527879916459234	0.8502122856009255	1.1206471698682852
1	0.9515961549422677	0.8432440940951526	1.1284943014790787
1	0.8951161078043459	0.8359772282903608	1.0707422134391493
1	0.8271139910221688	0.6974384289560294	1.1859311971957813
1	0.8545848014508242	0.8231444093681647	1.0381954754534417
1	0.8666479456948359	0.8176008949652138	1.059988988553772
1	0.940707645412951	0.8550515430502512	1.1001765367934853
1	0.7690766627468733	0.785427317751082	0.9791824722228587
1	0.9595922769586289	0.8590161228350578	1.1170829643937696
1	0.85596211138272	0.8099004699921801	1.0568732123232187
1	0.7990168146524106	0.7817875603727334	1.0220382814373035
1	0.945056321219977	0.862258777536594	1.0960240079201387
1	0.9380820823995221	0.8608705256486102	1.0896900921224337
1	0.881044998790944	0.8300290003994671	1.061462910774111
1	0.8573289776305041	0.8156578462566533	1.0510889848790086
1	0.754607157782061	0.7159307722353893	1.0540225215154677
1	0.7629912650634463	0.7795293245173889	0.978784557637801
1	0.8809114820331676	0.8086690015741371	1.0893350435325266
1	0.9376955381974467	0.8290693430387407	1.1310218452422383
1	0.8585439662681307	0.8089363500274748	1.0613244988174546
1	0.9413076618071582	0.8256783121405462	1.140041645718956
1	0.8396824398034003	0.8240396895437955	1.0189830058650027
1	0.7958565445438989	0.8131481738001616	0.9787349589983679
1	0.9363561574676108	0.8585697943816253	1.090599929784404
1	0.9171435455826125	0.8515058794402706	1.0770842195305665
1	0.9394691876600231	0.8578324403045985	1.0951663093161144
1	0.8915221197402339	0.8295209678692856	1.0747433208713275
1	0.9224279982704996	0.8561968245229937	1.0773550798724403
1	0.8967116827127232	0.825397858770689	1.086399332375596
1	0.9424550719190791	0.8510978216751747	1.1073404818074735
1	0.8752974531929073	0.8425004229257906	1.0389282062948062
1	0.9041971824564694	0.8387386287420173	1.0780440431277503
1	0.8697230943574177	0.8167412448439951	1.0648698101729177
1	0.9082057794036075	0.8223650616584627	1.1043827391840186
1	0.8660431465424712	0.8202225353365216	1.055863633626148
1	0.9217844183291387	0.841612229662792	1.0952602467510117
1	0.8030533729818027	0.7982728652798078	1.0059885634473111
1	0.8766697680673916	0.8153039245352635	1.0752674452868698
1	0.9056070291349239	0.8455458053423294	1.0710324897990333
1	0.8407048821638353	0.8214067409905612	1.023494013635683
1	0.9732943957676531	0.845738779058192	1.1508215300846274
1	0.885737421749391	0.7879121184540553	1.124157632563485
1	0.8977017460166014	0.7721459646331996	1.1626062780021724
1	0.6625904956122278	0.726822233320665	0.9116266195999828
1	0.7554074100670215	0.7677431504960653	0.9839324643651027
1	0.9351679678469619	0.853374902455989	1.095846579452448
1	0.9238869383600481	0.7946112038115983	1.1626905509617014
1	0.802371468031588	0.7745995811590518	1.035853217001461
1	0.802836792547083	0.7833254007287728	1.0249084120087995
1	0.9289461653189696	0.8017521707030429	1.158645026809709
1	0.9042598543041507	0.8385426897584383	1.078370684460494
1	0.7702734591499105	0.7564689749484811	1.0182485794640417
1	0.8421003888531455	0.7914366257740795	1.0640149336398392
1	0.7564732082165762	0.7846184469645425	0.9641287572872496
1	0.7599606443554945	0.7531131798317477	1.009092211777885
1	0.8729190316626321	0.8232222688976509	1.0603685840903312
1	0.8812282188131819	0.6625528813340665	1.3300496362476113
1	0.8900868573419096	0.8088087385117169	1.1004911482283835
1	0.8985728192214097	0.8160271147629089	1.1011555902557035
1	0.9285264769550283	0.8569985536076798	1.0834632952952366
1	0.9067705739323166	0.8218178820799227	1.103371676018279
1	0.8157219685710355	0.7552923577052089	1.080008238199879
1	0.6430978969993874	0.7255816463407564	0.8863205129879594
1	0.8958953806920192	0.8371343648508736	1.0701930518066993
1	0.8898352489139285	0.7537255888992654	1.1805825117513078
1	0.9110747826558099	0.7156660283367208	1.2730446138029474
1	0.8563406372299195	0.8052211729644957	1.0634849976401177
1	0.8784723958784324	0.8174380909014543	1.074665354668842
1	0.9282455631970123	0.8232344441208314	1.1275591902478364
1	0.9197514316162401	0.8144502537150203	1.1292911106858898
1	0.9246976517535355	0.7953545476503865	1.1626232030548522
1	0.8427515600031544	0.8242253088767671	1.0224771684718519
1	0.9335171745985649	0.8636365434768447	1.0809143981337257
1	0.7364175799671457	0.734947461145793	1.0020003046463495
1	0.870449182508145	0.8317265969471208	1.0465568682102468
2	0.8096404041414937	0.593252397895752	1.364748641578632
2	0.7711924882078753	0.7382089757806792	1.044680454328417
2	0.7488561979792419	0.6789134795991962	1.103021549110112
2	0.7864456201466684	0.7354862056372987	1.069286703297465
2	0.8373423783220065	0.7479106410709898	1.119575430993939
2	0.850112001319145	0.7632661823017018	1.113781824783002
2	0.8582133650439779	0.7673344501711409	1.1184345559521902
2	0.8276712975585527	0.7464307831903935	1.108838644115026
2	0.8104607420896514	0.6784970215237303	1.194494178131489
2	0.6800019161225531	0.6198529526274362	1.0970374719361375
2	0.823005430664568	0.713180920510514	1.1539924961473151
2	0.7823271186669943	0.6902350134958667	1.1334213758654523
2	0.7262379475461026	0.686049973459845	1.0585787852794224
2	0.7273368108192791	0.6992285428152097	1.0401989711273811
2	0.855410210462429	0.7316669700281222	1.1691250876468438
2	0.8052318799606375	0.7037218637497931	1.144247353165847
2	0.7589098904845185	0.6860465181393156	1.1062076264781895
2	0.7645154800785576	0.7105975783324957	1.0758768442084856
2	0.7627841664697363	0.7264443350059214	1.0500242478503445
2	0.8027479732664773	0.6991003640354565	1.148258554226363
2	0.7936722699235845	0.532697435803792	1.4899119398350495
2	0.8600285086626531	0.731223413621937	1.1761501240813823
2	0.7521988753257766	0.6896609705837838	1.09067919950444
2	0.8185070388675332	0.7563808913786925	1.08213606160198
2	0.805475030328628	0.7453854158678073	1.0806154952614173
2	0.8438110123087131	0.7535537143167572	1.1197755332860269
2	0.8282051909261803	0.7400238344561725	1.1191601572330578
2	0.9048423485191753	0.7810882188912919	1.1584380952558022
2	0.7919551565099245	0.7049456072158978	1.1234273231911622
2	0.7046227621265091	0.696233701597109	1.0120492020282217
2	0.8645850042775148	0.7532998244527089	1.1477302611953446
2	0.7775997985065093	0.7065586573503443	1.1005452844107457
2	0.9101711643391311	0.7700465475880887	1.181969021470112
2	0.8927497758201752	0.7145172785303634	1.2494446287658778
2	0.6915509505816516	0.6642693567775233	1.0410700772597365
2	0.775361025748661	0.7256425894137776	1.0685164253865655
2	0.9123413070043167	0.6516181161695447	1.4001165473535337
2	0.7300254947691005	0.7030502632307355	1.0383688520567582
2	0.8551601678209186	0.7208646664277646	1.1862977999166662
2	0.7859583075276746	0.6576350873238107	1.195128305465063
2	0.8304193352860818	0.7129218709300218	1.1648111373028605
2	0.6895470549858611	0.6670115652477281	1.0337857556184402
2	0.903529289234072	0.7647985360923936	1.1813951604176693
2	0.8280013100390995	0.7456529101644821	1.1104379782497629
2	0.7558177486556061	0.7206977989601838	1.048730480023795
2	0.8429645886392562	0.7489219906700176	1.1255706190241577
2	0.7929535332609865	0.7127946169319264	1.112457241433847
2	0.7640128071759807	0.7312274175440779	1.0448361054923472
2	0.8718427890615263	0.7577986496257679	1.1504939860899437
2	0.884760629100005	0.7016577367656006	1.2609575619852
2	0.8427566347245712	0.7195821400982454	1.1711750302884236
2	0.846900001055815	0.6837131159875927	1.2386774236918159
2	0.8341193190367043	0.7353817688953798	1.1342670627933007
2	0.7893758981308527	0.7033904425421971	1.122244276276895
2	0.8983895867544363	0.7762329602597903	1.1573710892845397
2	0.8216108869377308	0.7334892188945985	1.1201403725823478
2	0.7581549887591141	0.7212428952358965	1.051178450099179
2	0.8418048739596239	0.743016759962543	1.1329554315868473
2	0.7965088535406675	0.6595882250379901	1.207585010321843
2	0.6923234325332279	0.6667419348891414	1.0383679146390274
2	0.8595893756109554	0.753121989745904	1.1413680483569102
2	0.8158807263225378	0.7438925169448473	1.0967723262943212
2	0.8059969402641973	0.718579059573408	1.1216538104278824
2	0.8597489663338779	0.7625006406102703	1.1275386806833034
2	0.7562898751142872	0.7213445610422351	1.0484446905949654
2	0.7259983432015626	0.7179119118317001	1.0112638211409957
2	0.8075510322928732	0.716649010686015	1.1268431550890468
2	0.6290840959377849	0.6297486513250528	0.9989447291615956
2	0.7426811214918952	0.7248129096362461	1.024652171088697
2	0.8572653890565473	0.711203136699241	1.2053734647954375
2	0.8028268279745208	0.7363394037952374	1.0902945351513096
2	0.8960851401334983	0.7597665662917409	1.1794216538207247
2	0.8563599047590934	0.7419754023168591	1.1541621219316198
2	0.7782787528361718	0.7084468379525264	1.0985704376710408
2	0.823370133196693	0.7484797874618832	1.1000566040517477
2	0.714342431471303	0.6085614431734809	1.1738213774211579
2	0.8221028846302254	0.7005713071739994	1.1734749570981808
2	0.8774490908664152	0.74546729120821	1.1770457285178761
2	0.854750614449505	0.7589760123834255	1.1261892345784643
2	0.6180372737115292	0.577399091893924	1.070381443940807
2	0.8424756290121614	0.7289210199841339	1.1557845169981504
2	0.8371545151706818	0.7273551395272292	1.1509570355340044
2	0.8874084263141603	0.7745578784097628	1.145696727191117
2	0.8915903443047931	0.7779420905706538	1.1460883208553139
2	0.6813180392308468	0.6413953046144046	1.062243571677599
2	0.7758030613566635	0.7387090762985605	1.0502146057876658
2	0.7722974791302077	0.7051780035533118	1.0951808979274573
2	0.8684506689478664	0.7238290120694688	1.199800856924643
2	0.7314603632921696	0.6461315456911335	1.1320610612035111
2	0.7038451525087972	0.6906988266579835	1.0190333693115181
2	0.7808382224630346	0.7127691063499633	1.0954995320457253
2	0.8189830880489346	0.7125357694717156	1.1493922454673968
2	0.7910600836588445	0.7479627727228192	1.0576195935248724
2	0.7798077825470131	0.7393216674409231	1.0547611640359846
2	0.8553111541141891	0.7565624587601592	1.1305228592968484
2	0.8283200758259305	0.6891402317871596	1.2019615712724148
2	0.8224843405991109	0.7394331405297965	1.1123173895205847
2	0.8534113478718528	0.590964834545313	1.444098359132427
2	0.8776202229963092	0.7697697671097588	1.140107419769803
2	0.8760835535287772	0.7419865602184417	1.1807269841529977
2	0.8481214921617145	0.7277198559795175	1.1654505304381662
2	0.883612717613427	0.740988577188541	1.1924781903737713
2	0.8508940662820933	0.7159034658845845	1.188559780515536
2	0.7041798292772807	0.6627547014192774	1.0625044647277373
2	0.846323139505978	0.7422108302710533	1.1402732282913512
2	0.7264711653160904	0.6889028053157513	1.0545336144815378
2	0.8459058763190346	0.727648025438997	1.1625206786051423
2	0.8420286277792475	0.7055890831724982	1.19336969329696
2	0.7075629033661397	0.6914402623011875	1.0233174750502585
2	0.6306205447799925	0.563622404382643	1.1188706124461734
2	0.7652790916684736	0.7302652654590686	1.047946722739708
2	0.8681413213688153	0.7622554727731707	1.1389112343272787
2	0.8408581842883196	0.7639265757329563	1.100705501024821
2	0.8791602274750445	0.7284209630407994	1.2069397670887763
2	0.7240291047616545	0.6981476337567576	1.037071630345043
2	0.7377943206288599	0.7209385229253026	1.0233803537577137
2	0.8177537431151596	0.7292951595615434	1.1212932547184298
2	0.8403138561226102	0.6549011502104565	1.2831155600392063
2	0.9059771120166108	0.7652048743540313	1.1839667288860598
2	0.789428999111934	0.7338619461333811	1.075718673343574
2	0.9005644699222032	0.7387175458616362	1.2190917556612109
2	0.739123916847673	0.6900362491539316	1.071137810156972
2	0.6666323922071864	0.6328301598456513	1.053414382730715
2	0.8100104394866442	0.7247727220190624	1.1176061334512255
2	0.7029665739311142	0.6275155170031496	1.120237754897758
2	0.6799757034988246	0.6544174223474709	1.0390550133272327
2	0.7837767568423264	0.6701817581514459	1.1694987923935862
2	0.8543140247337636	0.6762793184854439	1.2632561744561936
2	0.8138604289232289	0.6815318626573357	1.1941634331664785
2	0.7591144128546642	0.7165064314918	1.0594662929600678
2	0.8482544091751659	0.7463159943558587	1.1365888116966991
2	0.6651726664168777	0.6729136987169196	0.9884962480109972
2	0.7984765470175443	0.7004525714383978	1.13994377289222
2	0.7940778057931981	0.7215800807391719	1.1004707959506879
2	0.8347144167562263	0.7642861408460906	1.0921490946207257
2	0.8950648631745348	0.7675899237620777	1.166071668564489
2	0.8900939483840276	0.681842469708853	1.3054246221478372
2	0.6939626620698013	0.6418791200383072	1.0811422905116244
2	0.7054431800810941	0.5999751699816455	1.175787291501872
2	0.7890562021682523	0.6388478068556478	1.2351239116745456
2	0.8522335184185164	0.7428030533306489	1.1473209683201935
2	0.9129308747588972	0.7784724811233439	1.172720805032862
2	0.8477902026754404	0.7521491475285041	1.1271570345605049
2	0.8533358283685107	0.7726665048562078	1.1044038055296772
2	0.8308985541857927	0.7437030420281283	1.1172450658798925
2	0.7250253113666194	0.7111239112056098	1.019548492100964
3	0.8096367690572641	0.5931445428718138	1.364990673499692
3	0.7711924874601721	0.7381535604123878	1.0447588805631802
3	0.7488561970199925	0.6788733805450935	1.1030866999361606
3	0.7864456192521795	0.7354397749885895	1.0693542095467727
3	0.8373423777565158	0.747865097638616	1.1196436100580496
3	0.8501120006457381	0.7631978389685358	1.1138815615550839
3	0.8582133646091659	0.7672871773456382	1.1185034625211367
3	0.8274109974135445	0.7462014502886728	1.1088305940620395
3	0.8104607412035664	0.6784470715522665	1.1945821202371123
3	0.6799169699590234	0.619712760520131	1.0971485715226557
3	0.823005430115216	0.7131427421124424	1.1540542748529456
3	0.7823271180259574	0.6901705310995877	1.1335272701074977
3	0.7262379468945035	0.686030868903073	1.0586082635839982
3	0.7273368098285925	0.6991706731667903	1.0402850659256457
3	0.8553054165031142	0.7313987668072548	1.1694105258568375
3	0.8052318795513045	0.703733766223444	1.144227999563735
3	0.758849310346583	0.6859430607349346	1.1062861537421707
3	0.7642206686025425	0.7103998295697728	1.0757613343817443
3	0.7627841655933107	0.7264126085500344	1.0500701070096736
3	0.8027479727649988	0.6990858216938548	1.1482824395150442
3	0.793459428073343	0.5324039153305793	1.4903335704822336
3	0.8600285083013883	0.7311981692007222	1.1761907298557537
3	0.7521918290075241	0.6896161037403951	1.0907399420166175
3	0.8185070383664108	0.7563364199065665	1.082199688952602
3	0.8053955997251059	0.7453033908009	1.0806278485592706
3	0.84381101187967	0.7535269286211549	1.1198153374873037
3	0.8282051903962457	0.739963905546055	1.1192507961385945
3	0.9048073104804217	0.7810159977837325	1.1585003547276476
3	0.7919551559463613	0.704930168591159	1.1234519264924163
3	0.7045290166451477	0.6961304228413014	1.0120646843296501
3	0.8645850039253793	0.7532826133549418	1.1477564842160939
3	0.7774225130211139	0.7063752873491745	1.1005799989670637
3	0.9101711640059442	0.769996733808813	1.1820454867435009
3	0.8927497754912637	0.7145341245173373	1.2494151711708796
3	0.691435874405277	0.6641369789958826	1.0411043147313794
3	0.775221478603925	0.7255164524335369	1.0685098539167055
3	0.912341306431675	0.6515535335500959	1.4002553273875045
3	0.7294104991515258	0.7027792824546202	1.0378941402539499
3	0.8551601670492037	0.7207863480743978	1.1864266981939788
3	0.7859583068576843	0.6575822311891145	1.195224368268628
3	0.8304193348768942	0.7129225563711046	1.1648100168184718
3	0.6895396654468697	0.6669275445160604	1.0339049138347063
3	0.9035051324204882	0.7647235083718004	1.1814794792227228
3	0.8280769656330612	0.7455780479861038	1.1106509477710576
3	0.7558177478427762	0.7206401285888571	1.0488144052188757
3	0.8429645882051279	0.7488891741032457	1.1256199413144574
3	0.7928731722171787	0.7126917655642329	1.1125050274566688
3	0.764027073563323	0.7311586047416269	1.0449539519996636
3	0.8716316320142823	0.7575955851350222	1.150523642318924
3	0.8847606288549921	0.7016364253262789	1.260995861843341
3	0.8427566344119786	0.7195664065413279	1.1712006379825006
3	0.8469000007418831	0.6836910390226748	1.238717421179767
3	0.8341193186026544	0.7353706032896621	1.134284284510752
3	0.7893758975954173	0.703361103490287	1.1222910872925718
3	0.8983415009531331	0.7761564500408432	1.1574232242814708
3	0.8216108866032152	0.7335016048324754	1.1201214573904894
3	0.7581310247905361	0.7211957954072448	1.0512138723194229
3	0.8417820289018602	0.7429514806855939	1.1330242294221766
3	0.7961435652014334	0.6593087642375164	1.2075428211881347
3	0.6922240876006001	0.666620863518933	1.0384074748973708
3	0.859567163307743	0.7530538353445555	1.1414418504547592
3	0.8157497665800626	0.7437806991802131	1.096761138705499
3	0.8059969396631086	0.7185249813942294	1.1217382283621484
3	0.8594690499432843	0.7622582968125456	1.1275299377353247
3	0.7562427593878969	0.7212848667316252	1.0484661390646905
3	0.725908609736915	0.7178295486706278	1.0112548460581612
3	0.8075510315422243	0.716608767754969	1.1269064346954116
3	0.6290840950251768	0.6297124046908749	0.9990022275867243
3	0.7426811207204608	0.7247720762236999	1.024709898579527
3	0.8572539738527013	0.7111989281816737	1.2053645469411032
3	0.8028268274018637	0.7362982056087685	1.090355539761352
3	0.8960209719077641	0.7596851565057886	1.1794635767652208
3	0.8561898289343122	0.7418282251907299	1.1541618394395536
3	0.7780474651582555	0.7083040611645945	1.098465345347574
3	0.8233701325724947	0.7484262526676351	1.100135290067305
3	0.7143424302573844	0.6084768877517885	1.1739844924870522
3	0.822002309029212	0.700402257629695	1.1736145908653073
3	0.8773984535602368	0.7453849259961833	1.1771078579133079
3	0.8547506140043781	0.758950858441232	1.1262265593320548
3	0.6175568444129848	0.5770972730226361	1.0701087551123494
3	0.8424099629009933	0.7288288237733906	1.1558406246058643
3	0.8371538261007307	0.7273060667104945	1.1510337455138557
3	0.8873990910743152	0.7745196613039139	1.1457412063373154
3	0.8915903439476635	0.7779071369933269	1.1461398173999677
3	0.6813180382914507	0.6413207564179345	1.0623670471807571
3	0.7755944066472674	0.7385562826417251	1.0501493587909936
3	0.7716918994773332	0.7047743135383914	1.0949489569263318
3	0.8684506686354713	0.7238091179553134	1.1998338333851823
3	0.7314603628069761	0.6461151846277893	1.1320897267386651
3	0.7038451516082453	0.690660831859246	1.0190894273148623
3	0.7808382215103424	0.7127004794916296	1.0956050177871572
3	0.8189830874855548	0.7124796107898665	1.149482841449479
3	0.7910600827300792	0.7478982199022346	1.0577108778698348
3	0.7798077819131762	0.739295739723373	1.0547981545314489
3	0.855311153737734	0.7565368919421978	1.130561064301783
3	0.8283200755000687	0.6891325343903261	1.2019749963377966
3	0.8224843400743284	0.7393954628506729	1.1123740696261697
3	0.8534113476277667	0.590925542246585	1.4441943808745537
3	0.8775560949818342	0.7696498828009228	1.14020168727658
3	0.8760835532532703	0.7419637931717838	1.1807632142104194
3	0.8477317092616742	0.7274010167676455	1.1654255214389755
3	0.8836147580835251	0.7409230899712064	1.1925863426902568
3	0.8508940657070149	0.7158304487441836	1.1886810168522168
3	0.7041798285047823	0.6627256823711879	1.0625509878918142
3	0.846323139049808	0.74218975753312	1.1403056030614127
3	0.7264711645686985	0.6888859020543545	1.0545594885920289
3	0.8455723990458651	0.7273681325863003	1.1625095480046208
3	0.8420129990565577	0.7055507549244632	1.1934123706617028
3	0.7069982920564983	0.6911847771654486	1.0228788529688126
3	0.630620544074916	0.5635864521221687	1.1189419860969552
3	0.765262450039042	0.7302099297825032	1.0480033464718557
3	0.8680947324375567	0.7621730594955781	1.1389732576117026
3	0.8408581837795864	0.7638946478049742	1.1007515057158266
3	0.8791602270850095	0.7283934487725637	1.2069853573868725
3	0.7239921501157619	0.6979984536286594	1.037240335350272
3	0.7376842972712749	0.720843781789447	1.02336222619556
3	0.8177537427723831	0.7292676178731089	1.1213356012671203
3	0.8403138552675203	0.6548386952298694	1.2832379353705468
3	0.9059366822169578	0.7650535986367087	1.184147991501898
3	0.7892565913629703	0.7337281550615959	1.075679849435126
3	0.9004389946935472	0.7385718358305987	1.2191623766439894
3	0.7390319428904594	0.6899489509333996	1.0711400341875406
3	0.6666323913812136	0.6328052113934288	1.053455912465224
3	0.8100104389888496	0.7247386663462405	1.117658649389449
3	0.7029665732307532	0.6274610186434342	1.1203350524476587
3	0.6799757026587319	0.6543532726554685	1.0391568760698384
3	0.7836945577030414	0.6700947847132501	1.1695279169176096
3	0.8543140244555273	0.6762776700246795	1.2632592532951008
3	0.8138604285696355	0.6815122972371368	1.1941977156817865
3	0.759114412202976	0.7164734021883133	1.059515133268625
3	0.8481502380826363	0.7462012624243194	1.1366239656672474
3	0.665153245384132	0.6728583392875055	0.9885487130745344
3	0.798476546318789	0.7003857791643546	1.140052482606755
3	0.7940923288031388	0.7214107924225412	1.1007491669711906
3	0.8347118236629385	0.7642381062975835	1.092214346268038
3	0.8950648628542875	0.7675508840323758	1.1661309777301136
3	0.8900939482257992	0.6818522053330863	1.3054059827979678
3	0.6939626614577641	0.6418469283817607	1.0811965139529431
3	0.7054200651781606	0.5998971845409747	1.1759016100699475
3	0.7890562016597483	0.6388406916688912	1.2351376672616734
3	0.8522335179031767	0.7427645092221139	1.1473805052905772
3	0.9129308744855527	0.7784483572168706	1.1727571469859448
3	0.8474880416370837	0.7519642098505078	1.1270324179465485
3	0.8532944528670068	0.7725991787895474	1.104446492169312
3	0.8309014915368671	0.7436553534040117	1.1173206616929394
3	0.7248089928852945	0.7109763456820656	1.0194558472827373
4	0.8096367690572641	0.5931445428718138	1.364990673499692
4	0.7711924874601721	0.7381535604123878	1.0447588805631802
4	0.7488561970199925	0.6788733805450935	1.1030866999361606
4	0.7864456192521795	0.7354397749885895	1.0693542095467727
4	0.8373423777565158	0.747865097638616	1.1196436100580496
4	0.8501120006457381	0.7631978389685358	1.1138815615550839
4	0.8582133646091659	0.7672871773456382	1.1185034625211367
4	0.8274109974135445	0.7462014502886728	1.1088305940620395
4	0.8104607412035664	0.6784470715522665	1.1945821202371123
4	0.6799169699590234	0.619712760520131	1.0971485715226557
4	0.823005430115216	0.7131427421124424	1.1540542748529456
4	0.7823271180259574	0.6901705310995877	1.1335272701074977
4	0.7262379468945035	0.686030868903073	1.0586082635839982
4	0.7273368098285925	0.6991706731667903	1.0402850659256457
4	0.8553054165031142	0.7313987668072548	1.1694105258568375
4	0.8052318795513045	0.703733766223444	1.144227999563735
4	0.758849310346583	0.6859430607349346	1.1062861537421707
4	0.7642206686025425	0.7103998295697728	1.0757613343817443
4	0.7627841655933107	0.7264126085500344	1.0500701070096736
4	0.8027479727649988	0.6990858216938548	1.1482824395150442
4	0.793459428073343	0.5324039153305793	1.4903335704822336
4	0.8600285083013883	0.7311981692007222	1.1761907298557537
4	0.7521918290075241	0.6896161037403951	1.0907399420166175
4	0.8185070383664108	0.7563364199065665	1.082199688952602
4	0.8053955997251059	0.7453033908009	1.0806278485592706
4	0.84381101187967	0.7535269286211549	1.1198153374873037
4	0.8282051903962457	0.739963905546055	1.1192507961385945
4	0.9048073104804217	0.7810159977837325	1.1585003547276476
4	0.7919551559463613	0.704930168591159	1.1234519264924163
4	0.7045290166451477	0.6961304228413014	1.0120646843296501
4	0.8645850039253793	0.7532826133549418	1.1477564842160939
4	0.7774225130211139	0.7063752873491745	1.1005799989670637
4	0.9101711640059442	0.769996733808813	1.1820454867435009
4	0.8927497754912637	0.7145341245173373	1.2494151711708796
4	0.691435874405277	0.6641369789958826	1.0411043147313794
4	0.775221478603925	0.7255164524335369	1.0685098539167055
4	0.912341306431675	0.6515535335500959	1.4002553273875045
4	0.7294104991515258	0.7027792824546202	1.0378941402539499
4	0.8551601670492037	0.7207863480743978	1.1864266981939788
4	0.7859583068576843	0.6575822311891145	1.195224368268628
4	0.8304193348768942	0.7129225563711046	1.1648100168184718
4	0.6895396654468697	0.6669275445160604	1.0339049138347063
4	0.9035051324204882	0.7647235083718004	1.1814794792227228
4	0.8280769656330612	0.7455780479861038	1.1106509477710576
4	0.7558177478427762	0.7206401285888571	1.0488144052188757
4	0.8429645882051279	0.7488891741032457	1.1256199413144574
4	0.7928731722171787	0.7126917655642329	1.1125050274566688
4	0.764027073563323	0.7311586047416269	1.0449539519996636
4	0.8716316320142823	0.7575955851350222	1.150523642318924
4	0.8847606288549921	0.7016364253262789	1.260995861843341
4	0.8427566344119786	0.7195664065413279	1.1712006379825006
4	0.8469000007418831	0.6836910390226748	1.238717421179767
4	0.8341193186026544	0.7353706032896621	1.134284284510752
4	0.7893758975954173	0.703361103490287	1.1222910872925718
4	0.8983415009531331	0.7761564500408432	1.1574232242814708
4	0.8216108866032152	0.7335016048324754	1.1201214573904894
4	0.7581310247905361	0.7211957954072448	1.0512138723194229
4	0.8417820289018602	0.7429514806855939	1.1330242294221766
4	0.7961435652014334	0.6593087642375164	1.2075428211881347
4	0.6922240876006001	0.666620863518933	1.0384074748973708
4	0.859567163307743	0.7530538353445555	1.1414418504547592
4	0.8157497665800626	0.7437806991802131	1.096761138705499
4	0.8059969396631086	0.7185249813942294	1.1217382283621484
4	0.8594690499432843	0.7622582968125456	1.1275299377353247
4	0.7562427593878969	0.7212848667316252	1.0484661390646905
4	0.725908609736915	0.7178295486706278	1.0112548460581612
4	0.8075510315422243	0.716608767754969	1.1269064346954116
4	0.6290840950251768	0.6297124046908749	0.9990022275867243
4	0.7426811207204608	0.7247720762236999	1.024709898579527
4	0.8572539738527013	0.7111989281816737	1.2053645469411032
4	0.8028268274018637	0.7362982056087685	1.090355539761352
4	0.8960209719077641	0.7596851565057886	1.1794635767652208
4	0.8561898289343122	0.7418282251907299	1.1541618394395536
4	0.7780474651582555	0.7083040611645945	1.098465345347574
4	0.8233701325724947	0.7484262526676351	1.100135290067305
4	0.7143424302573844	0.6084768877517885	1.1739844924870522
4	0.822002309029212	0.700402257629695	1.1736145908653073
4	0.8773984535602368	0.7453849259961833	1.1771078579133079
4	0.8547506140043781	0.758950858441232	1.1262265593320548
4	0.6175568444129848	0.5770972730226361	1.0701087551123494
4	0.8424099629009933	0.7288288237733906	1.1558406246058643
4	0.8371538261007307	0.7273060667104945	1.1510337455138557
4	0.8873990910743152	0.7745196613039139	1.1457412063373154
4	0.8915903439476635	0.7779071369933269	1.1461398173999677
4	0.6813180382914507	0.6413207564179345	1.0623670471807571
4	0.7755944066472674	0.7385562826417251	1.0501493587909936
4	0.7716918994773332	0.7047743135383914	1.0949489569263318
4	0.8684506686354713	0.7238091179553134	1.1998338333851823
4	0.7314603628069761	0.6461151846277893	1.1320897267386651
4	0.7038451516082453	0.690660831859246	1.0190894273148623
4	0.7808382215103424	0.7127004794916296	1.0956050177871572
4	0.8189830874855548	0.7124796107898665	1.149482841449479
4	0.7910600827300792	0.7478982199022346	1.0577108778698348
4	0.7798077819131762	0.739295739723373	1.0547981545314489
4	0.855311153737734	0.7565368919421978	1.130561064301783
4	0.8283200755000687	0.6891325343903261	1.2019749963377966
4	0.8224843400743284	0.7393954628506729	1.1123740696261697
4	0.8534113476277667	0.590925542246585	1.4441943808745537
4	0.8775560949818342	0.7696498828009228	1.14020168727658
4	0.8760835532532703	0.7419637931717838	1.1807632142104194
4	0.8477317092616742	0.7274010167676455	1.1654255214389755
4	0.8836147580835251	0.7409230899712064	1.1925863426902568
4	0.8508940657070149	0.7158304487441836	1.1886810168522168
4	0.7041798285047823	0.6627256823711879	1.0625509878918142
4	0.846323139049808	0.74218975753312	1.1403056030614127
4	0.7264711645686985	0.6888859020543545	1.0545594885920289
4	0.8455723990458651	0.7273681325863003	1.1625095480046208
4	0.8420129990565577	0.7055507549244632	1.1934123706617028
4	0.7069982920564983	0.6911847771654486	1.0228788529688126
4	0.630620544074916	0.5635864521221687	1.1189419860969552
4	0.765262450039042	0.7302099297825032	1.0480033464718557
4	0.8680947324375567	0.7621730594955781	1.1389732576117026
4	0.8408581837795864	0.7638946478049742	1.1007515057158266
4	0.8791602270850095	0.7283934487725637	1.2069853573868725
4	0.7239921501157619	0.6979984536286594	1.037240335350272
4	0.7376842972712749	0.720843781789447	1.02336222619556
4	0.8177537427723831	0.7292676178731089	1.1213356012671203
4	0.8403138552675203	0.6548386952298694	1.2832379353705468
4	0.9059366822169578	0.7650535986367087	1.184147991501898
4	0.7892565913629703	0.7337281550615959	1.075679849435126
4	0.9004389946935472	0.7385718358305987	1.2191623766439894
4	0.7390319428904594	0.6899489509333996	1.0711400341875406
4	0.6666323913812136	0.6328052113934288	1.053455912465224
4	0.8100104389888496	0.7247386663462405	1.117658649389449
4	0.7029665732307532	0.6274610186434342	1.1203350524476587
4	0.6799757026587319	0.6543532726554685	1.0391568760698384
4	0.7836945577030414	0.6700947847132501	1.1695279169176096
4	0.8543140244555273	0.6762776700246795	1.2632592532951008
4	0.8138604285696355	0.6815122972371368	1.1941977156817865
4	0.759114412202976	0.7164734021883133	1.059515133268625
4	0.8481502380826363	0.7462012624243194	1.1366239656672474
4	0.665153245384132	0.6728583392875055	0.9885487130745344
4	0.798476546318789	0.7003857791643546	1.140052482606755
4	0.7940923288031388	0.7214107924225412	1.1007491669711906
4	0.8347118236629385	0.7642381062975835	1.092214346268038
4	0.8950648628542875	0.7675508840323758	1.1661309777301136
4	0.8900939482257992	0.6818522053330863	1.3054059827979678
4	0.6939626614577641	0.6418469283817607	1.0811965139529431
4	0.7054200651781606	0.5998971845409747	1.1759016100699475
4	0.7890562016597483	0.6388406916688912	1.2351376672616734
4	0.8522335179031767	0.7427645092221139	1.1473805052905772
4	0.9129308744855527	0.7784483572168706	1.1727571469859448
4	0.8474880416370837	0.7519642098505078	1.1270324179465485
4	0.8532944528670068	0.7725991787895474	1.104446492169312
4	0.8309014915368671	0.7436553534040117	1.1173206616929394
4	0.7248089928852945	0.7109763456820656	1.0194558472827373
5	0.8024436779688774	0.6863529903324516	1.1691413737123728
5	0.7581532660182632	0.734307747363562	1.0324734673443328
5	0.7200552996737108	0.7041803552316089	1.0225438615606943
5	0.7975749897662837	0.7455803709761327	1.069737107915111
5	0.8417812426408459	0.7507215313953025	1.121296256251367
5	0.8204836370852273	0.758635470829808	1.08152553977969
5	0.8333599277559036	0.7716977530510194	1.0799045668606573
5	0.8522569858290643	0.761752794919195	1.1188104481053722
5	0.7967361227295926	0.7249608391649243	1.0990057389132157
5	0.6618907398922266	0.6395886229374195	1.0348694710240167
5	0.7862221683657451	0.7224376882695006	1.0882906320253465
5	0.7635555533882716	0.7072151735307279	1.0796651174440557
5	0.7343395636108759	0.7108693690216615	1.0330161849870045
5	0.7349730065931681	0.7035359346844398	1.044684386907442
5	0.8110302830368173	0.7300901771201218	1.1108631624602427
5	0.7864942951882787	0.723265248365549	1.0874216574978768
5	0.7421015597838156	0.688383684884468	1.0780347879807222
5	0.7765838362680959	0.7331904069421478	1.0591843931877467
5	0.7664269496638049	0.719257812766771	1.0655802913222288
5	0.7920515183267952	0.7303342388258974	1.0845055266751782
5	0.7748165420151899	0.6344692550254039	1.2212042362622704
5	0.8305905611699671	0.7243482003123504	1.1466730514575771
5	0.7314505342801496	0.7141563504379018	1.024216243168101
5	0.8045246635793909	0.7539869990047391	1.0670272360682098
5	0.7902539042886193	0.7515915344623316	1.0514406669760399
5	0.8188858503084425	0.7515070018032148	1.0896583110251195
5	0.8197203539232326	0.7466382736689562	1.0978815081299722
5	0.849974285623581	0.7536903431462099	1.1277500015131452
5	0.7732415985563369	0.7205075463670259	1.073190145551159
5	0.7662476958794834	0.7318998938431255	1.046929644785165
5	0.8223782634955498	0.7565704900731144	1.0869816815298674
5	0.8058954802979704	0.7469278505931286	1.0789468884551783
5	0.8544899625114086	0.7513471613845881	1.1372771555252144
5	0.84172460136074	0.7388143381450377	1.139291101840392
5	0.7374686911021548	0.6988412950491524	1.0552734881677044
5	0.8156004779566326	0.7453429134645422	1.0942620681338682
5	0.8774301608377975	0.6947209298605407	1.2629965834107433
5	0.777484877389	0.7293571690337576	1.0659864746637115
5	0.7783677216410088	0.7140481691352745	1.090077329914068
5	0.8067223888363649	0.6945209823775584	1.1615522198835615
5	0.7889151544107786	0.7288371708683263	1.0824299115684184
5	0.7329252834693563	0.7219779629889366	1.0151629565466216
5	0.8566335795847875	0.7513659966479135	1.1401016061500078
5	0.8152045650049164	0.7563921158094876	1.0777539162111547
5	0.8089184604756745	0.7564753414295924	1.0693256160167426
5	0.8039877192902939	0.7499888364633024	1.0719995821292918
5	0.7791976904436261	0.7366075435770058	1.0578193194435672
5	0.7686401660996903	0.7473379983984673	1.0285040607420917
5	0.8445205650179595	0.763715149838302	1.1058056988875578
5	0.8109029559730875	0.7201909513224315	1.1259554906710345
5	0.8306359445303487	0.7572308945518842	1.096938794371173
5	0.8419067898446968	0.7059243307317189	1.1926303616310074
5	0.810431900988004	0.738534118512833	1.0973520121452882
5	0.8005074831216283	0.7400595178783551	1.081679870041492
5	0.8412488853871352	0.7482689862438103	1.1242599932012003
5	0.8215068131060168	0.750838401560943	1.0941193356628522
5	0.760144147353276	0.7331266392419503	1.0368524435822732
5	0.815086663796392	0.7553045842652741	1.0791496315215288
5	0.7605246652461913	0.7018278559817708	1.0836341971384293
5	0.7637626205206013	0.7194870568817937	1.0615376791219773
5	0.8576259266372912	0.7689867720085612	1.1152674634405064
5	0.8276369766907795	0.7587808160305112	1.090745784824243
5	0.7965820165978578	0.7429447403964065	1.07219551237799
5	0.8704456647255345	0.7792805175146965	1.1169863035991
5	0.7232286200791711	0.7203381330012038	1.0040126809140653
5	0.7196577935991393	0.7174260859613801	1.0031107143738278
5	0.8340995277547524	0.7522044217543782	1.108873470604399
5	0.7125799973740754	0.6829902251652755	1.0433238589932081
5	0.7515893019467711	0.7308009855821337	1.0284459336738279
5	0.8332299134359561	0.7478587522890553	1.1141541245396884
5	0.7915818951291047	0.747741553179208	1.0586303406083275
5	0.8393743007340267	0.7462449774084079	1.1247972531072068
5	0.8306949226586122	0.7546672349643245	1.1007433265575413
5	0.7891219628998669	0.7296203951552754	1.0815514041817986
5	0.8287137432712184	0.7409480489176092	1.1184505370947653
5	0.7586355584676973	0.7076643996036827	1.0720273040336072
5	0.7880017318293128	0.717954510239243	1.0975649857909913
5	0.8526115477199177	0.7615199946440533	1.1196180713789952
5	0.8336113711060719	0.7703000517926913	1.0821904648273597
5	0.7175716384013292	0.672546936394396	1.0669465572890957
5	0.8339204578770072	0.7525425219922955	1.108137325807544
5	0.7740439504390728	0.7291072360551007	1.061632517360692
5	0.8664382927019991	0.7750926470142535	1.1178512608003954
5	0.8492819641625406	0.7746161372664645	1.096390745433685
5	0.774756194844467	0.7151691132102869	1.083318868968911
5	0.786396072958923	0.7562153593541829	1.039910209745693
5	0.7658002325223598	0.728223221595325	1.0516009512093207
5	0.8456115582569972	0.7558563890670028	1.1187463260061667
5	0.8141225143907398	0.7191560474366003	1.1320526571286484
5	0.7814256344416306	0.735143578812486	1.0629564849140167
5	0.797126346511634	0.7484334716225156	1.0650597237234167
5	0.8082292407657199	0.7376289672599892	1.0957124470965178
5	0.7483629630309178	0.7349902138704114	1.0181944587943372
5	0.7817039142459459	0.7549051860625999	1.035499462287604
5	0.8310360698156071	0.7617715842272097	1.0909255307267254
5	0.808258260498316	0.730400962535612	1.10659528390053
5	0.7901530376754542	0.7412949680381583	1.0659090803848286
5	0.8139878553254668	0.6512713345101441	1.2498444383978768
5	0.8628887879236921	0.7727668320494214	1.1166224430663803
5	0.8389901145390116	0.7552776385276833	1.1108366933443377
5	0.8177827408640397	0.7369654168821445	1.1096623018265992
5	0.8379810314299181	0.7450353254235831	1.1247534215286927
5	0.8314595952718851	0.7414657714260039	1.1213728634739308
5	0.7590996435409307	0.6832981553771044	1.11093471798119
5	0.814480231501121	0.756398545154901	1.0767871470909898
5	0.8025993789821522	0.7402680190539954	1.0842010708605396
5	0.8121337203032916	0.7367258658617596	1.1023553779441777
5	0.8107566190811845	0.7409489422741603	1.0942138827984107
5	0.7280243727745681	0.7184708930322063	1.0132969614148775
5	0.6832826219249034	0.6630491923095085	1.0305157292250346
5	0.8002239061000151	0.7482618636377574	1.0694436600171477
5	0.8136015290246423	0.7504586792322202	1.0841390093016479
5	0.793035000222171	0.7442793857854395	1.0655071406892178
5	0.8182423916734614	0.728263038221879	1.1235533711435846
5	0.6871042880838824	0.706073787924726	0.973133827986168
5	0.7437967281569844	0.7303876267223024	1.0183588836175346
5	0.7946541828018876	0.7418677202755184	1.0711534699296057
5	0.8128638708344889	0.692251311566484	1.1742323304452436
5	0.8419147049210665	0.7603926894216664	1.1072104146101187
5	0.8151042680744223	0.7561713673007799	1.0779359062271936
5	0.8435232061452191	0.7456833769907036	1.1312082744144842
5	0.7722895040179132	0.7394029774545435	1.0444771356974842
5	0.68407034611845	0.6656473516417023	1.0276768087956942
5	0.7523802673239883	0.7160047391757746	1.0508034739966767
5	0.7203284619259304	0.6616319536720886	1.08871474227941
5	0.7365189808459058	0.6934294605002923	1.0621397312922436
5	0.8133670451975558	0.7071960696112162	1.1501294763200642
5	0.7481632270783258	0.6897068934060988	1.0847553275617443
5	0.8195283282796328	0.7310566779298593	1.1210188662803815
5	0.7919580546910655	0.7208468258051771	1.0986495692846507
5	0.8048437746103074	0.734044257650918	1.0964512918961609
5	0.7192104896118489	0.7048059241396916	1.0204376339341075
5	0.7444277766394946	0.7073142614551202	1.0524710403944388
5	0.7833957893717631	0.7473772164098108	1.0481932980710535
5	0.7904052879599572	0.7483862272247701	1.0561462239771646
5	0.8722158872309465	0.7535110801635799	1.1575355826772937
5	0.80520392538352	0.6521500414519366	1.2346912124559968
5	0.7639606221290656	0.7014901260971729	1.089053991934933
5	0.748870519832766	0.6956339023192328	1.0765296477587465
5	0.8143466374379422	0.7070142591944464	1.151810768803712
5	0.840594163326504	0.7385185031465216	1.1382167944947625
5	0.865811651266535	0.7612053488186434	1.1374219224946802
5	0.79958724515274	0.749580071692159	1.0667135845109796
5	0.8227814398085954	0.7736020887402971	1.0635718954021698
5	0.7552697659520801	0.7328455747845618	1.0305987945333646
5	0.7267037564470769	0.7232960366365813	1.004711376307745
6	0.6232217462821998	0.5033057525014136	1.2382567518547276
6	0.5970988706156006	0.5321922780771107	1.1219607935181004
6	0.5849993390271166	0.502940638007454	1.163157825831617
6	0.6206121235536621	0.5527878091630569	1.1226950255891026
6	0.6482726124996365	0.5620463649653077	1.1534148300018827
6	0.6727578975961845	0.5724980882562181	1.1751268893235078
6	0.6573697324545744	0.5803790687416788	1.1326558242009301
6	0.6290161566381443	0.5662722006101875	1.11080175922524
6	0.5943475259383624	0.49945030167671556	1.190003337555439
6	0.5550358662391253	0.47174305787398324	1.1765639302473678
6	0.6253653182913347	0.5160848467505501	1.2117490413230547
6	0.5875277634807243	0.5303709283420754	1.1077676623741795
6	0.5820895304960441	0.5244431416832427	1.1099192347673394
6	0.6067679759955613	0.5269925471808613	1.151378666057912
6	0.6281554669443631	0.5060684968931012	1.2412459396322606
6	0.6203124183205807	0.5086822198223805	1.2194497746297852
6	0.5989760326988474	0.5492517055779885	1.0905310381667963
6	0.6032023739109015	0.5283606055129358	1.1416490321516473
6	0.5703234112617149	0.5023733165994696	1.1352581684118792
6	0.5649392674810428	0.5175168857775545	1.0916344625784289
6	0.6690045358257116	0.47157094881548567	1.418672073642681
6	0.5941534129819912	0.5235663066923094	1.134819802931216
6	0.5742336748814838	0.5210874668524508	1.101990954321075
6	0.5959840270047465	0.5427864775146742	1.0980082439298315
6	0.6109845708250308	0.5594903738577063	1.0920376817428872
6	0.6569468654572356	0.5439194920426811	1.2078016601134884
6	0.650915625290207	0.5666040543725894	1.1488015665736406
6	0.6766101815672302	0.5637631566710358	1.2001674347833309
6	0.6250271172415717	0.5210813812109976	1.1994808100588883
6	0.5930438455927929	0.5255132681864453	1.1285040388026675
6	0.6385563743513657	0.554738665069892	1.1510940458259087
6	0.6256490837836532	0.5429226235484583	1.1523724682801162
6	0.7056563874867272	0.5689395795657471	1.2403011019646963
6	0.6324846252793751	0.5329862637400911	1.1866809115137047
6	0.5991890351108495	0.5383939232234637	1.112919387208894
6	0.6031487403909249	0.5391013017332836	1.1188040883071886
6	0.702669404882392	0.48308553284162464	1.4545445001201394
6	0.6094886640336068	0.5421167042651301	1.1242757495543385
6	0.59302975457966	0.5183307188714679	1.1441146221679281
6	0.7011358884263312	0.518532259949686	1.3521548080622092
6	0.581334392021563	0.5093072399130548	1.1414218107734029
6	0.5477668197490492	0.5391042928291817	1.0160683693954784
6	0.6258978899634892	0.48413959008205726	1.2928046017831452
6	0.6501508663264384	0.562640080270494	1.155535997389082
6	0.6024721295334462	0.5483985672500578	1.098602668775267
6	0.5901889139331491	0.5503727088527766	1.07234407600509
6	0.5769291596545614	0.5138273458701855	1.1228074260576977
6	0.5567324997559838	0.5405543888942715	1.0299287383362206
6	0.6238185371485093	0.5532280912215759	1.1275973636318133
6	0.5907298309415374	0.5165615628580955	1.1435806947638043
6	0.5869652136042044	0.5347880817753059	1.0975659959655215
6	0.6886946173813623	0.5154585078938311	1.3360815794764467
6	0.634911434781069	0.5445683065976775	1.1658986156352582
6	0.5935264188822937	0.5388770935184108	1.1014133389991938
6	0.6758662485498241	0.5705301493366225	1.1846284536157818
6	0.6485655217288402	0.5438808913288773	1.1924771251738306
6	0.5608325113842557	0.5324136192176652	1.053377470336596
6	0.6108963019021868	0.5599266883890611	1.091029083931984
6	0.6169068215580762	0.5018351855433801	1.2293016498835132
6	0.5964071261781019	0.5446653098863798	1.0949974513752596
6	0.6725779702572933	0.5599487723926672	1.20114196765422
6	0.6552908462755322	0.5632798187281723	1.1633487025242824
6	0.6096437640937882	0.5335032444534066	1.1427180067450018
6	0.6871838624450948	0.5766248906665874	1.1917346503212851
6	0.4937529772578955	0.5017678064857279	0.9840268165389754
6	0.5562000252430327	0.5291860366467251	1.0510481885869214
6	0.6092823203634129	0.5285838651555415	1.1526691609932609
6	0.4965893678659379	0.48991447231631374	1.0136246139414198
6	0.5693963925246607	0.5470971878677443	1.0407591286364042
6	0.6174145398508563	0.5336984195545661	1.15686034889547
6	0.6254378201278399	0.5604335664693908	1.115989222537047
6	0.6641952898132185	0.5506034534150311	1.2063042570722213
6	0.6767196014749306	0.5649909652837917	1.197752960766405
6	0.6329992027003903	0.5443605907643398	1.1628306924489014
6	0.6447953858358819	0.544764627326585	1.1836219781746744
6	0.6230103238116941	0.5470490221950777	1.1388564800130994
6	0.5985163485136905	0.5106400737112821	1.1720904396784457
6	0.6414942128865239	0.5556446127088145	1.1545045128021405
6	0.5982771158780048	0.5552310635413195	1.0775281772999754
6	0.6101514078827858	0.4801069774588752	1.2708655289956703
6	0.6081539737094065	0.5199905657643668	1.1695480913493936
6	0.5973908402997059	0.534306090928095	1.1180685574106635
6	0.7061263592998938	0.5783825577556403	1.2208638553001172
6	0.6654179387939682	0.5771903163095141	1.1528570732935557
6	0.6137564819314765	0.5301235783782309	1.1577611465784974
6	0.6021535803308569	0.5579455961797211	1.0792335031476723
6	0.5873945482035976	0.5452965965281343	1.0772019336696725
6	0.6597791268387198	0.5476082026648664	1.2048379181100421
6	0.5637020743441103	0.4938105521484665	1.1415350925401664
6	0.6168249583217736	0.5403929485952197	1.141437836902282
6	0.6005305798080446	0.5500750111483784	1.0917248877645456
6	0.6179332497632956	0.5527323777587182	1.1179610144586811
6	0.591815079926052	0.5383319312967887	1.0993497608444434
6	0.5675345984545646	0.5475373271474765	1.0365222064608244
6	0.6910300856306616	0.5494361082748607	1.2577078121064573
6	0.6286621612109704	0.5286845029763956	1.189106466468601
6	0.5773690942040487	0.5314327061187295	1.0864387674232763
6	0.6631524421467653	0.5006650104686459	1.324543214086448
6	0.6941280873774515	0.5653373852369136	1.2278121092001835
6	0.677040955212416	0.5496074629128884	1.2318627400438438
6	0.6319136772346117	0.5251514285801159	1.203298025758314
6	0.6496704515883802	0.5282964565159962	1.2297459950286624
6	0.6816218423975453	0.5525013984656036	1.2337015694268512
6	0.5583276129037132	0.4965788946973471	1.1243482533505587
6	0.6087206967974401	0.5427174530222904	1.1216162174398303
6	0.6430990702714066	0.540521310730243	1.189775606446638
6	0.7107268063957315	0.5673156314363885	1.2527890419593053
6	0.5784542854043139	0.5296198820879494	1.0922065144606012
6	0.49440373436695484	0.5119196161038395	0.9657839215652723
6	0.5148035953720377	0.44376966219309166	1.160069376594829
6	0.6102827365002252	0.5446590535094096	1.1204858022059518
6	0.6787155355839136	0.5799109807094349	1.1703788308226308
6	0.6188943099918222	0.546211521492777	1.1330671097900054
6	0.6214012966766462	0.5350206866842502	1.1614528412494352
6	0.5112571993888169	0.5077047171954181	1.0069971423803639
6	0.5331839398966011	0.5235915281824667	1.0183204104685046
6	0.641681107742021	0.5489929006291238	1.16883316160679
6	0.6202434401477707	0.49505931299233447	1.2528669269925936
6	0.6777724526352735	0.556258111426997	1.2184495627336556
6	0.6565083447195021	0.5605687137216895	1.1711469595954738
6	0.6690070532274014	0.5506035677177139	1.2150430771825131
6	0.5917862451640061	0.5285096495648964	1.1197264716948936
6	0.5217818384567299	0.45241329133253066	1.1533300379391644
6	0.607702361505571	0.5451773985674625	1.114687371674619
6	0.585851987579933	0.47478230429917245	1.2339381275903085
6	0.5786480943732671	0.49575566354845585	1.1672042034406518
6	0.6369492718404418	0.5439518510155654	1.170966273303876
6	0.5641142088728295	0.47603567010608905	1.1850250817278278
6	0.648457544986233	0.5385945115809265	1.2039809746349392
6	0.6071524093771586	0.5423533786826968	1.1194775090216085
6	0.6334450575996895	0.5352358874508665	1.1834876405925572
6	0.5106077239725314	0.49275518190683787	1.0362300442921955
6	0.5979802867180414	0.5300875874673807	1.1280782664144884
6	0.5676782078116928	0.5353231422164837	1.060440251959301
6	0.5874174471407885	0.534473382893391	1.0990583739844684
6	0.7023850776597598	0.5529246329166908	1.2703088917465324
6	0.7010568266035306	0.4431967526810518	1.5818185091894137
6	0.6028952279579152	0.5294769316184299	1.1386619358752244
6	0.5700988976264263	0.46698311255724123	1.2208126638766739
6	0.5650594058152916	0.4947617846426354	1.1420837731504099
6	0.610334285344192	0.5161904376900434	1.1823820062910175
6	0.662989369898926	0.5439040195961308	1.2189455234973636
6	0.6287233885288664	0.5538007347424085	1.135288108314459
6	0.6237156193697497	0.5677271058339912	1.0986187077566278
6	0.5554459727176466	0.5297937796471076	1.0484192039544629
6	0.568810389570449	0.5258436847048041	1.0817100330676508
7	0.3902129233754354	0.21605367111192214	1.8060925387992766
7	0.3532845781301207	0.19948247614924025	1.7710055787848522
7	0.26990519042777955	0.1724274027636738	1.565326543819182
7	0.35934258145139086	0.23353028522444452	1.5387408151624913
7	0.32593656368373447	0.2264736295146779	1.4391810842710513
7	0.30058716612444447	0.1913296045611429	1.5710436804273344
7	0.3395638137783171	0.2295870569452562	1.4790198467472158
7	0.3326062526264807	0.20549263239027854	1.618579940105997
7	0.35658704018600257	0.18898341763873722	1.886869465275828
7	0.3594640313059296	0.1989985626855761	1.8063649629163094
7	0.3619890032445573	0.1916366596980099	1.8889340057116248
7	0.24834132853491814	0.21310730694122523	1.1653346480672782
7	0.34766002984981714	0.20887462602047016	1.6644435778223523
7	0.2549046067870543	0.1899382474517526	1.3420393744119608
7	0.32381723078821684	0.19560854286252996	1.655435013468658
7	0.31834437496867746	0.2121867032928767	1.5003031294061515
7	0.3190110699967164	0.21721826232674646	1.4686199336078385
7	0.3308118294373534	0.2075056319691521	1.5942306061675091
7	0.3626658633381582	0.19177074112653295	1.8911428365334748
7	0.2230188755719679	0.16929183247407328	1.3173634682353788
7	0.5325052720454736	0.20895590213079876	2.5484098157330095
7	0.3323804918387239	0.19860524773462837	1.673573561776388
7	0.26080038180880044	0.19477141977897805	1.3390074483450933
7	0.30697543677810246	0.1955807507927502	1.5695585354582935
7	0.3658928265516678	0.2098532512933189	1.7435652023339263
7	0.293903201060835	0.20223607108103694	1.4532679530896673
7	0.36331337545207454	0.22508021423843136	1.614150655939977
7	0.4641817222141963	0.22216045319333516	2.0893985204929435
7	0.4421166007421329	0.18376962008069853	2.4058198550336383
7	0.4040320706731434	0.2024970929978885	1.995248745014608
7	0.28207679593455276	0.2108608424130941	1.3377391112852552
7	0.3841873906024961	0.21188799528058477	1.8131626102448621
7	0.4006945295100732	0.18267008497514642	2.1935421421881456
7	0.3258282354938233	0.19846314777212326	1.6417568659544868
7	0.30635807432326345	0.2057681951754796	1.4888504710944301
7	0.3513102562274225	0.21233000142058808	1.6545483628172695
7	0.40923073307190344	0.13858187352839807	2.952988891350529
7	0.37599821005059797	0.22134791448670743	1.698675187080553
7	0.24751862175489672	0.17329803995005147	1.428282869363308
7	0.519732699967104	0.18448903985190343	2.817146755082653
7	0.26159631061156147	0.1752552958166365	1.4926585207745193
7	0.2354519752175097	0.1851526952176385	1.2716637742742374
7	0.3228251857845367	0.17395516160568275	1.8557953831591891
7	0.3670743093645026	0.22270053935428405	1.648286575456115
7	0.3405042524327767	0.23275027911774246	1.4629595879475799
7	0.2330906513379328	0.20776746664221463	1.1218823384862553
7	0.37032247403943525	0.1962249809241851	1.8872340937187588
7	0.2519071807389402	0.20741495028694118	1.2145083099865643
7	0.29821684297714607	0.20477644871543205	1.4563043985178374
7	0.31184476864178984	0.1870405835062998	1.6672572486456474
7	0.28238651526747927	0.19995092342914278	1.4122791254202407
7	0.4828055493584363	0.21219467884521848	2.2752952712382104
7	0.3626014693582218	0.19805235245792005	1.830836467520694
7	0.3006856025938764	0.21557675041857507	1.3947960622379247
7	0.3631157795285243	0.21599846443051204	1.6811035230546314
7	0.34735972043667634	0.19995289250876785	1.7372077796846312
7	0.2514975816549937	0.20061495456987488	1.2536332707310522
7	0.2627540692263602	0.2064021872633157	1.2730197906825187
7	0.39037337405139017	0.2142648054443081	1.821920185360803
7	0.3350413157528294	0.22521150846836413	1.4876740448630017
7	0.4598618449536952	0.2114138077696363	2.1751741279584555
7	0.35271110980848264	0.22606754569464732	1.5602023223841894
7	0.39220955579949646	0.1945109419742856	2.016388136413152
7	0.3346678746948181	0.18129457072695682	1.8459895040036967
7	0.3365159013655914	0.1964068754495141	1.7133611060988136
7	0.27534653499698153	0.1936100578195332	1.4221706149875546
7	0.23847321741580352	0.17301206324171742	1.3783617913545685
7	0.4274155989966603	0.20043689607815962	2.1324197658199178
7	0.3100630121911917	0.21010998982200368	1.4757176108278527
7	0.2799267779065745	0.1941453517207624	1.4418412566950911
7	0.33328377686816435	0.21972993194934123	1.516788240507001
7	0.34736468874280335	0.19532628514436937	1.7783816882917705
7	0.368334076547664	0.21500968545742072	1.7131045783544794
7	0.30689948640512876	0.22582812079455525	1.3589958829101152
7	0.3007117699816989	0.2034590874130419	1.4779962586346638
7	0.32233433489492336	0.21286557977322884	1.5142623586129538
7	0.30258343534869886	0.19141568978140322	1.5807661101043977
7	0.4213510305295003	0.22040556511158668	1.9117077661636137
7	0.29180214667693016	0.2098929468683683	1.390242745316879
7	0.35088067250031363	0.23246005731268277	1.5094234964776891
7	0.31687703433777104	0.20148057061303545	1.5727423908599434
7	0.3202568843252343	0.21497709988161234	1.4897255777550233
7	0.37329023834872127	0.180766344546369	2.0650428003370247
7	0.3350260404364601	0.21642223059450325	1.5480204575849577
7	0.37621299997725377	0.228083611458578	1.649452135431385
7	0.29467067039125644	0.22515494547765505	1.308746160410233
7	0.3139973231062532	0.21863905448665424	1.4361447173447215
7	0.39478582506400794	0.2039230663546472	1.9359547309740186
7	0.2855483043588608	0.18082673431143986	1.579126590137152
7	0.34812333719366445	0.20121586437499536	1.7300988581341947
7	0.27490764283622926	0.2047249639620424	1.3428144644206619
7	0.31868722182094206	0.22996593518663563	1.3858018647948969
7	0.22782800392149616	0.19740456696299413	1.1541171890121735
7	0.36354355779960174	0.2067274563943512	1.75856446037874
7	0.29837750893273024	0.18884300102430662	1.5800294811790512
7	0.298657025301457	0.17599938436604265	1.6969208521792984
7	0.2804668462738039	0.20592770454441064	1.361967525905763
7	0.4749684098643395	0.2145274460896884	2.214021648613518
7	0.3720914273820731	0.21517191441905523	1.7292750700605442
7	0.34862398634265046	0.2105281177595082	1.6559497612613097
7	0.41181568141670544	0.20318045615375296	2.026846918313205
7	0.3912679247888483	0.20156174881859618	1.9411814348812089
7	0.41684211467985366	0.2195673391296251	1.89847049352711
7	0.4355320452342243	0.198706335074657	2.191837744229887
7	0.26965911052537506	0.19503482130180527	1.3826203378733737
7	0.3061488645317624	0.18007034653692297	1.7001625776789813
7	0.42602968197433383	0.20853573865716316	2.042957647057011
7	0.2622907201267138	0.1934258222553268	1.3560274273022535
7	0.30203167747672843	0.21433781950586647	1.4091385186852745
7	0.2913515828438051	0.19289061660559473	1.5104497459279445
7	0.2882080568377409	0.19944592217799129	1.4450436172895815
7	0.3909119730771682	0.24790415040775104	1.5768673998970928
7	0.3019476652268553	0.2032477176868644	1.485614050988036
7	0.26837001332012933	0.17692664019866208	1.5168434387200822
7	0.2821955166234984	0.21170197418360592	1.3329848137304308
7	0.22009490268747509	0.18700316066297526	1.1769581963597884
7	0.37149986812740055	0.21910206464031454	1.6955562182276442
7	0.34059285936445755	0.15568571080450425	2.1876950530941315
7	0.344722106627279	0.21480072454653976	1.6048461072699494
7	0.4354734576162569	0.23147963261475005	1.8812603627249243
7	0.34722532497852543	0.21024382035858222	1.6515364132287638
7	0.3644736510719576	0.23234452862005703	1.5686775722098696
7	0.30431563508583237	0.18815402175443793	1.6173751283562694
7	0.2848329788505917	0.1978173948570254	1.4398783234227595
7	0.38296519306085236	0.20027748222625089	1.912172995205829
7	0.38575205854873584	0.19316526929875732	1.9970052584976645
7	0.38007029258438496	0.20851936656614697	1.822709798342967
7	0.25946755137957583	0.1696186635960076	1.5297110935714449
7	0.3024306767444491	0.20609819748036554	1.4674105860302875
7	0.3287162636197595	0.22250563364187073	1.4773390598677507
7	0.3965295110307977	0.21200484944970355	1.8703794373574985
7	0.2899745319505193	0.20004986706486189	1.4495112453961356
7	0.32460477198278415	0.19124839447167644	1.6972941021518357
7	0.2896624900862916	0.21079411047485802	1.3741488765211038
7	0.37021107382697416	0.19513851481882777	1.8971707054893228
7	0.3484898151507939	0.21162412145294263	1.6467395718322457
7	0.40920483614330294	0.19502803064849414	2.098184731613412
7	0.32777040041107136	0.2200688323285531	1.4893994617180708
7	0.3893652903834003	0.20787130508859702	1.8731074508694143
7	0.343465162212123	0.18672580015739673	1.839409240301051
7	0.2870871144930677	0.1853847705886919	1.5486013957965294
7	0.27534903531642146	0.20049505878453971	1.3733457422126445
7	0.32439472313741247	0.2126694707256479	1.5253469246457785
7	0.3083804809475774	0.21328395871090858	1.4458681412865442
7	0.27830305237002956	0.19966911621453948	1.3938212260678307
7	0.38598418867770234	0.2260561754835492	1.7074702243902715
8	0.4613385595235681	0.42665772996740997	1.0812848968160198
8	0.44488312153038256	0.41880381520970456	1.0622709377841257
8	0.41962710294050626	0.4012177377859748	1.0458837270159569
8	0.44194137791613636	0.4197106777955828	1.0529667251672374
8	0.42010551852560435	0.413127606474256	1.0168904521072792
8	0.44969983364315824	0.42077169874166204	1.0687501915837192
8	0.41901062294821595	0.4086184995583781	1.0254323370113427
8	0.45080909482662185	0.4151232649848936	1.0859644179254249
8	0.4232075198590882	0.4139298428392576	1.0224136461294806
8	0.44403713428739094	0.419483048023054	1.0585341562193176
8	0.4315825468540397	0.4156581758033778	1.0383112181539158
8	0.4203983600329437	0.41341522061651065	1.0168913457177975
8	0.4544749698429843	0.4240422414715619	1.0717681527807492
8	0.4390753417209202	0.4175681637337209	1.051505789605441
8	0.424186411598262	0.4081922055278797	1.0391830266570092
8	0.4095085616384632	0.40644124039838725	1.0075467765944948
8	0.4492929475979537	0.4219149810685347	1.0648897710626013
8	0.4493868119330494	0.4194660180684086	1.0713306741805273
8	0.4368434405718144	0.41422666942757536	1.0545999879136063
8	0.42006459290854625	0.4088897501913348	1.027329720815898
8	0.4984371471798289	0.4271127610977065	1.1669919341646788
8	0.4318981886806199	0.4150449618048817	1.0406057859429243
8	0.41465613786535976	0.4132126290214785	1.0034933802659896
8	0.45822188341917974	0.4240613809879374	1.080555560970109
8	0.4317974097481761	0.4116887097991507	1.048844428983335
8	0.4355377172473459	0.41529479262637814	1.0487435069747657
8	0.43737421325005643	0.42076153223264356	1.0394824140155179
8	0.4738657849503234	0.4292568765870429	1.1039212434241221
8	0.45679850620907897	0.4184908333002758	1.0915376630993412
8	0.4655147866675707	0.41271514612084176	1.127932403361008
8	0.4286186897929342	0.4179659847946295	1.0254870142208798
8	0.44675954835937565	0.41595418814295515	1.0740595024513453
8	0.5192238217773364	0.41995446636479544	1.2363812350225374
8	0.46462089707130855	0.4233612625956523	1.0974572737776975
8	0.43964449095079966	0.41638096324852714	1.055870776417766
8	0.45399001146826184	0.42277747414618794	1.0738273423509817
8	0.47685677092483514	0.41700484110013025	1.14352814146427
8	0.46251832687116246	0.4176677847335093	1.1073832930788996
8	0.44405817730928476	0.4209002550430903	1.0550199767966966
8	0.48922310522113294	0.4177342452090842	1.1711347844519358
8	0.43671553600145907	0.41641192779046293	1.0487584693328305
8	0.4205765902771317	0.4161903029694213	1.0105391386498321
8	0.4551092833553634	0.41686849867145653	1.0917334478517295
8	0.46129623665142094	0.41966913695008196	1.0991902811911813
8	0.4616882778382088	0.42305768098396884	1.0913128365011386
8	0.42491936127914	0.41031003541602956	1.035605577739032
8	0.4176350593413791	0.3940359296497713	1.0598908066900987
8	0.42070342434212094	0.4140753674099901	1.016006885349372
8	0.4494484797212257	0.4230956878466711	1.0622856545966612
8	0.4542353520303101	0.41978685322225046	1.0820618810323281
8	0.4471389767333017	0.42288967145756134	1.0573419189741877
8	0.44120273189951476	0.39681138533055366	1.1118701433729832
8	0.4316387220535698	0.40278949418257526	1.0716235857381073
8	0.45026325584903726	0.42065612091777776	1.0703832262482318
8	0.45207617995625177	0.41641037889669513	1.0856506054293251
8	0.44462869114401915	0.409434978154523	1.0859567815825786
8	0.44625621553726474	0.4242104292649827	1.0519689869729987
8	0.45257515278093585	0.42541410643136673	1.0638461347166237
8	0.452156516284482	0.40832493778256546	1.1073448482964248
8	0.4502540696911163	0.4230408318569564	1.06432768608814
8	0.470680225540325	0.41898997267465743	1.1233687110354897
8	0.45578167672753434	0.41768234441383423	1.0912160468912513
8	0.49096209702359894	0.4159044432480358	1.1804685066343483
8	0.4342830185828602	0.4070723816988378	1.066844713882244
8	0.4830420888472453	0.42782735951113143	1.12905843469012
8	0.43202381751508573	0.4187323713335631	1.031742103289489
8	0.4273780003135424	0.4143305602313978	1.0314904120875317
8	0.44459956411674934	0.4148654514349071	1.071671701220239
8	0.42416160174365203	0.41073715531607763	1.0326837887778713
8	0.4313651802507251	0.41934379671174843	1.0286671309632847
8	0.41527482239971053	0.40600493249464414	1.0228319637599197
8	0.4527344745415114	0.40979172887285037	1.104791635953163
8	0.46265759348313973	0.4214512672309086	1.0977724578288066
8	0.4418606024005289	0.4175543903066175	1.0582108885888204
8	0.4729775740435954	0.4183969165784238	1.1304518635355216
8	0.4505566064757501	0.41971080664975474	1.0734929845438455
8	0.4445808431555632	0.4186281550682514	1.061994607321814
8	0.45940287462312135	0.41044249814575917	1.1192868104510343
8	0.4456446359197409	0.4120751137196691	1.081464570614446
8	0.43152008353690585	0.416429459581071	1.036238127751615
8	0.4483947063032204	0.4195483726074265	1.0687556801055347
8	0.43361400307097264	0.4195192614143345	1.0335973647768169
8	0.4501086923070341	0.41311244730665253	1.08955490264596
8	0.45258629256190536	0.4272608823967793	1.0592738797501415
8	0.4372485533656511	0.42013651449006867	1.0407297111424647
8	0.44116933202377207	0.42020761467781137	1.049884192036912
8	0.4624447605511305	0.4294012364455902	1.0769525592871163
8	0.438635023027627	0.4146608950354027	1.0578162259312576
8	0.42979023200409133	0.4157080343737907	1.0338752116049756
8	0.45196153242033876	0.41928596834684484	1.0779314514204392
8	0.4300354604541357	0.41306961878271425	1.041072596240359
8	0.43378768256159617	0.4180727534424879	1.0375889817973276
8	0.41216525022415434	0.4101162256632322	1.0049962045700789
8	0.44257558318165346	0.41533159526628044	1.065595751023724
8	0.4430303271194136	0.41327051528413866	1.0720104888557414
8	0.44891756230198804	0.41334287892597715	1.0860657947427268
8	0.41261869676545404	0.4114782139746764	1.002771672356019
8	0.4373959822559158	0.4066432804153568	1.075625746991681
8	0.4466748662343686	0.40992452951406677	1.089651470147118
8	0.4543366199103918	0.4151806549490531	1.0943106681262487
8	0.4530023088126667	0.4075085256850857	1.1116388498893337
8	0.4476009113141542	0.42368575069610626	1.0564455155236065
8	0.4848914614691836	0.4234174341809601	1.1451853946617387
8	0.433680108607843	0.40820880015657995	1.062397744589271
8	0.45982007691081	0.4222821835708804	1.0888929128444484
8	0.44856114227841715	0.41795063738022536	1.0732395219925082
8	0.4705412825710549	0.41767810912917985	1.1265643860342354
8	0.43919053224600696	0.4173147221370562	1.0524204130564228
8	0.42229424681800687	0.4076625251306081	1.0358917506158092
8	0.420533612278345	0.40823988120092647	1.0301139884747512
8	0.41375631059929807	0.4038277426789478	1.0245861461980925
8	0.44810057134847414	0.42322272437984015	1.0587819262424725
8	0.4576898479391871	0.4204502302543845	1.088570810538673
8	0.45782993511027364	0.42407641308102867	1.079593019059977
8	0.4333389789203331	0.417973858645896	1.0367609599418854
8	0.43297800249801144	0.42113024952968686	1.0281332271466037
8	0.4600496056644202	0.4266604502717339	1.0782569731303224
8	0.4517385082659818	0.4172304880981763	1.0827073312046305
8	0.4532055827111751	0.41577702095368996	1.0900207560091544
8	0.47418943356941307	0.4281811388665579	1.107450540265842
8	0.4859506278866325	0.4234075449780359	1.1477136712616707
8	0.45180230827119117	0.4143898871405511	1.090283142257163
8	0.4295591448655497	0.40460394552253737	1.0616780919197
8	0.46776678255362175	0.4251357389834457	1.100276310978024
8	0.4439488737285062	0.4098617005393855	1.0831675005111758
8	0.4483696367274397	0.42075349693749436	1.0656349620168406
8	0.44218913544203814	0.4148025022851434	1.0660233074921728
8	0.4436798720576089	0.420913339570811	1.0540884081032262
8	0.4221001080523485	0.40776267744058486	1.0351612136298391
8	0.41888363979629145	0.4132788960092101	1.0135616501137683
8	0.48009010161350874	0.41969683076163394	1.1438973716867904
8	0.4198244150847211	0.4020975774288043	1.0440859101148292
8	0.4570647490663757	0.42246334239909356	1.0819039267899244
8	0.43349884153755047	0.4161388261688503	1.041716884551542
8	0.45369988593354843	0.4151139209919204	1.0929527124733045
8	0.4303617658563416	0.4057370929345403	1.06069120460173
8	0.452351375494979	0.41434533270561336	1.0917255240723767
8	0.4235853316753991	0.4140183207742875	1.0231076993965378
8	0.4647767823745311	0.419222139597452	1.108664687463362
8	0.39850999687223376	0.39093742842831214	1.019370282539499
8	0.46192334125090734	0.4227691274340174	1.0926137016071515
8	0.4609457473241035	0.4237942848495987	1.08766390629286
8	0.4309143984131323	0.4098632737295993	1.0513613344566732
8	0.4225121350460541	0.4161193150671433	1.015362949393203
8	0.4235600767063804	0.41429677202573223	1.0223591041642797
8	0.47630577553803005	0.422555652237053	1.1272024714766407
9	0.9058051671113254	0.8898727740302586	1.0179041246636962
9	0.8999274433866296	0.8897795556452256	1.0114049459520849
9	0.9018942558243618	0.8895279051857655	1.0139021503052383
9	0.905381167703905	0.8902143444576068	1.0170372712377929
9	0.8950273599458078	0.8864450392693488	1.009681729037068
9	0.8945114892873732	0.8833177780805789	1.012672349051004
9	0.9008777756752734	0.8901360623027401	1.0120674960013922
9	0.9089712142088124	0.8926387886873982	1.0182967911863103
9	0.8944525316469438	0.8876746379108593	1.0076355608762646
9	0.9006305073522626	0.8866121230151407	1.0158111805300485
9	0.894985777638958	0.8871930682151149	1.008783555353426
9	0.8878772145683351	0.8864081213367514	1.0016573553380448
9	0.9062107268819002	0.8911600279600734	1.016888884655519
9	0.9024210387418392	0.8908392716598353	1.0130009615095037
9	0.9028750114727817	0.8905286065186941	1.0138641306564569
9	0.898922593604442	0.8892761628453044	1.0108475085267923
9	0.8989444610354269	0.8891674893053307	1.0109956468805832
9	0.903043354064226	0.8895106898800443	1.0152136048932774
9	0.899157883941602	0.8875696628338399	1.0130561257251214
9	0.9012355347954776	0.8905963351999708	1.011946152454263
9	0.9164694629079534	0.8845938171776603	1.0360342171868144
9	0.8995738934765182	0.889704241722021	1.0110931827585699
9	0.8897198756961628	0.8869068174635794	1.0031717630050792
9	0.9008646911999729	0.8890836620068753	1.013250754340154
9	0.9021254674503354	0.8879248101091934	1.0159930854273524
9	0.9009444284735425	0.8901847450733388	1.0120870229014285
9	0.8970811670508695	0.8875982604331643	1.0106837823376056
9	0.9036663855187893	0.8871118535435747	1.01866115519603
9	0.9013469347820366	0.8870398366971661	1.0161290367049827
9	0.9038444172946385	0.8857700262866222	1.020405286328991
9	0.892279872987895	0.8866839917110289	1.0063110209828734
9	0.901761362166955	0.888040654963749	1.0154505394843283
9	0.9131590500587592	0.8840738268197027	1.0328990886922707
9	0.9071130126594544	0.8891574825868994	1.02019386939231
9	0.9021468964594961	0.890698406173361	1.01285338584507
9	0.8932926205624447	0.8812470350179192	1.0136687955429893
9	0.909047088180159	0.8875915400314648	1.0241727722505485
9	0.9001635264021566	0.8861397329315298	1.0158257134280992
9	0.8892560404414205	0.885465973208128	1.0042803081631253
9	0.9101538924940517	0.8796618703608861	1.0346633441331907
9	0.9041513027749521	0.8910901051512465	1.0146575498349728
9	0.8931063666695419	0.8876710612747087	1.0061231075698558
9	0.9001817244694266	0.8867400608328209	1.0151585162668544
9	0.9024844700918964	0.885297492170529	1.019413788103284
9	0.9041907476722123	0.8903269693184167	1.0155715583505338
9	0.8912690775591219	0.8863551493869434	1.0055439720472965
9	0.9034630550925549	0.8875664237941009	1.0179103567601175
9	0.893250617744533	0.8885798765422726	1.0052564111854925
9	0.8974254159555931	0.8867744297800525	1.0120109306469092
9	0.9090626986420436	0.8934455271226325	1.017479713138983
9	0.9006315577415563	0.8888049881530038	1.013306146732062
9	0.9023073293842561	0.8833959460031506	1.0214075958426891
9	0.8987414794110411	0.8875836318918993	1.0125710379486816
9	0.9014283837821416	0.8900299045721258	1.0128068496928713
9	0.9001367688685729	0.8835408616490866	1.0187834065631223
9	0.8983622006769701	0.8841008835659427	1.0161308707819696
9	0.8937779496712912	0.888862929774937	1.0055295588686535
9	0.8920359492060328	0.8841712869847491	1.0088949532031335
9	0.9044701609963994	0.8842828657715915	1.0228290019022286
9	0.897607223708491	0.8877326142781746	1.0111234050337843
9	0.9059243067566319	0.8802774649252507	1.029134952163701
9	0.8980071337794111	0.8862370597514969	1.0132809544561525
9	0.9098677457237425	0.8862910663640218	1.02660150852749
9	0.8995389448194306	0.8867081582758415	1.0144701347606162
9	0.9047470677276734	0.8829579603278083	1.024677400713139
9	0.8988428767815149	0.8899225011520373	1.0100237668088285
9	0.8935829476030183	0.8863641777588581	1.0081442481829677
9	0.895374704241989	0.8815707022879001	1.0156584173206573
9	0.8959498114728716	0.888074759077686	1.0088675557037161
9	0.8933904186312167	0.8876045110939256	1.0065185648168464
9	0.8904544396877526	0.8837867032407835	1.0075445086721933
9	0.904816953869998	0.8882584902933865	1.0186414920403883
9	0.9040656403338332	0.88651258375566	1.0198001211712198
9	0.8965372022481658	0.8885956470244356	1.0089371979823707
9	0.9034097649624921	0.88844041702224	1.016849017281794
9	0.9014933981648005	0.889627914879917	1.0133375797751187
9	0.8967182975869281	0.887216710374039	1.0107094322072487
9	0.9106930319082525	0.8861328729719098	1.0277161131083794
9	0.8984741917101793	0.8867160646633884	1.0132603067829322
9	0.9012453087554526	0.8880150022835256	1.0148987420684397
9	0.9007012982262737	0.8883213904387531	1.0139362936891634
9	0.9005796321874513	0.8888337696935544	1.013214914750535
9	0.9094456433231144	0.8844191430494496	1.0282971037774853
9	0.901855663412469	0.889971825526819	1.0133530495514456
9	0.9000161370494272	0.8905728006114	1.0106036659008046
9	0.8967694434528655	0.8895274633068563	1.0081413789284108
9	0.9028666594771242	0.8879128438858546	1.0168415353987064
9	0.8997005213115885	0.8871013634390981	1.014202613581436
9	0.9040905004429416	0.8916309318657136	1.0139739079611747
9	0.906620026095158	0.8907633004241255	1.0178012785927333
9	0.8917675528676661	0.8874123957881835	1.0049077036788678
9	0.8947278809959249	0.8884018321421465	1.0071207066722554
9	0.8922910227260921	0.8887918605710666	1.0039369871735517
9	0.8939246106094803	0.8836535913696284	1.0116233548306324
9	0.9052075071962056	0.8905780825002905	1.016426886068028
9	0.9083292382150656	0.8909222689314862	1.019538145908572
9	0.8971850241272422	0.8904443208669482	1.00757004464213
9	0.910579735991892	0.8878356188269677	1.0256174867088284
9	0.9043551777002407	0.8877435571457544	1.0187121837390694
9	0.9030246389671148	0.8887832323978999	1.0160234869989526
9	0.9060064423369919	0.8875569566343446	1.0207868188793299
9	0.9003592615814714	0.8885119180661241	1.0133339162643238
9	0.9117815253657252	0.8861981696042889	1.0288686623815302
9	0.8980829372580811	0.8876908497563277	1.0117068768981972
9	0.8977153427853665	0.8860295513339631	1.0131889409713364
9	0.9094637828465792	0.8917826387582367	1.0198267417640723
9	0.9051161211628603	0.8878900958833741	1.0194010783084002
9	0.9041864882067465	0.8911270375453658	1.0146549819623398
9	0.899069849471912	0.8875896498871237	1.0129341296242562
9	0.8921307793685319	0.8867641109239279	1.0060519684755989
9	0.8981256295179115	0.8883238006121542	1.0110340721468938
9	0.8964214875821834	0.8884651510944709	1.0089551475124392
9	0.891591925130531	0.882229118939402	1.0106126696457092
9	0.9040916529289597	0.8897864911463897	1.0160770723369146
9	0.8938166631335424	0.887960366925671	1.0065952225189365
9	0.8932222143957261	0.8865621260277835	1.0075122635768154
9	0.8986259871262041	0.8867602298973	1.0133810209669398
9	0.908799727761546	0.8875327187774984	1.0239619436377976
9	0.9018020319456193	0.8888379994986111	1.014585371523631
9	0.8967559486888803	0.8842405082865255	1.0141538871891396
9	0.9005755358419293	0.8859310841675361	1.0165300122505057
9	0.8952776726086622	0.8843922278853502	1.0123083903047632
9	0.8965146775856017	0.8845628745620128	1.013511535886589
9	0.9017951287644295	0.8884211924113118	1.0150535989768759
9	0.9020223954833227	0.8866239643993474	1.0173674880245394
9	0.902809112848289	0.8832163149409349	1.022183464657426
9	0.9050424131971301	0.889684285542993	1.0172624468069185
9	0.904994207994552	0.8895631557283327	1.0173467753996455
9	0.9008595497916051	0.8905513017566565	1.0115751310616412
9	0.8948132056959924	0.8878440958809385	1.0078494747528157
9	0.9094474389492857	0.8859733030651794	1.0264953083833264
9	0.8963019939804571	0.8869701597381826	1.0105210238922007
9	0.8963133487912899	0.8827195184440572	1.0153999430885976
9	0.892241774599789	0.8860154865456781	1.0070272903224136
9	0.9010550958789963	0.8845439253055449	1.0186663093839552
9	0.8989671780544821	0.8848936989713182	1.0159041465653154
9	0.9078577899230131	0.8899110377517115	1.020166905915273
9	0.9008913000963534	0.8911463232749335	1.010935327416947
9	0.9032751749792528	0.8863244859939563	1.0191246989710403
9	0.9015438790973475	0.8880020914120704	1.0152497249907861
9	0.900188514724144	0.8872656454030076	1.0145648255267077
9	0.9005032644969553	0.8885171133492408	1.0134900622257381
9	0.8898230175210731	0.8848150750938326	1.0056598746655727
9	0.8897366416217836	0.8862047093200256	1.0039854587372572
9	0.8937077425674254	0.8880400840166205	1.006382210277232
9	0.9103991049236964	0.8908730118318346	1.0219179308751443
