0	1.0	0.999990397723597	1.0000096023686076
0	1.0	0.9999945461442663	1.0000054538854783
0	1.0	0.9999905350952194	1.0000094649943658
0	1.0	0.9999905350952194	1.0000094649943658
0	1.0	0.9999905350952194	1.0000094649943658
0	0.9997357878090597	0.9998611882448749	0.9998745821547136
0	1.0	0.9999899605941704	1.0000100395066203
0	1.0	0.9999902563056824	1.000009743789258
0	1.0	0.9999902563056824	1.000009743789258
0	1.0	0.9999910345448308	1.0000089655355493
0	1.0	0.9999901106600274	1.0000098894377727
0	1.0	0.999990397723597	1.0000096023686076
0	1.0	0.999990397723597	1.0000096023686076
0	1.0	0.999990397723597	1.0000096023686076
0	1.0	0.9999905350952194	1.0000094649943658
0	1.0	0.9999905350952194	1.0000094649943658
0	1.0	1.0	1.0
0	1.0	0.9999901106600274	1.0000098894377727
0	1.0	0.9999902563056824	1.000009743789258
0	1.0	0.9999905350952194	1.0000094649943658
0	1.0	0.9999898059037879	1.0000101942001327
0	0.9989410185026011	0.999468920132245	0.9994718178634568
0	1.0	0.9999901106600274	1.0000098894377727
0	1.0	0.9999905350952194	1.0000094649943658
0	1.0	0.9999902563056824	1.000009743789258
0	1.0	0.999990397723597	1.0000096023686076
0	1.0	0.9999902563056824	1.000009743789258
0	1.0	0.9999902563056824	1.000009743789258
0	1.0	0.9999901106600274	1.0000098894377727
0	1.0	0.9999905350952194	1.0000094649943658
0	1.0	0.9999902563056824	1.000009743789258
0	1.0	1.0	1.0
0	1.0	0.9999905350952194	1.0000094649943658
0	1.0	0.999990397723597	1.0000096023686076
0	1.0	0.9999905350952194	1.0000094649943658
0	1.0	0.9999905350952194	1.0000094649943658
0	1.0	0.9999905350952194	1.0000094649943658
0	1.0	0.9999905350952194	1.0000094649943658
0	1.0	0.9999905350952194	1.0000094649943658
0	1.0	0.9999905350952194	1.0000094649943658
0	1.0	0.9999905350952194	1.0000094649943658
0	1.0	0.999990397723597	1.0000096023686076
0	1.0	0.999990397723597	1.0000096023686076
0	1.0	0.999990397723597	1.0000096023686076
0	1.0	0.9999944621095092	1.0000055379211592
0	1.0	0.9999944621095092	1.0000055379211592
0	1.0	0.9999902563056824	1.000009743789258
0	1.0	0.9999902563056824	1.000009743789258
0	1.0	0.9999902563056824	1.000009743789258
0	1.0	0.9999905350952194	1.0000094649943658
0	1.0	0.9999905350952194	1.0000094649943658
0	1.0	0.9999899605941704	1.0000100395066203
0	1.0	0.9999902563056824	1.000009743789258
0	1.0	0.9999901106600274	1.0000098894377727
0	1.0	0.9999902563056824	1.000009743789258
0	1.0	0.9999902563056824	1.000009743789258
0	1.0	0.9999905350952194	1.0000094649943658
0	1.0	0.999990397723597	1.0000096023686076
0	1.0	0.999990397723597	1.0000096023686076
0	1.0	0.9999898059037879	1.0000101942001327
0	1.0	0.9999898059037879	1.0000101942001327
0	1.0	0.9999905350952194	1.0000094649943658
0	1.0	0.9999909005320481	1.000009099550753
0	1.0	0.999990397723597	1.0000096023686076
0	1.0	0.9999909005320481	1.000009099550753
0	1.0	0.9999905350952194	1.0000094649943658
0	1.0	0.9999901106600274	1.0000098894377727
0	1.0	0.9999901106600274	1.0000098894377727
0	1.0	0.9999909005320481	1.000009099550753
0	1.0	0.9999902563056824	1.000009743789258
0	1.0	0.999990397723597	1.0000096023686076
0	1.0	0.9999905350952194	1.0000094649943658
0	1.0	0.999990811154942	1.0000091889294935
1	0.2664542505238788	0.4283796142259682	0.6220049733349949
1	0.4979067175204547	0.49459852398859383	1.0066886441657419
1	0.7690786038093994	0.5428207933007674	1.4168186136216536
1	0.7128469952554372	0.564982006040588	1.2617162805787245
1	0.3425864077933468	0.4304612790774485	0.7958588250436079
1	0.5837877178797293	0.5096191332046387	1.1455372843022908
1	0.4877822110704009	0.45656266197912154	1.0683795493830965
1	0.47387818946824367	0.21174745511151255	2.2379404239766907
1	0.39709819637608107	0.4322674421422738	0.918640077096953
1	0.6605754038020233	0.5134294855445816	1.2865942108902604
1	0.6987074411548001	0.5297208602168594	1.3190106216862223
1	0.4296550906426684	0.4637895276713487	0.9264010181513441
1	0.6285234021096593	0.5383024731971477	1.1676026646815518
1	0.8029234430273877	0.5957080694990822	1.3478471824337521
1	0.42663419744117753	0.3973687863782063	1.0736479866214683
1	0.5577001438232972	0.4861266686783984	1.1472321511170764
1	0.6625524848997517	0.37712586719467467	1.7568470967750882
1	0.8043708057879974	0.5700995435321524	1.4109304505040925
1	0.46472805250598825	0.4795096735152657	0.9691734665102499
1	0.6182470931808064	0.44117491503563766	1.401365018976351
1	0.28704615231818836	0.4472096780723253	0.6418603317251234
1	0.6528878194649351	0.5418282728609581	1.2049718557829423
1	0.3605311932020347	0.41731627757668804	0.8639279428437386
1	0.35928170969050127	0.419774234013932	0.8558927170326919
1	0.5148614724159911	0.48467401012554034	1.0622840541473053
1	0.5525698546053316	0.5208956408397605	1.0608072160375688
1	0.5942857442421497	0.5052441638058551	1.1762347530460733
1	0.5220213041927092	0.4339155335597647	1.2030482059725787
1	0.5029619362801242	0.48779243715605025	1.0310982663292523
1	0.6834884101566846	0.564513282770813	1.2107570025667125
1	0.6723465030606812	0.5560229869761116	1.2092063076693755
1	0.5556753058529066	0.5773975323596054	0.9623790797686157
1	0.4470433153906604	0.4842186949512141	0.9232260547802699
1	0.6729942301093331	0.5636950089726259	1.1938977982719996
1	0.5554536901908778	0.5001666205651945	1.1105373036753396
1	0.5417244848322998	0.5008266501459052	1.0816606597801453
1	0.7340701962637008	0.5441078463487139	1.3491262829414186
1	0.26240873901768746	0.44279297706568665	0.5926217275545455
1	0.5546003688552887	0.5135073647448348	1.0800241767338103
1	0.655876151662705	0.5240790779201782	1.251483181251133
1	0.5215439306703183	0.4775184345362285	1.0921964325353175
1	0.8111674637649738	0.5853670889346968	1.3857414929855532
1	0.5401872991132968	0.5016113871215393	1.0769039798181668
1	0.5059497450501087	0.38046174345003037	1.3298308010212856
1	0.5933519780362375	0.4514856874097159	1.3142210142705593
1	0.6590840058949865	0.49210192267457403	1.3393241837236987
1	0.5054290294953101	0.4989334198893262	1.0130189908052756
1	0.6948324751259709	0.5638642792644181	1.2322690063509711
1	0.6870734525686271	0.5290692507625391	1.29864559616413
1	0.6838157907623982	0.542682018913998	1.2600671607488185
1	0.5261149333427735	0.5224306789626105	1.0070521401757622
1	0.6143981104262771	0.5261209371515705	1.1677887478735232
1	0.6937943072624954	0.515566496235417	1.3456931595215536
1	0.583889558092393	0.49294791155078393	1.1844853064809873
1	0.586068334004485	0.5060533989463692	1.1581155965451693
1	0.6499715400497229	0.507707896895364	1.2802076627610122
1	0.5970778055706437	0.4594860547214253	1.2994470657714232
1	0.44052435893315595	0.40490719250430324	1.0879637780908873
1	0.48209928202622643	0.5245319996521385	0.9191036625905517
1	0.5427170070928361	0.4511587387283955	1.2029402525206545
1	0.5417895335233593	0.4957915012136707	1.092776968134968
1	0.38094286752441997	0.38846799057754544	0.9806287178463851
1	0.27904027406053794	0.37193821619130885	0.7502328664097581
1	0.26232003927400405	0.3952372508316401	0.6637027221549645
1	0.6295500069037588	0.47150230679341665	1.3352002690828595
1	0.6193710060350194	0.5131472685689209	1.2070043903036611
1	0.41093422628684906	0.36266090094071607	1.1331087118046514
1	0.5040832824154582	0.4568060979296534	1.1034950818302898
1	0.13036777442853853	0.38936979109519215	0.33481738288388824
1	0.47147144014739545	0.4305863887599114	1.0949520292669561
1	0.6594197243038917	0.4698389053966932	1.4035017465127375
1	0.5891885462808107	0.5386901193326047	1.0937429983137053
1	0.3574483719939551	0.4367061091898532	0.8185101249374974
2	0.2594258467613141	0.4241891799726271	0.6115805376696661
2	0.4897379520216491	0.490259049522175	0.9989370976404539
2	0.7690786038093994	0.54190953039432	1.4192011040104426
2	0.7128469952554372	0.5639803822486386	1.263957076686346
2	0.3278668720177752	0.42351630350730834	0.7741540745954244
2	0.5837877178797293	0.5081348880119474	1.1488833608016364
2	0.4708905489411711	0.4489783202873064	1.0488046474935422
2	0.46629156867283894	0.20313218716013398	2.295508039330321
2	0.38638071890182923	0.42645016236015776	0.9060395633652311
2	0.660569537909171	0.5124316153211224	1.28908817910311
2	0.6987074411548001	0.528233468806866	1.3227246708410734
2	0.42878646242659363	0.46125731443434986	0.9296036052077007
2	0.6285234021096593	0.5372240513116273	1.1699465066300094
2	0.8029255383922762	0.5942728720354205	1.351105823899058
2	0.42653898913002175	0.3958630626968785	1.0774912572649713
2	0.5577001438232972	0.4844781102108033	1.151135896688158
2	0.6611679540157072	0.3758164065600901	1.7592844337677729
2	0.8043708057879974	0.5690055134808648	1.413643254293436
2	0.46472805250598825	0.4779824148676205	0.9722701882969834
2	0.6182470931808064	0.43864062768845397	1.4094615367455623
2	0.281132872520953	0.4429917116430311	0.6346233239404122
2	0.6490863919211739	0.5382682894867032	1.2058789354657091
2	0.3605311932020347	0.41563411716017196	0.8674244445219534
2	0.3455760280510086	0.4133865129973135	0.8359634801468582
2	0.5146906127833566	0.4837593862926709	1.0639392792514677
2	0.5525616887431417	0.5196361778057926	1.063362622433988
2	0.591771127285517	0.5020293750149605	1.1787579706225002
2	0.5190341406554524	0.4304699519131991	1.205738375811447
2	0.5025513799116144	0.4863837464956969	1.0332404886725806
2	0.6834884101566846	0.5630128859118867	1.2139836001260773
2	0.6723465030606812	0.554332236746767	1.2128944674163449
2	0.5556608485937302	0.5773375658755974	0.9624539982098826
2	0.4465644386468122	0.482487673197906	0.9255457982729461
2	0.6729942301093331	0.5623184827188294	1.1968203976781673
2	0.5514490900830048	0.4970089444311801	1.1095355451080076
2	0.5402665605157951	0.4980147817352233	1.0848404110282728
2	0.7340701962637008	0.5429444594959064	1.3520171049267986
2	0.26240873901768746	0.4410882996788013	0.5949120373602574
2	0.5531384263737548	0.511947947635115	1.080458333564798
2	0.6555113369784751	0.5225951024583377	1.2543388445373609
2	0.5213531110317385	0.47572747590486353	1.0959070842820087
2	0.8111674637649738	0.5843786020377759	1.3880854995996887
2	0.536451735295387	0.49766066310572143	1.0779468321799526
2	0.5059497450501087	0.37850503127465296	1.3367054682107478
2	0.5919979733302324	0.4433109226748699	1.3354012794410923
2	0.6598284425554648	0.48831766108160224	1.3512278894315919
2	0.4985471360453225	0.49473000982238785	1.007715574448991
2	0.6948009432939789	0.5630576542260031	1.2339783290026922
2	0.6869444806029731	0.5271555161256469	1.3031154177266366
2	0.6834446270560575	0.5408621158721486	1.2636208138815423
2	0.5261149333427735	0.5213177533087814	1.0092020269855468
2	0.6143981104262771	0.5240595500553045	1.172382242364325
2	0.6856223171076239	0.5094430207049726	1.345827284391594
2	0.583889558092393	0.49157718271888046	1.1877881614906105
2	0.586068334004485	0.5049390995238852	1.1606713256254029
2	0.6498970150927948	0.5070797607631824	1.2816465285750407
2	0.5967224064118269	0.45722677247972315	1.3050906953141945
2	0.4351350225026214	0.4008085961097863	1.0856429396125844
2	0.4817893291166686	0.5230986906723111	0.9210295068746019
2	0.5427170070928361	0.4494590874508265	1.2074892292665294
2	0.5417895335233593	0.4940787963477048	1.0965650368490585
2	0.36918878265567256	0.3813425302872753	0.9681290528427369
2	0.27572584533609973	0.3692547713460196	0.7467089574252889
2	0.2558087426880855	0.3906261856394886	0.6548683936006611
2	0.6278600245379379	0.463097575665202	1.3557834407491078
2	0.6144307041875452	0.5090744388711322	1.2069565023732864
2	0.40525255562532025	0.35761563797254803	1.1332070317809453
2	0.5040832824154582	0.45510470927481605	1.107620448970275
2	0.10103853954545826	0.3807389342993949	0.2653748551652098
2	0.471419409350623	0.4290378338834275	1.0987828394609853
2	0.6594197243038917	0.46793873645865647	1.4092009763807043
2	0.5889697451031926	0.5371063166149482	1.096560823963322
2	0.3568313294344204	0.4352867225646054	0.8197615753865761
3	0.2594258467613141	0.4241891799726271	0.6115805376696661
3	0.4897379520216491	0.490259049522175	0.9989370976404539
3	0.7690786038093994	0.54190953039432	1.4192011040104426
3	0.7128469952554372	0.5639803822486386	1.263957076686346
3	0.3278668720177752	0.42351630350730834	0.7741540745954244
3	0.5837877178797293	0.5081348880119474	1.1488833608016364
3	0.4708905489411711	0.4489783202873064	1.0488046474935422
3	0.46629156867283894	0.20313218716013398	2.295508039330321
3	0.38638071890182923	0.42645016236015776	0.9060395633652311
3	0.660569537909171	0.5124316153211224	1.28908817910311
3	0.6987074411548001	0.528233468806866	1.3227246708410734
3	0.42878646242659363	0.46125731443434986	0.9296036052077007
3	0.6285234021096593	0.5372240513116273	1.1699465066300094
3	0.8029255383922762	0.5942728720354205	1.351105823899058
3	0.42653898913002175	0.3958630626968785	1.0774912572649713
3	0.5577001438232972	0.4844781102108033	1.151135896688158
3	0.6611679540157072	0.3758164065600901	1.7592844337677729
3	0.8043708057879974	0.5690055134808648	1.413643254293436
3	0.46472805250598825	0.4779824148676205	0.9722701882969834
3	0.6182470931808064	0.43864062768845397	1.4094615367455623
3	0.281132872520953	0.4429917116430311	0.6346233239404122
3	0.6490863919211739	0.5382682894867032	1.2058789354657091
3	0.3605311932020347	0.41563411716017196	0.8674244445219534
3	0.3455760280510086	0.4133865129973135	0.8359634801468582
3	0.5146906127833566	0.4837593862926709	1.0639392792514677
3	0.5525616887431417	0.5196361778057926	1.063362622433988
3	0.591771127285517	0.5020293750149605	1.1787579706225002
3	0.5190341406554524	0.4304699519131991	1.205738375811447
3	0.5025513799116144	0.4863837464956969	1.0332404886725806
3	0.6834884101566846	0.5630128859118867	1.2139836001260773
3	0.6723465030606812	0.554332236746767	1.2128944674163449
3	0.5556608485937302	0.5773375658755974	0.9624539982098826
3	0.4465644386468122	0.482487673197906	0.9255457982729461
3	0.6729942301093331	0.5623184827188294	1.1968203976781673
3	0.5514490900830048	0.4970089444311801	1.1095355451080076
3	0.5402665605157951	0.4980147817352233	1.0848404110282728
3	0.7340701962637008	0.5429444594959064	1.3520171049267986
3	0.26240873901768746	0.4410882996788013	0.5949120373602574
3	0.5531384263737548	0.511947947635115	1.080458333564798
3	0.6555113369784751	0.5225951024583377	1.2543388445373609
3	0.5213531110317385	0.47572747590486353	1.0959070842820087
3	0.8111674637649738	0.5843786020377759	1.3880854995996887
3	0.536451735295387	0.49766066310572143	1.0779468321799526
3	0.5059497450501087	0.37850503127465296	1.3367054682107478
3	0.5919979733302324	0.4433109226748699	1.3354012794410923
3	0.6598284425554648	0.48831766108160224	1.3512278894315919
3	0.4985471360453225	0.49473000982238785	1.007715574448991
3	0.6948009432939789	0.5630576542260031	1.2339783290026922
3	0.6869444806029731	0.5271555161256469	1.3031154177266366
3	0.6834446270560575	0.5408621158721486	1.2636208138815423
3	0.5261149333427735	0.5213177533087814	1.0092020269855468
3	0.6143981104262771	0.5240595500553045	1.172382242364325
3	0.6856223171076239	0.5094430207049726	1.345827284391594
3	0.583889558092393	0.49157718271888046	1.1877881614906105
3	0.586068334004485	0.5049390995238852	1.1606713256254029
3	0.6498970150927948	0.5070797607631824	1.2816465285750407
3	0.5967224064118269	0.45722677247972315	1.3050906953141945
3	0.4351350225026214	0.4008085961097863	1.0856429396125844
3	0.4817893291166686	0.5230986906723111	0.9210295068746019
3	0.5427170070928361	0.4494590874508265	1.2074892292665294
3	0.5417895335233593	0.4940787963477048	1.0965650368490585
3	0.36918878265567256	0.3813425302872753	0.9681290528427369
3	0.27572584533609973	0.3692547713460196	0.7467089574252889
3	0.2558087426880855	0.3906261856394886	0.6548683936006611
3	0.6278600245379379	0.463097575665202	1.3557834407491078
3	0.6144307041875452	0.5090744388711322	1.2069565023732864
3	0.40525255562532025	0.35761563797254803	1.1332070317809453
3	0.5040832824154582	0.45510470927481605	1.107620448970275
3	0.10103853954545826	0.3807389342993949	0.2653748551652098
3	0.471419409350623	0.4290378338834275	1.0987828394609853
3	0.6594197243038917	0.46793873645865647	1.4092009763807043
3	0.5889697451031926	0.5371063166149482	1.096560823963322
3	0.3568313294344204	0.4352867225646054	0.8197615753865761
4	0.1096379117843148	0.3216456910132146	0.34086547666454015
4	0.3299055377646073	0.36867873010242197	0.8948320334969062
4	0.6354232086097164	0.43928710556334416	1.4464872757757052
4	0.5410058217143618	0.43748711051977196	1.2366211682707653
4	0.18124623226240247	0.2846210808533668	0.6367983415668997
4	0.4448377969687896	0.40941471395107143	1.0865212749094102
4	0.4450758042505781	0.3953506393107528	1.125774843886721
4	0.4165111146995806	0.2571275121361748	1.6198621113675156
4	0.36787820376259606	0.3674181684030741	1.001252075697621
4	0.46068760011775983	0.37252865838099086	1.2366500932301627
4	0.5495399028526861	0.43677198810455464	1.2581848603375567
4	0.2988765564588583	0.3389047940462242	0.8818894323993943
4	0.4828039312525202	0.42186440398995034	1.144452877953698
4	0.6536606040604772	0.4685898175902706	1.3949526419970788
4	0.24647636333974826	0.32839701455171727	0.7505438612960721
4	0.43903745570612057	0.39624545625843266	1.1079936659760177
4	0.5485499767198276	0.3048692722057357	1.7992957202641542
4	0.6115565616563279	0.4510866224183429	1.3557408516743006
4	0.38898458368665983	0.3658192674501496	1.06332448369376
4	0.3724235653808839	0.3393162708205739	1.0975706071513933
4	0.2088675843237901	0.34023471017126744	0.6138926396388255
4	0.44167923038249024	0.4145446689637616	1.0654563029035133
4	0.33918517147247135	0.36073988695918274	0.9402485938874005
4	0.3136077022351688	0.3444608949137073	0.9104304925925839
4	0.4422950309711773	0.4011567244600596	1.1025492133192785
4	0.44239032054360444	0.3969312821700283	1.1145262175484154
4	0.45702543818678754	0.41237095225032194	1.108287176128155
4	0.40345451684470895	0.361235956220897	1.1168725313656074
4	0.48170470739136356	0.40750085928905105	1.1820949487855625
4	0.5363017683220381	0.41383759936693587	1.2959232538136716
4	0.6015583645370174	0.4445473989710579	1.3531928562159503
4	0.4891394253240828	0.4624826350965337	1.057638467273447
4	0.3643547057106493	0.36877931731809027	0.9880020071634752
4	0.5389953803593752	0.434053476303598	1.2417718317785706
4	0.4953070504689239	0.4191592385679512	1.1816679793606129
4	0.4724714361119271	0.41283723849358384	1.1444496572933793
4	0.5692316600492229	0.4425525507253033	1.2862464787883474
4	0.2581717387518565	0.33751966003580675	0.7649087425735959
4	0.4153811994587147	0.39134247878073763	1.0614263004437234
4	0.543028169712889	0.43467382640784596	1.249277358612746
4	0.44775903023213603	0.3665394165228061	1.2215849375213823
4	0.7062170210552372	0.48113918746040696	1.4678019156636497
4	0.46931747210864744	0.4015768194268446	1.1686866606954218
4	0.3044960663954243	0.3178533511498638	0.9579765803754522
4	0.523058192077408	0.35579975900261257	1.4700914737650717
4	0.5118826654629427	0.3761064182860805	1.3610048661110212
4	0.357902227818324	0.38658024014425957	0.9258161454004119
4	0.4907616359689475	0.4255944870558122	1.153120284437776
4	0.5014282201252307	0.39647973871650477	1.2647007429647428
4	0.5146110912123991	0.42246485041562315	1.21811575733726
4	0.2755480842245241	0.3810331135693242	0.7231604666673979
4	0.44760498358395795	0.40074341438296074	1.1169365921412624
4	0.6117828050107598	0.4021643471943051	1.5212258602207167
4	0.4585564930118997	0.38764561364890426	1.1829270778934193
4	0.48392389912128325	0.37267023606642524	1.298531120244945
4	0.5565639794528942	0.40412128637444833	1.3772201520144534
4	0.41671663542852516	0.3193082001984171	1.3050608633589076
4	0.27725766850874367	0.33424472795014465	0.8295049863885929
4	0.31862706918703465	0.3825488734271247	0.8329055221952781
4	0.37496886390994694	0.3504706067237414	1.0699010322583664
4	0.5061907784912677	0.4142989057955541	1.2218009060855688
4	0.30032199099017304	0.29515828838702196	1.0174946894812598
4	0.2006175399330028	0.25703977696285585	0.7804921958129208
4	0.299775326946577	0.3216222931866134	0.9320725997455648
4	0.5705858885739948	0.42020955588476655	1.35786033559519
4	0.43315622318876457	0.38077510491262356	1.137564451037735
4	0.32991908030052824	0.33606204590356104	0.9817207397326991
4	0.40036380433124563	0.35682492346861805	1.1220174881266576
4	0.3241402618413036	0.3744042945175188	0.8657493158806082
4	0.31882113950249147	0.29183907161984257	1.0924552964511773
4	0.4429733307436874	0.3569811361228731	1.2408872232151107
4	0.4735388629789577	0.4195916579720581	1.1285707281875754
4	0.3044250360800817	0.35682318707085675	0.8531537386319853
5	0.09482296182737972	0.3139832382936533	0.3020000759999054
5	0.32526201641204855	0.364505216563838	0.8923384402513302
5	0.6348078303157981	0.4366154155091516	1.4539290363248576
5	0.5408388389042982	0.43587963216163417	1.240798603555173
5	0.1613786095719118	0.2744934536247349	0.5879142378110609
5	0.4425889269262352	0.40626864632848003	1.0893996643009196
5	0.4309129551431966	0.38960792613332956	1.1060169114622473
5	0.41286833853502436	0.2513680062275131	1.6424856318482208
5	0.3570606661351467	0.36078957324664485	0.9896645929150814
5	0.46069039579037174	0.37018715413679304	1.244479692615524
5	0.5495248370129706	0.4338873696570483	1.2665149424545914
5	0.29591883242979394	0.3351464310377159	0.8829538524803582
5	0.4827213593046522	0.4198235355781465	1.1498196704000598
5	0.6503709199157989	0.46370624627612145	1.4025494052295446
5	0.2453142070550484	0.32554872898484327	0.7535406690728306
5	0.43815211562288775	0.393916845826855	1.1122959585624734
5	0.5413901965336411	0.3004428301439907	1.8019740936209845
5	0.6094376407829716	0.4470560812972069	1.3632241373712841
5	0.39119606290518727	0.3638146415197785	1.0752620105420365
5	0.37168262752404657	0.3372483295038294	1.102103687424866
5	0.19633211814006452	0.33307898165679406	0.5894461342576276
5	0.4354642221534689	0.4098311671164093	1.0625454018478266
5	0.3368751009322156	0.35719196614576443	0.9431205986159895
5	0.30296948802928525	0.338246739108218	0.8957055693369265
5	0.44185965741685224	0.3999658516880357	1.1047434563526006
5	0.44006720610213057	0.3927758209566082	1.1204029948440917
5	0.45542354757262465	0.4093185689635854	1.1126383753509625
5	0.40217640520748504	0.3581481761673956	1.1229329980435556
5	0.48072411074483384	0.4048943122382742	1.187282943263315
5	0.5341577872396865	0.4097236908294351	1.3037024687499763
5	0.6014848412958095	0.4429982523277048	1.3577589485632222
5	0.4886502508460007	0.4606257062084716	1.0608401664514262
5	0.361985445198491	0.36548901882132584	0.9904140112495484
5	0.5389656574792895	0.4325384657704722	1.2460525482265272
5	0.49239634691271406	0.41645830932056604	1.1823424719656517
5	0.4715957872229707	0.4097868437057372	1.1508319373025497
5	0.568917358611098	0.4415172670501498	1.2885506435844047
5	0.2534890936272274	0.33350887380578836	0.7600670133138383
5	0.4110260380217183	0.3875911671317743	1.0604628610692166
5	0.5419654230435386	0.43234679094405004	1.2535432999517147
5	0.4466623531332838	0.36461044267104736	1.22503993539281
5	0.7062186789601184	0.47975181563225694	1.4720500391007474
5	0.4609840773312648	0.39462121391930455	1.1681685146950327
5	0.30192777226601825	0.3144597494512939	0.9601475953372637
5	0.5178366582510909	0.3482230492274879	1.4870832341508717
5	0.5004650919653904	0.3688651462848771	1.3567698032897846
5	0.3544523354735486	0.3831123231140302	0.9251916842362933
5	0.4883665477910897	0.4225426086664803	1.155780595316401
5	0.4960891102869512	0.3901213559981405	1.2716276683128205
5	0.5129220549178806	0.4194754256789862	1.2227702113601444
5	0.2746082200292579	0.3789702998337367	0.7246167315743082
5	0.4474042239403437	0.399173499142039	1.1208264699484538
5	0.6024994130386413	0.394815560182524	1.5260275272841441
5	0.45595208351354716	0.383491450412719	1.1889498006353076
5	0.48292224238596554	0.3701551995168886	1.3046480044485553
5	0.5558571669477803	0.4016871884407309	1.3838060633835656
5	0.4068829772856681	0.3130398696315444	1.299780049629395
5	0.27301506663601266	0.32994692692881417	0.8274514606857226
5	0.3105974005569434	0.37710133089876063	0.8236444029955668
5	0.37449272160469266	0.34829097139089543	1.0752294844427372
5	0.5056181838507616	0.4120099625267933	1.2271989268169237
5	0.2792184820839835	0.2846798153590484	0.9808158746057324
5	0.1927511786907038	0.24993924149885458	0.7711921406770659
5	0.2852093723468878	0.3126702528273437	0.9121730313896547
5	0.560200131232335	0.41326937719426693	1.3555326432255828
5	0.4208336099687	0.37343088365870325	1.126938419890628
5	0.3253238900284341	0.33104208794142276	0.9827266739750612
5	0.39800880231139873	0.3539396967687365	1.1245102087869419
5	0.30471172711346267	0.36634570637984964	0.831760061076078
5	0.3155688128171532	0.2873904110106672	1.0980492066780896
5	0.4427585841065199	0.35570061405969433	1.2447506880947228
5	0.4726547891507703	0.41707457390255576	1.1332620560590687
5	0.30103931792819166	0.353478661735622	0.8516477810854354
6	0.09482296182737972	0.3139832382936533	0.3020000759999054
6	0.32526201641204855	0.364505216563838	0.8923384402513302
6	0.6348078303157981	0.4366154155091516	1.4539290363248576
6	0.5408388389042982	0.43587963216163417	1.240798603555173
6	0.1613786095719118	0.2744934536247349	0.5879142378110609
6	0.4425889269262352	0.40626864632848003	1.0893996643009196
6	0.4309129551431966	0.38960792613332956	1.1060169114622473
6	0.41286833853502436	0.2513680062275131	1.6424856318482208
6	0.3570606661351467	0.36078957324664485	0.9896645929150814
6	0.46069039579037174	0.37018715413679304	1.244479692615524
6	0.5495248370129706	0.4338873696570483	1.2665149424545914
6	0.29591883242979394	0.3351464310377159	0.8829538524803582
6	0.4827213593046522	0.4198235355781465	1.1498196704000598
6	0.6503709199157989	0.46370624627612145	1.4025494052295446
6	0.2453142070550484	0.32554872898484327	0.7535406690728306
6	0.43815211562288775	0.393916845826855	1.1122959585624734
6	0.5413901965336411	0.3004428301439907	1.8019740936209845
6	0.6094376407829716	0.4470560812972069	1.3632241373712841
6	0.39119606290518727	0.3638146415197785	1.0752620105420365
6	0.37168262752404657	0.3372483295038294	1.102103687424866
6	0.19633211814006452	0.33307898165679406	0.5894461342576276
6	0.4354642221534689	0.4098311671164093	1.0625454018478266
6	0.3368751009322156	0.35719196614576443	0.9431205986159895
6	0.30296948802928525	0.338246739108218	0.8957055693369265
6	0.44185965741685224	0.3999658516880357	1.1047434563526006
6	0.44006720610213057	0.3927758209566082	1.1204029948440917
6	0.45542354757262465	0.4093185689635854	1.1126383753509625
6	0.40217640520748504	0.3581481761673956	1.1229329980435556
6	0.48072411074483384	0.4048943122382742	1.187282943263315
6	0.5341577872396865	0.4097236908294351	1.3037024687499763
6	0.6014848412958095	0.4429982523277048	1.3577589485632222
6	0.4886502508460007	0.4606257062084716	1.0608401664514262
6	0.361985445198491	0.36548901882132584	0.9904140112495484
6	0.5389656574792895	0.4325384657704722	1.2460525482265272
6	0.49239634691271406	0.41645830932056604	1.1823424719656517
6	0.4715957872229707	0.4097868437057372	1.1508319373025497
6	0.568917358611098	0.4415172670501498	1.2885506435844047
6	0.2534890936272274	0.33350887380578836	0.7600670133138383
6	0.4110260380217183	0.3875911671317743	1.0604628610692166
6	0.5419654230435386	0.43234679094405004	1.2535432999517147
6	0.4466623531332838	0.36461044267104736	1.22503993539281
6	0.7062186789601184	0.47975181563225694	1.4720500391007474
6	0.4609840773312648	0.39462121391930455	1.1681685146950327
6	0.30192777226601825	0.3144597494512939	0.9601475953372637
6	0.5178366582510909	0.3482230492274879	1.4870832341508717
6	0.5004650919653904	0.3688651462848771	1.3567698032897846
6	0.3544523354735486	0.3831123231140302	0.9251916842362933
6	0.4883665477910897	0.4225426086664803	1.155780595316401
6	0.4960891102869512	0.3901213559981405	1.2716276683128205
6	0.5129220549178806	0.4194754256789862	1.2227702113601444
6	0.2746082200292579	0.3789702998337367	0.7246167315743082
6	0.4474042239403437	0.399173499142039	1.1208264699484538
6	0.6024994130386413	0.394815560182524	1.5260275272841441
6	0.45595208351354716	0.383491450412719	1.1889498006353076
6	0.48292224238596554	0.3701551995168886	1.3046480044485553
6	0.5558571669477803	0.4016871884407309	1.3838060633835656
6	0.4068829772856681	0.3130398696315444	1.299780049629395
6	0.27301506663601266	0.32994692692881417	0.8274514606857226
6	0.3105974005569434	0.37710133089876063	0.8236444029955668
6	0.37449272160469266	0.34829097139089543	1.0752294844427372
6	0.5056181838507616	0.4120099625267933	1.2271989268169237
6	0.2792184820839835	0.2846798153590484	0.9808158746057324
6	0.1927511786907038	0.24993924149885458	0.7711921406770659
6	0.2852093723468878	0.3126702528273437	0.9121730313896547
6	0.560200131232335	0.41326937719426693	1.3555326432255828
6	0.4208336099687	0.37343088365870325	1.126938419890628
6	0.3253238900284341	0.33104208794142276	0.9827266739750612
6	0.39800880231139873	0.3539396967687365	1.1245102087869419
6	0.30471172711346267	0.36634570637984964	0.831760061076078
6	0.3155688128171532	0.2873904110106672	1.0980492066780896
6	0.4427585841065199	0.35570061405969433	1.2447506880947228
6	0.4726547891507703	0.41707457390255576	1.1332620560590687
6	0.30103931792819166	0.353478661735622	0.8516477810854354
7	0.06682641148702528	0.28003923540022335	0.23863231661634504
7	0.27181375978646816	0.3157505734194631	0.8608496157040181
7	0.5079594151145485	0.359913603375398	1.4113370829852612
7	0.46679256804886976	0.37224008942692266	1.2540093915395145
7	0.1950130655554934	0.2420704831408872	0.8056044794275642
7	0.37778199293717973	0.35508460362674993	1.063921074241474
7	0.3708003761712982	0.3398304625728024	1.09113342389622
7	0.47829910509250856	0.3205382999593703	1.4921745861668798
7	0.3784204644301454	0.3373837046880831	1.121632311139631
7	0.46452833776454994	0.34166874289068844	1.3595868730467056
7	0.41971916997878755	0.36336383295878183	1.155093413015594
7	0.23271836099581997	0.28224724478187324	0.8245195136472271
7	0.2882373315469324	0.29935498760451335	0.962861296728188
7	0.44562630120458235	0.365183013720628	1.2202821173536156
7	0.23657725884503442	0.29031957793511015	0.8148856530024036
7	0.43374363262635013	0.3576876139050279	1.212632520010929
7	0.41044976064720573	0.25988915387124306	1.579326241719787
7	0.49732138945069837	0.38614589732889676	1.2879105873993237
7	0.29928917597728066	0.3020708572356199	0.9907912955132594
7	0.3156876850976677	0.27109578003839396	1.1644876399513058
7	0.23371440308627212	0.30291504262493374	0.7715509968108611
7	0.2752954770955624	0.3190463166069463	0.86286994322118
7	0.3571489942583018	0.34847971845275316	1.024877418531099
7	0.4180040563027144	0.33374170434528294	1.252477742099187
7	0.3335734019965836	0.33591673605518446	0.9930240627897268
7	0.39208916783128456	0.3407923350894578	1.1505222608024954
7	0.44723482620004357	0.38036835839171634	1.1757939805799142
7	0.32306036105358976	0.32166046205168164	1.004352101570019
7	0.40045211607449555	0.3519853434985555	1.1376954281510843
7	0.4264821410129783	0.3100776811855598	1.3754041870487241
7	0.4849604333814762	0.33779403497965416	1.435669026573208
7	0.3669983969266529	0.30166383234010163	1.216580702034216
7	0.20861334069304566	0.27438904582054974	0.7602830501822534
7	0.3686979429719754	0.3446733109118572	1.0697026178109332
7	0.4445228809330949	0.3508873660955388	1.2668534803047347
7	0.30961552144545096	0.3134246387277716	0.9878467841654622
7	0.38301613772149745	0.3280084779526758	1.167701945120937
7	0.21575954634794228	0.27847686814133876	0.7747844472253803
7	0.31877679323448277	0.33153395539938285	0.9615207976222763
7	0.4685997509889986	0.378618151448434	1.2376579125864218
7	0.4193669776019022	0.31835138677248204	1.3173084680218892
7	0.5567387248028328	0.3796410312055998	1.4664872314639863
7	0.4276782492354911	0.3610091545683373	1.1846742494573876
7	0.27752196989517136	0.3165534258285335	0.8766986778576069
7	0.5416643308250401	0.3553698172237602	1.5242271700412269
7	0.39150118056728206	0.32604247232023204	1.200767426958896
7	0.3123825349136196	0.33236671488656555	0.9398731007713381
7	0.4701119309754433	0.3663648365783261	1.2831797269794392
7	0.4103272268215028	0.3433020905128025	1.1952366098574654
7	0.4568323076744788	0.3538756609228598	1.2909401750974394
7	0.280011248032055	0.3502234735083736	0.7995216460708199
7	0.36305835102440354	0.32686420406839023	1.1107314490406552
7	0.4687334435543811	0.292768630767367	1.601037113593072
7	0.40512903863735356	0.35392646122437543	1.1446701024722696
7	0.4912245790845499	0.3383071456124551	1.4520076961285
7	0.492927561726688	0.3675784321787959	1.341013287436082
7	0.3701718793232837	0.3029914841643052	1.2217237073321445
7	0.25325613859021595	0.2971814424853433	0.852193651367401
7	0.25896501842281117	0.31100363582943047	0.8326752120828587
7	0.36464323103066953	0.32701616430760133	1.11506179458357
7	0.4842694468431973	0.37045394802344905	1.3072325168270145
7	0.24770187470010988	0.2643516256281197	0.937016650121032
7	0.2298771837218181	0.2609311131875925	0.8809880160077015
7	0.3534290983380364	0.29499024424738773	1.1981043618569298
7	0.5619636446746203	0.3985317152611767	1.4100851278707869
7	0.4590311720884525	0.32645681229685236	1.406100760645326
7	0.22410421858400217	0.30213602152421565	0.7417328706899672
7	0.269710221716283	0.2851764775868571	0.9457660182864714
7	0.3495145347008949	0.33394546639255224	1.0466215890771855
7	0.3017020561843154	0.2916241256684499	1.0345579450697544
7	0.3636588437148602	0.2737571746853174	1.328399316412015
7	0.38195081404569203	0.35191550214139483	1.0853480785061564
7	0.3021638781903053	0.32950035448950116	0.9170365800014129
8	0.058294411339638544	0.2700584464829794	0.21585850062761355
8	0.2665578969472755	0.3069567282363734	0.8683891650747966
8	0.48890347218266117	0.34522120509791865	1.416203480443759
8	0.457731437316718	0.3630359845083523	1.260843158389956
8	0.16853999382033946	0.22593101452135828	0.7459798920364987
8	0.36420905376711454	0.34390552860810775	1.059038088864641
8	0.355639589795706	0.3280827338292176	1.0839936184536703
8	0.4667135197775596	0.31095171259432447	1.500919599006827
8	0.3580676772729913	0.323404614230616	1.1071817207210826
8	0.4513502267791297	0.32790922374798487	1.3764487062005173
8	0.4161416312380462	0.3553032992589641	1.1712292908790016
8	0.2300687195476277	0.27617579388790764	0.83305171792502
8	0.2839221229539925	0.29452358911166693	0.9640046958898937
8	0.4337956161603196	0.3544508546925396	1.2238526453451657
8	0.22651808991424516	0.28203102940744745	0.8031672628014157
8	0.42481499869463357	0.3485949236557331	1.218649411872028
8	0.40779822207817384	0.25178648972889595	1.619619156362437
8	0.4824258172735284	0.37319698278305374	1.2926841307127377
8	0.2988420241257248	0.29621653008955995	1.008863428504044
8	0.31382145944472856	0.267347275350291	1.1738345155511491
8	0.22088027657345527	0.2922045681697352	0.7559097311755604
8	0.2594587047844417	0.30649226895141474	0.8465424125447393
8	0.3504441833750538	0.3399106715345171	1.0309890589577062
8	0.3989550741833638	0.320698929781976	1.2440174791184662
8	0.31933879892365696	0.32573994120335736	0.9803489180477741
8	0.37207286075400786	0.3268725277315884	1.1382812233750512
8	0.4374488857073825	0.3697887097557371	1.18296982619166
8	0.32145648987621583	0.31261070977991545	1.0282964716804743
8	0.3902589277642252	0.3423757219245642	1.1398557280010968
8	0.42041060416325804	0.30046033907032305	1.399221625935996
8	0.4843924834772232	0.3342991599648277	1.4489790627298829
8	0.36326724648851455	0.2955383426228824	1.2291712921732685
8	0.20604698435749338	0.26834932196982847	0.7678312091306868
8	0.36194868052095375	0.3365346676094202	1.0755167754099821
8	0.4408943682241726	0.34308352480467524	1.2850933849860122
8	0.31075088357957525	0.30905070325831907	1.005501298988584
8	0.3770510355822724	0.3222582962396495	1.1700273972213764
8	0.21666949242759234	0.27316044267465145	0.7931949820628208
8	0.3069959954938849	0.31927055502979956	0.961554364025931
8	0.4583853432821687	0.3697942072092018	1.239568750255865
8	0.40936427908804185	0.30718833209454227	1.332616627385617
8	0.5524852191306866	0.3727771150821053	1.4820792285197015
8	0.4095313209808883	0.34736176303252164	1.178976400296961
8	0.2614218054117208	0.30497430073073634	0.8571929004684616
8	0.5219798483539262	0.3392836820161949	1.5384761367008823
8	0.37723340369843916	0.3133845671033879	1.2037395688792392
8	0.3064236950693948	0.32503907457274595	0.942728794906211
8	0.4579432634187095	0.35473660512634403	1.2909388453317556
8	0.39582264012650276	0.32919058246386146	1.2024117979436917
8	0.44852161165087556	0.3445599207731465	1.3017231100020366
8	0.26185702856990134	0.3381420098914243	0.7743995744686747
8	0.35847598598758895	0.32236261112583037	1.1120271818609329
8	0.45996126189660896	0.28549977807545557	1.611073973497256
8	0.39263548983950664	0.34068675859729797	1.1524823901465853
8	0.476464384828925	0.32485719346064074	1.4666887309874295
8	0.4799759172104133	0.35512813091442436	1.3515570168280295
8	0.3598132429029596	0.2926140048838623	1.2296514756556798
8	0.24613684922118734	0.28823720735136427	0.8539385025374044
8	0.2552170165538749	0.3032947729215757	0.8414817508901399
8	0.3591971612211948	0.31902000998975916	1.1259392827199943
8	0.4726705783128077	0.35867193675929804	1.317835408544977
8	0.2364061639689458	0.25182212379740526	0.9387823452681947
8	0.2099237054608072	0.2464798807442554	0.8516869808072551
8	0.35349758949962656	0.28859811642020783	1.2248783667905965
8	0.5450118658750719	0.38547597683849927	1.4138672670214478
8	0.42991292757758076	0.30854720044365647	1.3933457408118237
8	0.2164148133807733	0.293106708381175	0.7383482096879661
8	0.2697083571583077	0.2795249281145085	0.9648812325168387
8	0.341816687274825	0.32314528481522353	1.0577802101314209
8	0.28668019747175677	0.27936516136210865	1.0261844965706604
8	0.3636484913707026	0.27100620522474245	1.3418456270000643
8	0.37550545560250753	0.3443804645164381	1.0903796652048008
8	0.28602944939290703	0.3184293380670926	0.8982509310515887
9	0.01075931877604984	0.20396196280554302	0.052751594601527514
9	0.21455717266416488	0.25325635847333705	0.8471936260852205
9	0.4062833631341578	0.27691974165606686	1.4671520372814735
9	0.3815464505614803	0.2973456149530051	1.2831749700488537
9	0.1347701414007057	0.19332404973008452	0.6971204130519162
9	0.3367379567678861	0.28634238697353154	1.1759975892043288
9	0.33442086670501375	0.2524472634435036	1.3247157530778915
9	0.5589672867770987	0.2996382708662448	1.8654736097666762
9	0.4105668146844635	0.29107849444266914	1.410502055366817
9	0.37477301812835223	0.2719047087966892	1.3783248542730482
9	0.28674541263837555	0.28742590212106284	0.9976324698725285
9	0.13975892716636745	0.2091729564991499	0.6681500778373108
9	0.08669790529418667	0.15847602253183757	0.5470726985009307
9	0.35844375074625334	0.2416257478338155	1.4834666998849084
9	0.25839726462905405	0.22962998454187467	1.1252766712699642
9	0.35088242177691664	0.2721620089216232	1.2892410045296339
9	0.37829811121823054	0.21854014465722546	1.731023431926346
9	0.4467170798640677	0.30339511737494107	1.472393767339396
9	0.17341917807614277	0.23076743948241063	0.7514889382362844
9	0.315455703092716	0.23531285948245537	1.3405799571962447
9	0.20606414839617657	0.24348152115371977	0.8463235625428835
9	0.08427973310504461	0.2112160312490459	0.3990214786569394
9	0.3406013775222827	0.2882752120342271	1.1815146197233317
9	0.3686306505145329	0.2617836991742062	1.4081497498789048
9	0.2086015522608035	0.23470188993599597	0.8887936621119237
9	0.21364780709611067	0.24150197762631329	0.8846627642391293
9	0.4109087908234048	0.30683477243181545	1.3391858672560217
9	0.24203293230716397	0.23810978509254316	1.0164762116479003
9	0.30424382958205104	0.2684074709964121	1.1335147581868836
9	0.3716797655475728	0.24372562753711308	1.524992547166488
9	0.4216222164021636	0.23462031931934318	1.797040501970722
9	0.2791213911195552	0.15535893645499352	1.79662269508658
9	0.124469948839855	0.18682423333138118	0.6662409186450416
9	0.23825527468148014	0.25703674540149546	0.9269307946975505
9	0.3424477409338105	0.27074796855609234	1.264821090847312
9	0.23670065392597203	0.24711820711181332	0.9578438460379098
9	0.3098033647526311	0.23467347240786673	1.3201465064367703
9	0.18859524058066085	0.2228293962099856	0.8463660710319215
9	0.23283948704046437	0.2507423265253015	0.9286006485904141
9	0.3106016174564029	0.26946063032381823	1.1526790280388806
9	0.39287901190921126	0.2474406438352638	1.5877707308698024
9	0.3934192985279496	0.22176780958009812	1.7740144490440772
9	0.341999770538963	0.29629916192131933	1.154238062373525
9	0.29605640769777053	0.27876350534828054	1.0620343123031282
9	0.5089768061635478	0.2831745803038152	1.7973958171579936
9	0.3534083475532874	0.2666984495605086	1.325123367367406
9	0.20509646554026859	0.240880382197936	0.8514452844554893
9	0.3879648246718069	0.2651134700208291	1.4633915984779113
9	0.31269468344070966	0.2722599556286523	1.1485151487617522
9	0.3169278420050736	0.25879714526975245	1.2246187711024776
9	0.22380585440659534	0.2722715994866214	0.8219948567114231
9	0.2932737635616319	0.25160202962385014	1.1656255873614445
9	0.3554314628896726	0.1933489757940782	1.8382898664444778
9	0.3561063520797278	0.30049804202430197	1.1850538182572539
9	0.46398449441328216	0.2697866987200255	1.719819756180003
9	0.43184757909274624	0.28031584231592227	1.5405750011304902
9	0.34281655527789195	0.24710340704771164	1.3873404635481197
9	0.2864700427851089	0.2537972823477823	1.1287356591649969
9	0.2270874347211912	0.2544010110742136	0.8926357397807098
9	0.21546661595211997	0.22600350740789077	0.9533773100399109
9	0.3743901470469022	0.2811122846832658	1.3318170974588828
9	0.1636248450545573	0.2012299364230086	0.8131237725514108
9	0.2949831879624931	0.24211252236546052	1.2183722885560877
9	0.3930041949789842	0.2696614889646206	1.4573982977248414
9	0.4895559605741044	0.3111157384217091	1.5735493262334557
9	0.466250723908878	0.2559168549363203	1.8218836114756685
9	0.12595807568120929	0.21135390668491416	0.5959581143157541
9	0.12782908597918996	0.165797421074207	0.7709956231585574
9	0.26847743201021496	0.26592951911451057	1.0095811585873897
9	0.322631133809643	0.23179136794492752	1.3919031440648753
9	0.23533263166065732	0.18270800925034394	1.2880258102873194
9	0.2900688582063243	0.23581803100704615	1.230053770560306
9	0.3111487525391625	0.2860975812878064	1.0875616324283264
10	-0.0004863925101321537	0.19590535831721922	-0.00248279329524292
10	0.20998512823864776	0.24550151463512537	0.8553312941907363
10	0.3999302261937445	0.26976388551292746	1.4825195204811035
10	0.37598113788614174	0.2914705830752047	1.2899454000444766
10	0.10672850059421644	0.1793294921220115	0.5951530857043912
10	0.32533274789872785	0.27617689788944355	1.1779868279531545
10	0.32945314795592695	0.246407587551585	1.3370251753589224
10	0.5478177025583434	0.2877965899464251	1.9034892062491868
10	0.38858335100963787	0.2782036778935812	1.3967584970543747
10	0.35856177446737286	0.2605223338963683	1.3763187558806498
10	0.2836791401186644	0.28192628516044044	1.0062174229594323
10	0.13269817515252694	0.20156429311367188	0.6583416789882125
10	0.08512718092624233	0.15658468991570432	0.5436494523958225
10	0.35148504664400726	0.235497683198031	1.4925201890349045
10	0.25255714358300585	0.22485129781495683	1.1232185272546205
10	0.3437450710203817	0.2652719375221583	1.2958214661951135
10	0.376856279802	0.2153630615672483	1.7498649817639436
10	0.4421994185995705	0.2962746457383822	1.4925320980386674
10	0.1657786810670818	0.225990589266319	0.7335645329537135
10	0.3138262818951704	0.23214219939407446	1.3518708908345984
10	0.1847791027843472	0.23219098528185989	0.7958065321099407
10	0.07854907554229369	0.20247561561345026	0.3879433842159695
10	0.33420980592077887	0.28130764938369657	1.1880580092755497
10	0.35208574763440104	0.2507222628111749	1.4042859365048308
10	0.2060519120754067	0.23071493185240133	0.8931017616459578
10	0.20251879740389436	0.23323559164144525	0.8683014285196573
10	0.40707757460452443	0.3006619058482581	1.3539379837829324
10	0.23086899453078355	0.22931196116499622	1.0067900224562076
10	0.30104399637490886	0.26370658184385826	1.1415869648379056
10	0.36625438613232775	0.23745124897305772	1.5424403439288061
10	0.4217105252035481	0.23216352633665047	1.8164374562093943
10	0.27978872403917354	0.15623071101624295	1.7908689157158386
10	0.1209821623496274	0.1832192467318242	0.6603136106476168
10	0.23676358473670028	0.2529339991046711	0.936068640731533
10	0.3411196704968997	0.26607169130184816	1.2820592406048656
10	0.23273610790576135	0.24108336630766586	0.9653760500786608
10	0.3092440557384332	0.23228304827519083	1.3313242530383234
10	0.18556165307650457	0.21719338552980985	0.8543614374989158
10	0.219962025907804	0.24116027321619157	0.9120989248117823
10	0.3060074483848836	0.2653842419636399	1.1530731671204857
10	0.3781633475893582	0.23762746664756934	1.5914126128787158
10	0.3930672695481322	0.21996975465168878	1.7869150700764966
10	0.3326485169097748	0.2882219249741689	1.1541402235086298
10	0.285162997902559	0.2697489706654826	1.0571421169802773
10	0.49969433463166696	0.2720173676002408	1.8369942295964803
10	0.3452367166982316	0.2596951648954243	1.3293921619112687
10	0.19935997948600492	0.2347342425789024	0.8493007977691752
10	0.3769230490145865	0.2566280028675409	1.468752610014801
10	0.29900764274389985	0.26083068825012545	1.1463668050331728
10	0.3045585650719195	0.2499541442692323	1.2184577533704395
10	0.2117270960049983	0.26303644905346285	0.8049344369075033
10	0.2930881786545891	0.2495074574927024	1.1746670083524913
10	0.3489410191549825	0.18990813022948339	1.8374201185242838
10	0.3477210870108344	0.291863191970175	1.191383828373834
10	0.45161953646684067	0.25970851496483094	1.7389477450440847
10	0.4250139968045283	0.27179016946416623	1.5637577975776038
10	0.3360641385608544	0.23931252103974474	1.4042898261267376
10	0.2779938456169394	0.2461133820552788	1.1295356769933786
10	0.2292541881957658	0.2501215654130468	0.91657105942536
10	0.2118355953510508	0.21947888668789622	0.9651752774392629
10	0.36816847814169174	0.2746390037582942	1.3405542297470299
10	0.15096922985641884	0.19042572638560992	0.7927984979860749
10	0.2708741467020851	0.2276820436095687	1.18970359896533
10	0.3762888386669552	0.2580534944867043	1.4581815271110108
10	0.48234665303957974	0.30295398667752244	1.5921449271206018
10	0.4543480238064506	0.24454710083643572	1.8579162143097308
10	0.12299186103893579	0.20438333490099844	0.6017704970833948
10	0.12691902170017655	0.16333642403351684	0.7770405312297801
10	0.2678704954959489	0.2595661829887446	1.031993044747144
10	0.2971829249679151	0.2200245493739442	1.350680757276934
10	0.23583438455044642	0.18195403002259067	1.2961206988444618
10	0.2897959570449282	0.23265862291615577	1.2455844249940535
10	0.29334316111707925	0.276504693185324	1.0608975845501092
11	0.0035345285943340797	0.2116303942995352	0.01670142233601576
11	0.22749420327808909	0.26364230643838443	0.8628895959505517
11	0.4755217357848791	0.28846081656227385	1.648479476179469
11	0.41882273124408725	0.29371270410591566	1.4259605573378797
11	0.1355211034398753	0.19923290411896008	0.6802144657739715
11	0.3156594754983357	0.27550572527932893	1.1457456108336614
11	0.35552534706179756	0.23149024878994928	1.5358113308020842
11	0.6049494957884035	0.2829816226277225	2.1377695490291506
11	0.38948446962341676	0.29328876424823525	1.3279897394697429
11	0.34706460118794086	0.261810612174619	1.3256322893300456
11	0.2434779033178657	0.2673288854697312	0.9107803778482214
11	0.06521871011251358	0.16589182336039968	0.3931399920225487
11	0.09085382765132008	0.1388669048384046	0.6542511173345733
11	0.4191366997389483	0.24911021820907087	1.6825351555317543
11	0.2609474061975909	0.21291716575421643	1.2255818138158892
11	0.36687704462487836	0.2630584264083728	1.3946599226414333
11	0.3144803265895268	0.125831275304508	2.4992222786306
11	0.4829885584512244	0.29802000507411874	1.6206581780679563
11	0.11099551952125732	0.21793665750809602	0.5093017429485629
11	0.3303426751711167	0.18430965907791036	1.7923242700561672
11	0.22368757706552705	0.24677520906014472	0.9064426605794479
11	0.10199474504287817	0.21245429797822407	0.4800785204794131
11	0.3366017685413281	0.28107558176933617	1.197548952571623
11	0.40577968909381384	0.27779387121947546	1.4607222517635068
11	0.16044786694906532	0.22803365947194204	0.7036148405486047
11	0.1904208522462225	0.21955295788093973	0.8673117141490977
11	0.4414962155734714	0.2889514389966008	1.5279253050498396
11	0.19754619633595563	0.22620722454849257	0.8732974675333908
11	0.2321351653508343	0.2554387948736384	0.908770202528038
11	0.38699446497170087	0.24864531346335098	1.5564116595696136
11	0.40532032646062616	0.22893250329900167	1.770479598221358
11	0.2537480906082981	0.14458863533306182	1.7549656653428263
11	0.09160495046986679	0.1714422160730388	0.5343196825619702
11	0.2540486062428162	0.2553640437885878	0.9948487753943127
11	0.33884907383470875	0.25346546278743937	1.3368648734556534
11	0.27207218686245777	0.25193071151038077	1.079948471670343
11	0.3523397749879876	0.2329054851175799	1.5128015332490452
11	0.22197870790789767	0.2410632370792664	0.9208318555637193
11	0.18928458033644585	0.24557113491818178	0.7707932791022478
11	0.35186288153157547	0.2614821535519944	1.3456477880109294
11	0.43793978348338586	0.25384393531679617	1.725232406820509
11	0.47001552900611576	0.20509197019484765	2.2917305273316035
11	0.3273324134225294	0.2849031335935664	1.1489252831086485
11	0.2846865685408334	0.27409684647337973	1.038634964990311
11	0.534311248310422	0.29460946494219176	1.8136255344520738
11	0.3554830350286176	0.26612504015096144	1.335774472131473
11	0.2091527182562269	0.23232580108017403	0.9002560941737578
11	0.4266729761707452	0.27240195846308907	1.5663359345067267
11	0.32608470041781146	0.2699598836568429	1.2079005813779025
11	0.3946397464327655	0.2454376242889396	1.607902405248915
11	0.2673769182163745	0.2706864869934268	0.9877734244741494
11	0.2608311940615639	0.20882019056601991	1.2490707596548254
11	0.33434890854236043	0.15425984348466046	2.1674396977824495
11	0.38223336840968863	0.29893420269979837	1.27865384742723
11	0.4656631542196967	0.26669755285364816	1.746034597007465
11	0.4632329878701099	0.2944426384892936	1.5732537591934186
11	0.3318661401220739	0.1926330899090869	1.722788853559365
11	0.2409014121943233	0.22582012716466257	1.0667845033080856
11	0.15261506711116218	0.22189397274851932	0.6877837429326055
11	0.16353949961893022	0.21238323138253015	0.770020771199088
11	0.4006739262390311	0.285160756222555	1.4050808798049452
11	0.048961974150493075	0.1796376291290585	0.2725596768777043
11	0.3349850912901353	0.2454991662834541	1.364506024038226
11	0.30966354726666756	0.23453375456286957	1.3203368011731487
11	0.5538701190394424	0.29913419911346395	1.8515773879447168
11	0.471542377591187	0.2542604564349169	1.8545643479244198
11	0.11054967816291285	0.21831881580050402	0.5063680734872218
11	0.07070831266075768	0.1570663700625098	0.45018110899626024
11	0.3634722500386341	0.27422872406477633	1.3254346395630578
11	0.28233169277396397	0.2220204424776284	1.2716472844720719
11	0.23724592610611736	0.1513411142965649	1.567623756497624
11	0.3298471711944749	0.2130205121735749	1.5484291528024607
11	0.2744849407577107	0.2797597151436056	0.9811453397313217
12	-0.01972031070387317	0.1919066089968909	-0.10275993519427286
12	0.19031011708633003	0.2386460707336164	0.7974575759881655
12	0.4478663079189532	0.263526807310107	1.6995094825093957
12	0.4008863298251658	0.27402482866128347	1.4629562283959796
12	0.1072633123190348	0.17129708718499895	0.6261829321311904
12	0.2778998468235672	0.2476584350456414	1.1221093550573094
12	0.3302246304662774	0.21213254174481977	1.5566901134080313
12	0.5803276216912109	0.2554523301682213	2.2717648388998906
12	0.35392146529802004	0.26633254937144957	1.3288704896689578
12	0.31445068014810845	0.23521927521408292	1.3368406133464772
12	0.22006744849602777	0.24839780921762017	0.8859476224414995
12	0.058941866268184435	0.1542040034493239	0.382233048103414
12	0.08974523724981014	0.13578618355463323	0.6609305519931736
12	0.39871118262448163	0.2305001613350874	1.7297653082544227
12	0.25097050182238684	0.1960487147104331	1.2801435714234295
12	0.343686155147251	0.2430135789186452	1.4142672877646414
12	0.2968180524003593	0.11936943117214975	2.486549944032994
12	0.4639950742048734	0.2723476106810862	1.7036869647745971
12	0.08783968700116353	0.19839089322170458	0.4427606810711894
12	0.31922341418599237	0.16484935768719994	1.9364553108645757
12	0.20169358743913324	0.2262724947559306	0.8913747455548698
12	0.08044552856285048	0.18974944763241572	0.4239565888944787
12	0.31985391660554163	0.2613521385390746	1.2238427372107403
12	0.37424897435537674	0.2505072507106172	1.4939646389225851
12	0.1324388985738979	0.21005365427743825	0.630500331115273
12	0.16844300631560855	0.20260299610752958	0.8313944490051325
12	0.4323917838201361	0.2685628166330194	1.6100210343376857
12	0.1850012399060081	0.20568060250650227	0.8994588583051218
12	0.21452560523857883	0.23784338809434652	0.9019616099375523
12	0.35261647154422404	0.22271105277727293	1.5832912967138002
12	0.3968107312863863	0.21393820724853904	1.8547913268498049
12	0.2478133420635349	0.14305370760744332	1.73230981711823
12	0.08780412725290912	0.16060280895497162	0.5467160121559695
12	0.23490611194319563	0.23528879699985977	0.9983735517307083
12	0.32579728823254256	0.23636140446344284	1.3783861581467818
12	0.25810835633912294	0.2343567771251143	1.1013479512108522
12	0.3380537429391976	0.22086182256741665	1.5306119410293686
12	0.18940925400972466	0.21798263169655274	0.8689190167838499
12	0.17523028804157093	0.22623535030450523	0.7745486627342579
12	0.3359113138032504	0.2472724654465041	1.35846631041871
12	0.4273702491382298	0.23278938036007069	1.8358666038682179
12	0.46483737386025953	0.19831217993122613	2.3439678491833598
12	0.3023544493941799	0.262856156129744	1.1502658101906496
12	0.2574679036641876	0.25215214464765556	1.0210815538529723
12	0.4969336562726367	0.2634948230579998	1.8859332813656566
12	0.32891201141631454	0.24261685582018896	1.355684914407108
12	0.17301200470834374	0.2053492949335447	0.8425254382506354
12	0.3813583925339209	0.250613648080573	1.52169842087496
12	0.30906454172775066	0.25160342406671155	1.2283797125344509
12	0.3725121689251088	0.22470666080831078	1.657770924925477
12	0.22187192428512034	0.2470704340376381	0.8980108249266318
12	0.25122626360040284	0.19779694108302784	1.27012208694849
12	0.32414625322527924	0.15608112144059055	2.076780652480509
12	0.34081700227797057	0.27344406569575486	1.2463865376298846
12	0.42240033626578777	0.2341123464451531	1.8042633918273336
12	0.4331836532178531	0.26801663341733334	1.6162566020420657
12	0.30231921640066256	0.1720325658799154	1.7573371347125737
12	0.2374997948010083	0.21202219830181465	1.1201647596490163
12	0.16579334258848802	0.21122382196497502	0.7849178234071522
12	0.13917980265234495	0.1869204154007723	0.7445939083429294
12	0.3771904732588849	0.26036674531439913	1.448689128112034
12	0.043193964423121844	0.16072439798716684	0.26874553561289866
12	0.28701812675522836	0.2157243967845574	1.3304852442900632
12	0.27995120031915904	0.2107153135140434	1.3285754872319773
12	0.5259257040317532	0.27423514911875285	1.9177910115526804
12	0.45496681662666744	0.23651868915189814	1.9235977429862912
12	0.09463807304508251	0.19907485787741772	0.4753893789207516
12	0.07159722326519975	0.1426121637166836	0.5020414907064754
12	0.3400699441674254	0.25298825081337367	1.3442124014616428
12	0.23797900385501236	0.18793102956435678	1.2663103288832709
12	0.240096002633234	0.14691766642370857	1.6342214553068135
12	0.32914842579657566	0.201887361320288	1.6303567674768504
12	0.25235472452596175	0.261051159712098	0.9666868548075894
