0	1.0	0.9999908745262873	1.0000091255569876
0	1.0	0.9999908745262873	1.0000091255569876
0	1.0	0.9999908745262873	1.0000091255569876
0	1.0	0.9999908745262873	1.0000091255569876
0	1.0	0.9999908745262873	1.0000091255569876
0	1.0	0.9999908745262873	1.0000091255569876
0	1.0	0.9999908745262873	1.0000091255569876
0	1.0	0.9999908745262873	1.0000091255569876
0	1.0	0.9999908745262873	1.0000091255569876
0	1.0	0.9999908745262873	1.0000091255569876
0	0.9994715756181195	0.9997305251986879	0.9997409806202358
0	1.0	0.9999908745262873	1.0000091255569876
0	1.0	0.9999908745262873	1.0000091255569876
0	1.0	0.9999908745262873	1.0000091255569876
0	1.0	0.9999908745262873	1.0000091255569876
0	1.0	0.9999908745262873	1.0000091255569876
0	1.0	0.9999908745262873	1.0000091255569876
0	1.0	0.9999908745262873	1.0000091255569876
0	1.0	0.9999908745262873	1.0000091255569876
0	1.0	0.9999908745262873	1.0000091255569876
0	1.0	0.9999908745262873	1.0000091255569876
0	1.0	0.9999908745262873	1.0000091255569876
0	1.0	0.9999908745262873	1.0000091255569876
0	1.0	0.9999908745262873	1.0000091255569876
0	1.0	0.9999908745262873	1.0000091255569876
0	1.0	0.9999908745262873	1.0000091255569876
0	1.0	0.9999908745262873	1.0000091255569876
0	1.0	0.9999908745262873	1.0000091255569876
0	1.0	0.9999908745262873	1.0000091255569876
0	1.0	0.9999908745262873	1.0000091255569876
0	1.0	0.9999908745262873	1.0000091255569876
0	1.0	0.9999908745262873	1.0000091255569876
0	1.0	0.9999908745262873	1.0000091255569876
0	1.0	0.9999908745262873	1.0000091255569876
0	1.0	0.9999908745262873	1.0000091255569876
0	1.0	0.9999908745262873	1.0000091255569876
0	1.0	0.9999908745262873	1.0000091255569876
0	1.0	0.9999908745262873	1.0000091255569876
0	1.0	0.9999908745262873	1.0000091255569876
0	1.0	0.9999908745262873	1.0000091255569876
0	1.0	0.9999908745262873	1.0000091255569876
0	1.0	0.9999908745262873	1.0000091255569876
0	1.0	0.9999908745262873	1.0000091255569876
0	0.9983882828890931	0.9989412370598596	0.9994464597613429
0	1.0	0.9999908745262873	1.0000091255569876
0	1.0	0.9999908745262873	1.0000091255569876
0	1.0	0.9999908745262873	1.0000091255569876
0	1.0	0.9999908745262873	1.0000091255569876
0	1.0	0.9999908745262873	1.0000091255569876
0	1.0	0.9999908745262873	1.0000091255569876
0	1.0	0.9999908745262873	1.0000091255569876
0	1.0	0.9999908745262873	1.0000091255569876
0	1.0	0.9999908745262873	1.0000091255569876
0	1.0	0.9999908745262873	1.0000091255569876
0	1.0	0.9999908745262873	1.0000091255569876
0	1.0	0.9999908745262873	1.0000091255569876
0	1.0	0.9999908745262873	1.0000091255569876
0	1.0	0.9999908745262873	1.0000091255569876
0	1.0	0.9999908745262873	1.0000091255569876
0	1.0	0.9999908745262873	1.0000091255569876
0	1.0	0.9999908745262873	1.0000091255569876
0	1.0	0.9999908745262873	1.0000091255569876
0	1.0	0.9999908745262873	1.0000091255569876
0	1.0	0.9999908745262873	1.0000091255569876
0	1.0	0.9999908745262873	1.0000091255569876
0	1.0	0.9999908745262873	1.0000091255569876
0	1.0	0.9999908745262873	1.0000091255569876
0	1.0	0.9999908745262873	1.0000091255569876
0	1.0	0.9999908745262873	1.0000091255569876
0	1.0	0.9999908745262873	1.0000091255569876
0	1.0	0.9999908745262873	1.0000091255569876
0	1.0	0.9999908745262873	1.0000091255569876
0	1.0	0.9999908745262873	1.0000091255569876
0	1.0	0.9999908745262873	1.0000091255569876
0	1.0	0.9999908745262873	1.0000091255569876
0	1.0	0.9999908745262873	1.0000091255569876
0	1.0	0.9999908745262873	1.0000091255569876
0	1.0	0.9999908745262873	1.0000091255569876
0	1.0	0.9999908745262873	1.0000091255569876
0	1.0	0.9999908745262873	1.0000091255569876
0	1.0	0.9999908745262873	1.0000091255569876
0	1.0	0.9999908745262873	1.0000091255569876
0	1.0	0.9999908745262873	1.0000091255569876
0	1.0	0.9999908745262873	1.0000091255569876
0	1.0	0.9999908745262873	1.0000091255569876
0	1.0	0.9999908745262873	1.0000091255569876
0	1.0	0.9999908745262873	1.0000091255569876
0	1.0	0.9999908745262873	1.0000091255569876
0	1.0	0.9999908745262873	1.0000091255569876
0	1.0	0.9999908745262873	1.0000091255569876
0	1.0	0.9999908745262873	1.0000091255569876
0	1.0	0.9999908745262873	1.0000091255569876
0	1.0	0.9999908745262873	1.0000091255569876
0	1.0	0.9999908745262873	1.0000091255569876
0	1.0	0.9999908745262873	1.0000091255569876
0	1.0	0.9999908745262873	1.0000091255569876
0	1.0	0.9999908745262873	1.0000091255569876
0	1.0	0.9999908745262873	1.0000091255569876
0	1.0	0.9999908745262873	1.0000091255569876
0	1.0	0.9999908745262873	1.0000091255569876
0	1.0	0.9999908745262873	1.0000091255569876
0	1.0	0.9999908745262873	1.0000091255569876
0	1.0	0.9999908745262873	1.0000091255569876
0	1.0	0.9999908745262873	1.0000091255569876
0	1.0	0.9999908745262873	1.0000091255569876
0	1.0	0.9999908745262873	1.0000091255569876
0	1.0	0.9999908745262873	1.0000091255569876
0	1.0	0.9999908745262873	1.0000091255569876
0	1.0	0.9999908745262873	1.0000091255569876
0	1.0	0.9999908745262873	1.0000091255569876
0	1.0	0.9999908745262873	1.0000091255569876
0	1.0	0.9999908745262873	1.0000091255569876
0	1.0	0.9999908745262873	1.0000091255569876
0	1.0	0.9999908745262873	1.0000091255569876
0	1.0	0.9999908745262873	1.0000091255569876
0	1.0	0.9999908745262873	1.0000091255569876
0	1.0	0.9999908745262873	1.0000091255569876
0	1.0	0.9999908745262873	1.0000091255569876
0	1.0	0.9999908745262873	1.0000091255569876
0	1.0	0.9999908745262873	1.0000091255569876
0	1.0	0.9999908745262873	1.0000091255569876
0	1.0	0.9999908745262873	1.0000091255569876
0	1.0	0.9999908745262873	1.0000091255569876
0	1.0	0.9999908745262873	1.0000091255569876
0	1.0	0.9999908745262873	1.0000091255569876
0	1.0	0.9999908745262873	1.0000091255569876
0	1.0	0.9999908745262873	1.0000091255569876
0	1.0	0.9999908745262873	1.0000091255569876
0	1.0	0.9999908745262873	1.0000091255569876
0	1.0	0.9999908745262873	1.0000091255569876
0	1.0	0.9999908745262873	1.0000091255569876
0	1.0	0.9999908745262873	1.0000091255569876
0	1.0	0.9999908745262873	1.0000091255569876
0	1.0	0.9999908745262873	1.0000091255569876
0	1.0	0.9999908745262873	1.0000091255569876
0	1.0	0.9999908745262873	1.0000091255569876
0	1.0	0.9999908745262873	1.0000091255569876
0	1.0	0.9999908745262873	1.0000091255569876
0	1.0	0.9999908745262873	1.0000091255569876
0	1.0	0.9999908745262873	1.0000091255569876
0	1.0	0.9999908745262873	1.0000091255569876
0	1.0	0.9999908745262873	1.0000091255569876
0	1.0	0.9999908745262873	1.0000091255569876
0	1.0	0.9999908745262873	1.0000091255569876
0	1.0	0.9999908745262873	1.0000091255569876
0	1.0	0.9999908745262873	1.0000091255569876
1	0.940691964881179	0.8964128102871337	1.0493959413407559
1	0.9512540863421612	0.7875249745823579	1.2079033897898064
1	0.8785974885151109	0.8779975031762414	1.000683356543383
1	0.8254757310831033	0.859513023879565	0.9603993286304979
1	0.9761023825883995	0.9014466495308752	1.082817694309892
1	0.9661853363564724	0.893468557070514	1.0813870602502014
1	0.930187640841145	0.891842065243002	1.0429959261763404
1	0.9542886525918532	0.9034524015510572	1.0562688758738366
1	0.9238461109513765	0.8758712338736254	1.0547738928079389
1	0.8550210190769114	0.853375259973136	1.001928529195734
1	0.91820349646628	0.8790381084558175	1.0445548237712505
1	0.9297301268808875	0.8894207102787961	1.045320978178545
1	0.9272759287095983	0.88167567262718	1.051719988991576
1	0.9256784047739746	0.8700230591682226	1.063969966105221
1	0.8465407475689627	0.7023001245284719	1.2053831659752798
1	0.7355975354055921	0.7507062293735857	0.9798740261145819
1	0.895217471251426	0.8781573071490094	1.019427230136937
1	0.8591057372501115	0.8427768254124154	1.0193751315239423
1	0.9557258820419655	0.9030687796300032	1.0583090719109307
1	0.9455899127910303	0.8909286255848088	1.0613531607768711
1	0.9674229200220725	0.8955180334629056	1.0802941804322084
1	0.9380476372883868	0.895489406202346	1.047525108383498
1	0.9029273378711411	0.8889126621139506	1.015766088564721
1	0.8783591316669632	0.8477952717456337	1.0360509912474478
1	0.9094980780740778	0.8871786528745491	1.0251577572647983
1	0.9571977065638217	0.9072474151603035	1.0550569674477304
1	0.9707259414786886	0.9029438241552692	1.0750679228431863
1	0.976727640587761	0.9173869767907484	1.0646844410246603
1	0.8534812253258582	0.8437611742302552	1.0115199079934798
1	0.8681652381081542	0.8331687149554015	1.042004125364484
1	0.934328580004608	0.8661898319468196	1.0786649133304207
1	0.9066640136238515	0.8912695871181306	1.017272469214952
1	0.9504818710527205	0.852998151076834	1.1142836240064788
1	0.9587933799782338	0.7943415130027411	1.2070291735777947
1	0.9727675040848622	0.8988873475622309	1.0821906735287723
1	0.9630083652487856	0.8986050023468987	1.0716703810168915
1	0.9610250585628146	0.8599285374638121	1.1175638633847023
1	0.9603398844925051	0.8957412999921062	1.0721174567935723
1	0.870047580953045	0.8508493797458087	1.022563571960259
1	0.9353595990673078	0.8663649527125988	1.0796369314556018
1	0.8738125218590499	0.8411957529044487	1.038774291051736
1	0.9308661716745084	0.8795321929729792	1.0583650935254694
1	0.9479767385977521	0.9013659069357312	1.0517113319944376
1	0.9205976380207825	0.8934231368831494	1.030416160065471
1	0.925819054712079	0.8966049170857899	1.0325830664873477
1	0.8393960723489637	0.7690379860352478	1.0914884408720107
1	0.8349531539030959	0.8491953063855446	0.9832286490806597
1	0.8572420405112323	0.8621436708376189	0.99431460150763
1	0.9500196027922481	0.8996603180809672	1.0559758874535006
1	0.9644641166873047	0.8736746229468942	1.1039168259622543
1	0.9613575917016206	0.8959614449070598	1.0729899117493216
1	0.9054506968914995	0.8879316560798729	1.0197301680728124
1	0.8828717950727372	0.8722689446487628	1.0121554831099069
1	0.9535909014414979	0.900740486633365	1.0586744079925487
1	0.9625065078926405	0.8809522921462042	1.0925750650443866
1	0.8944338704879575	0.8228102408725979	1.0870475670543456
1	0.880206653722054	0.8696554940123824	1.0121325740851599
1	0.9012086016981986	0.8714588760448587	1.034137842267853
1	0.9658218347733755	0.905304937704664	1.0668469755860912
1	0.9394593367108979	0.8990036788116664	1.0450005476648405
1	0.9457199379766174	0.9054852162359968	1.0444344325221255
1	0.928870362739063	0.8985546551968502	1.0337383011338042
1	0.9334488678612057	0.880857456907426	1.0597047916679063
1	0.9772890945584389	0.9091722312944113	1.0749218474997284
1	0.8528167054942172	0.8511690055270306	1.0019358082313705
1	0.8927557209423351	0.8821315541525842	1.0120437442008943
1	0.9361243577081997	0.9052553797848075	1.0340997453455953
1	0.955124423141573	0.902126110092463	1.0587482309360028
1	0.9463286817221148	0.8861805539884979	1.0678734457249188
1	0.8866922249540188	0.8753350181577746	1.012974697185252
1	0.8578860334699787	0.851712104199129	1.0072488452851742
1	0.9671001581181159	0.897422135571045	1.0776424157431035
1	0.9626925178991911	0.8933957778181377	1.077565555828225
1	0.9350543507041241	0.8940108901393168	1.0459093519077955
1	0.894307771886815	0.8045022824360222	1.1116286322754274
1	0.9020603823811667	0.882117468845996	1.0226080020399784
1	0.8977159872476921	0.8704151177177174	1.031365343931019
1	0.9623602698410523	0.9044612025706533	1.0640149816330857
1	0.835712517167717	0.8527933029695023	0.9799707786842269
1	0.9716735341886359	0.9067455570426172	1.0716055090005443
1	0.9119192075968267	0.8744176489377051	1.0428874676816973
1	0.8716466465379042	0.8582251174169392	1.0156387046342348
1	0.9663711643365147	0.9100093946060462	1.0619353712879724
1	0.9620024719488607	0.9091866820394298	1.0580912489731569
1	0.9231371288085116	0.887976136003152	1.0395967767372916
1	0.9049926667376333	0.8764307120626723	1.0325889477420762
1	0.8529494828903387	0.8171760768975723	1.0437768640126874
1	0.8458214450868706	0.8553463539927427	0.988864266666468
1	0.9045113786853252	0.8593066294578587	1.052606075267901
1	0.9552855967400802	0.8798233846100062	1.0857697277090717
1	0.9121927392198872	0.872788568360366	1.045147441531626
1	0.957326359054559	0.8862208651331449	1.080234506677668
1	0.8944237239028805	0.8838818789145514	1.0119267576808737
1	0.856659866714749	0.8736468717628382	0.980556211442945
1	0.9625644805162892	0.9050850519762489	1.0635072122940648
1	0.9432033096401403	0.9026059708439362	1.0449779196100881
1	0.9511910419925169	0.9000144092611826	1.0568620148796783
1	0.9300260191032607	0.8860405165847363	1.0496427665498498
1	0.9527988128583857	0.9042448378670125	1.0536956064973568
1	0.9315591720647936	0.8857782647795558	1.0516843877362823
1	0.960442005893564	0.8977299761658488	1.0698562278108998
1	0.9205431850056496	0.8974243154963573	1.0257613584901646
1	0.941153298645439	0.8942086568371389	1.052498532025339
1	0.9161150614344686	0.8809969742980841	1.039861756806105
1	0.940460898434085	0.8834206846781032	1.0645674419280389
1	0.8988597202736542	0.8749758215065462	1.0272966385813775
1	0.9504218098177969	0.8961057739549411	1.0606134202474038
1	0.8693422232684103	0.8655879523211262	1.0043372495391332
1	0.9224350722708504	0.8781275227938202	1.0504568508866035
1	0.934204162710167	0.8960742690781026	1.0425521577260477
1	0.8883810977928807	0.8758907627836843	1.014260151539332
1	0.9805644760209405	0.8934745398456209	1.0974733272090411
1	0.9279244122314612	0.8599739225502695	1.0790145932328776
1	0.9366675525114914	0.8462503946165414	1.106844449905303
1	0.7768315966258301	0.8171558001182692	0.9506529801457656
1	0.8516632049903027	0.8504487860560764	1.0014279742109553
1	0.9555813373365194	0.8982195858768963	1.0638616128634326
1	0.9555861046208853	0.8617751165873881	1.1088578519242778
1	0.867206009937415	0.8553107126604419	1.01390757428955
1	0.8767914917931353	0.8562279902456504	1.0240163855675697
1	0.9601160885906552	0.8785198832148656	1.0928791788720769
1	0.9398429930728824	0.8944298257751019	1.0507733150092866
1	0.8516410109258183	0.8377878009557721	1.0165354639375772
1	0.9015333917269983	0.8651819946828626	1.0420158963865869
1	0.8349257808985749	0.8582299478736191	0.9728462435588698
1	0.8531211467075883	0.8388860410482641	1.016969057729863
1	0.9235729528434362	0.8870500232143225	1.041173472378445
1	0.9145830524370812	0.7594992348760835	1.2041921972262426
1	0.9359030045650268	0.8722890460478501	1.0729276136223396
1	0.929927279420979	0.8740142080267814	1.0639727259359202
1	0.9557091977981653	0.9069468488735982	1.0537653876686695
1	0.9453964502016514	0.881632525304613	1.0723248327017056
1	0.8986759900234521	0.8388216353086855	1.0713552824525565
1	0.7623518773969618	0.8205190102728335	0.9291093415903546
1	0.9300928108441895	0.8906217634419207	1.0443185300679472
1	0.93832804122383	0.837239859541033	1.120739810140206
1	0.9430396048685804	0.8055113316254465	1.1707341260682387
1	0.9017439514348664	0.8653993866966673	1.041997446840043
1	0.9198553654910896	0.8766363144636783	1.0493010046633222
1	0.9492657102106399	0.8756466956047896	1.0840738793115678
1	0.9578349908361995	0.8819348857003073	1.0860608944793277
1	0.9546637072555761	0.86401545387741	1.1049150833719088
1	0.9028118868816195	0.8853185961083289	1.0197593169850803
1	0.9538990555934965	0.9095916074207405	1.0487113643213961
1	0.8296985938059255	0.83257485625435	0.9965453407260405
1	0.9119549487981065	0.8885123934198992	1.0263840499601546
2	0.8842775078596677	0.7951892502230754	1.1120340316617714
2	0.9093221373170511	0.8767294534074161	1.037175303946917
2	0.8697830376701793	0.8477220705694138	1.0260238206207692
2	0.916265730109421	0.878881928105399	1.042535636253905
2	0.9075790060719378	0.8669586064952082	1.0468539089091493
2	0.9340041911121691	0.8849754646842818	1.0554012267960202
2	0.9283979053241718	0.8826154685340705	1.0518713283669738
2	0.908567094899464	0.8707572593603661	1.0434217861897264
2	0.9270523251683205	0.8468313668792175	1.0947307355710465
2	0.7810089527483693	0.7947348568354329	0.9827289517138849
2	0.8998932454113511	0.8534755917713992	1.054386621114274
2	0.8917981152951203	0.8399294372850087	1.061753613705661
2	0.8657606558844483	0.8422257529231055	1.0279436990375328
2	0.8684476796180208	0.846325600056834	1.0261389701076054
2	0.9360170831722234	0.8533561272374014	1.0968657202971321
2	0.8767091443465957	0.815235963127028	1.0754053844530767
2	0.9049562108116256	0.857357001090814	1.055518540888161
2	0.9063812091529251	0.8498383874039135	1.0665336169642072
2	0.8811596894664158	0.8606317158467061	1.0238522160428563
2	0.8832673558026134	0.8361508804809256	1.0563492503824048
2	0.864274465286201	0.7299862998594512	1.1839598434280276
2	0.9156960181625973	0.8595122070132493	1.0653670892523832
2	0.8647781778232796	0.8368676673381275	1.0333511636002484
2	0.9027992083206033	0.8753940641651518	1.0313060657791728
2	0.9209224574424908	0.8772978925029382	1.049726056921317
2	0.9319440367857468	0.8710956964234459	1.0698526472029797
2	0.9129751106047399	0.8706968454117514	1.0485568144823072
2	0.9575366915445244	0.8886452561463474	1.0775241131617896
2	0.903537573898434	0.8511127587488362	1.0615956165745466
2	0.8510753776295626	0.846763402581944	1.0050923020934426
2	0.933275553380146	0.8730270565450013	1.069011030509842
2	0.8526559314767137	0.8358416045128451	1.0201166427623192
2	0.9593020003584014	0.8883531075952928	1.0798656436911243
2	0.9465571479129927	0.8661294625212299	1.0928587340253322
2	0.799723718247481	0.8076289624631992	0.9902117871161927
2	0.8679595303417325	0.8503023171015202	1.0207658063315663
2	0.9703105312754637	0.8434452749504131	1.1504131448629067
2	0.8692214113419151	0.8510548530191517	1.0213459311797786
2	0.9444817991947836	0.8722542655437506	1.08280559523089
2	0.8905995832696026	0.8250571116878755	1.0794399207682028
2	0.8875986329714699	0.8416747435668209	1.0545625133172396
2	0.869406537542884	0.8421394182838061	1.0323783908781345
2	0.9587114012182516	0.8805120725044546	1.088811194253559
2	0.9144690137106337	0.8628245570483387	1.0598551075539238
2	0.8688289014646312	0.8542601509817075	1.0170542316250868
2	0.9207031966902319	0.8735963429891224	1.0539229062474407
2	0.8949832391605026	0.8594588020679295	1.041333496157231
2	0.8901542227043281	0.866564454144378	1.0272221742388938
2	0.9386633040250217	0.8783278203969702	1.068693581401967
2	0.9233057150484794	0.8305700165430047	1.111653077595383
2	0.9041497044627992	0.8401608583367001	1.0761626127796293
2	0.912313495284345	0.8371317413894227	1.089808748346037
2	0.892699173382313	0.8552732919909662	1.0437589735840156
2	0.8791962578341529	0.848721411800472	1.0359067717745352
2	0.9492482164082542	0.8845958207739993	1.0730869331687387
2	0.919980023963016	0.8598071445714783	1.0699841583911558
2	0.8764786810556702	0.8594937070358832	1.0197616036984873
2	0.9239950712395247	0.878607469747273	1.0516585654630357
2	0.8794902037935864	0.8072485379647297	1.0894912315493264
2	0.8271625421176371	0.8181067081362982	1.0110692577035199
2	0.9173054925641487	0.86764549995713	1.0572353485490011
2	0.9360549464043617	0.8818212822333938	1.0615018771531686
2	0.9033017355170356	0.8674199978714492	1.0413660484351712
2	0.9292089256452213	0.8804344789183752	1.0553981561316932
2	0.8878895658633956	0.8662811902790372	1.024943835589225
2	0.8793024171360301	0.8646016715701769	1.0170029113396875
2	0.8963976569290789	0.8565260439695627	1.0465503801550875
2	0.7601172016695067	0.782128475755277	0.9718572142965198
2	0.8586881338929014	0.8556358222014874	1.0035673023641771
2	0.9177373283375067	0.8501476546393303	1.0795034525230218
2	0.9033269942143566	0.8661953361397821	1.0428675340599876
2	0.9511522991240007	0.8891723479499009	1.069705216673688
2	0.9270854343211832	0.8637338228812907	1.0733462205156683
2	0.8943245539616729	0.8527114529011178	1.048800917261024
2	0.9099048004784155	0.8788193026500735	1.0353718878666
2	0.8672130514634709	0.8102186885467009	1.0703444190098867
2	0.8833906202806878	0.8238368190250793	1.0722883462845032
2	0.934102604379947	0.8738915126341135	1.0688999616947226
2	0.9260621465564878	0.87724255215752	1.0556511927959937
2	0.7968101069233878	0.7384678716904746	1.0790044326496673
2	0.9233744119394973	0.8702731099872779	1.0610168248827034
2	0.9214899247140501	0.8638087407467597	1.0667754113224477
2	0.9321445262420525	0.8718132980782082	1.0692020049439899
2	0.9448699994603661	0.8888285470194399	1.063050914182328
2	0.8564036353093449	0.8286643159642041	1.0334747361636591
2	0.8803455753320032	0.8605713877114086	1.022977974753706
2	0.9064357564959019	0.8525593584468087	1.0631937207835536
2	0.9218032087448481	0.8545687777776435	1.07867644210224
2	0.8539254654882651	0.8201643450446322	1.0411638480112124
2	0.8381492908105832	0.8330119509785457	1.006167186228244
2	0.9027667029685549	0.8639904774115215	1.0448803853408262
2	0.9036762509608438	0.8527615897149984	1.059705622133921
2	0.9100864337733207	0.8772228467533084	1.0374632137565087
2	0.8760375793513298	0.8619549592044256	1.0163380000271736
2	0.9122720442383138	0.8653061484789897	1.0542766231834586
2	0.8924543037582383	0.8328242114541166	1.0715998544278718
2	0.9151014673097849	0.8717082266246426	1.0497795470545987
2	0.9096050400437058	0.7877453540746049	1.1546942617164073
2	0.9440165774480622	0.8747296977855096	1.0792094744673255
2	0.9258277630640454	0.8620471023802388	1.0739874428064298
2	0.9222663329197889	0.8623134494370988	1.069525627278371
2	0.9463642006615125	0.8742127406818633	1.0825330684649745
2	0.933349124183503	0.8563992211945287	1.0898528409234685
2	0.8256077549595748	0.8202393032852187	1.0065449822422
2	0.9217628296124263	0.871751440257054	1.0573688634694145
2	0.8790156789685657	0.8516705307196272	1.0321076604891248
2	0.9173765754700153	0.8620642459669476	1.0641626534934479
2	0.8992429226541034	0.849022382703534	1.05915102001275
2	0.886022679734355	0.8557768397435426	1.0353431392229269
2	0.7782005373494391	0.7506820144356946	1.036658028811881
2	0.8931022199937761	0.8615380481500963	1.0366370027550784
2	0.9284873844747636	0.8812114875148009	1.0536487524615579
2	0.9297263531083726	0.8810097067824039	1.055296378633432
2	0.9445059048189535	0.8610331785132663	1.0969448429964317
2	0.8804859604168863	0.8495897202473364	1.0363660710967115
2	0.8918982850647647	0.8671559798065119	1.028532704420459
2	0.8917633357883817	0.854473224190412	1.0436410533908782
2	0.9373819368360436	0.8417082513092919	1.113666089619449
2	0.9416372347124817	0.8799891388647861	1.0700555190115455
2	0.885535090275933	0.8615190112579814	1.0278764353474725
2	0.9402131340851193	0.8675804010846417	1.0837187342056975
2	0.8666984479698208	0.8329010701015678	1.0405779018438908
2	0.7871326247593293	0.8038509929839974	0.9792021551623549
2	0.8965626436790185	0.8659832407594942	1.0353117721916942
2	0.8554287667034188	0.8172830146668525	1.0466738588126852
2	0.8422621951114593	0.8277846658431997	1.0174894871403695
2	0.8752547766049428	0.833373386100409	1.050255253171101
2	0.8895098704983209	0.8065552565423156	1.1028505031529146
2	0.9215382235804995	0.8371962809590848	1.100743331688948
2	0.8763049952558741	0.8558981868469409	1.0238425652986956
2	0.9131535754182337	0.8555184743539331	1.0673686224109014
2	0.8131488973614619	0.8275684627128626	0.9825759849473581
2	0.9153903933717267	0.8631511912886182	1.0605214968250456
2	0.9016653459242372	0.8591825407865404	1.0494456103574985
2	0.9188021946960323	0.8787454131948413	1.0455840575662947
2	0.9462268699214367	0.8830791921309655	1.0715085106218944
2	0.9357063321555279	0.8336483306141612	1.1224233262317924
2	0.8387989304740057	0.8120859515221598	1.0328942754172457
2	0.805233554480629	0.7520766689003242	1.0706801417706922
2	0.8703311080119155	0.8110569971528989	1.0730825466854856
2	0.9197691628892872	0.8634769669929597	1.0651924695714396
2	0.9507761037099194	0.8888752169296078	1.0696395687508673
2	0.9209175955075315	0.8804698743932869	1.0459387905146853
2	0.92782313644483	0.8855659702092488	1.047717694284929
2	0.9153932670994139	0.8724283233383917	1.0492475342806555
2	0.8671245450748746	0.85424395678681	1.015078348738356
3	0.8843150402370842	0.7951369822597404	1.1121543331111379
3	0.9093204004348483	0.8767165088418166	1.0371886365366874
3	0.8697770654525101	0.8477190006445483	1.0260204912137045
3	0.9162896601381416	0.8788832555626489	1.0425612893848406
3	0.907560270536837	0.8669198940848981	1.046879044683636
3	0.9339761947849112	0.8849402559168914	1.0554115812227498
3	0.9283946234222784	0.8825804627742838	1.0519093301748188
3	0.9084945267410045	0.8707212866500252	1.0433815512152074
3	0.9271013391599323	0.8468774018512223	1.0947291038033904
3	0.7809240718266107	0.7946150876143939	0.9827702544273522
3	0.8998852578009945	0.8534475582613319	1.0544118957165531
3	0.891801613202416	0.8399231353308488	1.0617657446132045
3	0.8657531321461969	0.8422185357811208	1.0279435744586751
3	0.8684417442026596	0.8462983510286533	1.026164996241682
3	0.936019205872439	0.8533127762695977	1.0969239321183102
3	0.8767014127935182	0.8152758258057308	1.0753433194552053
3	0.9050403805008143	0.8573540927508074	1.0556202952236526
3	0.9063012891458999	0.8497688293912444	1.0665268691900056
3	0.8811519946214987	0.8606387231757694	1.0238349389742016
3	0.8832682919066176	0.8361561065930597	1.0563437675597656
3	0.8640604972989344	0.7297804959291317	1.1840005345701134
3	0.9156884776121519	0.859498759541732	1.0653749844855844
3	0.8647736333224879	0.8368689546336211	1.0333441437089554
3	0.902788724500877	0.8753674784632621	1.0313254109985373
3	0.9208530292315491	0.8772479604080042	1.0497066631004355
3	0.9319422278919742	0.8710724136774614	1.0698791664834557
3	0.912784710943168	0.8706710998047026	1.048369138642493
3	0.957544227262036	0.8886208054153311	1.0775622418771649
3	0.9035297541036507	0.8511370008657714	1.0615561926982209
3	0.8510410426716252	0.8467333823305204	1.0050873869283958
3	0.9332699465268476	0.8730376301567788	1.06899166117187
3	0.8526639591005344	0.8358115504550316	1.0201629286366383
3	0.9593008481757737	0.888346994192908	1.0798717780852398
3	0.9465552804736277	0.8662718675166468	1.0926769250710293
3	0.7993319657773199	0.8074727982318378	0.9899181341187663
3	0.8679389555143185	0.8502863807669921	1.020760740318342
3	0.970305603214657	0.8434583757336153	1.1503894337058587
3	0.8688220715710951	0.8509757033510521	1.020971654243201
3	0.9444760617049257	0.8722419855567771	1.0828142618037808
3	0.8905904972224399	0.8250447556526536	1.0794450738832178
3	0.8875922484554046	0.8416915942256917	1.0545338156453123
3	0.8693124673618712	0.8421074324195076	1.0323058957741285
3	0.958759634266037	0.8804915481673201	1.0888913542232477
3	0.9145426832227429	0.8628245496214801	1.0599404984755607
3	0.8687996737890448	0.8542186476102099	1.0170694308999542
3	0.920699891381134	0.8735799037948141	1.053938955534155
3	0.8949638058960779	0.859406448006712	1.0413743205811836
3	0.8902753986308273	0.8665728511699936	1.0273520540469643
3	0.9386335731013691	0.878285306580401	1.068711460921433
3	0.9233000660184143	0.8305542529757538	1.111667374780595
3	0.9041358917805375	0.8401228054719206	1.0761949156619537
3	0.9124091153318836	0.8371304359893494	1.0899246713608821
3	0.8926913340648899	0.855276192993125	1.043746267437688
3	0.8791904110010705	0.8487119238383085	1.0359114633678324
3	0.9492466884475741	0.8845683532401869	1.0731185272121362
3	0.919977882039408	0.8598542857201155	1.0699230059299407
3	0.8764799841850376	0.8594759502874306	1.019784188134549
3	0.9240001088926812	0.8785852254301226	1.0516909255335192
3	0.8793682014721618	0.8071327775859054	1.089496333059734
3	0.8271432840552053	0.8180525642560014	1.011112635295596
3	0.9173011548000627	0.867613607812575	1.0572692112480344
3	0.9360423866518488	0.8817883586607831	1.0615272672384382
3	0.9033000600027175	0.8674057872962617	1.0413811773360881
3	0.9290870735106143	0.8803800182563992	1.0553250349214875
3	0.8879204130938841	0.8662743533024398	1.0249875339249332
3	0.8792772996728127	0.8645668552047517	1.0170148142731854
3	0.8963861237611586	0.8565053029520016	1.0465622579004534
3	0.7601013498687017	0.7821149909241842	0.9718537027023735
3	0.8586802370246179	0.8556147238881497	1.0035828195224805
3	0.9177341081430317	0.8501511497804186	1.0794952266783016
3	0.9033194539529159	0.8661661335046645	1.0428939888216622
3	0.9511317642551385	0.8891708197044299	1.0696839608066593
3	0.9270024283462984	0.8636766378596701	1.0733211803014144
3	0.894248089768678	0.8526523821533228	1.048783898908847
3	0.9099042151266282	0.878841026441369	1.0353456287891354
3	0.8672161364784359	0.810182033103245	1.0703966529061781
3	0.8831877404732552	0.8236653317197196	1.072265283557898
3	0.9340569664306304	0.8738418742386972	1.0689084535395987
3	0.9262253681553687	0.8772642204948429	1.055811175831277
3	0.7964707536149902	0.7382392287798941	1.0788789359396909
3	0.9233516060320142	0.8702315665096484	1.0610412694352394
3	0.9214876481820955	0.863777168008019	1.0668117684878895
3	0.9321303869650969	0.8717821833995096	1.0692239468926283
3	0.9448658506012848	0.8888092499696397	1.0630693263302107
3	0.8562622688952501	0.8286125618783982	1.0333686795118968
3	0.8802346502796485	0.8605263520129955	1.0229026086424315
3	0.9062942277678061	0.8524899447075363	1.0631142729533642
3	0.9217983166569652	0.8545577153795266	1.078684681054662
3	0.8539193681500304	0.8201522629641081	1.0411717515280452
3	0.8381327573920284	0.8329882293952832	1.0061759912267667
3	0.9027794845546351	0.8639628199372583	1.0449286285493116
3	0.903682680411056	0.8527268371346939	1.059756349932157
3	0.9100800845519771	0.8772006656862557	1.0374822092046625
3	0.8760778373642986	0.86194614963366	1.016395093517901
3	0.9122524326172966	0.8652710430546919	1.0542967315729703
3	0.8924475329041848	0.8328260223145488	1.0715893944139003
3	0.9150971099535745	0.8716929647330911	1.0497929282173037
3	0.9095805965760991	0.7876609309676351	1.1547869912230972
3	0.9439852829338072	0.8746796934526186	1.079235393253065
3	0.9258257290734088	0.8620230444703777	1.0740150568042308
3	0.9221386518655471	0.8622289921137191	1.0694823072522324
3	0.946377886103749	0.8741922154866858	1.0825741402614475
3	0.9333469072892353	0.8563634310689465	1.089895800576392
3	0.8255916685157724	0.8202396086575894	1.0065249956252933
3	0.9217576297077551	0.8717593946639273	1.0573532506215235
3	0.8790227531390709	0.8516803526053545	1.0321040639837162
3	0.9171319323760226	0.8619979225596204	1.0639607223793384
3	0.8992657765391838	0.8489945672727147	1.0592126395201313
3	0.8858941232367676	0.8557218358693089	1.0352594571071185
3	0.7781838340119904	0.7506287918632756	1.0367092795365807
3	0.8930900899175874	0.8615124056657242	1.036653777756644
3	0.928475030026304	0.8811832770469475	1.0536684639974583
3	0.9297230766343688	0.8809992440562078	1.0553051922653551
3	0.9445035114939863	0.8610482804774405	1.096922824084
3	0.8805707734553563	0.8495654420256823	1.036495518645092
3	0.8919003603787935	0.8671328763271496	1.028562501466384
3	0.8916804077601306	0.8544153428863164	1.043614695340007
3	0.9373759899294949	0.8417415506361845	1.113614967944769
3	0.9417286583328686	0.8799920396080804	1.0701558831739928
3	0.8855074484973093	0.8614823103496239	1.0278881386872996
3	0.9402015131492416	0.8675400132207952	1.0837557908812598
3	0.8664935619813405	0.8328087030642636	1.04044729455052
3	0.7871699917929614	0.8038471540613762	0.9792533167727787
3	0.8965591480498099	0.8659954792552108	1.0352931043253077
3	0.855452493709089	0.8172017326376808	1.0468069994760612
3	0.8422952643919398	0.8277733871859276	1.0175433004138732
3	0.8751825951258028	0.8333200434727701	1.0502358631367787
3	0.8895232175475503	0.8065512197921444	1.10287257116391
3	0.921538222145214	0.8371793713037904	1.1007655631911313
3	0.8763030068308799	0.8558768520139941	1.0238657638290138
3	0.9130127992316484	0.8554684527410791	1.067266474065977
3	0.8128689595594214	0.827491138722568	0.9823295036298281
3	0.915406332835458	0.8631424479707663	1.0605507063029553
3	0.9019028467946086	0.8591942678448201	1.049707709359977
3	0.9188085699689033	0.8787262217314853	1.0456141483503676
3	0.9462227562414913	0.8830664721641232	1.071519286563549
3	0.9357044737204674	0.8336662425984711	1.1223969808396599
3	0.8387989277449046	0.8120604061083846	1.032926764358157
3	0.8050490390750792	0.7519286092871388	1.0706455760983757
3	0.8703192173464455	0.8110872238964653	1.0730278960201463
3	0.9197618399440444	0.8634735850438156	1.06518816079055
3	0.9507728874284872	0.8888863173537187	1.0696225927506786
3	0.9208586690391783	0.8804495123571918	1.0458960520902565
3	0.9277871181149754	0.8855453650839472	1.0477013992693913
3	0.9154133819354108	0.872420132654738	1.0492804414655656
3	0.8670325338224061	0.8541888314152133	1.0150361394750542
4	0.8843150402370842	0.7951369822597404	1.1121543331111379
4	0.9093204004348483	0.8767165088418166	1.0371886365366874
4	0.8697770654525101	0.8477190006445483	1.0260204912137045
4	0.9162896601381416	0.8788832555626489	1.0425612893848406
4	0.907560270536837	0.8669198940848981	1.046879044683636
4	0.9339761947849112	0.8849402559168914	1.0554115812227498
4	0.9283946234222784	0.8825804627742838	1.0519093301748188
4	0.9084945267410045	0.8707212866500252	1.0433815512152074
4	0.9271013391599323	0.8468774018512223	1.0947291038033904
4	0.7809240718266107	0.7946150876143939	0.9827702544273522
4	0.8998852578009945	0.8534475582613319	1.0544118957165531
4	0.891801613202416	0.8399231353308488	1.0617657446132045
4	0.8657531321461969	0.8422185357811208	1.0279435744586751
4	0.8684417442026596	0.8462983510286533	1.026164996241682
4	0.936019205872439	0.8533127762695977	1.0969239321183102
4	0.8767014127935182	0.8152758258057308	1.0753433194552053
4	0.9050403805008143	0.8573540927508074	1.0556202952236526
4	0.9063012891458999	0.8497688293912444	1.0665268691900056
4	0.8811519946214987	0.8606387231757694	1.0238349389742016
4	0.8832682919066176	0.8361561065930597	1.0563437675597656
4	0.8640604972989344	0.7297804959291317	1.1840005345701134
4	0.9156884776121519	0.859498759541732	1.0653749844855844
4	0.8647736333224879	0.8368689546336211	1.0333441437089554
4	0.902788724500877	0.8753674784632621	1.0313254109985373
4	0.9208530292315491	0.8772479604080042	1.0497066631004355
4	0.9319422278919742	0.8710724136774614	1.0698791664834557
4	0.912784710943168	0.8706710998047026	1.048369138642493
4	0.957544227262036	0.8886208054153311	1.0775622418771649
4	0.9035297541036507	0.8511370008657714	1.0615561926982209
4	0.8510410426716252	0.8467333823305204	1.0050873869283958
4	0.9332699465268476	0.8730376301567788	1.06899166117187
4	0.8526639591005344	0.8358115504550316	1.0201629286366383
4	0.9593008481757737	0.888346994192908	1.0798717780852398
4	0.9465552804736277	0.8662718675166468	1.0926769250710293
4	0.7993319657773199	0.8074727982318378	0.9899181341187663
4	0.8679389555143185	0.8502863807669921	1.020760740318342
4	0.970305603214657	0.8434583757336153	1.1503894337058587
4	0.8688220715710951	0.8509757033510521	1.020971654243201
4	0.9444760617049257	0.8722419855567771	1.0828142618037808
4	0.8905904972224399	0.8250447556526536	1.0794450738832178
4	0.8875922484554046	0.8416915942256917	1.0545338156453123
4	0.8693124673618712	0.8421074324195076	1.0323058957741285
4	0.958759634266037	0.8804915481673201	1.0888913542232477
4	0.9145426832227429	0.8628245496214801	1.0599404984755607
4	0.8687996737890448	0.8542186476102099	1.0170694308999542
4	0.920699891381134	0.8735799037948141	1.053938955534155
4	0.8949638058960779	0.859406448006712	1.0413743205811836
4	0.8902753986308273	0.8665728511699936	1.0273520540469643
4	0.9386335731013691	0.878285306580401	1.068711460921433
4	0.9233000660184143	0.8305542529757538	1.111667374780595
4	0.9041358917805375	0.8401228054719206	1.0761949156619537
4	0.9124091153318836	0.8371304359893494	1.0899246713608821
4	0.8926913340648899	0.855276192993125	1.043746267437688
4	0.8791904110010705	0.8487119238383085	1.0359114633678324
4	0.9492466884475741	0.8845683532401869	1.0731185272121362
4	0.919977882039408	0.8598542857201155	1.0699230059299407
4	0.8764799841850376	0.8594759502874306	1.019784188134549
4	0.9240001088926812	0.8785852254301226	1.0516909255335192
4	0.8793682014721618	0.8071327775859054	1.089496333059734
4	0.8271432840552053	0.8180525642560014	1.011112635295596
4	0.9173011548000627	0.867613607812575	1.0572692112480344
4	0.9360423866518488	0.8817883586607831	1.0615272672384382
4	0.9033000600027175	0.8674057872962617	1.0413811773360881
4	0.9290870735106143	0.8803800182563992	1.0553250349214875
4	0.8879204130938841	0.8662743533024398	1.0249875339249332
4	0.8792772996728127	0.8645668552047517	1.0170148142731854
4	0.8963861237611586	0.8565053029520016	1.0465622579004534
4	0.7601013498687017	0.7821149909241842	0.9718537027023735
4	0.8586802370246179	0.8556147238881497	1.0035828195224805
4	0.9177341081430317	0.8501511497804186	1.0794952266783016
4	0.9033194539529159	0.8661661335046645	1.0428939888216622
4	0.9511317642551385	0.8891708197044299	1.0696839608066593
4	0.9270024283462984	0.8636766378596701	1.0733211803014144
4	0.894248089768678	0.8526523821533228	1.048783898908847
4	0.9099042151266282	0.878841026441369	1.0353456287891354
4	0.8672161364784359	0.810182033103245	1.0703966529061781
4	0.8831877404732552	0.8236653317197196	1.072265283557898
4	0.9340569664306304	0.8738418742386972	1.0689084535395987
4	0.9262253681553687	0.8772642204948429	1.055811175831277
4	0.7964707536149902	0.7382392287798941	1.0788789359396909
4	0.9233516060320142	0.8702315665096484	1.0610412694352394
4	0.9214876481820955	0.863777168008019	1.0668117684878895
4	0.9321303869650969	0.8717821833995096	1.0692239468926283
4	0.9448658506012848	0.8888092499696397	1.0630693263302107
4	0.8562622688952501	0.8286125618783982	1.0333686795118968
4	0.8802346502796485	0.8605263520129955	1.0229026086424315
4	0.9062942277678061	0.8524899447075363	1.0631142729533642
4	0.9217983166569652	0.8545577153795266	1.078684681054662
4	0.8539193681500304	0.8201522629641081	1.0411717515280452
4	0.8381327573920284	0.8329882293952832	1.0061759912267667
4	0.9027794845546351	0.8639628199372583	1.0449286285493116
4	0.903682680411056	0.8527268371346939	1.059756349932157
4	0.9100800845519771	0.8772006656862557	1.0374822092046625
4	0.8760778373642986	0.86194614963366	1.016395093517901
4	0.9122524326172966	0.8652710430546919	1.0542967315729703
4	0.8924475329041848	0.8328260223145488	1.0715893944139003
4	0.9150971099535745	0.8716929647330911	1.0497929282173037
4	0.9095805965760991	0.7876609309676351	1.1547869912230972
4	0.9439852829338072	0.8746796934526186	1.079235393253065
4	0.9258257290734088	0.8620230444703777	1.0740150568042308
4	0.9221386518655471	0.8622289921137191	1.0694823072522324
4	0.946377886103749	0.8741922154866858	1.0825741402614475
4	0.9333469072892353	0.8563634310689465	1.089895800576392
4	0.8255916685157724	0.8202396086575894	1.0065249956252933
4	0.9217576297077551	0.8717593946639273	1.0573532506215235
4	0.8790227531390709	0.8516803526053545	1.0321040639837162
4	0.9171319323760226	0.8619979225596204	1.0639607223793384
4	0.8992657765391838	0.8489945672727147	1.0592126395201313
4	0.8858941232367676	0.8557218358693089	1.0352594571071185
4	0.7781838340119904	0.7506287918632756	1.0367092795365807
4	0.8930900899175874	0.8615124056657242	1.036653777756644
4	0.928475030026304	0.8811832770469475	1.0536684639974583
4	0.9297230766343688	0.8809992440562078	1.0553051922653551
4	0.9445035114939863	0.8610482804774405	1.096922824084
4	0.8805707734553563	0.8495654420256823	1.036495518645092
4	0.8919003603787935	0.8671328763271496	1.028562501466384
4	0.8916804077601306	0.8544153428863164	1.043614695340007
4	0.9373759899294949	0.8417415506361845	1.113614967944769
4	0.9417286583328686	0.8799920396080804	1.0701558831739928
4	0.8855074484973093	0.8614823103496239	1.0278881386872996
4	0.9402015131492416	0.8675400132207952	1.0837557908812598
4	0.8664935619813405	0.8328087030642636	1.04044729455052
4	0.7871699917929614	0.8038471540613762	0.9792533167727787
4	0.8965591480498099	0.8659954792552108	1.0352931043253077
4	0.855452493709089	0.8172017326376808	1.0468069994760612
4	0.8422952643919398	0.8277733871859276	1.0175433004138732
4	0.8751825951258028	0.8333200434727701	1.0502358631367787
4	0.8895232175475503	0.8065512197921444	1.10287257116391
4	0.921538222145214	0.8371793713037904	1.1007655631911313
4	0.8763030068308799	0.8558768520139941	1.0238657638290138
4	0.9130127992316484	0.8554684527410791	1.067266474065977
4	0.8128689595594214	0.827491138722568	0.9823295036298281
4	0.915406332835458	0.8631424479707663	1.0605507063029553
4	0.9019028467946086	0.8591942678448201	1.049707709359977
4	0.9188085699689033	0.8787262217314853	1.0456141483503676
4	0.9462227562414913	0.8830664721641232	1.071519286563549
4	0.9357044737204674	0.8336662425984711	1.1223969808396599
4	0.8387989277449046	0.8120604061083846	1.032926764358157
4	0.8050490390750792	0.7519286092871388	1.0706455760983757
4	0.8703192173464455	0.8110872238964653	1.0730278960201463
4	0.9197618399440444	0.8634735850438156	1.06518816079055
4	0.9507728874284872	0.8888863173537187	1.0696225927506786
4	0.9208586690391783	0.8804495123571918	1.0458960520902565
4	0.9277871181149754	0.8855453650839472	1.0477013992693913
4	0.9154133819354108	0.872420132654738	1.0492804414655656
4	0.8670325338224061	0.8541888314152133	1.0150361394750542
5	0.744000420967118	0.6329898140313112	1.1753750289105216
5	0.7741536351025372	0.7397646740465224	1.0464863520285537
5	0.7342824282659105	0.6914025255165518	1.0620187245010753
5	0.7900398285532022	0.7286741962488406	1.084215459556915
5	0.8165976498073035	0.7436626045469131	1.0980754509026671
5	0.8500939838758746	0.7621167257426475	1.1154380361453127
5	0.8417512245143766	0.7707432489738991	1.0921292215468787
5	0.7948006500776146	0.7313294307744417	1.0867888213331713
5	0.834463857023132	0.7421557313998101	1.1243783773645672
5	0.7263334130532868	0.6584068509486474	1.1031680669889283
5	0.8212819840395212	0.7005592120775395	1.1723234380202825
5	0.7642496965216619	0.6884943305139748	1.110030486309356
5	0.7045251900397668	0.6936628446731226	1.0156594020424474
5	0.7302308868471201	0.6862305378121959	1.064118902628851
5	0.8725609478078145	0.7171207969719331	1.2167558819828301
5	0.7820111512056908	0.6874718538241461	1.13751733522712
5	0.7562785607643349	0.701172206904821	1.0785917543748196
5	0.785061674739817	0.7074754049785394	1.1096663844641088
5	0.7522479072865241	0.7007432022250035	1.0735001137335083
5	0.7408618541754921	0.6818363481835602	1.086568435591881
5	0.7915223004734532	0.6036271921800044	1.3112767461897534
5	0.8070701977175425	0.7241449757801965	1.1145146686241965
5	0.7191132789129717	0.7012690054867471	1.0254456895807609
5	0.8002618883283329	0.7547772710859381	1.0602623038409116
5	0.8062151494790101	0.7511665732761765	1.0732841132197108
5	0.8039520818911914	0.7306314749031362	1.1003523794232595
5	0.8211897051381669	0.7321461067524865	1.1216199848151116
5	0.8619512888220369	0.7524204551208827	1.1455713131610132
5	0.7749429219727851	0.6967885468261859	1.1121636908393313
5	0.7617243030129218	0.711608772523153	1.0704256783008366
5	0.8265854806695898	0.7505105720559699	1.101364206509734
5	0.7833852715938334	0.708730434690966	1.1053360110539345
5	0.8956643544823407	0.7795062109585403	1.149015032710212
5	0.8754424433644804	0.7474226724194483	1.171281626406415
5	0.7011570321841173	0.6717582579109271	1.0437639194263368
5	0.7675600048946315	0.7208923157310815	1.0647360058432898
5	0.8996842452011785	0.6703321861507155	1.3421468695505785
5	0.7745436363272905	0.6965606602080561	1.1119543215316547
5	0.8205958891662319	0.7151311530765088	1.1474760757324187
5	0.8098046449040048	0.6925586290778923	1.1692939931774726
5	0.8067822425374687	0.7080054166465295	1.1395142234346116
5	0.7525764346517114	0.7191934053592249	1.0464173184066006
5	0.8787114899865381	0.7484868520433932	1.1739838683707369
5	0.791434315801979	0.7367182165646409	1.0742700506205511
5	0.7874174907736137	0.7413093646916118	1.0621982242207113
5	0.829297315600634	0.7470457090440008	1.1101025085357776
5	0.7749805603575812	0.723597408019743	1.0710106915369662
5	0.7810417688826856	0.7452466433774597	1.048031246867483
5	0.8385757273179866	0.7591577429456625	1.1046132837480767
5	0.7785360616247992	0.6882126965897079	1.1312433866487346
5	0.7896665517820525	0.7233242862069068	1.091718565020183
5	0.8225172419650795	0.6573171175028618	1.2513248477231362
5	0.8131341560284777	0.7256523281563094	1.1205561182370027
5	0.7585154735822499	0.714798958713652	1.0611591753676726
5	0.8702316599641595	0.7633854346284856	1.1399636677475677
5	0.8184190499355726	0.7272838595948143	1.125308968621319
5	0.7933483676901357	0.7379788841207862	1.0750285472399603
5	0.8010434189679663	0.7425645905780512	1.0787525141003451
5	0.7818091468741961	0.6820701946824373	1.1462297472743195
5	0.7263087010231846	0.7003528808522979	1.0370610600463293
5	0.8460910150140173	0.7494671884419077	1.1289233579030777
5	0.8617418038734119	0.7655825349239768	1.125602746357039
5	0.8258643195866104	0.745248954558719	1.1081723959956788
5	0.8612236342516155	0.7615656910789349	1.1308592867825913
5	0.7423616279739674	0.722396105628108	1.0276379152521868
5	0.7466648936689039	0.7277662264947101	1.0259680464497773
5	0.840234784979001	0.7434194279916988	1.1302297913424764
5	0.6967726470095922	0.6675956603480621	1.043704578076973
5	0.7291210272922701	0.7218339130867447	1.0100952782536412
5	0.8210639472186699	0.7136735931388022	1.1504754485976636
5	0.7794521208515934	0.725650968601463	1.0741419147470037
5	0.8644618689231744	0.7519296926165977	1.1496578435611213
5	0.8529066896310333	0.7463766473204262	1.1427296026651714
5	0.7863122746457867	0.7112507370239999	1.1055345656805329
5	0.8568166703116876	0.7623955056628426	1.1238480079532385
5	0.7525569627620075	0.6800416497207354	1.1066336349708155
5	0.758994133538485	0.6953154505400658	1.0915824363588622
5	0.8683915752776938	0.7597820569841296	1.1429482537725064
5	0.8506477920026562	0.7622554249286043	1.1159616110076631
5	0.7208190282026485	0.6159514561057425	1.1702529818825578
5	0.8600367094763575	0.7422736163265699	1.1586518644332047
5	0.8264333148129257	0.7391364722647122	1.1181065281229272
5	0.8768422944592359	0.7649798768781371	1.1462292289799916
5	0.8632951615721313	0.7733526835954653	1.1163020183217134
5	0.7486152728564999	0.6811474845063226	1.099050190868834
5	0.7479886644496274	0.7338472289626793	1.0192702716980175
5	0.7730692022967508	0.7301231480723844	1.0588202885194768
5	0.8548624939300694	0.7275574745332252	1.1749758937993435
5	0.7397996094180957	0.6804239621558004	1.087262722309447
5	0.7397301253986907	0.6991366562975047	1.0580622811513865
5	0.8263775684220317	0.7495477721441935	1.102501533768895
5	0.7946881870661514	0.7203809885958369	1.1031498604858434
5	0.7939306160819912	0.7475331865720894	1.0620673842223156
5	0.7708586449450371	0.7371855245859429	1.045677945694888
5	0.8288029363814919	0.7520744258801665	1.102022496525565
5	0.7906489322034409	0.7094291033978548	1.1144861810948814
5	0.7940326685774991	0.7337027922190662	1.0822265868390206
5	0.8230336841547643	0.5848800733238434	1.4071836632722092
5	0.8859696790619515	0.753318406734596	1.1760892487711245
5	0.836246628481541	0.74575271926693	1.1213457314692274
5	0.8172446373999784	0.7150205100516303	1.1429667064249203
5	0.8501867550247582	0.7405456165422867	1.1480545371322317
5	0.8654670072511566	0.7440721309600609	1.1631493389417265
5	0.7475766487058866	0.673859281710415	1.109395787809525
5	0.8336833123427876	0.7471865971192383	1.1157632050106834
5	0.8267971145398434	0.7385058612513914	1.1195538964834257
5	0.8153133777526527	0.7128045398355993	1.1438105850738491
5	0.7816964972088847	0.7112401444396462	1.0990612711052015
5	0.7501286515790635	0.710446329478631	1.0558554819046695
5	0.6683350543673896	0.6204753585094235	1.0771339186989475
5	0.775961817098661	0.7309200275335697	1.0616234168833507
5	0.8027526517053349	0.7509289500594855	1.0690127896144426
5	0.843763735599832	0.7595301159305877	1.1109022774772268
5	0.8656514251902843	0.7472449461937993	1.1584573834853023
5	0.6947477394319076	0.6977184754662841	0.9957422138887878
5	0.7674196458870426	0.7382674421712635	1.0394873213290319
5	0.8048337941217376	0.7235221519320908	1.1123830721319485
5	0.8388285218971901	0.7032429719040951	1.1928004337192089
5	0.8580265645532543	0.7576697944639514	1.1324544951145967
5	0.8288950308228766	0.7516296547377294	1.1027971363265436
5	0.8707063303276023	0.7213128703485857	1.2071132598907044
5	0.7456655275297065	0.6878526084942155	1.0840484114206528
5	0.7141645151725877	0.662609414852483	1.077806169312554
5	0.8124333751601217	0.7334809694472395	1.1076407009883047
5	0.71723247186255	0.6330205416064406	1.1330319076888113
5	0.7440094923245424	0.6789183939778097	1.0958747014723837
5	0.8070455900491688	0.7084250030390126	1.1392110478696997
5	0.7809361040157985	0.6840954221920585	1.1415601956718724
5	0.8357697508305024	0.7005562340581327	1.193008798150456
5	0.7641543626312316	0.7038465942633226	1.0856831145585493
5	0.822960119847038	0.7310733386530666	1.1256875012885357
5	0.6485690916379351	0.6613940360074713	0.9806092228364283
5	0.7831128128926549	0.7269691963330009	1.0772297049762978
5	0.8099379880161056	0.7357416999961286	1.1008455658016494
5	0.8255813001849518	0.7573425622612182	1.0901028693277073
5	0.8970412829263055	0.7683849764293887	1.1674373008888985
5	0.8773363621981695	0.6713338595684416	1.3068555230659062
5	0.7365566591239201	0.6774640369483933	1.0872262126882881
5	0.7095585601736947	0.5990557086596167	1.1844617285449586
5	0.8088317351271176	0.6581584002129505	1.228931720487676
5	0.8450121287028771	0.7234112778257912	1.1680936620763733
5	0.8885824294586232	0.772710560430201	1.1499550736875026
5	0.7982774265084143	0.7463917052278123	1.0695154044681747
5	0.8424260552786766	0.7754836135648077	1.086323476786495
5	0.7840930912610418	0.7284172711778921	1.076433964825022
5	0.7138992697994956	0.7070663161083107	1.0096638088047998
6	0.6651697408192735	0.5971241049165458	1.11395560042286
6	0.66627120272914	0.623358586853015	1.0688409797846317
6	0.6364287922228161	0.5878227874157121	1.0826881942103572
6	0.6923992180471936	0.6433853103957788	1.0761812662792438
6	0.7162987562677696	0.6615926478575168	1.08268850717645
6	0.7651449407878783	0.6739901874214459	1.1352464102113602
6	0.7421016316216459	0.6752557767300414	1.0989933847220215
6	0.7020599426010417	0.6563457798149513	1.0696495112667272
6	0.69644820864452	0.6335961986675661	1.0991988432208555
6	0.5822337109169666	0.5570308159800025	1.0452450640322724
6	0.7445901826372507	0.63468639494914	1.173162350040476
6	0.6463696817339712	0.6174338904987472	1.046864598267922
6	0.6119662133070684	0.5999814920722025	1.019975151555881
6	0.6618241692238012	0.6158025808922512	1.074734321939457
6	0.7246561078909618	0.621934875256043	1.165163969286382
6	0.7222634776035071	0.6224331234396834	1.160387277611677
6	0.7109902070327841	0.6566751091387251	1.0827122836516478
6	0.7162071077368367	0.6361192163815057	1.1259007577398812
6	0.6244909808024349	0.595553695004065	1.048588877948566
6	0.6918662188900578	0.6301195188484547	1.097992044675025
6	0.6910205909844546	0.5366786532951499	1.2875872493561307
6	0.7143649173149793	0.6383555944170255	1.1190705048451386
6	0.6374396969369105	0.618471807843094	1.0306689631657853
6	0.6726912660349779	0.6410287242285992	1.0493933276460905
6	0.7120658360755037	0.659953026616838	1.0789644222495882
6	0.7163744233453692	0.6313523343957954	1.1346666264106553
6	0.7120790035042572	0.6513510614327553	1.0932338114839648
6	0.74785388103078	0.6696060737412569	1.1168564777979582
6	0.7083666989756487	0.6314732736917147	1.1217682972303804
6	0.6477471699910982	0.6264742737421839	1.033956536031149
6	0.7438157641195786	0.66280927973226	1.1222168832941521
6	0.6747687272630098	0.633264174423248	1.0655406614112706
6	0.8039109740505002	0.676381662353769	1.1885463766905457
6	0.7459459733855998	0.6549257614199644	1.1389779076155009
6	0.6605520563865518	0.6288009805037306	1.050494634816545
6	0.7032686220593902	0.6479593793451016	1.085359120459357
6	0.784605827217024	0.5823095242093046	1.3474033904604423
6	0.6686219010137663	0.63549775689479	1.0521231487595324
6	0.6717067579160808	0.6204157329875116	1.0826720249043098
6	0.7360306886112851	0.6278528166925552	1.1722981390584444
6	0.6914097367247496	0.622445395878131	1.110795808440876
6	0.6390416775636515	0.622499480333249	1.0265738329958876
6	0.7258900504080842	0.6163612975419444	1.177702190749065
6	0.7412244605213857	0.6668070927678597	1.111602543765133
6	0.69027684020907	0.6457786948036638	1.068906183749117
6	0.6815789829748568	0.6460961521300852	1.0549188084897114
6	0.6658462286695898	0.621092672392478	1.0720561653138154
6	0.6847908641787379	0.6503639458064486	1.0529348507005567
6	0.7485856008906756	0.6790406021250797	1.102416554397414
6	0.667655314584995	0.611661851553452	1.0915431670118632
6	0.6901024487563397	0.6416697145896927	1.075479227187178
6	0.6954491887240876	0.5976660826718507	1.1636082569971178
6	0.7170167587479501	0.6520699392674129	1.0996010022383544
6	0.6804314926764651	0.6439775858817582	1.0566074155279688
6	0.7541658806928926	0.6695849159213129	1.1263185038378603
6	0.7320490873629149	0.6555515399306064	1.1166918888489012
6	0.6561663335436088	0.6345798095089937	1.0340170357000762
6	0.7150484776432326	0.6622653559159417	1.0797008650018989
6	0.6457240649299842	0.5818078866205904	1.1098578753901889
6	0.6653741692027696	0.6318248070777274	1.0530991530392932
6	0.7287188591624412	0.6558299600181071	1.1111399350257216
6	0.7474190372751	0.6679686690783414	1.1189432556865033
6	0.6906547697483252	0.6357338256306676	1.0863898410048802
6	0.7842610455443474	0.6885563277633803	1.1389933022500023
6	0.6475724712675124	0.6277218377187297	1.0316232961098246
6	0.6572721720490005	0.6280103876760915	1.0465944273329462
6	0.7371507989868465	0.6590574989673076	1.1184923927607304
6	0.6002871161130908	0.591138815202055	1.0154757235961724
6	0.6534218397893378	0.6358894896376881	1.0275713790483298
6	0.7204988373306318	0.635414546469992	1.1339035930689982
6	0.7163321299182067	0.6585127303555941	1.087803009565799
6	0.7487864396000861	0.6625525700957924	1.1301540034654547
6	0.7289357297321637	0.6524243225528628	1.1172724629270725
6	0.7136221632757387	0.6460408741613045	1.104608379774993
6	0.709807266966126	0.648828581325987	1.0939827365735324
6	0.6964088844340452	0.6280560019854255	1.1088324643543583
6	0.6714050647356615	0.6077672776604001	1.1047074915257615
6	0.7430869803034026	0.6653619128787848	1.1168162257564895
6	0.7198303627868734	0.6651068141368002	1.0822778349085107
6	0.6575562567325128	0.5589094288269539	1.1764987721044537
6	0.7074372178581185	0.6298403560790168	1.1232008413404473
6	0.7223646544098798	0.6523141845322006	1.1073876232323772
6	0.7611649532710393	0.6739176274184295	1.1294628932423496
6	0.7654916792834243	0.6822205607188903	1.1220589401128385
6	0.644183485700516	0.6078284367536516	1.0598113657548385
6	0.6935238683697096	0.6602927271300857	1.050327892272963
6	0.6953860919731593	0.6501957028976304	1.0695027495170077
6	0.7448990345549973	0.6588579717501417	1.1305912146381145
6	0.6171441856559069	0.57459535085953	1.0740500853909254
6	0.6572298852090949	0.6232771733046607	1.0544744992415083
6	0.713459091989374	0.6596396705229861	1.081589121866667
6	0.6827953172523593	0.6336962288968303	1.077480480578215
6	0.7099476352227857	0.6475684619337688	1.0963283065125504
6	0.6512575674730448	0.6383560089162128	1.0202106009446608
6	0.7394658872844794	0.6556149232977332	1.1278966677039277
6	0.7156656357659739	0.6328456586308706	1.1308691558606565
6	0.6813388855409347	0.6502140178317329	1.0478686507144122
6	0.6447706737607533	0.5375810385679141	1.1993925148074165
6	0.7838848617364842	0.6789393139611195	1.154572795561187
6	0.730887676030093	0.6532024805658803	1.118929731247978
6	0.7323652550821095	0.6324268628205946	1.1580236358332319
6	0.7383158001612017	0.6448212655059331	1.1449929455752546
6	0.7253480016924018	0.6316660814307846	1.1483092460013344
6	0.6265202601425941	0.5971966221574926	1.049102149772991
6	0.705889267403401	0.6572517862048683	1.0740012917718753
6	0.733203628316194	0.6534635610226577	1.122026800038773
6	0.731295430966225	0.6480753435599369	1.1284111303311626
6	0.7129578129062442	0.6387094556704394	1.1162474683545556
6	0.6028694100299983	0.610774916876393	0.9870565954364583
6	0.5428598697456707	0.5085932241017549	1.0673753483531665
6	0.718935607119815	0.6621512061293785	1.0857574530783853
6	0.7562010751384804	0.675412889891273	1.1196130344213784
6	0.7380610622735905	0.6662165203830561	1.107839628247624
6	0.7509478795896563	0.6577488280805139	1.1416939833722273
6	0.6019027139659692	0.6125911635276747	0.9825520670259836
6	0.6526190970563951	0.6312040885505878	1.0339272335117184
6	0.71109862139565	0.6494714660022818	1.0948881646374773
6	0.7395099839584269	0.6000751609556405	1.232362264054942
6	0.7669491277813203	0.6671402322389912	1.1496070701767755
6	0.7412649588039063	0.6684513939399703	1.1089287351691497
6	0.7843924770791656	0.6696858947241384	1.1712841546442871
6	0.6566452753429134	0.6202213736828865	1.0587272596617252
6	0.574558609201486	0.560685114636581	1.0247438253713894
6	0.6839436771441594	0.6495314747782491	1.052980038230878
6	0.6037877852201543	0.5648396437537802	1.068954334025733
6	0.6603396052864999	0.5939603617641409	1.1117570258816665
6	0.6951625990376818	0.6424430730399671	1.0820610077531883
6	0.6664485009681694	0.581986397155354	1.1451272817125127
6	0.712402370117778	0.6278347174156227	1.1346973181895132
6	0.6709437699021071	0.6284768320018093	1.0675712066664944
6	0.6845099416810833	0.6296997173897461	1.08704184356083
6	0.5717383231717246	0.5748615212880128	0.9945670426691796
6	0.6780830259862259	0.6305237547933988	1.0754281989080818
6	0.683664767529249	0.6484709733094346	1.0542719653899153
6	0.7134170626484984	0.6548474972585941	1.0894400079943736
6	0.7969787805520301	0.6719956379482113	1.1859880266268201
6	0.7191375938056211	0.5634856968751493	1.2762304310360506
6	0.6493778570643235	0.6004532847365671	1.0814793982669622
6	0.5955806909120918	0.509068467077455	1.1699422168717315
6	0.6953537528744812	0.6188614358664355	1.1236016862174532
6	0.7479999779993592	0.6531425966875344	1.145232269021959
6	0.768224025308669	0.6554577316225905	1.1720420528215065
6	0.7028240158393668	0.65744754598552	1.0690191485707456
6	0.7380209342362744	0.6772862161070768	1.0896736367651036
6	0.6649325665086302	0.6405690095065313	1.0380342424321582
6	0.6651121442728405	0.6363734554008333	1.0451600999823374
7	0.42651016733189734	0.2634446091000438	1.6189747392778455
7	0.4235813626043202	0.25601452186861573	1.654520843242237
7	0.388924423002394	0.24470643527174904	1.5893510220541989
7	0.39835029921559617	0.266779982450602	1.4931791191993058
7	0.3613085981851404	0.2716334218301454	1.33013307328238
7	0.3705067171613477	0.2641331836166162	1.4027268822804577
7	0.38061327541230233	0.26956528760596604	1.4119521055272495
7	0.3457302055388469	0.25201683901524485	1.371853590775072
7	0.4065360906031078	0.2344991077387363	1.7336359806368387
7	0.37390577265442	0.24262042170551462	1.5411141816753398
7	0.39693514170120936	0.2482611419240969	1.5988613386083912
7	0.33360146381511785	0.27654411951804864	1.2063227538394479
7	0.39316331658766207	0.2528864831653872	1.554702772826866
7	0.34751765285970365	0.2533532697154182	1.371672263200142
7	0.411531844576583	0.2527385687616245	1.6282906348366941
7	0.36286856912792553	0.2550205852642665	1.4228991308756544
7	0.39398877198407656	0.276839578753059	1.4231663469460583
7	0.3969791005182624	0.2623115203413127	1.5133879747321957
7	0.4532405736654225	0.2664718371910886	1.7008948429338178
7	0.31867434990754406	0.25010058771352645	1.2741847303156453
7	0.6178682344403882	0.24964105457051977	2.4750265356127548
7	0.4068705085009018	0.2721329119597996	1.4951168734820508
7	0.32842911991888857	0.25722737631329107	1.2768046878450334
7	0.32570692606438856	0.21809180132254832	1.4934395703517627
7	0.38002709650045147	0.21880126470130942	1.7368596887190533
7	0.33368575255802	0.2474819317200296	1.348323694739504
7	0.37707401372471744	0.2613485312111558	1.4428013502783437
7	0.5272944969232745	0.2503712005097202	2.1060509189945877
7	0.4487345755355042	0.24031918407795524	1.8672440873049183
7	0.45015364109232897	0.23014098938214664	1.9559907268185663
7	0.2979657510040945	0.23977330788074794	1.2426977532974137
7	0.41896505805895057	0.24900767702012205	1.6825387195796957
7	0.4502013493512334	0.24308965215467035	1.8519971761890726
7	0.3799196834982938	0.26090013357626063	1.4561881524956903
7	0.38243931889212207	0.2864597752702888	1.3350541748183382
7	0.4347965902866159	0.26872781927621164	1.6179813145423199
7	0.4306575231363336	0.2329186717566458	1.8489609265258304
7	0.37215845594385427	0.25070451717174996	1.4844505401907055
7	0.3292189851350994	0.2322814731609469	1.4173277819147672
7	0.6034742064357456	0.23652658789704772	2.551401141838727
7	0.3712969342394102	0.247547151754917	1.4999038833903091
7	0.27325970892056634	0.23771615000854837	1.1495210102920639
7	0.4295130416461463	0.25119200100843564	1.709899359541
7	0.4100170528940206	0.2529906543427612	1.620680629326782
7	0.3975486027839984	0.2732123839145561	1.4550899819692176
7	0.3314461099857381	0.2614240410390118	1.2678486212225488
7	0.39175904464313643	0.24035691394880207	1.629905452715973
7	0.34856490911529453	0.26814150876124493	1.299928946941442
7	0.3567913524115875	0.255934042610284	1.3940753983825471
7	0.41180174481469445	0.23989202871288676	1.7166128738173152
7	0.3758070317501625	0.2532615349246075	1.483869360035408
7	0.4614595771560345	0.23265385435869612	1.9834598417809797
7	0.42992397497633617	0.2591351845919582	1.659072177532769
7	0.30483215883382264	0.2565697249489979	1.1881065035807268
7	0.39818916743072547	0.23275038659285793	1.7107991666938185
7	0.39801234512507405	0.2445950589218588	1.6272297031651313
7	0.28728437937144713	0.2510746451899871	1.1442189997084742
7	0.35517773432716054	0.2570895614715871	1.3815330824562235
7	0.4915716421345623	0.25547539602703173	1.9241447504500564
7	0.40322848434518316	0.281639720333891	1.431717386550255
7	0.46643739868471135	0.2414256071604064	1.9320129466415885
7	0.42782843720495906	0.264472857105287	1.6176648215912757
7	0.44033509347006794	0.2160409875144694	2.0382016326442516
7	0.30983916830277225	0.22626165644618515	1.3693843365655085
7	0.3748528018684576	0.2234085949975623	1.677879948497719
7	0.340763915654791	0.25927919411506645	1.3142740466231246
7	0.3362121318199378	0.2473258108455043	1.35938958683919
7	0.41898016160876467	0.2706960859703589	1.5477880299113111
7	0.37768125318083373	0.2676198171731055	1.4112604110200733
7	0.3259539166203281	0.25424450072942917	1.2820490342373743
7	0.3835825846008274	0.24887257353806252	1.5412810626244533
7	0.3886327023307235	0.23874952303977726	1.6277842040588064
7	0.42962543345366094	0.261182737250045	1.6449227769688173
7	0.33712543498705855	0.26648684844671605	1.265073443406595
7	0.35388291946726297	0.24971294007564748	1.4171589159939348
7	0.4034209334598094	0.2779191927158625	1.4515763719573576
7	0.35730793221621004	0.231353032678237	1.544427268058118
7	0.456966795964695	0.27101141056025374	1.6861533432117168
7	0.3613071565665581	0.2563570131482429	1.4093905687597708
7	0.39317301385833314	0.28174198486022567	1.3955073612950843
7	0.3818282284500277	0.24904394712132522	1.5331761035092122
7	0.4091796502246384	0.26910820755830994	1.5205023062552934
7	0.4308958101598252	0.20899955340863943	2.061706846412875
7	0.40856081257709514	0.2620834256942595	1.5588960327987804
7	0.3781646238207708	0.2642620667018741	1.4310212151916428
7	0.3614279328924477	0.2739214643542886	1.3194582386759537
7	0.3425964693411574	0.2654964296375669	1.2903995349724322
7	0.41257686689434314	0.2668838949411971	1.5459039481765913
7	0.35644168850539193	0.24479036830507095	1.4561099400004787
7	0.46400073479652926	0.27840912109264493	1.6666147034820955
7	0.34578554704871023	0.2537740001492168	1.3625727885653829
7	0.3481911489323949	0.2717977288643373	1.2810671759004577
7	0.29975185663144066	0.25119196532891114	1.193317852499562
7	0.3919362924073491	0.24822651219059988	1.578946136528729
7	0.40138619785004587	0.2512512963283507	1.597548763790216
7	0.3849155509871524	0.24492167853488397	1.5715862854187048
7	0.31132788700132946	0.2567686088693338	1.212484222165024
7	0.45735037480690793	0.24416541398125938	1.8731169470300626
7	0.3960607591678805	0.24947707755494355	1.5875637274957821
7	0.4058846768010206	0.256555207347871	1.5820558896341916
7	0.4448609396825168	0.23903786180843237	1.8610480210830924
7	0.4439179249263997	0.26819588806570277	1.6552003393044135
7	0.49556708272556776	0.2633501278715588	1.8817803003584106
7	0.3994034366607039	0.2631258317354903	1.5179180015370284
7	0.3420887195684023	0.23707197512143913	1.442974098449084
7	0.3998253920857449	0.24113890707779803	1.658070847757265
7	0.4989533484405217	0.27051505660967134	1.8444568472226153
7	0.36890839725483354	0.27351513933036614	1.3487677433798146
7	0.38500080186165186	0.24630464921038733	1.5631081390298633
7	0.3457081270526798	0.25577508684087735	1.3516098511492307
7	0.33956119667118523	0.2548427040226342	1.3324344441150908
7	0.410150577823129	0.27911544719784387	1.4694657065411512
7	0.36555996639122157	0.2432407476042932	1.5028730588590307
7	0.38589309196274757	0.2678074761465828	1.44093472488248
7	0.34834151312119077	0.25829361480807994	1.3486261105603372
7	0.3451411524179244	0.2632201711155848	1.3112260772232633
7	0.38058107914175965	0.2439921500771477	1.559808702949763
7	0.4279901207023977	0.21880271222250597	1.9560549152021656
7	0.4111397116559255	0.25347447066093676	1.6220162550645647
7	0.4396286350344047	0.26119092226681145	1.6831696569657797
7	0.4164674192912008	0.25157684712334516	1.6554282480812383
7	0.3900372333693716	0.25625702293304053	1.5220548061673518
7	0.3810448167092824	0.24109035067637766	1.5805062941766987
7	0.3703356481856693	0.25583234431208474	1.4475716476799518
7	0.41067560901971234	0.2426443255642823	1.6925003626796724
7	0.4095381316421559	0.25140821054442014	1.6289767575820542
7	0.44079954379671094	0.2650889000548906	1.6628366699074795
7	0.3585211883160649	0.24320506833320102	1.4741517961495605
7	0.3826047214361018	0.2522175248351693	1.516963270835934
7	0.3887178915201234	0.26642588392353983	1.4590094843475476
7	0.45003267769073896	0.24124941129818914	1.8654249776986584
7	0.3003028885224528	0.238696890140681	1.258093008021441
7	0.3404546004747407	0.2113536638237897	1.6108289504675222
7	0.3933298833372227	0.26495588830678507	1.4845108212194058
7	0.40935096192352294	0.2089745519736655	1.9588555546950446
7	0.369733758524616	0.2492087626599517	1.4836306499748648
7	0.46285823329055464	0.24742361511848565	1.8707116257633782
7	0.3914174141237313	0.2753710502484753	1.4214181693048127
7	0.43944787218312265	0.23409761676889604	1.8771992566543334
7	0.4494626916797019	0.248946061117997	1.8054621537741975
7	0.38874268945486695	0.2419922269839512	1.6064263480688086
7	0.37284524860950097	0.26093471890274333	1.4288832477998812
7	0.3590479544098842	0.23831778372542467	1.5065932084344889
7	0.3721831346001898	0.2516730989475477	1.4788355853549455
7	0.3507484135840115	0.26489115913695327	1.324122763201276
7	0.46721660996451	0.28662117096931855	1.6300840875935272
8	0.4638331114033963	0.4239490597005071	1.0940774623514078
8	0.48162758648060555	0.4303914568938144	1.1190454149730766
8	0.4654729053370115	0.42164649134817767	1.1039411328876536
8	0.4522605478899859	0.42298945860360265	1.0692005171547647
8	0.44701210546208225	0.4278321521181278	1.0448305562099474
8	0.46511871107764896	0.43064769268016984	1.0800445909345202
8	0.45583992472653706	0.4258371268875911	1.0704560404543257
8	0.4365742623369169	0.4124111901448652	1.058589758884971
8	0.446056032850767	0.41822000193033004	1.0665583443928013
8	0.44757420331017067	0.4154847729015651	1.0772337098770357
8	0.43370138900774025	0.41909591371203553	1.0348499587274436
8	0.41382870782649006	0.4157702941979566	0.9953301464809747
8	0.45423925272832977	0.41712626005728476	1.0889730429964974
8	0.4544090280362134	0.4248500030656207	1.0695752024415712
8	0.4460061994184154	0.4166428332079931	1.070476110159715
8	0.4582397655179792	0.4230961549410675	1.0830629401059122
8	0.46137431323428346	0.42918072953884157	1.075011717627756
8	0.4687628811586982	0.42348074059769286	1.1069284532210248
8	0.45357330087376324	0.418842253135831	1.082921547379483
8	0.43572719802231774	0.4127758585071165	1.0556024269399116
8	0.5215084674080464	0.43280343967529566	1.2049545350177908
8	0.4393560339842383	0.41867141455373835	1.0494053778487544
8	0.4344677627199586	0.42090408050968225	1.0322251145530634
8	0.437973122123843	0.40881926474119257	1.0713123374973696
8	0.4653547603445153	0.42096127124923394	1.1054574188346125
8	0.45101125261704994	0.4112214856501473	1.0967599416747265
8	0.4648232539196743	0.42589047194236235	1.0914150105301743
8	0.49635456797713856	0.42858634464644824	1.1581203511898963
8	0.44802989711521535	0.41947020126728346	1.0680851601893262
8	0.49903682328371823	0.4252015074805175	1.1736478222777322
8	0.4428021404860797	0.42492212769089494	1.0420783283100554
8	0.47237033490870256	0.42279995178352253	1.117243114423439
8	0.54106359157479	0.4216364422725689	1.2832467437077386
8	0.4585886882338291	0.4259660934273491	1.0765849566663783
8	0.4537674674013733	0.427001506569842	1.0626835278557814
8	0.4712114413631346	0.4300871209577031	1.0956185814489336
8	0.47870719338862566	0.4288375428764973	1.1162903093269765
8	0.4543370257859136	0.4240500976314419	1.0714229953574854
8	0.4553588147625967	0.42868546062078705	1.0622212708198302
8	0.5253762464392493	0.4340818961561698	1.2103159590194807
8	0.44085238961573553	0.4192952665688829	1.0514127507883784
8	0.4330274266412767	0.4213558755361882	1.0276999842241101
8	0.47501590829331963	0.4293437237745408	1.106376737307944
8	0.4892054262830333	0.4324341167074473	1.1312831420606744
8	0.4675092674974423	0.43315693855389087	1.0793068883029737
8	0.45644372845776215	0.42718551143036215	1.0684906586120713
8	0.443733211251072	0.39894503388587643	1.1122665368934204
8	0.4270263756063476	0.42025832112941236	1.0161045103372293
8	0.4700442865194233	0.42571916385177033	1.1041182226015234
8	0.4547002617059775	0.42317189299954067	1.0745048743264975
8	0.4574169589720585	0.42589652073660555	1.0740096166574384
8	0.47070726393192697	0.398628353711412	1.1808173190627997
8	0.4710378295758363	0.4196992693836225	1.1223222529493808
8	0.4253193116994676	0.42032239771046837	1.0118882886475187
8	0.48143336170213563	0.41895575248686096	1.1491269873833134
8	0.46915712335614845	0.4213230619947406	1.1135329766543967
8	0.43189081119076755	0.4221885535613512	1.0229808637576112
8	0.4517315619074182	0.4216324569815732	1.0713870681145414
8	0.4991672548052334	0.4183050270224181	1.1933092422015805
8	0.4848847524823047	0.43608389986124424	1.1119070266904791
8	0.5009601075437493	0.42533517730769843	1.1778007892851567
8	0.4802186787474495	0.4260494186179129	1.127143138242647
8	0.48257983142293287	0.42010991876309656	1.148698971078242
8	0.45745038613629985	0.4218427341565027	1.084409779040041
8	0.4877975034311204	0.4280979214718273	1.1394530993143863
8	0.44771689882444876	0.4259957576299353	1.0509891021341642
8	0.4654616326596172	0.4317606670026379	1.0780547378040193
8	0.45883110131286975	0.42703178337383063	1.074465927776625
8	0.45066843771950776	0.42534184885186493	1.0595440795115916
8	0.44653079580341315	0.4269366872658179	1.045894646962948
8	0.45280625242119427	0.4150962443082934	1.0908464208722002
8	0.47326079596295206	0.4198223445396953	1.1272882497044032
8	0.46871070125221426	0.42609703541755123	1.100009299038901
8	0.46961857874621715	0.4315629719024232	1.088180889746024
8	0.4951374501641169	0.4217780342449281	1.1739289625419154
8	0.4486015995563342	0.42078336051788556	1.0661105966837923
8	0.4619778165892311	0.41857614390083575	1.1036888349248053
8	0.48898127866668534	0.4192509210996438	1.1663212984342344
8	0.46884377003036437	0.4253246276437926	1.1023198271580428
8	0.4562043706714046	0.42695482397882284	1.0685073573358492
8	0.46501402485504384	0.4249109908339877	1.0943798463352161
8	0.4410317255925225	0.42068905952484653	1.0483555861677323
8	0.46493401629906445	0.39615764243748985	1.1736086004510866
8	0.47287909197728945	0.43009348062852526	1.0994797951511346
8	0.4607953689819766	0.42419689580641706	1.0862770886288176
8	0.4643625632903109	0.43327825075746235	1.0717421483273313
8	0.4579734928730189	0.43085694290571536	1.062936318919288
8	0.4677411812989051	0.42299073717073205	1.1057953288232654
8	0.4686217879946454	0.4263540037225235	1.0991377679183945
8	0.4444716981745424	0.42119296296027486	1.0552685758343572
8	0.4327077708441321	0.419576554680188	1.0312963534722597
8	0.4609054868626588	0.4306277318044748	1.0703107413247868
8	0.4286549376455385	0.42436364109756586	1.010112309661765
8	0.45890298293411674	0.41811799027359714	1.0975442186398912
8	0.470915142919365	0.42287373451775445	1.1136069811864693
8	0.4496073234651578	0.42469387032644534	1.0586621443807571
8	0.40680633360452967	0.41349274864901403	0.9838294261112666
8	0.4849659170752488	0.4152729386097401	1.1678245124732383
8	0.4472470282415011	0.4160351127206176	1.075022310777512
8	0.4444337911045565	0.4141905482246488	1.0730177040725333
8	0.47582662464815834	0.4225242515331666	1.1261522218466262
8	0.46043283979766025	0.43013585063357085	1.0704358614132332
8	0.49790637567731066	0.43244736342137635	1.151368739395345
8	0.4631540774446757	0.42697400826917975	1.0847359990884662
8	0.45051921135648954	0.42107852675028223	1.0699173259520471
8	0.47468001819705724	0.4251672583467949	1.116454780743903
8	0.48783277731857544	0.41629335456492883	1.1718485821816997
8	0.4771392259712844	0.43006310309775414	1.1094632916296234
8	0.46712314296203195	0.42408658471500205	1.1014805933461718
8	0.4493312649929921	0.424751090262832	1.0578695977329926
8	0.43567002033270724	0.41925726386802015	1.039147220284903
8	0.46187161559605494	0.42805113179195314	1.0790103828543074
8	0.4821343274584574	0.42245466036129353	1.1412688098792054
8	0.467520097208423	0.4278473696492509	1.0927263561108154
8	0.45450516856142487	0.4243955736596063	1.0709470050363166
8	0.4624220902005251	0.4279721301201198	1.0804958025438156
8	0.4523287558238076	0.4245301515762783	1.0654808713687667
8	0.4692075499733336	0.42323122214068404	1.1086317016029759
8	0.48323892695337334	0.4245759411118111	1.138168417381223
8	0.4787125437709589	0.41960371850701067	1.1408682112595736
8	0.5018603102542001	0.411657700688805	1.2191204231439468
8	0.4528834209481342	0.4135898859504148	1.095006034558665
8	0.41913628764004385	0.40305978951041965	1.0398861373622799
8	0.4558234230434922	0.4198085984880128	1.0857886777097725
8	0.4612489970196448	0.4124669287942201	1.1182690412732752
8	0.47161714319512277	0.41333881357440555	1.1409940893688333
8	0.48887973942298935	0.4271230719399576	1.1445875241591097
8	0.44473540388751065	0.41411520107771566	1.073941267381896
8	0.4589446524004458	0.42173635514214125	1.0882264400605537
8	0.44500292907095285	0.42073995209680964	1.0576673949151385
8	0.4665561106143249	0.40386617759040144	1.155224518670893
8	0.39300635148516855	0.4008420890553734	0.980451809367947
8	0.45835195893609837	0.4109783285782046	1.115270385476978
8	0.47851196152730785	0.43246793469597644	1.1064680711269386
8	0.44544985158523465	0.4016733452084041	1.1089853406979684
8	0.43528572253082787	0.4080434036159026	1.0667632871246435
8	0.4836338771877653	0.41880975135723436	1.1547817967954561
8	0.46166852560267985	0.4289129043916959	1.0763689338222162
8	0.4854936635435145	0.42547815506108866	1.1410542651098246
8	0.43555446220111527	0.4042307601538672	1.077489654758893
8	0.464668614357907	0.4329683195746974	1.0732161993153417
8	0.46047453806908256	0.4231027470097796	1.0883279329274578
8	0.4418950016630549	0.4171323443339762	1.0593640307816852
8	0.4246381662285067	0.41891484831898446	1.0136622464744056
8	0.43104541789700546	0.42045066885960125	1.0251985543658204
8	0.48807254960001567	0.4317004831478273	1.1305814300719346
9	0.897635728876837	0.8842174256289353	1.0151753435964659
9	0.899850959515822	0.8855992064859736	1.0160927798099535
9	0.9011497001349114	0.884360019121163	1.0189851199180546
9	0.9014644735535431	0.886138549915848	1.017295177643666
9	0.8995278763538648	0.8889471011593014	1.0119025926073268
9	0.8939018893468427	0.8826019296884466	1.0128030081039874
9	0.8970174588159135	0.8857681025349899	1.0127001144529013
9	0.8999299887484952	0.884713811036726	1.0171989829049222
9	0.9011925499873035	0.8870533299174462	1.0159395377853697
9	0.8964005480917153	0.8819060479799483	1.016435424323223
9	0.8997872983017785	0.8863049497024656	1.0152118620163848
9	0.8866540773434947	0.8830540521696503	1.0040767891444462
9	0.9013742722441295	0.8852913459506722	1.0181668174742933
9	0.8999018660908888	0.8860728666781942	1.0156070679204277
9	0.9047541617841175	0.8893185830310367	1.0173566357968953
9	0.8981462183430358	0.8858992784093382	1.0138243028662213
9	0.8942831331962999	0.8839793801526019	1.011656101120729
9	0.9037595135122078	0.8864840855343177	1.0194875782428487
9	0.8995050980404795	0.885683518724226	1.0156055509942905
9	0.900790298673187	0.8872736907971409	1.0152338652844566
9	0.9118305280675882	0.8811056131066074	1.0348708650857992
9	0.8997165023855839	0.8876288684188421	1.0136178918879393
9	0.8982707445383366	0.885895360666299	1.0139693517107142
9	0.8967679473889305	0.8820939770463624	1.0166353820844611
9	0.89793837108927	0.8797003204625962	1.020732117747875
9	0.8985796149353918	0.8862727214043693	1.0138861247038284
9	0.8970369712300545	0.8835117833374441	1.0153084408693673
9	0.9036543074864873	0.882626878360892	1.023823689988509
9	0.9008554879958744	0.8861118455234515	1.016638579595687
9	0.9012901412023387	0.8818103150657838	1.0220907215573927
9	0.8944942864878935	0.8869995523228138	1.008449535454052
9	0.8967312226914419	0.8827127649671752	1.0158811090998419
9	0.9125773966017823	0.8770486769622844	1.0405094045208003
9	0.898244465722269	0.8814215341339496	1.0190861363568215
9	0.9021853988696398	0.88819491147963	1.0157515959719958
9	0.8953171273342819	0.880375208793027	1.016972216382308
9	0.908848118580486	0.8874342895017465	1.024130044705352
9	0.8974274516037681	0.8810025840893958	1.0186433817686802
9	0.8925420490200917	0.8828324162190119	1.0109982739902825
9	0.9108153670165461	0.8821075511190035	1.0325445756145326
9	0.9002694608227353	0.8853989636295467	1.016795250281556
9	0.8888469756018715	0.8833648593585373	1.0062059478427918
9	0.8996335685281098	0.8839050344747468	1.0177943709334223
9	0.9019092311362122	0.8830880682487504	1.0213128945619048
9	0.9048148347535122	0.8891348567054831	1.0176350954298747
9	0.8869945633215688	0.8806185935125571	1.0072403306675364
9	0.8933454944552395	0.8795948851438609	1.015632889121598
9	0.891349592588352	0.8847439471527268	1.0074661662923872
9	0.8961870832175745	0.8832830042622851	1.0146092236497484
9	0.906146619761665	0.88888624448495	1.0194179799539098
9	0.9000624851893185	0.8849360082347278	1.0170933003220934
9	0.9024911960846023	0.8783048799228224	1.0275374949116818
9	0.8950169707311122	0.8829094931024893	1.0137131582831644
9	0.8978416774202975	0.8882674013056706	1.0107785967384975
9	0.9039855877197052	0.8796759473478903	1.0276347676040312
9	0.894045271968154	0.8802567590504542	1.0156641943114117
9	0.8918031174869749	0.8838070416298428	1.0090473095149666
9	0.8911429418142252	0.8809450577565573	1.0115760727276661
9	0.9065052660209982	0.8792297815120428	1.031022020730518
9	0.8996766161668439	0.8850222849171803	1.0165581494380507
9	0.9018646115289382	0.8769737951187159	1.0283826227747805
9	0.8971494094162669	0.8806752315721695	1.0187063031336623
9	0.90595424079957	0.8823622754527115	1.0267372778768837
9	0.891549603771416	0.879173929788871	1.0140764797080788
9	0.9017373901718976	0.8785727560070865	1.0263662104321207
9	0.8933529281097116	0.88465811825846	1.009828440695676
9	0.8953949262296461	0.8829090568012571	1.0141417389845617
9	0.9031141241799083	0.8870182189832037	1.018146081841651
9	0.8987455366291517	0.8877056805662171	1.0124363922689927
9	0.8961030614257866	0.8856161873442744	1.0118413306253575
9	0.890687274622812	0.8788249066315555	1.013497987940196
9	0.90505581538123	0.8847368799018493	1.0229660771930689
9	0.9042461938397963	0.8846762875160077	1.0221209798430757
9	0.8955008701318908	0.8843832569399737	1.012571035356758
9	0.9000721487026861	0.882697775827069	1.0196832634582518
9	0.901715498396725	0.8856813590163295	1.018103733602572
9	0.8981871299372226	0.883816635091217	1.0162595885565364
9	0.9079092510335961	0.8837332310781906	1.0273566944245265
9	0.8924060206682107	0.8796766317315419	1.01447053209952
9	0.899336363142945	0.8872945971536994	1.0135713279759322
9	0.902142153120376	0.8831677912769494	1.0214844359484534
9	0.8986172730229732	0.8856773329415141	1.0146102193204867
9	0.9068181870247976	0.8771340497888347	1.0338421900770003
9	0.9023340787231963	0.8889065164705289	1.0151057079725128
9	0.8973072940747098	0.8862168382686058	1.012514381726002
9	0.8908411039647408	0.8837935486740113	1.0079742099286686
9	0.8933072865629107	0.8825008341851035	1.0122452602413525
9	0.9011492254621836	0.8866425583360596	1.0163613476363555
9	0.9052168676478889	0.8884211829046789	1.0189050926141774
9	0.9026777519109274	0.8882461473700622	1.0162473032769064
9	0.8945649106471134	0.8862614370530405	1.0093691017649187
9	0.8996695320097856	0.8891308954885522	1.0118527390901682
9	0.8891732250158787	0.8859604461080542	1.0036263231862528
9	0.8997715591753638	0.8823227429232251	1.019776001913233
9	0.9055636512347351	0.8851963830643583	1.0230087566556358
9	0.8983338727236472	0.8837455065983051	1.0165074289107225
9	0.8869224165718034	0.8832168337158545	1.0041955527957487
9	0.9052683520604571	0.8836530103954998	1.0244613455855063
9	0.9038114000104489	0.8839896921474425	1.0224230079141017
9	0.894907486040059	0.8812309958508612	1.015519756174705
9	0.8990682354278586	0.882621323304489	1.0186341658524556
9	0.8960117292357438	0.885467939376725	1.011907590766573
9	0.9137149501245023	0.8828374865340811	1.0349752520270097
9	0.9033816439211483	0.8897391620235957	1.0153331251223388
9	0.8943129563937713	0.8808150840321005	1.0153242974676155
9	0.9077440583935704	0.8872993288107338	1.0230415249048357
9	0.9018230441394979	0.8814904477357414	1.0230661562538588
9	0.8973566663939753	0.8856381883297264	1.0132316765680005
9	0.8997929979988438	0.8814179394398541	1.0208471574457256
9	0.8977443409788247	0.8870488333073262	1.0120574057142049
9	0.8986039560486635	0.8852991207356488	1.0150286326975666
9	0.897186005400821	0.8868519069979818	1.0116525637722542
9	0.8926938153089978	0.8808421306653664	1.0134549475224113
9	0.8955596386142517	0.8823768205073795	1.0149401228596324
9	0.8935168031590466	0.8855479061418666	1.0089988322053616
9	0.887607503778122	0.8819879048067735	1.0063715147801031
9	0.8959859704297735	0.882916273239216	1.0148028726921159
9	0.9031246850285364	0.8839300765291087	1.0217150756706892
9	0.8999065057691474	0.884750331233184	1.0171304536442936
9	0.8971581704626356	0.8813986085314274	1.0178801756420588
9	0.904559244951097	0.8809707588791272	1.0267755607484428
9	0.8886121788864871	0.8806044653023967	1.0090934283206714
9	0.8979039012621115	0.8818105224104095	1.0182503819615478
9	0.893573972424743	0.8833139710885176	1.0116153504552654
9	0.8988751923214362	0.8824623475326735	1.0185989179421109
9	0.9034216722848839	0.8812010981176068	1.025216235221159
9	0.9032491506405267	0.8851726880856754	1.0204213966361122
9	0.8988805941409025	0.8852913003335228	1.0153500817214176
9	0.8927851530068388	0.8849845477996412	1.008814397072347
9	0.894893983936667	0.885275326800877	1.0108651589450133
9	0.9010789121726603	0.8782303353197801	1.0260166108297326
9	0.8814686398218283	0.8778467190730627	1.0041259147754065
9	0.8901527303584587	0.876555652917099	1.0155119385701408
9	0.8929345550930187	0.8828227157455062	1.0114539863634722
9	0.8993417963436062	0.878974000075198	1.0231722397552894
9	0.8999043774955329	0.8837136061829951	1.0183212878009995
9	0.90693377672204	0.8852272308095	1.0245208745924934
9	0.8967234191891043	0.8871559657624055	1.0107844097271854
9	0.9030103030569056	0.8828842527654356	1.0227957971029946
9	0.9014001827525986	0.8854749674976657	1.0179849412343493
9	0.9029769575908742	0.8871768283526323	1.0178094476019854
9	0.8996100741912774	0.8861009913022588	1.0152455341113713
9	0.8878478218833269	0.8812533974607863	1.0074830059566766
9	0.8883019165236131	0.8828234640420657	1.0062056036169043
9	0.8980393171196047	0.8880604410387424	1.011236708246108
9	0.9061601537354381	0.8871372544860406	1.0214430170226796
