0	1.0	0.999990397723597	1.0000096023686076
0	1.0	0.9999945461442663	1.0000054538854783
0	1.0	0.9999905350952194	1.0000094649943658
0	1.0	0.9999905350952194	1.0000094649943658
0	1.0	0.9999905350952194	1.0000094649943658
0	0.9997357878090597	0.9998611882448749	0.9998745821547136
0	1.0	0.9999899605941704	1.0000100395066203
0	1.0	0.9999902563056824	1.000009743789258
0	1.0	0.9999902563056824	1.000009743789258
0	1.0	0.9999910345448308	1.0000089655355493
0	1.0	0.9999901106600274	1.0000098894377727
0	1.0	0.999990397723597	1.0000096023686076
0	1.0	0.999990397723597	1.0000096023686076
0	1.0	0.999990397723597	1.0000096023686076
0	1.0	0.9999905350952194	1.0000094649943658
0	1.0	0.9999905350952194	1.0000094649943658
0	1.0	1.0	1.0
0	1.0	0.9999901106600274	1.0000098894377727
0	1.0	0.9999902563056824	1.000009743789258
0	1.0	0.9999905350952194	1.0000094649943658
0	1.0	0.9999898059037879	1.0000101942001327
0	0.9989410185026011	0.999468920132245	0.9994718178634568
0	1.0	0.9999901106600274	1.0000098894377727
0	1.0	0.9999905350952194	1.0000094649943658
0	1.0	0.9999902563056824	1.000009743789258
0	1.0	0.999990397723597	1.0000096023686076
0	1.0	0.9999902563056824	1.000009743789258
0	1.0	0.9999902563056824	1.000009743789258
0	1.0	0.9999901106600274	1.0000098894377727
0	1.0	0.9999905350952194	1.0000094649943658
0	1.0	0.9999902563056824	1.000009743789258
0	1.0	1.0	1.0
0	1.0	0.9999905350952194	1.0000094649943658
0	1.0	0.999990397723597	1.0000096023686076
0	1.0	0.9999905350952194	1.0000094649943658
0	1.0	0.9999905350952194	1.0000094649943658
0	1.0	0.9999905350952194	1.0000094649943658
0	1.0	0.9999905350952194	1.0000094649943658
0	1.0	0.9999905350952194	1.0000094649943658
0	1.0	0.9999905350952194	1.0000094649943658
0	1.0	0.9999905350952194	1.0000094649943658
0	1.0	0.999990397723597	1.0000096023686076
0	1.0	0.999990397723597	1.0000096023686076
0	1.0	0.999990397723597	1.0000096023686076
0	1.0	0.9999944621095092	1.0000055379211592
0	1.0	0.9999944621095092	1.0000055379211592
0	1.0	0.9999902563056824	1.000009743789258
0	1.0	0.9999902563056824	1.000009743789258
0	1.0	0.9999902563056824	1.000009743789258
0	1.0	0.9999905350952194	1.0000094649943658
0	1.0	0.9999905350952194	1.0000094649943658
0	1.0	0.9999899605941704	1.0000100395066203
0	1.0	0.9999902563056824	1.000009743789258
0	1.0	0.9999901106600274	1.0000098894377727
0	1.0	0.9999902563056824	1.000009743789258
0	1.0	0.9999902563056824	1.000009743789258
0	1.0	0.9999905350952194	1.0000094649943658
0	1.0	0.999990397723597	1.0000096023686076
0	1.0	0.999990397723597	1.0000096023686076
0	1.0	0.9999898059037879	1.0000101942001327
0	1.0	0.9999898059037879	1.0000101942001327
0	1.0	0.9999905350952194	1.0000094649943658
0	1.0	0.9999909005320481	1.000009099550753
0	1.0	0.999990397723597	1.0000096023686076
0	1.0	0.9999909005320481	1.000009099550753
0	1.0	0.9999905350952194	1.0000094649943658
0	1.0	0.9999901106600274	1.0000098894377727
0	1.0	0.9999901106600274	1.0000098894377727
0	1.0	0.9999909005320481	1.000009099550753
0	1.0	0.9999902563056824	1.000009743789258
0	1.0	0.999990397723597	1.0000096023686076
0	1.0	0.9999905350952194	1.0000094649943658
0	1.0	0.999990811154942	1.0000091889294935
1	0.7801449588668007	0.8416231537912434	0.9269528236628197
1	0.8598702161686497	0.8691957835612898	0.9892710393112687
1	0.9634108339507157	0.8976570786612509	1.073250416949342
1	0.9414446235869477	0.8976443869292317	1.048794642171777
1	0.8468851381722468	0.8645655203945238	0.9795499799550078
1	0.9068634328717919	0.8834512196231207	1.0265008556541004
1	0.9180114537126645	0.8779676055823047	1.0456097102851545
1	0.7528382018147627	0.7253431099959816	1.0379063252133647
1	0.8510863808574431	0.8617116761879003	0.9876695469910979
1	0.9475123277673697	0.8976829833144929	1.0555088437444733
1	0.9407049737656701	0.8955202965868009	1.0504563406894145
1	0.8713173702166818	0.8677272859584844	1.0041373416697756
1	0.9249891316547698	0.896672870919019	1.0315792544350415
1	0.964543520193087	0.9104505533981212	1.0594134042678889
1	0.8432772585218195	0.8376623513873863	1.0067030673219746
1	0.9101320148232145	0.8781237855438209	1.036450702971872
1	0.9202621340846605	0.8295691079928318	1.1093254621200437
1	0.9642803798645738	0.8991135597248923	1.0724789649036337
1	0.8667587020294546	0.8770317788287668	0.9882865398412001
1	0.9103888630151918	0.857351014489408	1.061862466632025
1	0.8101625263285634	0.8611460355263096	0.9407957453272296
1	0.9376360696348643	0.8973407352267074	1.0449052771442238
1	0.8035023316900606	0.8331820242519121	0.9643779009892827
1	0.8337186694835613	0.8555120640700511	0.9745259061773964
1	0.9169252178457262	0.8863621753613207	1.0344814381005674
1	0.9121711916235009	0.8917601609269371	1.0228884756136085
1	0.9159161164852075	0.8861596284576277	1.0335791510603698
1	0.8273963589226243	0.8507134149184226	0.972591173964226
1	0.8825880277989089	0.8702615919192753	1.014164058248795
1	0.9436376796120265	0.901390418544998	1.0468689928335637
1	0.9404756212770609	0.9014797873785274	1.0432575798642496
1	0.9007779487674314	0.9000950651223225	1.0007586794679473
1	0.8677198702676834	0.8659002109985432	1.002101465325943
1	0.9391930224377905	0.9040616538038736	1.0388594831846925
1	0.9118706396630852	0.8812555672154014	1.0347402882734933
1	0.8782047165938549	0.8748023341391474	1.0038893157024502
1	0.9401222118967933	0.8936804284465851	1.0519668798509265
1	0.7688623827832104	0.8428158326707257	0.9122543181786575
1	0.8996126504896877	0.8877589858929321	1.0133523453832831
1	0.9109104521561473	0.8799487741949489	1.0351857731599488
1	0.8868107139928618	0.8666158222683339	1.0233031652614748
1	0.9636814253748769	0.908905173549962	1.0602661899381343
1	0.9092970967386422	0.8823538965580169	1.0305355938084801
1	0.7951877243136913	0.835789626540838	0.9514209067236338
1	0.9242437648290432	0.8707153642041393	1.061476347869238
1	0.9328385840083883	0.8807016762098071	1.0591992830341346
1	0.8779809921674816	0.8784129262527604	0.9995082789968479
1	0.9441991891527767	0.9033269186386818	1.0452463772204306
1	0.9399749027348444	0.8926552040655928	1.0530100518696741
1	0.9352986099752504	0.895111110229506	1.0448966606340528
1	0.9192633029815832	0.8973799677241507	1.0243858076227519
1	0.9029122602117721	0.8876345045913357	1.017211764010312
1	0.9212975152209634	0.8801044374306662	1.0468047609333209
1	0.9047908804349102	0.8806464489534999	1.0274167136086245
1	0.9239149471943761	0.8869782383426028	1.041643308995712
1	0.9256745531381821	0.884300003109971	1.0467879112096596
1	0.9217328284925586	0.8515237008300268	1.0824511726380546
1	0.8300421002530121	0.8331444508150977	0.9962763353233038
1	0.8436493030289369	0.8800874260061882	0.9585971553501151
1	0.8803093473657284	0.8538672987819588	1.0309673981208662
1	0.9254881924608312	0.8870176645990577	1.0433706445735358
1	0.8499223619121956	0.8509095922078392	0.9988397941394901
1	0.8293536361097626	0.8493600260386313	0.9764453361171501
1	0.7899066669142311	0.8234878906684203	0.9592207436991799
1	0.9312843094643604	0.8750687678364906	1.0642412844499711
1	0.9366508338211971	0.894591128685281	1.047015562514831
1	0.8269704353118119	0.8287705228229785	0.9978280024909246
1	0.8921480515505239	0.8625556172377856	1.034307856469017
1	0.7320347168778131	0.8364296312165818	0.875189842106709
1	0.8911561821558912	0.8757547126555413	1.017586510558017
1	0.9518538106529761	0.8712904571972714	1.0924644047116703
1	0.9192407651417761	0.8972586451164629	1.0244992011444591
1	0.8358739531974638	0.8593717284623448	0.9726570301458194
2	0.8374707001291908	0.8353491194898691	1.0025397532478604
2	0.8774856324683727	0.8625509133469694	1.017314594292703
2	0.9026782850846018	0.8752562936161462	1.0313302419742232
2	0.9113964662360217	0.8759222382906786	1.040499289085946
2	0.7860138569341347	0.8205046920854798	0.9579638782275826
2	0.8127369937667775	0.846260159438928	0.9603866904305453
2	0.8519758419832578	0.84369107479978	1.0098196691074917
2	0.8848660974321214	0.8333315550551095	1.0618415828182624
2	0.8872828562354265	0.8532054152341801	1.039940488413207
2	0.8715805031075721	0.8482088102728822	1.0275541736322815
2	0.7303386364320388	0.7937284937762034	0.9201365985457015
2	0.8580477946988861	0.855707166401124	1.002735314590862
2	0.894009441648361	0.8739516197432443	1.0229507234176298
2	0.9256307604896656	0.8786102319243282	1.0535169371546622
2	0.8247697936357835	0.8485777786990373	0.9719436619000865
2	0.841036920475768	0.8539421192058814	0.9848875018108786
2	0.9165130587917435	0.897351192411773	1.0213538094583348
2	0.8293803056837125	0.8281068796527563	1.001537755647544
2	0.8312873447868776	0.8473450494562158	0.9810493910601787
2	0.9072001749325332	0.8476528582882489	1.070249650033074
2	0.8079101964706216	0.8411844243003544	0.9604435996809993
2	0.8703579934567743	0.8712872422624964	0.9989334759415172
2	0.8694092637397308	0.8633654094554329	1.007000343328684
2	0.8835282410751766	0.8624050200734392	1.0244933882689349
2	0.8506578540793257	0.8539639657893922	0.9961285114565573
2	0.833472931427481	0.837951932425152	0.9946548234757236
2	0.8491862640181467	0.8517313504220408	0.9970118671777984
2	0.8746240369920569	0.8714012337766336	1.003698414795049
2	0.9013803058977736	0.8687284709689445	1.037585777397638
2	0.8549690900384792	0.8116475621986752	1.0533748018936324
2	0.9170318312609195	0.8739948804444339	1.0492416509288944
2	0.8966263664194866	0.8990206606565135	0.9973367750689083
2	0.8748996878212557	0.8647023714068455	1.0117928627833175
2	0.8030039946671564	0.8194850197669092	0.9798885584211892
2	0.8760706241396438	0.8524572665614126	1.0277003417115338
2	0.9035197212492899	0.8770234000064462	1.030211646853036
2	0.8779421840652468	0.857529254413792	1.023804353666522
2	0.8540503274662687	0.8437192015208369	1.0122447443732578
2	0.8124291202289154	0.848638149911634	0.9573327811311702
2	0.7705533706698853	0.8073783840104466	0.9543893989858355
2	0.9104037462432402	0.8662949086401374	1.0509166533973315
2	0.9352243265208946	0.8797995568388907	1.062997042054834
2	0.8405547119833879	0.8439108109037387	0.9960231592284536
2	0.8545778531649063	0.8527386335074797	1.002156838666804
2	0.8108510984284797	0.8259088572230812	0.9817682560697684
2	0.8969321386974456	0.8582087377648986	1.0451211916501777
2	0.8856740519066034	0.8688271619609365	1.0193903812901564
2	0.8646942969160735	0.8500395770288394	1.017240044208832
2	0.7723620158487491	0.8307856329906808	0.9296766640852743
2	0.9244628534161202	0.8675328029485624	1.06562293699335
2	0.8738005141002381	0.8677421135053311	1.0069817985097362
2	0.8527976411174543	0.8375497587225461	1.0182053450987374
2	0.9052320503178218	0.8604954589424249	1.051989340455532
2	0.8842792927625928	0.8550662946594936	1.034164600201827
2	0.7971807474304452	0.8024740579287769	0.9934037612231429
2	0.8984175327929329	0.8706916480807827	1.0318435174763245
2	0.9046063142801566	0.8701865011249504	1.0395545243585247
2	0.8488273728100425	0.8579561714800114	0.9893598309873787
2	0.8145093174977092	0.8479843178161739	0.9605240337407732
2	0.8883603478433498	0.8707542257040627	1.0202193932794887
2	0.8386389027588776	0.8505768699022879	0.9859648580089162
2	0.8381943550064771	0.8342382036029884	1.0047422323580992
2	0.8198836273907482	0.8218083044795034	0.9976579975180778
2	0.7503595623013979	0.8203054224345616	0.914731930058961
2	0.8894008959818559	0.8455744678953736	1.0518303588276097
2	0.8513472310754413	0.8409989381982063	1.0123047633085074
2	0.8550567858331785	0.8608823991444301	0.9932329743097997
2	0.9020273914348935	0.8804972208858125	1.024452286774308
2	0.8086995262639843	0.822441843117983	0.9832908345204084
2	0.6906709490859799	0.7820508877534583	0.8831534621359756
2	0.9288976485584274	0.875131054748926	1.0614383337418267
2	0.9117099586151016	0.8822264406733817	1.0334194449207574
2	0.8638044806024925	0.8641867576815018	0.9995576452941319
3	0.8374253109780008	0.8353159183078999	1.0025252633451232
3	0.8774878246427487	0.8625498956455276	1.017318336101637
3	0.9026441459031775	0.8752186784609213	1.0313355600345324
3	0.9113435553295175	0.8758866173523248	1.0404811961671179
3	0.7860904539092084	0.8204670013619751	0.9581012430777817
3	0.812728671578089	0.8462427225868812	0.9603966449408948
3	0.8519688158885707	0.8436729136346253	1.009833078815113
3	0.8849157754154011	0.833329441384072	1.0619038899497535
3	0.8872916347995217	0.853167056475939	1.0399975339701188
3	0.8715716256321872	0.8482155020843852	1.027535600906146
3	0.7301948952314716	0.7936169574155035	0.9200847945707051
3	0.8580558371170268	0.8556947151586988	1.002759304126227
3	0.8939785273542532	0.8739140935204222	1.0229592748104162
3	0.9255867491098617	0.8785847844138747	1.0534973579440523
3	0.8247846145277026	0.848575025370034	0.9719642811406601
3	0.8410669120112624	0.8539319296086301	0.9849343757373449
3	0.9165102620056659	0.8975246903635421	1.0211532583403735
3	0.8291572403023056	0.8280195552405483	1.0013739833251
3	0.8314268835564733	0.847311003866893	0.9812534945988793
3	0.9071914319187054	0.847640216280998	1.0702552975824897
3	0.8079980304701393	0.8411764289841678	0.9605571466688673
3	0.8703258379839036	0.8712762307585195	0.9989091946491087
3	0.8694013566119981	0.8633345858232198	1.0070271374370963
3	0.8835482470447178	0.8623822129046077	1.024543681239459
3	0.8506403751860703	0.853933170225799	0.9961439663494299
3	0.8334602014185581	0.8379320168598011	0.9946632717794919
3	0.84917697565948	0.8517281383859988	0.9970047217984918
3	0.8746206435062959	0.8714109038217569	1.0036833825127296
3	0.90137383037826	0.8687082552979207	1.0376024688163423
3	0.8548959282240288	0.811561750967205	1.0533960320396802
3	0.9170237410543816	0.8739618175769839	1.0492720878776887
3	0.8966078842034677	0.8989750590427197	0.9973668069926516
3	0.8748823048213861	0.8646808257779696	1.0117979706954159
3	0.802988107514252	0.8194675961242845	0.9798900057940385
3	0.8760598550636146	0.8524483655293615	1.0276984395642434
3	0.9035158125791198	0.8770075168615961	1.030225847792485
3	0.8778294969820454	0.8574701693493099	1.0237434821180837
3	0.8540607429942219	0.8437114315235075	1.0122664113392732
3	0.8121320303745359	0.8485277470883761	0.9571072167778509
3	0.7704061021476285	0.8072741254924944	0.9543302303633554
3	0.9103821250160997	0.8662577109826892	1.0509368210799017
3	0.9352137915040281	0.879774158241857	1.0630157555127122
3	0.840363977321092	0.8438620830768961	0.9958546475473228
3	0.8545912343107189	0.8526971998983577	1.0022212274328883
3	0.8108383827050377	0.8258898110832208	0.9817755005859172
3	0.8969295895494456	0.8581743027733132	1.0451601576170355
3	0.8856639737060672	0.868811117934606	1.0193976060199654
3	0.8646868784130806	0.8500227521643346	1.0172514514598674
3	0.772297669438904	0.8307363357138414	0.9296543755670422
3	0.9244438549654049	0.8674945081261249	1.065648077660222
3	0.8737257642570003	0.8676885640116664	1.0069577962597795
3	0.8527859545679826	0.8375326986629352	1.0182121318121646
3	0.9052311409964098	0.8605044552588657	1.0519772854913214
3	0.8843061405509305	0.8550170050520695	1.0342556175208204
3	0.7971246214762	0.8024190163360085	0.9934019573913094
3	0.8983958520267649	0.8706642744385782	1.0318510571782316
3	0.904601529410829	0.8701887378794246	1.0395463536051563
3	0.8487840083768607	0.8579317079586247	0.989337496799681
3	0.81459347656004	0.8479703493851835	0.9606391038916122
3	0.888347862842337	0.8707371452086918	1.0202250676114482
3	0.8385122091828988	0.8505096676661498	0.9858938011649265
3	0.8382039934133866	0.8342421588180231	1.0047490222754707
3	0.8197944092343933	0.8217587238139442	0.9976096212639713
3	0.7503618123083876	0.8202750377301987	0.9147685566352604
3	0.8894002320540275	0.8455543978306441	1.0518545398567785
3	0.8510919397153951	0.8409346024905766	1.0120786291760806
3	0.8550403974267013	0.8608842882811463	0.9932117580329954
3	0.9020275511189894	0.8804805727516944	1.0244718384869707
3	0.8086959564822079	0.8224376252632805	0.9832915368181587
3	0.6906120124062098	0.7819915415785104	0.883145118183959
3	0.9288917937933999	0.8751350974494101	1.061426740283488
3	0.9116120340819301	0.8822049321789485	1.0333336403258928
3	0.8637785540066387	0.8641571926189123	0.9995618405823528
4	0.8374253109780008	0.8353159183078999	1.0025252633451232
4	0.8774878246427487	0.8625498956455276	1.017318336101637
4	0.9026441459031775	0.8752186784609213	1.0313355600345324
4	0.9113435553295175	0.8758866173523248	1.0404811961671179
4	0.7860904539092084	0.8204670013619751	0.9581012430777817
4	0.812728671578089	0.8462427225868812	0.9603966449408948
4	0.8519688158885707	0.8436729136346253	1.009833078815113
4	0.8849157754154011	0.833329441384072	1.0619038899497535
4	0.8872916347995217	0.853167056475939	1.0399975339701188
4	0.8715716256321872	0.8482155020843852	1.027535600906146
4	0.7301948952314716	0.7936169574155035	0.9200847945707051
4	0.8580558371170268	0.8556947151586988	1.002759304126227
4	0.8939785273542532	0.8739140935204222	1.0229592748104162
4	0.9255867491098617	0.8785847844138747	1.0534973579440523
4	0.8247846145277026	0.848575025370034	0.9719642811406601
4	0.8410669120112624	0.8539319296086301	0.9849343757373449
4	0.9165102620056659	0.8975246903635421	1.0211532583403735
4	0.8291572403023056	0.8280195552405483	1.0013739833251
4	0.8314268835564733	0.847311003866893	0.9812534945988793
4	0.9071914319187054	0.847640216280998	1.0702552975824897
4	0.8079980304701393	0.8411764289841678	0.9605571466688673
4	0.8703258379839036	0.8712762307585195	0.9989091946491087
4	0.8694013566119981	0.8633345858232198	1.0070271374370963
4	0.8835482470447178	0.8623822129046077	1.024543681239459
4	0.8506403751860703	0.853933170225799	0.9961439663494299
4	0.8334602014185581	0.8379320168598011	0.9946632717794919
4	0.84917697565948	0.8517281383859988	0.9970047217984918
4	0.8746206435062959	0.8714109038217569	1.0036833825127296
4	0.90137383037826	0.8687082552979207	1.0376024688163423
4	0.8548959282240288	0.811561750967205	1.0533960320396802
4	0.9170237410543816	0.8739618175769839	1.0492720878776887
4	0.8966078842034677	0.8989750590427197	0.9973668069926516
4	0.8748823048213861	0.8646808257779696	1.0117979706954159
4	0.802988107514252	0.8194675961242845	0.9798900057940385
4	0.8760598550636146	0.8524483655293615	1.0276984395642434
4	0.9035158125791198	0.8770075168615961	1.030225847792485
4	0.8778294969820454	0.8574701693493099	1.0237434821180837
4	0.8540607429942219	0.8437114315235075	1.0122664113392732
4	0.8121320303745359	0.8485277470883761	0.9571072167778509
4	0.7704061021476285	0.8072741254924944	0.9543302303633554
4	0.9103821250160997	0.8662577109826892	1.0509368210799017
4	0.9352137915040281	0.879774158241857	1.0630157555127122
4	0.840363977321092	0.8438620830768961	0.9958546475473228
4	0.8545912343107189	0.8526971998983577	1.0022212274328883
4	0.8108383827050377	0.8258898110832208	0.9817755005859172
4	0.8969295895494456	0.8581743027733132	1.0451601576170355
4	0.8856639737060672	0.868811117934606	1.0193976060199654
4	0.8646868784130806	0.8500227521643346	1.0172514514598674
4	0.772297669438904	0.8307363357138414	0.9296543755670422
4	0.9244438549654049	0.8674945081261249	1.065648077660222
4	0.8737257642570003	0.8676885640116664	1.0069577962597795
4	0.8527859545679826	0.8375326986629352	1.0182121318121646
4	0.9052311409964098	0.8605044552588657	1.0519772854913214
4	0.8843061405509305	0.8550170050520695	1.0342556175208204
4	0.7971246214762	0.8024190163360085	0.9934019573913094
4	0.8983958520267649	0.8706642744385782	1.0318510571782316
4	0.904601529410829	0.8701887378794246	1.0395463536051563
4	0.8487840083768607	0.8579317079586247	0.989337496799681
4	0.81459347656004	0.8479703493851835	0.9606391038916122
4	0.888347862842337	0.8707371452086918	1.0202250676114482
4	0.8385122091828988	0.8505096676661498	0.9858938011649265
4	0.8382039934133866	0.8342421588180231	1.0047490222754707
4	0.8197944092343933	0.8217587238139442	0.9976096212639713
4	0.7503618123083876	0.8202750377301987	0.9147685566352604
4	0.8894002320540275	0.8455543978306441	1.0518545398567785
4	0.8510919397153951	0.8409346024905766	1.0120786291760806
4	0.8550403974267013	0.8608842882811463	0.9932117580329954
4	0.9020275511189894	0.8804805727516944	1.0244718384869707
4	0.8086959564822079	0.8224376252632805	0.9832915368181587
4	0.6906120124062098	0.7819915415785104	0.883145118183959
4	0.9288917937933999	0.8751350974494101	1.061426740283488
4	0.9116120340819301	0.8822049321789485	1.0333336403258928
4	0.8637785540066387	0.8641571926189123	0.9995618405823528
5	0.6564741208542606	0.6852891821254061	0.957951968274508
5	0.7219388688681775	0.7089470431528542	1.0183255235222446
5	0.7979153362362936	0.7516366583522277	1.0615705439188132
5	0.798598558280029	0.749651826265617	1.065292620253111
5	0.6817246953914327	0.6994776666715418	0.974619673899545
5	0.6162759832356733	0.6941442732229751	0.8878211735065504
5	0.7089634688867321	0.68974448740317	1.027863914586574
5	0.7688782964909319	0.7014826047357883	1.0960760698841963
5	0.7186591652148784	0.7037964247630634	1.0211179538981299
5	0.7226345387775949	0.6912917981476973	1.045339378702134
5	0.6014013090972525	0.6617058966689527	0.9088649687492959
5	0.7351176144470338	0.7268906410841892	1.011318034512831
5	0.7512491827525839	0.7404007469099037	1.014652113585726
5	0.8137724062408256	0.7404790063695725	1.098981063934002
5	0.6350067177894111	0.7038575516412462	0.9021807272063934
5	0.7299184892300303	0.7287081445495884	1.0016609457290888
5	0.8535969507954759	0.7840008907810855	1.0887703838512903
5	0.6981619999771153	0.6947127989586656	1.0049649308658481
5	0.6371481402988216	0.6840207843077591	0.93147482491139
5	0.7800261720706563	0.7025319499043329	1.1103070432268256
5	0.6903113333735894	0.7117437088198564	0.969887509814728
5	0.752587953363753	0.7416176348794469	1.014792418583856
5	0.7597421375642754	0.7427942364460486	1.0228164144074614
5	0.7594580231934493	0.7332347661992646	1.0357637938120603
5	0.7228359635280742	0.7226960683885063	1.0001935739596313
5	0.6552685395350575	0.6889053785178507	0.951173499247224
5	0.7199790281645676	0.7193225897120817	1.000912578670369
5	0.7570636900761647	0.7435040121617736	1.018237531597127
5	0.8004068155118154	0.7392690188237258	1.0827003365910937
5	0.7463658389293749	0.6895702587235062	1.0823637323207724
5	0.8362377780158959	0.7556761296313563	1.1066086981255319
5	0.794872008208781	0.7785335970193286	1.0209861350261635
5	0.7181303223770255	0.7239529244567328	0.9919572089800222
5	0.750825198479921	0.7053207298129237	1.0645159949843905
5	0.7454698799247984	0.7168015187679773	1.0399948387471272
5	0.7645048582677014	0.7379012514458422	1.036053071830048
5	0.773452982341898	0.7273786042873378	1.063343048287353
5	0.7332383203592754	0.7198625133748536	1.018581057821324
5	0.7075565760788031	0.7264942317194915	0.9739328203668375
5	0.6368305061195667	0.6880971874781008	0.9254949994107254
5	0.8116876268335208	0.7394797091528502	1.0976469222710548
5	0.8615718359689203	0.7677098569431619	1.1222623080541059
5	0.7129433224811127	0.7060131089608075	1.0098159841968175
5	0.7447762665790036	0.7276531422109739	1.0235319871168302
5	0.676888964038691	0.6879875391823241	0.9838680579057816
5	0.7763868873024831	0.7342209782786302	1.0574294528095753
5	0.7606929944790072	0.7409731750364682	1.0266134053254605
5	0.7912890667748806	0.7315826336849441	1.081612698744909
5	0.5582257701374641	0.6604990154701869	0.845157611234412
5	0.8504047437294229	0.7476606522845186	1.1374207551660824
5	0.7026155662819478	0.7271863039266664	0.9662112205468649
5	0.7382093687066356	0.7072974691082599	1.0437042417772942
5	0.835495213310224	0.7413155657664473	1.127043936338237
5	0.7096482994323162	0.7117543977443206	0.9970409760464017
5	0.6594677096927795	0.6648220318186967	0.9919462324206226
5	0.7840201823412478	0.7398539019215412	1.059695948490639
5	0.8296782216458767	0.7517082294093144	1.103723744381288
5	0.7005000061367057	0.7174568461712313	0.9763653519720145
5	0.6812665653807205	0.7127078277798553	0.955884780307413
5	0.7860609815552373	0.7537465068894967	1.0428718068612928
5	0.6793629531504556	0.7046927469683599	0.9640555491355984
5	0.7349983531560409	0.6964550796616548	1.0553420810902994
5	0.6905624971284351	0.6549015449969011	1.0544523866281346
5	0.6417033781740998	0.6962054707565606	0.9217155065971634
5	0.787485654578877	0.7001849981598242	1.1246822720402323
5	0.739805456183822	0.6949449982968852	1.0645525300518417
5	0.7188623814678199	0.7310246019220404	0.9833627754493581
5	0.7876690126750399	0.7625488291414881	1.0329423934226392
5	0.7216890088707454	0.6725722144862931	1.073028283545682
5	0.49129094637237647	0.629231628186991	0.780779166787811
5	0.8425258881025601	0.7461722690855157	1.129130527907627
5	0.8020184360147443	0.7596155602423325	1.055821494439746
5	0.694944811198639	0.7183041424260356	0.967479887908621
6	0.5636669958960993	0.6097202127854241	0.9244682791817956
6	0.6122960233933762	0.6156247123320023	0.9945929900604266
6	0.7306151132890829	0.6666311242419297	1.0959811006723
6	0.7085679462106838	0.66468126353637	1.066026658312616
6	0.5543788414536032	0.595200726207131	0.9314149278451623
6	0.5850785431870037	0.6257537853632748	0.9349980085974909
6	0.6354279258230294	0.6082279615835935	1.0447200161081343
6	0.6765602178882771	0.6212613396798674	1.0890106540943059
6	0.680295565928412	0.645928308065773	1.0532059942775251
6	0.6287138734138714	0.6129084342632228	1.0257876026288466
6	0.5408969256592753	0.5862093135885257	0.9227027157725163
6	0.6098708585581482	0.6292854318936217	0.9691482237606359
6	0.6777805362081838	0.6452018251884387	1.0504938296016602
6	0.7017181617506261	0.6590390906261845	1.0647595442083566
6	0.5955362939253471	0.6287470081745942	0.9471795271906488
6	0.6662695616261018	0.6474011034638582	1.0291449274048032
6	0.7472518427425849	0.6842439013675343	1.092084037941913
6	0.663974389491599	0.6370088845667644	1.042331442430625
6	0.5822186279090904	0.6095736690896222	0.9551243064330754
6	0.6499511408628946	0.6234835934310357	1.042451072828088
6	0.6076718691550453	0.6215638337944704	0.9776499791588281
6	0.6305594825499257	0.6407600144537623	0.984080573578655
6	0.6386264695038553	0.6454658421716687	0.9894039742756915
6	0.6533729996243903	0.6348774028118358	1.029132548631655
6	0.6528937942599099	0.6444546664313351	1.0130949906458222
6	0.6191390413591317	0.6185964455109638	1.0008771402618062
6	0.6604866496626906	0.6473535196728801	1.0202874157484259
6	0.6847430581881864	0.660730912231228	1.0363417928727923
6	0.6685374895988333	0.6480190939578079	1.031663257814995
6	0.6477641987515209	0.6059183438780574	1.0690618716139828
6	0.7113325789079284	0.6604202308205401	1.0770908365786012
6	0.7007376571866133	0.6841367041262306	1.0242655495023982
6	0.6015996888916467	0.6273344912878123	0.9589775426768958
6	0.6236131101198393	0.6250864575337626	0.9976429701904977
6	0.6526698404696831	0.6349870360388308	1.0278475046375135
6	0.6932212705328756	0.6596129399633215	1.0509515937807754
6	0.6886273749336504	0.6482248318652224	1.0623279780136972
6	0.6461718390001286	0.6374798114283619	1.0136349848511925
6	0.6031239565896549	0.6358824241832479	0.9484834517392594
6	0.5886097042727549	0.6113429775255006	0.9628142072642073
6	0.6803203765150443	0.6400834365678034	1.062862023368384
6	0.7487156362663124	0.6768797158826598	1.1061280441680508
6	0.645733017185262	0.6330656683432927	1.0200095337267605
6	0.6684560301111985	0.6534816870136307	1.0229147096164233
6	0.5818885696269251	0.5974513921979933	0.9739513159157379
6	0.6658306203039567	0.6461662575365118	1.030432357830653
6	0.6340987809364179	0.6420402129800381	0.987630942917485
6	0.6948226758078377	0.6452655252742721	1.0768011750085382
6	0.5308704854267536	0.5949683221472977	0.892266807602111
6	0.7341874287275771	0.6647525575855485	1.104452206087365
6	0.6270403086028583	0.6381049104623358	0.9826602151494797
6	0.6370022723154334	0.6130317547914921	1.0391015919429725
6	0.72137599935169	0.6540718447310392	1.102900247370114
6	0.6687632288076882	0.643272639749031	1.0396264157427901
6	0.5352940836581314	0.5591235296259869	0.9573807133751003
6	0.7246940642610873	0.6675229704695839	1.0856466313830146
6	0.7130743890678666	0.660630123048128	1.0793852175219658
6	0.587324939743175	0.6215722125742178	0.9449021816963005
6	0.5685929753294843	0.6246877924882142	0.9102034362872743
6	0.715959573482574	0.6666398539055022	1.0739825548804693
6	0.6492159101586297	0.6443554640495073	1.007543113049087
6	0.6063066105380072	0.6041178783445076	1.003623021718042
6	0.6122780447037162	0.5789379120719848	1.0575884424504332
6	0.5721948748200598	0.6121037989274645	0.9348003979433985
6	0.6619804318003066	0.6275803481443665	1.0548138318187537
6	0.60115627061746	0.6017061895058256	0.9990860674230106
6	0.6233244267150643	0.6394356773671535	0.9748039541390207
6	0.6879612700582372	0.6632447514990614	1.0372660597815688
6	0.6326786971796031	0.5815620130674365	1.0878955003311732
6	0.44608207719128357	0.5643434874847255	0.790444272121342
6	0.7257784407195389	0.6527407729182442	1.1118938341705868
6	0.7111360022080023	0.6661942977072022	1.0674603560184666
6	0.6242307984763262	0.6381984246438637	0.9781139757978378
7	0.19200157811646468	0.26060313540637003	0.7367585114318295
7	0.26286801917302144	0.25648620217482493	1.0248817166150972
7	0.32753251782517895	0.26794290627073797	1.2223966754105062
7	0.2528912734503853	0.2608512632842557	0.9694845647529176
7	0.21892256399380122	0.23907923388772243	0.9156904195895689
7	0.272377565317424	0.26284127292843446	1.0362815637085507
7	0.27029381081187426	0.25349658410367426	1.0662621422201504
7	0.30276976452816773	0.25401673737432584	1.1919284046310623
7	0.30366610300256464	0.2700645893946128	1.1244202865813482
7	0.3140271400459597	0.25811512154874533	1.2166165940287823
7	0.22726599765615282	0.26089349965045766	0.8711064015034541
7	0.1985528093998493	0.2380218843786773	0.8341787979628156
7	0.21480646636073375	0.23239557260094826	0.9243139357460257
7	0.28978938054877346	0.2550576458886259	1.1361720976414627
7	0.163381589881588	0.23603433469089014	0.692194167833896
7	0.23671410908371587	0.24445765608337564	0.9683235652189239
7	0.28796983620682665	0.2421697508235311	1.1891238902775683
7	0.30976488252233103	0.2770972928178217	1.1178921286899282
7	0.1966107615790361	0.24284154753805795	0.8096257150898917
7	0.27662459634831443	0.23426255683136427	1.1808314571903389
7	0.22117892098667064	0.24293680509263962	0.9104380906891733
7	0.20681327341601968	0.25276323895245967	0.8182094606522969
7	0.2900743959300116	0.2668962337633204	1.0868433467189547
7	0.3194832357222531	0.2538830832220661	1.2583872531704208
7	0.21383751974876705	0.24861941099803128	0.8600998566055663
7	0.25367195814619686	0.24246917847460864	1.0462029019195995
7	0.2700227598271236	0.25748703397916	1.048684881930708
7	0.2036600527171479	0.23879766150505974	0.8528561437057149
7	0.25356298590945264	0.25444487593616594	0.9965340625411748
7	0.3250115621854574	0.2682980279680401	1.2113825981015898
7	0.34155662233851425	0.2533103657292612	1.3483720705830526
7	0.28565467507692377	0.22404884258409485	1.2749660823162061
7	0.20605162850031955	0.24130889972871625	0.853891542052392
7	0.2853409467966053	0.2591895391641675	1.10089684837116
7	0.28548982603584405	0.2611503679822921	1.0932009333994213
7	0.2525778697485013	0.24399830214189275	1.0351624069974852
7	0.28463040017842123	0.2639744007773878	1.0782500096229135
7	0.28116348372854966	0.2636794523318827	1.066307902424875
7	0.22115932330980706	0.2513763036488614	0.8797938393538345
7	0.2998899552331425	0.26868612095463656	1.1161348943802505
7	0.29372983550156834	0.2589306793279488	1.134395646989149
7	0.28642186370018285	0.23446225593240616	1.2216118221721635
7	0.28915682471120263	0.26912790623724414	1.074421559451001
7	0.2303368851365304	0.26690610809937587	0.8629884373075875
7	0.3151151677903154	0.26199043834079905	1.2027735431337052
7	0.29745196235225624	0.26294810993215834	1.1312192448502483
7	0.24736813982843533	0.25072205909049	0.9866229590079899
7	0.2738377337585539	0.2489322656230856	1.1000491763216356
7	0.2058092608280308	0.2509912420859004	0.819985825471925
7	0.2812416717900913	0.25313521520857823	1.1110333722566175
7	0.18775906675742615	0.2546378439101043	0.7373572752356142
7	0.2746376983091369	0.2630414176018759	1.0440853794546245
7	0.28779333215744385	0.2385815854849783	1.206268000828438
7	0.29707332323518	0.27226476168070207	1.0911192524560784
7	0.31885251860519054	0.2509769031356899	1.270445665005293
7	0.29218413086318784	0.26686599522340676	1.0948720934586889
7	0.28246505444648634	0.25559117195996967	1.1051440168314015
7	0.2727839746304288	0.261139852506618	1.0445896021309722
7	0.19425303590349205	0.2318913268627243	0.837689958186692
7	0.2876910285166005	0.2573069593465418	1.1180849101292178
7	0.30175142427599705	0.2541335287382708	1.1873735267209364
7	0.2516116734969964	0.2484443428268583	1.0127486528133405
7	0.3318951153013457	0.24654397305095851	1.3461903416018441
7	0.2800194787769448	0.2541136628668551	1.101945781339838
7	0.3036531992213194	0.2592336327331918	1.1713495506728677
7	0.3303471495947104	0.2394737162736138	1.3794714289950216
7	0.16323702952719324	0.23896965520460647	0.683086852125343
7	0.19624862498200213	0.22951445253732247	0.8550599877804609
7	0.2817618954278146	0.26081866497477907	1.0802980509660254
7	0.2074676701038348	0.24281970453970414	0.8544103556056801
7	0.3081039565797837	0.25081857659154116	1.228393689042945
7	0.29226103360433714	0.24482018874426012	1.1937783199310978
7	0.28142423870366967	0.2732379804270177	1.029960177072962
8	0.43091021677832353	0.42714005227287083	1.0088265300465062
8	0.41343590682249165	0.42235182224894835	0.9788898379105339
8	0.4435192709389092	0.4291631554850434	1.0334514164843447
8	0.4141242235851291	0.41903390654938055	0.9882833277032849
8	0.41851153590971857	0.41686183400174537	1.003957430912148
8	0.4059517407781694	0.417477775048627	0.9723912625789121
8	0.4214537698521235	0.4212712918972299	1.0004331601948755
8	0.4191111199351277	0.4197375832814257	0.9985074880800513
8	0.43040615672087573	0.42625664193813856	1.0097347803517378
8	0.4333635234341305	0.4155903964119535	1.0427659714363549
8	0.4104289897627864	0.4258108479877347	0.9638763119877317
8	0.4000336844445026	0.4148289979809698	0.9643339457740948
8	0.4075293587592838	0.41589843957306566	0.979877104558572
8	0.44078022189176935	0.4269152275202708	1.032477160517401
8	0.41895314210631157	0.42230308862482957	0.9920674354302579
8	0.4300809267122528	0.42377865821411015	1.014871604258463
8	0.44212849347650424	0.42348866894834847	1.0440149309648452
8	0.4369785612927052	0.42819120099333147	1.0205220478117918
8	0.4122247796998482	0.4266268778764864	0.9662419342908635
8	0.451054211691843	0.4311845604629287	1.0460815461657111
8	0.4181750346754933	0.42035096987237486	0.994823527592806
8	0.43527821902534847	0.4308754254286861	1.0102182518120681
8	0.4395315416867973	0.42986230812522963	1.0224937924977382
8	0.4081353539918187	0.4094976786483929	0.9966731810029528
8	0.4220867879998355	0.4245747860905686	0.9941400239198322
8	0.3935362543884956	0.41219647862570635	0.9547297825070575
8	0.4329536249992504	0.4197319411452818	1.0315003042606
8	0.41692791106894483	0.4201831992074213	0.9922526932428121
8	0.41469163841236173	0.42186195449955266	0.9830031696133942
8	0.4412610047920687	0.4270211952753084	1.0333468447803384
8	0.4511432987823081	0.4255974569114009	1.06002348335513
8	0.4469171976158851	0.41761020226869794	1.0701778720634094
8	0.43291730627432173	0.42682614633562893	1.0142708219517158
8	0.4443551618088372	0.42933621015722645	1.0349817958427283
8	0.4359982658825033	0.4260537332156491	1.0233410292917695
8	0.41753905048038426	0.41749201879995745	1.0001126528851065
8	0.4413729939694274	0.4286571010641426	1.0296644867744347
8	0.4124801596487334	0.42124941759016427	0.9791827416840193
8	0.4100019676029345	0.41891546057566736	0.978722454023339
8	0.44244971980524395	0.4257686389885285	1.0391787447200047
8	0.429851925948525	0.4226231806197369	1.017104469561248
8	0.4294977431381713	0.4126090652346749	1.0409314271703916
8	0.4334320903660506	0.42864706553178294	1.01116308781522
8	0.42015248222874185	0.4270868301603688	0.9837636109523135
8	0.43597592183523404	0.42376179386116863	1.028823098615792
8	0.4336287595752703	0.42486015429806184	1.020638803588667
8	0.42689593508862195	0.4214012933968203	1.013038976808805
8	0.43792929131539	0.42364585771980123	1.033715503964719
8	0.38432583078664706	0.41439045034207306	0.9274485704711387
8	0.41504810264835557	0.41506225593993284	0.9999659007983146
8	0.42449777126568045	0.4263495181879511	0.9956567397328351
8	0.4403919365456293	0.429549717971964	1.0252408932424744
8	0.44168028318267977	0.42261731057746194	1.0451069374777155
8	0.42063537895407294	0.4230831697741643	0.9942143980310113
8	0.4478526903050987	0.4242485414063113	1.0556375487362755
8	0.4286546246506372	0.4234970767592899	1.0121784734166626
8	0.44258773678026375	0.42492632611835385	1.0415634654205697
8	0.43779414233737635	0.4260691659619335	1.027518950705976
8	0.4157580976306617	0.42389090950189295	0.9808139035564881
8	0.43072125394236094	0.42206849054999185	1.0205008513691551
8	0.4377189218645615	0.4125673950227138	1.0609634380837658
8	0.39923456312344746	0.41133240437659513	0.9705886501417683
8	0.423327440515155	0.41295088216016007	1.025127827069202
8	0.4156148744782445	0.4205435905660885	0.9882801302922974
8	0.4248056539814511	0.4215610097263703	1.0076967370800893
8	0.4117497120059984	0.40213445318504587	1.0239105571402707
8	0.40386333761550924	0.4218554799611072	0.957349985480201
8	0.381675354003694	0.4048128819251457	0.9428438941680466
8	0.42805122645593097	0.4238699858036233	1.0098644414380518
8	0.39396768526651177	0.41509497429745784	0.9491025178835188
8	0.4524836561614874	0.42754622407459536	1.0583268677927584
8	0.42939252701194036	0.41795104014877155	1.0273751845649102
8	0.4204631428237927	0.42455361036291156	0.9903652508440046
9	0.88140992171817	0.885027926198259	0.9959119883418476
9	0.8861430300566296	0.8854279773649326	1.0008075786060262
9	0.8921269625890504	0.8858316028441618	1.0071067229083677
9	0.8877298367271327	0.8853109640691502	1.0027322294155996
9	0.8850430883448185	0.8845766856084377	1.0005272609418367
9	0.8852326157214138	0.8847872468393171	1.000503362682597
9	0.8895768635178686	0.8857112893481511	1.0043643726981988
9	0.8949850166742288	0.8876301647427021	1.0082859418524366
9	0.8876802663842881	0.8853168739738623	1.0026695440693651
9	0.8946647290745737	0.8864933663172821	1.0092176242572886
9	0.8850876982647552	0.8843742886292901	1.0008066829221944
9	0.8805137031170606	0.8840808753285465	0.995965106461374
9	0.8841897902833789	0.8828949524571019	1.0014665819786073
9	0.8845153305731394	0.8830923604071335	1.0016113491972118
9	0.8827616130385705	0.8840559369173878	0.9985359253586028
9	0.8845574185759816	0.8849459732756977	0.9995609283374918
9	0.8881621153602649	0.8810096574224161	1.0081184784725004
9	0.8877089387409398	0.8843251469448896	1.003826411368873
9	0.8794355932019957	0.8843925186244864	0.9943951070162824
9	0.8849812582995094	0.8825068328256777	1.0028038598476443
9	0.8864014560185669	0.8844152038518823	1.002245836749565
9	0.8795796372189639	0.8836111029958972	0.9954375111819391
9	0.8875778790349187	0.8848108461238541	1.003127259259068
9	0.8867001398296764	0.8822311471562327	1.0050655575784748
9	0.883992654613118	0.8861846300920979	0.9975265024865619
9	0.8767776280237329	0.881705085772865	0.9944114445650352
9	0.8913842815950825	0.885511288384534	1.0066323188507995
9	0.8742001821297067	0.8800703676184543	0.9933298680369926
9	0.8770640256452573	0.8824677274772165	0.9938766011903832
9	0.8874675836870713	0.8821665142391341	1.0060091483437335
9	0.8851082261248315	0.8789744270683649	1.0069783589460328
9	0.89250371359647	0.8824519994433712	1.0113906639221615
9	0.8797890506659346	0.8815763211737659	0.9979726423397447
9	0.8877067578684992	0.8849898511977827	1.0030699862456494
9	0.891536630245694	0.8867250664455227	1.0054262183197984
9	0.8808585097324629	0.8818961197789659	0.9988234328020822
9	0.888419662942135	0.8846006451552224	1.0043172224752814
9	0.8850208194951018	0.8843173003114593	1.0007955506280322
9	0.8832662218120388	0.8838823580516585	0.9993029205368712
9	0.8863801150870393	0.8834577826537655	1.0033078348401614
9	0.8874778087632332	0.8844542324677794	1.0034185785815253
9	0.8918906725953303	0.88300757003691	1.0100600525520398
9	0.8844849410631689	0.885092225427308	0.9993138744791866
9	0.881208210946999	0.8846991528176037	0.9960540915411903
9	0.8979080653673465	0.8884211260435929	1.0106784260815609
9	0.8937613864220373	0.8877491723446539	1.006772424311593
9	0.8855065182321789	0.8842973159421612	1.0013674159903214
9	0.8893013970722718	0.8845360708657046	1.005387373521018
9	0.8773035275583827	0.8835442071094667	0.9929367659242535
9	0.8855991368494753	0.8827082241984154	1.0032750489593378
9	0.8812994341227052	0.8841959072858115	0.9967241726191681
9	0.8908022564479381	0.8862635072178904	1.0051212186816711
9	0.8950549763794045	0.8838714748780273	1.0126528594023474
9	0.8820774195666763	0.8835804033107063	0.998298984746155
9	0.8924264228482042	0.8842760502585649	1.0092170002650824
9	0.8899117029584878	0.8861201775312489	1.0042787936934268
9	0.8843474836422673	0.8816381619258413	1.0030730540412496
9	0.8851892307339534	0.8837864674104986	1.0015872197359674
9	0.8817302537734047	0.8834630767479502	0.9980386017026042
9	0.88501146061266	0.8831473922195608	1.002110710408615
9	0.8863618049808543	0.880893589609363	1.006207577664308
9	0.8804554055698453	0.882644587390092	0.9975197470742783
9	0.8867239714166432	0.881901676995179	1.005468063557714
9	0.8906795212463229	0.8852117296591974	1.0061768178210095
9	0.8888717508248166	0.8852399207740569	1.004102650553292
9	0.8855185862151277	0.8780519451816386	1.0085036438612347
9	0.8693169031761816	0.8798311489710029	0.9880497004372736
9	0.8740134046376552	0.8814864741733776	0.99152219602379
9	0.8894239798504502	0.8861747464444645	1.0036665831643503
9	0.8846046808633968	0.8843220276684375	1.0003196269979893
9	0.8964276882621484	0.8865667310216511	1.0111226339715385
9	0.8838190533472896	0.882104207084846	1.0019440404531237
9	0.8891530327003389	0.8875011551565346	1.0018612680492938
