0	1.0	0.9999908111549421	1.0000091889294935
0	1.0	0.9999908111549421	1.0000091889294935
0	1.0	0.9999908111549421	1.0000091889294935
0	1.0	0.9999908111549421	1.0000091889294935
0	1.0	0.9999908111549421	1.0000091889294935
0	0.9997357878090597	0.999861567307303	0.9998742030873513
0	1.0	0.9999908111549421	1.0000091889294935
0	1.0	0.9999908111549421	1.0000091889294935
0	1.0	0.9999908111549421	1.0000091889294935
0	1.0	0.9999908111549421	1.0000091889294935
0	1.0	0.9999908111549421	1.0000091889294935
0	1.0	0.9999908111549421	1.0000091889294935
0	1.0	0.9999908111549421	1.0000091889294935
0	1.0	0.9999908111549421	1.0000091889294935
0	1.0	0.9999908111549421	1.0000091889294935
0	1.0	0.9999908111549421	1.0000091889294935
0	1.0	0.9999908111549421	1.0000091889294935
0	1.0	0.9999908111549421	1.0000091889294935
0	1.0	0.9999908111549421	1.0000091889294935
0	1.0	0.9999908111549421	1.0000091889294935
0	1.0	0.9999908111549421	1.0000091889294935
0	0.9989410185026011	0.9994697018853685	0.9994710361086783
0	1.0	0.9999908111549421	1.0000091889294935
0	1.0	0.9999908111549421	1.0000091889294935
0	1.0	0.9999908111549421	1.0000091889294935
0	1.0	0.9999908111549421	1.0000091889294935
0	1.0	0.9999908111549421	1.0000091889294935
0	1.0	0.9999908111549421	1.0000091889294935
0	1.0	0.9999908111549421	1.0000091889294935
0	1.0	0.9999908111549421	1.0000091889294935
0	1.0	0.9999908111549421	1.0000091889294935
0	1.0	0.9999908111549421	1.0000091889294935
0	1.0	0.9999908111549421	1.0000091889294935
0	1.0	0.9999908111549421	1.0000091889294935
0	1.0	0.9999908111549421	1.0000091889294935
0	1.0	0.9999908111549421	1.0000091889294935
0	1.0	0.9999908111549421	1.0000091889294935
0	1.0	0.9999908111549421	1.0000091889294935
0	1.0	0.9999908111549421	1.0000091889294935
0	1.0	0.9999908111549421	1.0000091889294935
0	1.0	0.9999908111549421	1.0000091889294935
0	1.0	0.9999908111549421	1.0000091889294935
0	1.0	0.9999908111549421	1.0000091889294935
0	1.0	0.9999908111549421	1.0000091889294935
0	1.0	0.9999908111549421	1.0000091889294935
0	1.0	0.9999908111549421	1.0000091889294935
0	1.0	0.9999908111549421	1.0000091889294935
0	1.0	0.9999908111549421	1.0000091889294935
0	1.0	0.9999908111549421	1.0000091889294935
0	1.0	0.9999908111549421	1.0000091889294935
0	1.0	0.9999908111549421	1.0000091889294935
0	1.0	0.9999908111549421	1.0000091889294935
0	1.0	0.9999908111549421	1.0000091889294935
0	1.0	0.9999908111549421	1.0000091889294935
0	1.0	0.9999908111549421	1.0000091889294935
0	1.0	0.9999908111549421	1.0000091889294935
0	1.0	0.9999908111549421	1.0000091889294935
0	1.0	0.9999908111549421	1.0000091889294935
0	1.0	0.9999908111549421	1.0000091889294935
0	1.0	0.9999908111549421	1.0000091889294935
0	1.0	0.9999908111549421	1.0000091889294935
0	1.0	0.9999908111549421	1.0000091889294935
0	1.0	0.9999908111549421	1.0000091889294935
0	1.0	0.9999908111549421	1.0000091889294935
0	1.0	0.9999908111549421	1.0000091889294935
0	1.0	0.9999908111549421	1.0000091889294935
0	1.0	0.9999908111549421	1.0000091889294935
0	1.0	0.9999908111549421	1.0000091889294935
0	1.0	0.9999908111549421	1.0000091889294935
0	1.0	0.9999908111549421	1.0000091889294935
0	1.0	0.9999908111549421	1.0000091889294935
0	1.0	0.9999908111549421	1.0000091889294935
0	1.0	0.9999908111549421	1.0000091889294935
1	0.7136723202273265	0.7778333839112689	0.9175131011203017
1	0.8021800344812763	0.7981682822215536	1.0050261985461972
1	0.9146678728893716	0.8229168428043893	1.1114948987704605
1	0.8998466678226263	0.8340440182784377	1.0788958953029997
1	0.6219335733119272	0.7195834746864129	0.8642966315797614
1	0.8544690848998772	0.8190822287120353	1.043203056967169
1	0.7718213809600162	0.772380153048751	0.9992765581993152
1	0.6610388550520664	0.5849144524466109	1.1301462158902698
1	0.7867235381943761	0.7822743180751912	1.0056875446584164
1	0.8447209516726137	0.7956622371375625	1.061657713845441
1	0.9214469074917602	0.8298089215135386	1.110432635275935
1	0.8092138015580054	0.8006194737828757	1.0107345974667865
1	0.8746452836440218	0.8261857450579709	1.0586545324413104
1	0.9435404731003003	0.8517993534174068	1.1077027345874702
1	0.7499454239795282	0.7374414482876867	1.016955889475531
1	0.8497696725084964	0.8087593298809536	1.050707721212415
1	0.8416959183836393	0.7386684323155488	1.139477310198737
1	0.927892727840129	0.830656520274939	1.1170594646425045
1	0.8224032571377613	0.8044746657779355	1.022286085718422
1	0.8789527901604666	0.807637544675727	1.0883010528112251
1	0.6382982940212676	0.7495312542571757	0.8515966350914269
1	0.8666672472888838	0.8219702610957547	1.0543778629333187
1	0.7262338237984605	0.7605189786713193	0.9549187386056328
1	0.7127326137732284	0.7563217715975409	0.9423669138437715
1	0.753384081827248	0.7717235404229854	0.9762357144299558
1	0.8285362577783495	0.8069605769860176	1.0267369700672573
1	0.8286291034129278	0.7997087875773228	1.036163558891503
1	0.7893781320824205	0.7763912756527217	1.0167272055173218
1	0.8150763029428195	0.7931915382612459	1.0275907692227115
1	0.8866953131172807	0.8294466563875296	1.0690202996044194
1	0.9076107821816916	0.8434033734464021	1.0761289446506699
1	0.8485312882985018	0.8323558585566927	1.0194333103750328
1	0.7641262423658911	0.785427992064923	0.9728787999482567
1	0.9018994705934822	0.8408068837545332	1.0726594751058014
1	0.8422661707783284	0.8046802364037333	1.0467091556051802
1	0.8423747797214909	0.8170362092525418	1.031012787661063
1	0.9192378502541093	0.8321199583409599	1.1046939098622761
1	0.7343665495458509	0.787127779552518	0.9329699301977858
1	0.8126637164261907	0.7965753219133292	1.0201969532199642
1	0.8671428595034483	0.8125176774198127	1.0672295306326138
1	0.8376546923914785	0.7909032807049107	1.059111414539714
1	0.9282896248921456	0.8383109150341633	1.1073333392710454
1	0.8409334741498538	0.8038152446041469	1.0461775635568922
1	0.7617553335232113	0.7421451314457075	1.0264236754330018
1	0.7511167775890438	0.7381012954093346	1.0176337343677078
1	0.8851604789645493	0.8004857163984423	1.1057792298244582
1	0.8117371869558282	0.8030732181808793	1.0107885166368449
1	0.8789066589756134	0.8291124931324917	1.0600571891698232
1	0.8436615339662533	0.7963859452070124	1.059362660835196
1	0.8769397982338168	0.8218476156931208	1.067034546902266
1	0.8126296661335286	0.808668207527479	1.0048987440945178
1	0.8837369946807826	0.8318623481184255	1.0623596520261933
1	0.8560657634834402	0.7987375811021585	1.0717734882364942
1	0.8527673821319545	0.7990120150889011	1.067277294994209
1	0.8656938600113824	0.8127474821847891	1.0651449299901432
1	0.8877336181560368	0.8117759049583	1.0935698050826461
1	0.8423869131335394	0.7938691987188632	1.0611155017639853
1	0.7660423642622238	0.7655650372776955	1.0006234963213911
1	0.8073588270866587	0.8156834325722422	0.9897943182941304
1	0.8213874289943581	0.7851013772813581	1.0462183009265007
1	0.8746038019141632	0.8227029740789107	1.0630857423280378
1	0.6769202168419197	0.7184478804248339	0.942198084628828
1	0.6927959656250967	0.7412046258159397	0.9346892092887934
1	0.6361506841008121	0.7132923543881066	0.8918512587262064
1	0.841521641385748	0.776841285176025	1.0832607090328201
1	0.8277607393701971	0.7853954337548368	1.0539413699069007
1	0.770603791666337	0.7565703015913962	1.018548824934606
1	0.8073623651404191	0.7848498299843604	1.028683875941602
1	0.5726087026424989	0.724442878621024	0.790412494263811
1	0.7851481758366837	0.7724084315206312	1.0164935334677432
1	0.8865345757010701	0.8135520639078027	1.0897084710752307
1	0.8569737711748447	0.8263686115390525	1.0370357237780272
1	0.7386934533763483	0.7710615353825588	0.9580214022864579
2	0.7163046600976547	0.7794246733131293	0.9190171733373952
2	0.8041726585203091	0.7996773168740281	1.0056214444894516
2	0.9144711078043112	0.8234182309364706	1.1105791363937698
2	0.9000255067672933	0.834711844351668	1.0782469577466645
2	0.6207596804287637	0.7203856900646903	0.8617046243284202
2	0.8544125751451952	0.8198103455338345	1.042207603014364
2	0.7691059488994415	0.7747494086710902	0.9927157611112878
2	0.6656602544011692	0.586852020354571	1.1342897891004668
2	0.789599013379355	0.7838601092501492	1.0073213371384542
2	0.844537320262412	0.7961939104936341	1.0607181355341004
2	0.9214504562689682	0.8303026781655217	1.1097765676305287
2	0.8093974529651072	0.8013632292895323	1.010025695442375
2	0.8746442716271013	0.8269343674296957	1.0576949103538882
2	0.9436840293431636	0.8523015472853801	1.1072184866363801
2	0.7502175182277433	0.7381404590627193	1.0163614648360548
2	0.8497383375094438	0.8094319620501792	1.0497958782813248
2	0.8424164714448287	0.7401501657231468	1.1381696721256083
2	0.9279965966078977	0.8313706046586584	1.1162249319470607
2	0.8226544368071638	0.8051379752930028	1.0217558506140347
2	0.8789823392474658	0.8084588873607592	1.0872319582223071
2	0.6395052422619084	0.7504617202103754	0.8521490504307632
2	0.8687832886223245	0.8233920449103527	1.0551271341429025
2	0.726621257734466	0.7611926626661174	0.954582582534935
2	0.7156965088481247	0.7587334468843804	0.943277921629816
2	0.7523643739877477	0.7720708955117305	0.9744757616968306
2	0.8284601051451432	0.8075588758810172	1.0258819881600876
2	0.8288344471645958	0.8004780852825659	1.0354242825673612
2	0.7899335536702888	0.7772937582696386	1.0162612850883919
2	0.8152713247629256	0.7936940125594588	1.0271859329439637
2	0.8866919772919103	0.8300630016013038	1.0682225030887553
2	0.9077190871689621	0.8441457735817747	1.0753108237661855
2	0.8484753265286656	0.8329865582084562	1.0185942596162918
2	0.7645279704309739	0.7862177332542881	0.9724125240300334
2	0.9018992916356663	0.8413853660538525	1.0719217709545243
2	0.8421911838141812	0.8056965930083329	1.045295699550601
2	0.8440489798596001	0.8182477782531118	1.0315322599000167
2	0.9192956904859243	0.832690970995457	1.104005834705922
2	0.7354445287967499	0.7880457025750037	0.933251112712911
2	0.8119877051184053	0.7969650971458181	1.0188497689878615
2	0.8672629018138551	0.8131732163813323	1.066516806435442
2	0.8381311031250397	0.7916964327954346	1.0586521151366655
2	0.9283321403593842	0.8389350557992561	1.1065601966947956
2	0.8442863306241939	0.8056335847200157	1.0479780717155818
2	0.7620441660056936	0.7428016065525311	1.0259053821147082
2	0.7513302533427877	0.7382225813682135	1.0177557179980603
2	0.8860384279250776	0.8017846152510958	1.1050828502709495
2	0.8133709496140571	0.8041754805657658	1.0114346548365563
2	0.8788366727947995	0.8298054270125985	1.059087641736352
2	0.8436962873740923	0.796879866967288	1.0587496589479355
2	0.8770906250759408	0.8224603725711696	1.0664229600922737
2	0.8124193662776336	0.8092380879521766	1.0039312019204476
2	0.883862844389414	0.8324801678651725	1.0617224031366514
2	0.8594632502429856	0.8012588882438982	1.0726411436466592
2	0.8528020819702417	0.799468657722504	1.066711088336686
2	0.8657663252036453	0.8132960049842324	1.064515649773086
2	0.8876909127119963	0.8123493876090037	1.0927452229941923
2	0.8424324114221554	0.7947995473650781	1.0599306632911278
2	0.7662822081295297	0.766272053835964	1.0000132515514757
2	0.8083071026017289	0.8165248216258333	0.9899357388698342
2	0.8213626619748763	0.7860618947842418	1.0449083811654856
2	0.8744995561043454	0.8232886792427957	1.0622028191966029
2	0.6762104107218095	0.7190172992249837	0.9404647307522156
2	0.6930729706689905	0.7422191388428081	0.933784827685202
2	0.6369871023696527	0.7144254329888834	0.8916075393687228
2	0.8466870217472365	0.7811725447901927	1.083866845287861
2	0.8279417142596753	0.7862889459758616	1.0529738698438886
2	0.7725997374927944	0.7579201197037276	1.0193682914695616
2	0.8078408627123527	0.7857554667901766	1.0281072125560835
2	0.5802609250823917	0.7289490836651228	0.7960239447244603
2	0.7840873197471193	0.7729495608250965	1.0144094252542606
2	0.8865891584645337	0.8143604478824122	1.0886937851291014
2	0.8570553050157702	0.8269941821112006	1.0363498601983243
2	0.7389426513952079	0.7716397431550649	0.9576264804270374
3	0.7163046600976547	0.7794246733131293	0.9190171733373952
3	0.8041726585203091	0.7996773168740281	1.0056214444894516
3	0.9144711078043112	0.8234182309364706	1.1105791363937698
3	0.9000255067672933	0.834711844351668	1.0782469577466645
3	0.6207596804287637	0.7203856900646903	0.8617046243284202
3	0.8544125751451952	0.8198103455338345	1.042207603014364
3	0.7691059488994415	0.7747494086710902	0.9927157611112878
3	0.6656602544011692	0.586852020354571	1.1342897891004668
3	0.789599013379355	0.7838601092501492	1.0073213371384542
3	0.844537320262412	0.7961939104936341	1.0607181355341004
3	0.9214504562689682	0.8303026781655217	1.1097765676305287
3	0.8093974529651072	0.8013632292895323	1.010025695442375
3	0.8746442716271013	0.8269343674296957	1.0576949103538882
3	0.9436840293431636	0.8523015472853801	1.1072184866363801
3	0.7502175182277433	0.7381404590627193	1.0163614648360548
3	0.8497383375094438	0.8094319620501792	1.0497958782813248
3	0.8424164714448287	0.7401501657231468	1.1381696721256083
3	0.9279965966078977	0.8313706046586584	1.1162249319470607
3	0.8226544368071638	0.8051379752930028	1.0217558506140347
3	0.8789823392474658	0.8084588873607592	1.0872319582223071
3	0.6395052422619084	0.7504617202103754	0.8521490504307632
3	0.8687832886223245	0.8233920449103527	1.0551271341429025
3	0.726621257734466	0.7611926626661174	0.954582582534935
3	0.7156965088481247	0.7587334468843804	0.943277921629816
3	0.7523643739877477	0.7720708955117305	0.9744757616968306
3	0.8284601051451432	0.8075588758810172	1.0258819881600876
3	0.8288344471645958	0.8004780852825659	1.0354242825673612
3	0.7899335536702888	0.7772937582696386	1.0162612850883919
3	0.8152713247629256	0.7936940125594588	1.0271859329439637
3	0.8866919772919103	0.8300630016013038	1.0682225030887553
3	0.9077190871689621	0.8441457735817747	1.0753108237661855
3	0.8484753265286656	0.8329865582084562	1.0185942596162918
3	0.7645279704309739	0.7862177332542881	0.9724125240300334
3	0.9018992916356663	0.8413853660538525	1.0719217709545243
3	0.8421911838141812	0.8056965930083329	1.045295699550601
3	0.8440489798596001	0.8182477782531118	1.0315322599000167
3	0.9192956904859243	0.832690970995457	1.104005834705922
3	0.7354445287967499	0.7880457025750037	0.933251112712911
3	0.8119877051184053	0.7969650971458181	1.0188497689878615
3	0.8672629018138551	0.8131732163813323	1.066516806435442
3	0.8381311031250397	0.7916964327954346	1.0586521151366655
3	0.9283321403593842	0.8389350557992561	1.1065601966947956
3	0.8442863306241939	0.8056335847200157	1.0479780717155818
3	0.7620441660056936	0.7428016065525311	1.0259053821147082
3	0.7513302533427877	0.7382225813682135	1.0177557179980603
3	0.8860384279250776	0.8017846152510958	1.1050828502709495
3	0.8133709496140571	0.8041754805657658	1.0114346548365563
3	0.8788366727947995	0.8298054270125985	1.059087641736352
3	0.8436962873740923	0.796879866967288	1.0587496589479355
3	0.8770906250759408	0.8224603725711696	1.0664229600922737
3	0.8124193662776336	0.8092380879521766	1.0039312019204476
3	0.883862844389414	0.8324801678651725	1.0617224031366514
3	0.8594632502429856	0.8012588882438982	1.0726411436466592
3	0.8528020819702417	0.799468657722504	1.066711088336686
3	0.8657663252036453	0.8132960049842324	1.064515649773086
3	0.8876909127119963	0.8123493876090037	1.0927452229941923
3	0.8424324114221554	0.7947995473650781	1.0599306632911278
3	0.7662822081295297	0.766272053835964	1.0000132515514757
3	0.8083071026017289	0.8165248216258333	0.9899357388698342
3	0.8213626619748763	0.7860618947842418	1.0449083811654856
3	0.8744995561043454	0.8232886792427957	1.0622028191966029
3	0.6762104107218095	0.7190172992249837	0.9404647307522156
3	0.6930729706689905	0.7422191388428081	0.933784827685202
3	0.6369871023696527	0.7144254329888834	0.8916075393687228
3	0.8466870217472365	0.7811725447901927	1.083866845287861
3	0.8279417142596753	0.7862889459758616	1.0529738698438886
3	0.7725997374927944	0.7579201197037276	1.0193682914695616
3	0.8078408627123527	0.7857554667901766	1.0281072125560835
3	0.5802609250823917	0.7289490836651228	0.7960239447244603
3	0.7840873197471193	0.7729495608250965	1.0144094252542606
3	0.8865891584645337	0.8143604478824122	1.0886937851291014
3	0.8570553050157702	0.8269941821112006	1.0363498601983243
3	0.7389426513952079	0.7716397431550649	0.9576264804270374
4	0.7724170617630005	0.831769071972548	0.9286436437594467
4	0.8362180247705983	0.8526682406418103	0.9807073664912981
4	0.9158109539155412	0.8732535890120054	1.048734257080678
4	0.9051746876658089	0.8737072968730609	1.0360159413860541
4	0.7751151629339232	0.8196950917405021	0.9456140103121516
4	0.8758253997076302	0.8680146048010448	1.0089984602371704
4	0.8711768004719754	0.8553638698628957	1.0184867880982795
4	0.8485800758543562	0.813844114413608	1.0426813450211854
4	0.8299470699893448	0.8422815311370682	0.9853558926656363
4	0.8716851260620945	0.846531308120718	1.02971398423198
4	0.913231613106652	0.8714508519236888	1.0479439099643246
4	0.8355382957516675	0.8488715468245923	0.9842929697398847
4	0.902488235272256	0.8719496405920154	1.035023346829418
4	0.9162133113201298	0.8698401753109827	1.0533122489916817
4	0.8545308034152544	0.8515160590543961	1.0035404433407942
4	0.8765392243478632	0.8613107849908385	1.0176805395014143
4	0.9098474937444827	0.845926904079653	1.0755627813190003
4	0.9140355929554675	0.8705869863086985	1.0499072549096924
4	0.8680348218965099	0.8595209111039819	1.0099054143797301
4	0.884031888962726	0.8596715204339984	1.0283368332551361
4	0.8008402201222385	0.8399216137153636	0.9534701894141647
4	0.874998761491282	0.8622003395814489	1.0148439072942677
4	0.8438766185230905	0.8493065011118224	0.9936066866536125
4	0.8157768866511254	0.8399915224153766	0.9711727617266629
4	0.8347687648036626	0.8488675097912433	0.9833911124822672
4	0.8591019228940842	0.8506139801133218	1.0099786071933965
4	0.8931856441408402	0.8725988246293328	1.0235925363757536
4	0.8588670007625199	0.8573120267180749	1.0018137784097088
4	0.8938521506123258	0.8614928189491644	1.03756192849365
4	0.895805011303058	0.8618139502308304	1.0394412982791974
4	0.9267178572677246	0.8826347611239416	1.0499448901011421
4	0.8957679001541125	0.875036339548158	1.0236922281612437
4	0.8753905535348804	0.8635517985324582	1.0137093744955905
4	0.9165410669780337	0.8816877729018702	1.0395302000859692
4	0.8757400854270704	0.8644169105498258	1.0130992056483974
4	0.863329227497929	0.8596273977959034	1.004306318890623
4	0.9047809313647869	0.8720309017934943	1.037556042456679
4	0.8219141877073979	0.8448091065215289	0.9728992992175475
4	0.848847698401409	0.8541481112984485	0.9937945037553475
4	0.9035370528327711	0.8707169757325399	1.0376931632378241
4	0.8950748848781289	0.8595878400441525	1.0412837911156976
4	0.9414391222465062	0.8863428274766658	1.0621613816481081
4	0.8769889602824619	0.8575583803074471	1.0226580258804638
4	0.8366124418111366	0.8451656039810511	0.9898798979399707
4	0.8351482739747723	0.8265532795942017	1.0103985969117326
4	0.8696925540387719	0.849272672414184	1.0240439640740369
4	0.8591685823431251	0.8608652323357913	0.9980291340282582
4	0.8741160845194051	0.8638435049737869	1.0118917135875554
4	0.8545670348413603	0.8430413729503928	1.0136715258121094
4	0.8960432287030652	0.8664675453465519	1.0341336308732536
4	0.8293253751513542	0.856234365784081	0.9685728677707471
4	0.8990716762082536	0.8726706138868483	1.0302531813278504
4	0.9241118336866129	0.8636225286403147	1.070041369973908
4	0.860207768903324	0.8497203774530021	1.012342167763185
4	0.871794329697202	0.8503224974101055	1.0252513985605403
4	0.9007302166616714	0.8593228630969223	1.0481860256987936
4	0.894371570929933	0.8535646478443549	1.0478076536893068
4	0.8575057163120765	0.8498282348499745	1.0090341567239847
4	0.8537534758419593	0.8579364943711092	0.9951243261516505
4	0.8767473189178215	0.8608262057565486	1.0184951539054048
4	0.8918206815470814	0.8679878565878799	1.027457555746102
4	0.830996811531173	0.8313627025012568	0.9995598900828929
4	0.7541602144428506	0.8024886642415117	0.9397767819632198
4	0.7928794240843444	0.8198565195138275	0.9670953456033009
4	0.8991174908251997	0.860730402200087	1.044598272033836
4	0.850373093739427	0.8461736860134668	1.0049628200396359
4	0.8333424018775566	0.8388065377367507	0.9934858210882126
4	0.8802234195582017	0.8630496381788928	1.0198989497470239
4	0.8405476567003869	0.8528874634110949	0.9855317292842418
4	0.7956025981845127	0.8101253456051298	0.9820734562874721
4	0.8966967565638981	0.8609715001331486	1.0414941219601632
4	0.892752342503939	0.8716243459133266	1.0242397962948975
4	0.8409865504737976	0.8547282060411177	0.9839227774745285
5	0.7725167999460036	0.8318392996039774	0.9286851442505589
5	0.8362099569257766	0.852671584972556	0.980694058138094
5	0.915807256989028	0.8732589965801749	1.0487235294173654
5	0.9051705126972694	0.8737151909343864	1.0360018025201592
5	0.7751147323777912	0.8197002376816049	0.9456075486449571
5	0.8758185364900254	0.868019681584613	1.0089846521580885
5	0.871340182406943	0.8554628295244218	1.0185599564756636
5	0.8485722353386234	0.813843899557829	1.0426719863596234
5	0.8299685866625857	0.8422977984138578	0.9853624077202987
5	0.8716770974456022	0.8465379018407313	1.029696479685325
5	0.9132279892284393	0.8714579170930569	1.0479312555616178
5	0.8355273362095358	0.8488764367789465	0.9842743890735574
5	0.9024838248768751	0.871958860833653	1.0350073442846124
5	0.9162609492990232	0.8698919011326941	1.0533043796659696
5	0.8545720369368428	0.8515384115059484	1.0035625232988954
5	0.8765344129981861	0.861315885603395	1.017668926870111
5	0.9098728048969135	0.8459434964674672	1.075571605782662
5	0.9140319620033776	0.8705878632372454	1.0499020266657373
5	0.8680235692791277	0.8595275957318874	1.0098844686190744
5	0.8840267167848342	0.859678715722956	1.0283222099332803
5	0.8008294382398747	0.839923567288835	0.9534551350009727
5	0.8750452186390072	0.8622304333168674	1.014862367212954
5	0.8438692164458754	0.8493074325235036	0.9935968815656424
5	0.815767625526428	0.8399957905740858	0.9711568018321862
5	0.8347606284389814	0.8488776575443105	0.9833697718630411
5	0.8591915522993864	0.8506479080929558	1.0100436903742989
5	0.8931792818862125	0.8726062236523325	1.0235765660113798
5	0.8588873309158555	0.8573304613782594	1.0018159503338924
5	0.8938487894402111	0.8614977315566297	1.0375521103521963
5	0.895800921860085	0.8618151695435478	1.0394350825067717
5	0.9267149982460594	0.8826431366661012	1.049931687846603
5	0.8957632031841384	0.8750409314859644	1.0236814884339
5	0.8753834418582547	0.8635596243738064	1.0136919526466075
5	0.9165375110908669	0.8816970340076338	1.0395152481401355
5	0.8757334105902141	0.8644235050891412	1.0130837551668688
5	0.8633229339729425	0.8596311533195128	1.0042946101233927
5	0.9047774559098023	0.8720411408543343	1.0375398745790783
5	0.821922984822842	0.8448244990344508	0.9728919861606962
5	0.8488763533019319	0.8541699666609424	0.9938026229373249
5	0.9035328951388995	0.8707215675892566	1.0376829158378225
5	0.8950700560421692	0.8595940670245242	1.0412706303807386
5	0.9414365676163398	0.8863500323581712	1.062149865456211
5	0.8770170487501406	0.8575821239113975	1.0226624649661553
5	0.8366051973947651	0.8451711149178244	0.9898648718917801
5	0.8352586746222631	0.8266002818433625	1.010474703395445
5	0.8696859306118941	0.8492699868526455	1.0240394033408728
5	0.8591618299738428	0.8608679138409545	0.9980181816052365
5	0.8741096302522408	0.8638496139094223	1.0118770862168773
5	0.8546395862744512	0.8430754588800757	1.0137165982861571
5	0.8960387691496314	0.8664734965839387	1.034121381302779
5	0.829339407434017	0.8562499197578679	0.9685716614940405
5	0.899067706126306	0.8726791238541679	1.0302385854672373
5	0.9241073318175167	0.863622491703078	1.0700362029654433
5	0.8602015905743697	0.8497232740254018	1.0123314458592254
5	0.8718293006007416	0.8503443180414537	1.025266215230053
5	0.9007259408052635	0.8593295330227856	1.0481729141053275
5	0.8943920957735547	0.8535774194939765	1.0478160215435106
5	0.8575358597256983	0.8498506965209014	1.0090429568820245
5	0.8537459012575138	0.8579423623579212	0.9951086911143144
5	0.8767428478649555	0.8608338369081637	1.018480931249092
5	0.8918156312033788	0.867992899135057	1.0274457683836595
5	0.8310556034213208	0.8314070689923739	0.9995772641535522
5	0.7541480845578734	0.8024841838382814	0.9397669134745854
5	0.7929128640034088	0.8198816885178604	0.9671064436587132
5	0.8991806093086138	0.8608077536752929	1.0445777300093833
5	0.8504158754641307	0.8461968611526509	1.0049858543622259
5	0.8333599301470676	0.8388224108823614	0.9934879175086084
5	0.880269656658137	0.8630761777330349	1.0199211603432998
5	0.84056148484428	0.8529037471933508	0.9855291263642755
5	0.7955948185375319	0.8101298890926106	0.9820583455186935
5	0.896692226420774	0.8609814628253114	1.0414768088946742
5	0.8927474147785928	0.8716312602464433	1.0242260179220501
5	0.8409780692163554	0.8547337135171885	0.9839065148790852
6	0.7725167999460036	0.8318392996039774	0.9286851442505589
6	0.8362099569257766	0.852671584972556	0.980694058138094
6	0.915807256989028	0.8732589965801749	1.0487235294173654
6	0.9051705126972694	0.8737151909343864	1.0360018025201592
6	0.7751147323777912	0.8197002376816049	0.9456075486449571
6	0.8758185364900254	0.868019681584613	1.0089846521580885
6	0.871340182406943	0.8554628295244218	1.0185599564756636
6	0.8485722353386234	0.813843899557829	1.0426719863596234
6	0.8299685866625857	0.8422977984138578	0.9853624077202987
6	0.8716770974456022	0.8465379018407313	1.029696479685325
6	0.9132279892284393	0.8714579170930569	1.0479312555616178
6	0.8355273362095358	0.8488764367789465	0.9842743890735574
6	0.9024838248768751	0.871958860833653	1.0350073442846124
6	0.9162609492990232	0.8698919011326941	1.0533043796659696
6	0.8545720369368428	0.8515384115059484	1.0035625232988954
6	0.8765344129981861	0.861315885603395	1.017668926870111
6	0.9098728048969135	0.8459434964674672	1.075571605782662
6	0.9140319620033776	0.8705878632372454	1.0499020266657373
6	0.8680235692791277	0.8595275957318874	1.0098844686190744
6	0.8840267167848342	0.859678715722956	1.0283222099332803
6	0.8008294382398747	0.839923567288835	0.9534551350009727
6	0.8750452186390072	0.8622304333168674	1.014862367212954
6	0.8438692164458754	0.8493074325235036	0.9935968815656424
6	0.815767625526428	0.8399957905740858	0.9711568018321862
6	0.8347606284389814	0.8488776575443105	0.9833697718630411
6	0.8591915522993864	0.8506479080929558	1.0100436903742989
6	0.8931792818862125	0.8726062236523325	1.0235765660113798
6	0.8588873309158555	0.8573304613782594	1.0018159503338924
6	0.8938487894402111	0.8614977315566297	1.0375521103521963
6	0.895800921860085	0.8618151695435478	1.0394350825067717
6	0.9267149982460594	0.8826431366661012	1.049931687846603
6	0.8957632031841384	0.8750409314859644	1.0236814884339
6	0.8753834418582547	0.8635596243738064	1.0136919526466075
6	0.9165375110908669	0.8816970340076338	1.0395152481401355
6	0.8757334105902141	0.8644235050891412	1.0130837551668688
6	0.8633229339729425	0.8596311533195128	1.0042946101233927
6	0.9047774559098023	0.8720411408543343	1.0375398745790783
6	0.821922984822842	0.8448244990344508	0.9728919861606962
6	0.8488763533019319	0.8541699666609424	0.9938026229373249
6	0.9035328951388995	0.8707215675892566	1.0376829158378225
6	0.8950700560421692	0.8595940670245242	1.0412706303807386
6	0.9414365676163398	0.8863500323581712	1.062149865456211
6	0.8770170487501406	0.8575821239113975	1.0226624649661553
6	0.8366051973947651	0.8451711149178244	0.9898648718917801
6	0.8352586746222631	0.8266002818433625	1.010474703395445
6	0.8696859306118941	0.8492699868526455	1.0240394033408728
6	0.8591618299738428	0.8608679138409545	0.9980181816052365
6	0.8741096302522408	0.8638496139094223	1.0118770862168773
6	0.8546395862744512	0.8430754588800757	1.0137165982861571
6	0.8960387691496314	0.8664734965839387	1.034121381302779
6	0.829339407434017	0.8562499197578679	0.9685716614940405
6	0.899067706126306	0.8726791238541679	1.0302385854672373
6	0.9241073318175167	0.863622491703078	1.0700362029654433
6	0.8602015905743697	0.8497232740254018	1.0123314458592254
6	0.8718293006007416	0.8503443180414537	1.025266215230053
6	0.9007259408052635	0.8593295330227856	1.0481729141053275
6	0.8943920957735547	0.8535774194939765	1.0478160215435106
6	0.8575358597256983	0.8498506965209014	1.0090429568820245
6	0.8537459012575138	0.8579423623579212	0.9951086911143144
6	0.8767428478649555	0.8608338369081637	1.018480931249092
6	0.8918156312033788	0.867992899135057	1.0274457683836595
6	0.8310556034213208	0.8314070689923739	0.9995772641535522
6	0.7541480845578734	0.8024841838382814	0.9397669134745854
6	0.7929128640034088	0.8198816885178604	0.9671064436587132
6	0.8991806093086138	0.8608077536752929	1.0445777300093833
6	0.8504158754641307	0.8461968611526509	1.0049858543622259
6	0.8333599301470676	0.8388224108823614	0.9934879175086084
6	0.880269656658137	0.8630761777330349	1.0199211603432998
6	0.84056148484428	0.8529037471933508	0.9855291263642755
6	0.7955948185375319	0.8101298890926106	0.9820583455186935
6	0.896692226420774	0.8609814628253114	1.0414768088946742
6	0.8927474147785928	0.8716312602464433	1.0242260179220501
6	0.8409780692163554	0.8547337135171885	0.9839065148790852
7	0.6846310789823913	0.7707391817186399	0.8882785450919471
7	0.7780991362613164	0.7940920283821207	0.9798601527918772
7	0.8843429430217451	0.8181511710561943	1.080904085097257
7	0.8466141690205718	0.8142020296326148	1.0398084728462076
7	0.6921219362047488	0.7508748592014587	0.9217540415999644
7	0.8176172063690883	0.809801896613721	1.009650890900661
7	0.8288413025380399	0.8043750366242196	1.030416490815652
7	0.8118998961816662	0.7619273255953659	1.0655870565440766
7	0.7771102206793649	0.7817175134264821	0.9941061922395441
7	0.8487080370042048	0.8029263335338922	1.0570185601819972
7	0.8639001702432707	0.8204937953826706	1.0529027460108407
7	0.7847186907237116	0.7908792933004422	0.9922104389014642
7	0.8470646278801829	0.8172773408871712	1.0364469752222385
7	0.8534212777617972	0.8072959078033403	1.0571356419778772
7	0.7693381810421284	0.7849233235112151	0.9801443758871002
7	0.8163389432922039	0.7998670886937046	1.0205932395910928
7	0.8804189310340179	0.8059620600191784	1.0923826005073587
7	0.8411732543374656	0.8021809979371433	1.048607803601174
7	0.8000892483247546	0.7985684831928108	1.0019043640764076
7	0.8445619372814476	0.7992642288321926	1.0566742596693457
7	0.7421936456250248	0.7834707339699369	0.9473150858670158
7	0.8280983924802509	0.8044636403590085	1.029379515661758
7	0.799574005891824	0.7982275608347118	1.001686793494958
7	0.7604473920358956	0.7716000596095185	0.9855460514359383
7	0.7978917152690456	0.8003386673371577	0.9969426042149712
7	0.7730594576808345	0.7774593697902538	0.9943406533120743
7	0.8439717614348523	0.8198371720663695	1.0294382716358816
7	0.767926624017615	0.790487726085391	0.9714592632835657
7	0.8214866683203135	0.7996530675098582	1.0273038417503302
7	0.8444578377654882	0.8007052488099891	1.0546425654390605
7	0.8756888802964425	0.8219239769723873	1.0654134747621087
7	0.8266261205372578	0.8085785027653949	1.0223201800569008
7	0.825883748670256	0.8107175970530331	1.0187070709607784
7	0.8609910783948913	0.8259426137869337	1.0424345033455302
7	0.8343824187400838	0.8101617068934656	1.0298961449801072
7	0.7921428535809285	0.7942192019813518	0.9973856733818027
7	0.8411849383785684	0.8103170863895981	1.0380935469675252
7	0.7453488728190216	0.7730832668994538	0.9641249587619916
7	0.7424982024482552	0.7738793334436582	0.9594495812987262
7	0.8363354845836004	0.8120166939551101	1.0299486338267754
7	0.8444187528072843	0.801619627545784	1.0533908150334752
7	0.9112814370601622	0.8372855446967292	1.0883759343895454
7	0.8004535995460023	0.7941195967034501	1.007976132145392
7	0.7597032658991972	0.782253085451634	0.9711732430695142
7	0.8057060513052303	0.7724681916900502	1.0430281272067143
7	0.8314102326029479	0.7946374520832908	1.0462761733961197
7	0.800000562093187	0.8050596560356682	0.9937158769483078
7	0.8470802021923594	0.8162010909463369	1.037832724788716
7	0.7987057040374975	0.781802491931683	1.021620821473784
7	0.849983393698921	0.8040476723189226	1.0571305943185145
7	0.7341091734360604	0.7907911951428274	0.9283223914796757
7	0.8486722586078317	0.8205936085002714	1.0342174857526336
7	0.9009993967292376	0.8183695034822868	1.1009689301658334
7	0.8129181992883144	0.7924681978747375	1.0258054537310397
7	0.834514487929338	0.7985854529900428	1.0449908457570454
7	0.8579870922991697	0.8083460285842198	1.0614106607313873
7	0.8378653464448028	0.8024175342771401	1.044176268156448
7	0.7846402325162276	0.7895614271988802	0.9937671794579537
7	0.8027911152423879	0.8053619269005463	0.9968078803177942
7	0.8098658906582173	0.7930464163656405	1.0212086883510008
7	0.8392956993275437	0.8041445303926276	1.0437125014302508
7	0.7372397294309064	0.7610357200869373	0.9687320975508055
7	0.6546780789933624	0.7251057102502221	0.9028726015237747
7	0.7693846123433558	0.7765353836718871	0.9907914417309375
7	0.860500953386357	0.799387523101198	1.0764503179234914
7	0.7829517431453223	0.7669255364725831	1.0208966919349831
7	0.7373741370334921	0.7683004702221299	0.959747085434301
7	0.8276650838150033	0.7993489702292604	1.0354239695556517
7	0.7975894496088543	0.7956559598167021	1.0024300575748815
7	0.7612446785184481	0.7575115474679268	1.0049281506836427
7	0.8552352696728647	0.8025578153139568	1.0656369589252592
7	0.840311557276114	0.8136637241782966	1.0327504253980704
7	0.8059536937535328	0.7998496134446406	1.0076315349864386
8	0.6568966227935306	0.7459266960354876	0.8806450101395468
8	0.7466748238558526	0.7675711753318569	0.9727760080790294
8	0.866318566764186	0.7947053665694088	1.0901128936676465
8	0.8322470076945249	0.794840119303687	1.0470621543658463
8	0.6703183868737487	0.7278056842232541	0.9210128491771009
8	0.7965612968191964	0.7879581328119128	1.0109183009211191
8	0.7967615517200906	0.7764398648982028	1.0261729049996062
8	0.7892168242727539	0.7340185424811082	1.0752001190665648
8	0.76066722788496	0.7624999482329877	0.9975964321672744
8	0.8198996692695298	0.7735915331305505	1.0598612241160148
8	0.8453905287500915	0.798072564196106	1.0592903035097425
8	0.7576599767641902	0.7653846603487644	0.9899074491758767
8	0.8270663234223047	0.794805791263126	1.0405892011782016
8	0.8392260241840748	0.7873612292368509	1.0658716647725894
8	0.7373042577411713	0.7598203350733528	0.9703665770803465
8	0.7969659131388149	0.778394302048407	1.0238588733775866
8	0.8629655035621727	0.7817448901803343	1.1038965708661073
8	0.8240977146456723	0.7810439130833582	1.0551234070723998
8	0.7764041993192062	0.7735077115808325	1.0037446139127095
8	0.821263865255399	0.7748733544236402	1.059868506984944
8	0.7054974199918435	0.7557290347446436	0.9335322417911691
8	0.8062435083027168	0.7816525831723495	1.03146017253671
8	0.770932383599404	0.7730820428726247	0.9972193646288393
8	0.7438744724652886	0.7514839012906218	0.98987412928971
8	0.7643368310572619	0.7725089437478682	0.9894213358217462
8	0.752432550766475	0.7542449939441566	0.9975970100004193
8	0.8190114522145427	0.7950041407647913	1.0301977187523281
8	0.7512910160679139	0.7699271553876639	0.9757949317810897
8	0.8018074591549403	0.7769863656133379	1.0319453398928167
8	0.827601630113261	0.7779595481945768	1.0638106210456435
8	0.861174593608834	0.8012062498182652	1.0748475736480727
8	0.8088347888446709	0.7865571156033536	1.0283230204131184
8	0.8025813590000327	0.7870507643864868	1.0197326466300456
8	0.8391960837349892	0.8030117414065886	1.0450607886069245
8	0.8095329990140822	0.7851706072960747	1.031028150432051
8	0.7681657534680362	0.7704512077212349	0.9970336158470587
8	0.8204482247698631	0.7873043815288251	1.0420978772868985
8	0.7168317817239762	0.7473823383989379	0.9591232557884525
8	0.7184861567527006	0.7504461122476944	0.9574120580100426
8	0.8217108628958617	0.7933273440402877	1.0357778148815864
8	0.8242346779109713	0.7772364673375163	1.0604683549325098
8	0.900135711924938	0.8177445309319903	1.1007541816257038
8	0.7732504582601945	0.7685846282457213	1.0060706782870779
8	0.7350610975893274	0.7582809228189326	0.9693783338986233
8	0.7820019037155836	0.7448654915176964	1.0498565346640238
8	0.8055402123094554	0.7681995614776337	1.048608008523198
8	0.7725717327343768	0.7804897166252363	0.9898551079889994
8	0.8233552764346663	0.7913483110445488	1.040446115753845
8	0.781916095976693	0.7600978974736005	1.028704458433067
8	0.8330072843721048	0.7818291786164457	1.0654594470958807
8	0.7021550771548491	0.7665403216292628	0.9160054042068337
8	0.8272310556767841	0.7978596113228127	1.036812797561309
8	0.8855117097617006	0.7949538636065587	1.1139158513480236
8	0.7971998298302212	0.7717306967710602	1.0330026175785472
8	0.8089086573099891	0.7717442763481487	1.0481563415509865
8	0.8409787757365685	0.7860505686155077	1.0698787194032662
8	0.81388801845562	0.777566445092234	1.0467118579931487
8	0.7584041329813366	0.7648362381344029	0.9915902191444856
8	0.7845047864560489	0.7828514808593572	1.0021119019853892
8	0.792962051490823	0.7718868314999482	1.0273035102178398
8	0.8204284039379597	0.7815396625451141	1.0497591398831927
8	0.7167656156909992	0.7370315504715389	0.9725033008864085
8	0.6290511097753899	0.6994214150550903	0.8993878314775969
8	0.7410123025843841	0.7499499595614015	0.9880823288766567
8	0.8418202346461489	0.7760506863472526	1.084749036958479
8	0.7665609827413898	0.7476931961283926	1.0252346640449532
8	0.7106243803541618	0.7434500385297075	0.9558468538915356
8	0.8046484444209508	0.7753182765493906	1.0378298419612864
8	0.778090623260334	0.7720769037203807	1.007789016237858
8	0.7335001199812158	0.7288959318020797	1.0063166605522862
8	0.8321730804342877	0.778574183743413	1.0688423759867933
8	0.8229560366770889	0.7926401079447429	1.038246776094832
8	0.7848189494189907	0.7762895215042742	1.0109874314652456
9	0.1439745230690233	0.30141563385700415	0.477661099481412
9	0.1541816973358593	0.2879287857848882	0.5354855261017513
9	0.45427185354794736	0.3411022630722877	1.3317761349817734
9	0.418821286415155	0.35583208275549105	1.1770194614602718
9	0.30678212584755715	0.3250444712837541	0.9438158558302182
9	0.4537528996150393	0.3830046429928556	1.1847190573705484
9	0.46241329312680646	0.36359728369555794	1.2717732333610823
9	0.5217780042534433	0.33993564868344744	1.5349317033216774
9	0.37067392104617325	0.35026887518939664	1.0582553783739512
9	0.43087246964498577	0.30748164077323925	1.4012949474363723
9	0.4844916050498091	0.40493695272266084	1.1964618239759284
9	0.17508069090299233	0.27873617713703774	0.6281233125218465
9	0.3995096000781531	0.3425606342727172	1.1662449216511495
9	0.4916691505539278	0.36898165692386653	1.3325029614016175
9	0.326749057297026	0.32300644702720005	1.011586797428569
9	0.39655922568650054	0.34095801558599165	1.1630734798973685
9	0.49513930489544916	0.30256300210024856	1.636483315734004
9	0.5287134169231222	0.40639232765890293	1.30099261462162
9	0.21884094684927327	0.2719195953295747	0.8048002078850973
9	0.3493747684287659	0.30036026257863896	1.163185720472242
9	0.27037020038185483	0.3312841252744147	0.8161278484379454
9	0.3192686092539694	0.3355547066082367	0.9514651499933169
9	0.31254758559585044	0.3344469712927896	0.9345206039322524
9	0.4020137403638547	0.33403927974740744	1.2034924176218076
9	0.3630221904548668	0.3397786479276034	1.0684078963437862
9	0.2702765996922068	0.3189726429027274	0.8473347345171204
9	0.4451637450916254	0.3761545198161116	1.183459779532225
9	0.34514686807744477	0.3151212077137074	1.0952828931495342
9	0.44999931127612586	0.3811138480778494	1.180747730752112
9	0.3667583392003818	0.3131278081395139	1.1712736130959434
9	0.5363643188364036	0.3520874744158692	1.5233836981172333
9	0.444690506758	0.3253985914239559	1.3666024330714475
9	0.31038571073409765	0.32500375460065645	0.9550219231020254
9	0.41805065120627044	0.3788070477059852	1.103597870572737
9	0.4150959211261212	0.3619063715384932	1.1469704701840837
9	0.26151564344812894	0.3207509802613164	0.8153229749604247
9	0.39145624414938096	0.33690191909802325	1.1619293983169174
9	0.13227494504345969	0.2656368682855777	0.4979540148066161
9	0.21999942435702358	0.3081031274502012	0.7140447621473176
9	0.4812414640864253	0.39514453162933627	1.2178871920663499
9	0.5622595285072759	0.3724341858165364	1.5096882883470013
9	0.5303312235956475	0.3737075203504249	1.4191077104853465
9	0.46099610760337123	0.3861347773455447	1.1938735764036985
9	0.31457186729815145	0.3365222950891416	0.9347727383554908
9	0.45233778118958845	0.31899521787153085	1.4180080322450437
9	0.40001044987958495	0.3483569149706561	1.1482776218559632
9	0.30527779521423515	0.3257634703145703	0.9371148794536313
9	0.4672657787421379	0.3566141304026614	1.3102839705609455
9	0.352768329051347	0.32850803545276575	1.0738499244474933
9	0.3400328869108317	0.2979504937519384	1.1412395483188205
9	0.18846678340713224	0.3330774888564443	0.565834647229375
9	0.38742074979441504	0.35847405598246135	1.0807497595122195
9	0.5248981524835381	0.3158953161294484	1.6616205612508799
9	0.38642081589068916	0.3757506231559924	1.028397006091636
9	0.4343446859788566	0.322880704165321	1.3452172284549526
9	0.5039749029793777	0.359191742254134	1.4030804266730812
9	0.3580372689752977	0.29433234116136264	1.216438762939102
9	0.2858478207206221	0.3166958185491831	0.9025942370509376
9	0.3332966382773831	0.3588651864962158	0.9287516616797759
9	0.3483498169155913	0.3284496453759139	1.0605881961507415
9	0.430502118608594	0.33922514240675444	1.2690749145368245
9	0.3247547322462098	0.327824447729531	0.9906360995814021
9	0.21547189602870406	0.27490392308921835	0.7838080068387165
9	0.42018089131903913	0.3516297325805551	1.1949526800120056
9	0.5808733329825462	0.4068408942531905	1.4277653529614198
9	0.5189670459641941	0.3681472363745417	1.409672529596862
9	0.24387802706548556	0.3200737033241291	0.7619433415887888
9	0.30940676515388654	0.27745744388770494	1.1151503481705556
9	0.4442068174258155	0.3910549852317692	1.1359190758367252
9	0.2692118217925859	0.249319733115086	1.079785456325343
9	0.38890470185406295	0.3186953877746954	1.2203022596894393
9	0.4173198926954786	0.3488384756535586	1.1963126828645212
9	0.3038719892248376	0.3284302074921657	0.9252254582340331
10	0.12789995714926392	0.2907858992589232	0.43984236331686266
10	0.13947699463889124	0.27575531502489636	0.50579984152363
10	0.43870256195147705	0.329564553113492	1.3311582140947096
10	0.406269064735566	0.34547144316408446	1.175984506894844
10	0.2816621078800116	0.309778061982905	0.9092383949885873
10	0.44016070056958534	0.37087694871225896	1.186810617639867
10	0.4493284573919993	0.35170321021392914	1.277578493294639
10	0.5162110069065287	0.33067458795035287	1.5610846001387686
10	0.3506295062505893	0.33634893791121684	1.042457599028132
10	0.41435551818989114	0.2954585450845909	1.402415076779247
10	0.479558087403773	0.39618343706188525	1.2104445631553857
10	0.17141721338531837	0.2699374549721214	0.6350256706799803
10	0.3894888084168315	0.3344959453068357	1.1644051710688164
10	0.47703095313535804	0.35778869425696347	1.3332756478681658
10	0.31671275190109627	0.31190095647032257	1.0154273186117386
10	0.3853557391598405	0.33041347074037	1.1662833791139304
10	0.4927290225689929	0.29349729226489013	1.678819653723722
10	0.5213883476914919	0.39526811779985394	1.3190751396638056
10	0.21773355810221012	0.26293028369249133	0.8281037659277742
10	0.3428193394523269	0.2931487692413866	1.169438099090364
10	0.25590545379261953	0.31890179412554887	0.8024584950810022
10	0.3070647625713086	0.3261539984526194	0.941471709769384
10	0.30359935734617827	0.32449583083052214	0.9356032605076591
10	0.39233737559227755	0.3235014846442024	1.2127838486546147
10	0.3451676907254585	0.32877679442648616	1.0498541763799492
10	0.2509505782011408	0.3041151690457012	0.8251827062379417
10	0.43101682639113875	0.3640598019489956	1.183917653318736
10	0.3391449199654406	0.3055714831023428	1.1098709752698137
10	0.44163629236382734	0.3710318764195751	1.1902920488276605
10	0.35712856748875393	0.30313427008252675	1.1781200699991048
10	0.5319855099935882	0.34515282025357175	1.5413042535847077
10	0.4376661732055674	0.31731970660759873	1.3792593529238022
10	0.30620540970783927	0.31768036620129475	0.963878924496755
10	0.4082139038712789	0.3689484601449416	1.1064252814902977
10	0.4017455934908347	0.35109655514809357	1.14425957076502
10	0.25839392779313797	0.31381344346780765	0.8233998038380569
10	0.3823907727894034	0.32744712857003655	1.16779394114496
10	0.13171496139771605	0.25790844069136726	0.5107043454825743
10	0.20888293490724683	0.2964170797206435	0.7046926415444996
10	0.47272124044488156	0.3863800255521	1.2234619006751404
10	0.5568078548023422	0.362700712958361	1.5351716578132706
10	0.5209995863820676	0.36484657050215763	1.427996392195734
10	0.44245369240895277	0.37323688501751884	1.1854500725140953
10	0.30658831422927024	0.32657504608029114	0.9387989618591158
10	0.4229571788569044	0.3041741498704825	1.3905099399044913
10	0.3849078234978236	0.33615448346593896	1.1450325443504745
10	0.2954385247029894	0.31654897131784676	0.9333106453419482
10	0.45355386966457023	0.34486499281272914	1.3151635541936901
10	0.3336939812747336	0.31419462544276744	1.0620613920575102
10	0.3283854057677975	0.28645456474882086	1.1463786798291866
10	0.1653579118823066	0.32018962968764664	0.5164374375385535
10	0.3806730931098769	0.3511442089693058	1.0840933251533482
10	0.5127974899460874	0.30841291143695404	1.6626978668203838
10	0.37613271162806217	0.3653644112614234	1.0294727675568103
10	0.4198866134856275	0.31123580795167033	1.3490948109377852
10	0.4878872862458199	0.3467978538967418	1.4068347908262637
10	0.3477383106295009	0.2825028277804695	1.2309197517120973
10	0.2774495742676366	0.30700949625662044	0.9037165874365152
10	0.3310932425740974	0.3503993516205761	0.9449025548786288
10	0.3387067783130888	0.3203443553536885	1.05732088813966
10	0.4169684957258959	0.32779247622019103	1.2720502329217642
10	0.30808870124907217	0.31643346561745994	0.9736286920471432
10	0.19242308242426948	0.2609465266948234	0.7374042676923921
10	0.41236283845824806	0.3440795848470907	1.1984519181558024
10	0.570421833644102	0.3950887960882013	1.4437813455908748
10	0.5034286658422289	0.35509830851214097	1.4177163162268807
10	0.23392089131656305	0.31041793719770466	0.7535675722488266
10	0.30072795578477385	0.2708494112744582	1.1103142309585416
10	0.44210458014702203	0.38125976819697865	1.159588860471131
10	0.24342297660371293	0.23600722178277983	1.0314217283899834
10	0.3819539021840108	0.31286203521076283	1.2208381305411617
10	0.4095559683122299	0.34033537699045635	1.2033893506278504
10	0.2922092880058134	0.3186894252912548	0.9169092690752421
11	0.2862515931236336	0.35280706182792815	0.8113544883158967
11	0.19420669481088623	0.3172671947440516	0.6121234657354293
11	0.46223550729696916	0.3415500195162968	1.3533464525974472
11	0.4813524356245199	0.37073893914821027	1.2983595322639947
11	0.3849271386676326	0.36706726567734493	1.0486555862106937
11	0.45203812523960657	0.39103223171976614	1.1560124423798404
11	0.49124498640843794	0.363217536430493	1.3524814667158696
11	0.6229122911953993	0.37262747585812256	1.671675685645286
11	0.42072434979790635	0.3787847194977207	1.1107215474684375
11	0.335332897726492	0.302473049820998	1.108637275039678
11	0.533393081617189	0.42724611209626523	1.2484445534217226
11	0.1791243170388161	0.27967661329273863	0.6404694154792484
11	0.3654593577545184	0.3356198387796828	1.0889086863378885
11	0.5069195628822278	0.3788672488421802	1.3379872882424544
11	0.4175885718874749	0.37816699222584743	1.1042438406101933
11	0.42454612974158373	0.3614287857637012	1.1746328639665908
11	0.5424569097187585	0.29499699233635296	1.8388557300958985
11	0.582049243288767	0.4149991698092272	1.4025311027883063
11	0.18433785970088937	0.2648917040410092	0.6958989537564042
11	0.3550546382649692	0.291551904343727	1.2178093607866654
11	0.3112467878273745	0.35291438954996834	0.8819328342612276
11	0.30432439397525995	0.32323455139716845	0.9414971037589575
11	0.3459135708137017	0.34363947208388723	1.0066176877645165
11	0.4433029971742027	0.37911553486821326	1.1693084466409482
11	0.32895039183413594	0.3384807719548292	0.9718436587530441
11	0.3294339076676849	0.3414380977726786	0.9648422651622613
11	0.4647498696781851	0.3825244183587728	1.2149547777164185
11	0.34239041621056104	0.3421565132906841	1.000683613816459
11	0.48477061334657523	0.4116800122807129	1.1775422631303847
11	0.43706487173626263	0.3457386962986128	1.2641479719087385
11	0.5234241563589691	0.35843265104161876	1.4603138269850104
11	0.4578079957771702	0.3275490706575424	1.397677590286359
11	0.32158005298224634	0.33778806681502904	0.9520172101234763
11	0.3822758206145083	0.38002752191444705	1.005916147043075
11	0.42570219067214543	0.3740225713285352	1.1381724615176116
11	0.3105633973480602	0.3424049716379534	0.9070060982538497
11	0.4126357486243186	0.3393510861457983	1.2159552907605382
11	0.19253181457965313	0.2904945514285164	0.6627725498907696
11	0.2045968918533649	0.31887792589047426	0.641615098574237
11	0.4995739512748207	0.4007262334599737	1.2466714419002976
11	0.5198332534829099	0.3638066899346354	1.4288721671839173
11	0.527621479480647	0.35853062221650767	1.4716217996074812
11	0.45629854958854243	0.4010039524321583	1.1378904043738542
11	0.32885885827635136	0.34817988675635264	0.9445084876671189
11	0.4884592120581235	0.33507983215061937	1.457739813593316
11	0.43893169727297454	0.3604847697833417	1.217615095186354
11	0.25623898555373303	0.3139006323443298	0.8163060508672519
11	0.5430506971403605	0.3697560265404117	1.4686730118271891
11	0.390744866432633	0.3646824895936934	1.0714659397767539
11	0.3733560059581011	0.2783899649668956	1.3411259489992688
11	0.27764814414370304	0.36914387459537923	0.7521407322498167
11	0.4275606232300291	0.3424066798790308	1.2486924127212775
11	0.512090859634939	0.3049720183646518	1.6791404745291663
11	0.5403387655460437	0.41274721978497153	1.3091275716588553
11	0.45256625039317816	0.3214029173544119	1.4080962740426282
11	0.5212779211128195	0.36941817131814547	1.411078180731644
11	0.4107672771605288	0.29172450990979915	1.408065703109888
11	0.34856476749360094	0.34622141343298357	1.0067683683611064
11	0.307870483181989	0.35455595198902023	0.8683269352971489
11	0.3782426067502064	0.348615218448669	1.0849859292815118
11	0.4163034996723279	0.349488132717604	1.1911806459211378
11	0.34278817300769737	0.34246722274227687	1.0009371707541834
11	0.3464076263394294	0.33022407475813276	1.04900778840292
11	0.4263837565087581	0.37602199330866437	1.1339330254513953
11	0.6821219610765248	0.4260982697149509	1.600855975155326
11	0.5424965753240936	0.40138296651475663	1.3515685033538885
11	0.2605954697502324	0.3257718044171957	0.7999325485409534
11	0.2554255272850041	0.28680459083625126	0.8905907905457386
11	0.5353096441316433	0.4335911705345499	1.2345953527413636
11	0.3188718132332283	0.2672218118406946	1.1932851253299825
11	0.41605265215652104	0.3090455924961448	1.3462500752594007
11	0.38830918820738414	0.3369348232153208	1.152475676161357
11	0.3140854284780632	0.34166002090495484	0.9192923059775773
12	0.26680207902461656	0.3355381824245631	0.7951467016264235
12	0.18950058801109926	0.30467398185340383	0.6219782432957432
12	0.45395182968828734	0.3297406838220776	1.3766934198912255
12	0.46623214345249936	0.35781724534333786	1.3029895834258456
12	0.34699288885023255	0.3450379174161737	1.005665961146238
12	0.427624332093333	0.3709226360903127	1.1528666370989948
12	0.4628080616117014	0.3424078370504483	1.3516281215944075
12	0.5874019071633905	0.34872260572599467	1.6844388563239163
12	0.3912711378022099	0.35701298415535265	1.0959577246970658
12	0.30733361029535244	0.2796908784754192	1.0988331545548156
12	0.522904597106971	0.41295909846632817	1.2662382280689901
12	0.1855412870556854	0.2742164189974788	0.6766235506028956
12	0.3613724504422012	0.3252078834836085	1.1112044596557742
12	0.4847577089494974	0.36128514889902125	1.3417593012797395
12	0.40498317133902234	0.3615689939440362	1.120071627053579
12	0.40774847564730143	0.3455905346888296	1.17986007925373
12	0.5359883573106231	0.2881508413560427	1.8600964508319773
12	0.5516708715051797	0.392165928952811	1.4067282004285533
12	0.17405365529740216	0.2580313032135833	0.6745447282159044
12	0.3488612193977392	0.28655869006526963	1.2174162972279041
12	0.27766229851932617	0.3304455351633216	0.8402664553542614
12	0.2684721559971505	0.3018352463230517	0.889465889976968
12	0.34703702469766917	0.33235659035477927	1.0441707333897579
12	0.4199106946368302	0.3577260255483345	1.1738332261209592
12	0.3074397997074974	0.32409059200385626	0.9486230310068342
12	0.2993789841463531	0.32300911397819465	0.9268437675308544
12	0.4514981336668503	0.36629743295006606	1.2325997756265983
12	0.35057571961967604	0.33150501876937305	1.0575276384083054
12	0.45710924531294395	0.3909376839406558	1.169263706443641
12	0.42749923063249	0.33381180292808216	1.2806594221133405
12	0.5290361080692413	0.3489151476141015	1.5162314152504286
12	0.44410189030149516	0.311963084908078	1.4235719281733374
12	0.30666835570425527	0.32520039000152356	0.9430134930121656
12	0.37894120354226535	0.369614104192678	1.0252346954398828
12	0.4132219220194757	0.3585581679703215	1.1524543545014958
12	0.2872465484013944	0.3240949244357043	0.8863037546840075
12	0.4022793230499237	0.3308665769411994	1.2158354789683563
12	0.1822795546640585	0.27482440703279737	0.6632582478102296
12	0.19293510463393715	0.30176337218303717	0.6393589229805886
12	0.47932535086227834	0.3831543676129475	1.2509980085793522
12	0.5010640787038813	0.3447090641403358	1.4535854458990702
12	0.5146499096752115	0.3414432021606246	1.5072782425262796
12	0.4255190114211742	0.3799476510031295	1.119941155834832
12	0.31036632661732766	0.33101902461477845	0.9376087280134873
12	0.4747994946580645	0.31513283858183716	1.5066646078357313
12	0.40504164491235445	0.33850210104741846	1.196570549072057
12	0.2382059172972713	0.2979232476542087	0.7995546476243786
12	0.5114315091936635	0.3482054104835576	1.4687638209970133
12	0.3625872527620676	0.3409377901648101	1.0634997445920915
12	0.3572687193976627	0.26402018724394244	1.3531871298445937
12	0.25519971527964697	0.3495184603386017	0.7301465995026932
12	0.4242124322776195	0.3396428522811856	1.2489956123864485
12	0.5033471390212287	0.2972037656458786	1.6936095608592394
12	0.5163582173521026	0.3936426307434706	1.3117436401053915
12	0.43809209022482576	0.3062710406179935	1.4304065096747112
12	0.4965958886734898	0.35178309307639916	1.4116536537634021
12	0.39692027702268623	0.2829343481117978	1.402870594085128
12	0.33361605578105147	0.3338130664109509	0.9994098175005023
12	0.32020031420983375	0.3464699043555126	0.9241793015340124
12	0.36125745266299186	0.3315797982436475	1.0895038074591534
12	0.3958373863386114	0.33322333470624826	1.1879041624967839
12	0.3265472773950281	0.3251778193250104	1.004211412921276
12	0.3121652532391096	0.3024062987049462	1.0322710028724802
12	0.4126707132118579	0.3610446346631069	1.1429908482005933
12	0.658010951471474	0.40464524955814035	1.6261427810903524
12	0.5228376842435195	0.38329015699060154	1.3640780351589872
12	0.22909357381092374	0.3064279898387301	0.7476261353654192
12	0.24436594481797033	0.27246153367479087	0.8968823654558322
12	0.5246563368384061	0.41716876428021615	1.2576596853881168
12	0.3124109523422556	0.24290886254063426	1.2861241416829527
12	0.4125680704898158	0.3042550449320635	1.355994181072453
12	0.3845484081480818	0.3261313068424296	1.1791214154545318
12	0.3013158865401918	0.3255131235965813	0.9256643271735554
