0	0.779743126696086	0.7960449364906553	0.9795214955245675
0	0.8233701230058488	0.7948735510168742	1.0358504468446827
0	0.7546456269172006	0.7584069307715541	0.9950405201986657
0	0.77919470672812	0.7736087321234274	1.0072206716040548
0	0.8583748833379843	0.8268555376424327	1.0381195314787646
0	0.6897034828191624	0.7470027010028347	0.9232944966507491
0	0.7030942673381718	0.7104556269957417	0.9896385370488254
0	0.7747088127765918	0.7998378107008265	0.9685823830931218
0	0.8094765391791676	0.8309591033835422	0.9741472665539125
0	0.8590401675119893	0.7989891416454425	1.0751587508972618
0	0.8563534537371633	0.8334788809236532	1.0274446939653237
0	0.7865622961467315	0.7669016366846039	1.025636481292598
0	0.85071820430787	0.838480947246044	1.014594555907345
0	0.7999066072658979	0.7795723666152033	1.026083839706868
0	0.7610862803479382	0.7013707813019755	1.085141127400704
0	0.7874295234867025	0.8008437895057453	0.9832498344935388
0	0.7400299783155485	0.7921375441569928	0.9342190428596613
0	0.883472146494462	0.8265447579482862	1.0688739333215125
0	0.8189717066934776	0.7988720298821862	1.0251600707741084
0	0.809285780075067	0.8266322272505511	0.9790155203201067
0	0.8042875576140847	0.7924651936107067	1.0149184646829872
0	0.7469610830501583	0.8111322908233974	0.920886878134148
0	0.6962377968077235	0.7828158671186031	0.8894017431844387
0	0.7123441311386967	0.7189632612772612	0.9907935071302455
0	0.802159665690723	0.8089178525729569	0.9916453977857728
0	0.8080378632180469	0.8291146281241931	0.9745791906315406
0	0.8265031559106608	0.8365178993671152	0.9880280583786297
0	0.766424635756313	0.796945074964488	0.961703208706654
0	0.8321649836441305	0.8333798470616886	0.9985422452656596
0	0.7421688484222126	0.748391615244872	0.9916851462577875
0	0.782085615819889	0.7433511244099903	1.0521079341080475
0	0.7949406517335718	0.7804804301523317	1.0185273339632843
0	0.6271472017505321	0.6053170159267409	1.036064054453135
0	0.8047709116241282	0.8073889354618621	0.9967574192279013
0	0.7514823025481172	0.7615664732691361	0.9867586467170343
0	0.8008321429756357	0.7874848703299979	1.0169492432788512
0	0.8369140634334011	0.8134379286066489	1.0288603887293095
0	0.7828833775076973	0.7675206820585838	1.0200160019244158
0	0.8279551748382967	0.8298800063892923	0.9976805905237189
0	0.7349663428212745	0.7322325059637703	1.0037335639093294
0	0.671697822425795	0.7051677103270325	0.9525362727035313
0	0.6991866161009155	0.7172841970599523	0.9747693019960342
0	0.7680256154643514	0.7215574848054713	1.0643997625101314
0	0.7125669040741871	0.6627083835138211	1.0752344799020128
0	0.7506812851378702	0.7760565650723956	0.9673022804308624
0	0.8484015062135623	0.79523516434814	1.0668561253940563
0	0.8572382429776789	0.8649321428845494	0.9911046202061454
0	0.7838824220301956	0.7471103699962942	1.0492190357819338
0	0.5256031846678584	0.576282685478381	0.9120579151732577
0	0.834164449989364	0.8474372386107207	0.9843377326170891
1	0.779743126696086	0.7960449364906553	0.9795214955245675
1	0.8233701230058488	0.7948735510168742	1.0358504468446827
1	0.7546456269172006	0.7584069307715541	0.9950405201986657
1	0.77919470672812	0.7736087321234274	1.0072206716040548
1	0.8583748833379843	0.8268555376424327	1.0381195314787646
1	0.6897034828191624	0.7470027010028347	0.9232944966507491
1	0.7030942673381718	0.7104556269957417	0.9896385370488254
1	0.7747088127765918	0.7998378107008265	0.9685823830931218
1	0.8094765391791676	0.8309591033835422	0.9741472665539125
1	0.8590401675119893	0.7989891416454425	1.0751587508972618
1	0.8563534537371633	0.8334788809236532	1.0274446939653237
1	0.7865622961467315	0.7669016366846039	1.025636481292598
1	0.85071820430787	0.838480947246044	1.014594555907345
1	0.7999066072658979	0.7795723666152033	1.026083839706868
1	0.7610862803479382	0.7013707813019755	1.085141127400704
1	0.7874295234867025	0.8008437895057453	0.9832498344935388
1	0.7400299783155485	0.7921375441569928	0.9342190428596613
1	0.883472146494462	0.8265447579482862	1.0688739333215125
1	0.8189717066934776	0.7988720298821862	1.0251600707741084
1	0.809285780075067	0.8266322272505511	0.9790155203201067
1	0.8042875576140847	0.7924651936107067	1.0149184646829872
1	0.7469610830501583	0.8111322908233974	0.920886878134148
1	0.6962377968077235	0.7828158671186031	0.8894017431844387
1	0.7123441311386967	0.7189632612772612	0.9907935071302455
1	0.802159665690723	0.8089178525729569	0.9916453977857728
1	0.8080378632180469	0.8291146281241931	0.9745791906315406
1	0.8265031559106608	0.8365178993671152	0.9880280583786297
1	0.766424635756313	0.796945074964488	0.961703208706654
1	0.8321649836441305	0.8333798470616886	0.9985422452656596
1	0.7421688484222126	0.748391615244872	0.9916851462577875
1	0.782085615819889	0.7433511244099903	1.0521079341080475
1	0.7949406517335718	0.7804804301523317	1.0185273339632843
1	0.6271472017505321	0.6053170159267409	1.036064054453135
1	0.8047709116241282	0.8073889354618621	0.9967574192279013
1	0.7514823025481172	0.7615664732691361	0.9867586467170343
1	0.8008321429756357	0.7874848703299979	1.0169492432788512
1	0.8369140634334011	0.8134379286066489	1.0288603887293095
1	0.7828833775076973	0.7675206820585838	1.0200160019244158
1	0.8279551748382967	0.8298800063892923	0.9976805905237189
1	0.7349663428212745	0.7322325059637703	1.0037335639093294
1	0.671697822425795	0.7051677103270325	0.9525362727035313
1	0.6991866161009155	0.7172841970599523	0.9747693019960342
1	0.7680256154643514	0.7215574848054713	1.0643997625101314
1	0.7125669040741871	0.6627083835138211	1.0752344799020128
1	0.7506812851378702	0.7760565650723956	0.9673022804308624
1	0.8484015062135623	0.79523516434814	1.0668561253940563
1	0.8572382429776789	0.8649321428845494	0.9911046202061454
1	0.7838824220301956	0.7471103699962942	1.0492190357819338
1	0.5256031846678584	0.576282685478381	0.9120579151732577
1	0.834164449989364	0.8474372386107207	0.9843377326170891
2	0.7580411072065352	0.7805098168492264	0.9712127776516724
2	0.7953448009871806	0.7696183171152429	1.033427587805301
2	0.7692882782712442	0.750520339584547	1.0250065690386037
2	0.7791006699141017	0.7844182830478361	0.9932209469760533
2	0.8009665965810308	0.8106228251383415	0.9880878896351546
2	0.7226566048514894	0.760683185277595	0.9500099631987676
2	0.7545427351827253	0.7541969955740246	1.0004584208247045
2	0.7282603124077551	0.7362615179407146	0.9891326582498317
2	0.7838182089030516	0.7860241887489878	0.9971934962339427
2	0.7824910236703064	0.7653672539114468	1.0223732720094147
2	0.839557037374902	0.8151529433301097	1.0299380554833002
2	0.779780345379496	0.7712337101881619	1.0110817707763953
2	0.8401919293541705	0.8175253299668033	1.027725868002509
2	0.6922463679762376	0.7105596365053609	0.9742269788652917
2	0.8169075625570874	0.7463134264878469	1.0945904677093332
2	0.8054818886381243	0.8152626312558311	0.9880029548237228
2	0.7766017002531975	0.793747099773317	0.9783994177427344
2	0.8486763121352218	0.8200507757914993	1.034907029160595
2	0.7886596209574545	0.7872114882956575	1.0018395725714475
2	0.8067012784316029	0.8163048293132518	0.9882353374171163
2	0.7723579971295553	0.7740685221549075	0.9977902149791723
2	0.7609258022061295	0.8185506139689123	0.9296014067066948
2	0.6876842182646699	0.7595288502114134	0.9054089493417588
2	0.6920180036614553	0.7348104573570594	0.9417639565861399
2	0.7967875601864404	0.7612820558697024	1.0466390926240547
2	0.7604056108349257	0.8038675429216174	0.9459339632886141
2	0.8306459079282751	0.8266744110682721	1.0048041850658844
2	0.7835576251293802	0.7638720254742053	1.0257708084583335
2	0.8174306163099989	0.8277372382291589	0.9875484375437672
2	0.7954539085100576	0.741303613894935	1.0730473905699822
2	0.761614608656447	0.7681835034557327	0.9914487947609718
2	0.7962102875884698	0.773996464501247	1.0287001609258475
2	0.7259367110147202	0.7223038763641562	1.0050295101126283
2	0.7964691671215913	0.7776817601147801	1.0241582199433845
2	0.7940907002133817	0.7618108262223137	1.0423725587507573
2	0.7559311577307215	0.7768299589571747	0.9730973284623214
2	0.8246266771848382	0.7965494138090976	1.0352486146985849
2	0.7803376193170365	0.7788623899149182	1.0018940822168592
2	0.8347405164275095	0.8106480813119284	1.0297199680983522
2	0.7791620543146578	0.7495014074244822	1.0395738374823054
2	0.6923552175572103	0.7064667143463492	0.9800252488863606
2	0.717801026369151	0.7337521514291426	0.9782608813767383
2	0.7511084065412968	0.743980472770509	1.0095808076040547
2	0.7496973956666683	0.7418317454045134	1.0106030111421909
2	0.7160266060856713	0.7512749810368904	0.953081926270764
2	0.8286629272513818	0.7789941812484814	1.0637600988537514
2	0.8776586798055268	0.8460713295690375	1.037334145635899
2	0.7533085017122163	0.7314629934134351	1.0298655003677455
2	0.6472429505977368	0.6690384501148036	0.9674226503524174
2	0.8122879773975722	0.8148091450343382	0.996905818188062
3	0.6215625185340816	0.6492253820542545	0.9573909704013064
3	0.664830506812556	0.6087014214163373	1.092211194883719
3	0.5937040719256643	0.5675534830320135	1.04607599050216
3	0.5655148010179223	0.5603566993664921	1.009205032539562
3	0.6698201557571373	0.6424035516966103	1.042678163886421
3	0.45292431158343655	0.49434622644360665	0.9162086961638911
3	0.4469312368794857	0.4810100113572161	0.9291516316228557
3	0.6172968628662131	0.6390058406021517	0.9660269494321341
3	0.6358456513685464	0.6363752730637372	0.9991677525548078
3	0.6033464665946835	0.541931154568811	1.1133267787026153
3	0.6849133122492782	0.6842979182231365	1.0008993071727292
3	0.6831777952552375	0.6344690184361939	1.076770930342822
3	0.5832339751295085	0.6111278569861766	0.9543567167855367
3	0.6295102855437177	0.6012954212827857	1.046923464344264
3	0.5060752996991909	0.4025876082840026	1.2570563258424576
3	0.6066550030691551	0.6178716139058125	0.9818463729612812
3	0.49307247905281937	0.5352729969627187	0.9211607569420533
3	0.6163525407426731	0.584617127205349	1.0542840981909463
3	0.600300598247266	0.5661674006299616	1.0602881719776256
3	0.5604001675088941	0.6251641768405419	0.8964047977621614
3	0.6782558489892776	0.6647437415386245	1.0203267915232686
3	0.5267312439576404	0.5744398387604415	0.9169476216939456
3	0.491501477642317	0.5652521577212473	0.869526052980942
3	0.5866994837696011	0.5926550514968569	0.989951038614766
3	0.6292165817520206	0.6170398742380153	1.0197340690973047
3	0.5102161645403767	0.6113555817365428	0.8345653164580885
3	0.6668523672682234	0.6610249051940053	1.0088157980560624
3	0.6350386127487953	0.5643488028492998	1.1252590765544195
3	0.6232709313843153	0.6644451762898665	0.9380321411384756
3	0.6573608546134223	0.5915026446825468	1.1113405164337362
3	0.590603978418527	0.5545262333916244	1.065060483804782
3	0.5827888833593803	0.5649295361664398	1.0316134067164064
3	0.37315275804029313	0.3592838668996842	1.0386014859511665
3	0.671080011970721	0.6468075609116624	1.0375265419359772
3	0.6462797787630817	0.649181996718985	0.9955294232271207
3	0.6049314105442507	0.5926764301746741	1.0206773540259815
3	0.6764257081418196	0.6456101605700165	1.0477308900228517
3	0.5245559946994555	0.5169475276623625	1.0147180644648761
3	0.6020680447578819	0.5951340744577656	1.0116511061922207
3	0.4862037280901108	0.4989964011739389	0.9743631956989428
3	0.38667327004517116	0.48563289697243406	0.7962254461256563
3	0.49456893662459567	0.47704688930145944	1.0367302412322483
3	0.574168721935989	0.5478737754093578	1.0479945339726915
3	0.5100267972633061	0.4750377846042214	1.073655220264712
3	0.46984685560881967	0.5082110990109944	0.9245112051333914
3	0.5995885445834715	0.5468523844055327	1.0964358237831708
3	0.7284103844747463	0.6918318418882757	1.0528720136480472
3	0.58010090465698	0.4571446803985465	1.2689656678302332
3	0.4521932472348196	0.49177461744687556	0.9195131899699321
3	0.6154205920977338	0.6365130853107304	0.9668624358245523
4	0.6215625185340816	0.6492253820542545	0.9573909704013064
4	0.664830506812556	0.6087014214163373	1.092211194883719
4	0.5937040719256643	0.5675534830320135	1.04607599050216
4	0.5655148010179223	0.5603566993664921	1.009205032539562
4	0.6698201557571373	0.6424035516966103	1.042678163886421
4	0.45292431158343655	0.49434622644360665	0.9162086961638911
4	0.4469312368794857	0.4810100113572161	0.9291516316228557
4	0.6172968628662131	0.6390058406021517	0.9660269494321341
4	0.6358456513685464	0.6363752730637372	0.9991677525548078
4	0.6033464665946835	0.541931154568811	1.1133267787026153
4	0.6849133122492782	0.6842979182231365	1.0008993071727292
4	0.6831777952552375	0.6344690184361939	1.076770930342822
4	0.5832339751295085	0.6111278569861766	0.9543567167855367
4	0.6295102855437177	0.6012954212827857	1.046923464344264
4	0.5060752996991909	0.4025876082840026	1.2570563258424576
4	0.6066550030691551	0.6178716139058125	0.9818463729612812
4	0.49307247905281937	0.5352729969627187	0.9211607569420533
4	0.6163525407426731	0.584617127205349	1.0542840981909463
4	0.600300598247266	0.5661674006299616	1.0602881719776256
4	0.5604001675088941	0.6251641768405419	0.8964047977621614
4	0.6782558489892776	0.6647437415386245	1.0203267915232686
4	0.5267312439576404	0.5744398387604415	0.9169476216939456
4	0.491501477642317	0.5652521577212473	0.869526052980942
4	0.5866994837696011	0.5926550514968569	0.989951038614766
4	0.6292165817520206	0.6170398742380153	1.0197340690973047
4	0.5102161645403767	0.6113555817365428	0.8345653164580885
4	0.6668523672682234	0.6610249051940053	1.0088157980560624
4	0.6350386127487953	0.5643488028492998	1.1252590765544195
4	0.6232709313843153	0.6644451762898665	0.9380321411384756
4	0.6573608546134223	0.5915026446825468	1.1113405164337362
4	0.590603978418527	0.5545262333916244	1.065060483804782
4	0.5827888833593803	0.5649295361664398	1.0316134067164064
4	0.37315275804029313	0.3592838668996842	1.0386014859511665
4	0.671080011970721	0.6468075609116624	1.0375265419359772
4	0.6462797787630817	0.649181996718985	0.9955294232271207
4	0.6049314105442507	0.5926764301746741	1.0206773540259815
4	0.6764257081418196	0.6456101605700165	1.0477308900228517
4	0.5245559946994555	0.5169475276623625	1.0147180644648761
4	0.6020680447578819	0.5951340744577656	1.0116511061922207
4	0.4862037280901108	0.4989964011739389	0.9743631956989428
4	0.38667327004517116	0.48563289697243406	0.7962254461256563
4	0.49456893662459567	0.47704688930145944	1.0367302412322483
4	0.574168721935989	0.5478737754093578	1.0479945339726915
4	0.5100267972633061	0.4750377846042214	1.073655220264712
4	0.46984685560881967	0.5082110990109944	0.9245112051333914
4	0.5995885445834715	0.5468523844055327	1.0964358237831708
4	0.7284103844747463	0.6918318418882757	1.0528720136480472
4	0.58010090465698	0.4571446803985465	1.2689656678302332
4	0.4521932472348196	0.49177461744687556	0.9195131899699321
4	0.6154205920977338	0.6365130853107304	0.9668624358245523
5	0.6210436182261292	0.6295292319750831	0.9865206994084592
5	0.6849731679652019	0.6625817899978648	1.033794134256858
5	0.6667901548474673	0.632681018565591	1.0539120588115765
5	0.6324372411390184	0.590927798007865	1.0702445261013105
5	0.6517249817836258	0.6317266334160143	1.0316566491101886
5	0.5260851200196414	0.5587241667739699	0.9415828977959128
5	0.5700199517518219	0.5380046226573502	1.059507535337409
5	0.6116978987865226	0.6492666287910077	0.9421366687605037
5	0.648778263402126	0.6291558074612085	1.031188547746382
5	0.6344590404385018	0.5737906340151413	1.1057326537361354
5	0.6188183694497374	0.6736547412522329	0.9185986998316644
5	0.5857226181734119	0.5932731704061057	0.9872730596808796
5	0.6230089373490202	0.6461005987623698	0.9642599597375663
5	0.6199848122697502	0.6036923999448452	1.0269879367810386
5	0.5839954673411546	0.479263014235168	1.218528135898665
5	0.6614965778142828	0.6649117226664005	0.9948637620067482
5	0.5881423731539765	0.5960523629693506	0.9867293709298142
5	0.6312114823836281	0.6302626410882947	1.0015054696779981
5	0.614873841767194	0.5956216709094684	1.0323228179866744
5	0.48723270514806544	0.608640253577699	0.8005265873954643
5	0.6336057594036159	0.6375022969097724	0.9938878063262757
5	0.6514374550535919	0.6392762363205999	1.0190234174869173
5	0.5309135246998024	0.5897920894607857	0.9001706434977574
5	0.5857626142796866	0.6145585363787058	0.9531437277420315
5	0.6043182760915755	0.6155131010565922	0.9818122068469386
5	0.5611853964439948	0.6562759639145265	0.8551058202660058
5	0.6644403678135475	0.6544741222225973	1.0152278680738436
5	0.6640366322029501	0.5909661447879293	1.1236458095941222
5	0.6150159830525768	0.6626691644795891	0.9280890314785726
5	0.5939391048903295	0.5832730671948272	1.0182865252921744
5	0.6099539866299626	0.6197076276859643	0.9842608988170396
5	0.5888526682153494	0.6140033112317623	0.9590382615918508
5	0.5170882407383075	0.48214729574783927	1.0724694409750297
5	0.6574231166560673	0.6202030450744747	1.0600127198297185
5	0.6125102270655942	0.6407093619106804	0.955987634141957
5	0.6537599824310101	0.642645646050597	1.017294657559289
5	0.681731549347923	0.6291645674897167	1.0835504486019318
5	0.5554300616674066	0.568888393615849	0.976342755275949
5	0.5929752528610195	0.5793330679409652	1.0235480860233659
5	0.551838401792282	0.5708817524561619	0.9666422151663673
5	0.500622005544398	0.5313016676083528	0.9422556639017171
5	0.585705547192183	0.5564970629783124	1.0524863223132752
5	0.600770505644527	0.5925663424404987	1.01384513870673
5	0.6076059243141274	0.578143598313433	1.0509602217972183
5	0.4673054720163205	0.5210305366506941	0.8968869176464572
5	0.5861392672029451	0.5672331508620952	1.0333304150367726
5	0.7089184721845492	0.6425780585153914	1.103241019188284
5	0.6142405341210413	0.5261784194445558	1.167361699800318
5	0.5481675441296641	0.5455184716528272	1.0048560637530946
5	0.5777115151108957	0.6269229069481161	0.9215032800814643
6	0.5094033380370133	0.5074053267110149	1.0039377027019984
6	0.5552950140727919	0.549518477588367	1.0105119968117833
6	0.46050787762578504	0.4394239847014973	1.047980751297884
6	0.4937047664239632	0.4445049459420199	1.1106845287799358
6	0.5445489807605349	0.5232119656436683	1.0407808240597427
6	0.3721617596857154	0.4042936667059156	0.9205233480850615
6	0.3696720564658742	0.3975728035839453	0.9298222945167324
6	0.469827561378292	0.5392913172952941	0.8711943736357867
6	0.5268005055540486	0.5109349187368432	1.0310520699122092
6	0.47896353506661626	0.43726324278377254	1.0953665622963524
6	0.530967184401284	0.5355525470250596	0.9914380714847743
6	0.47243851230341827	0.5007854958461277	0.9433949589637887
6	0.4786045971476061	0.48657532358479755	0.9836187203689907
6	0.5160847541907144	0.4983403556116919	1.0356069870304645
6	0.3916492620400571	0.3280613100691678	1.1938294764398842
6	0.5426696393195329	0.5355959541472647	1.0132071295862017
6	0.3938268103831311	0.42050359140468646	0.936559921087851
6	0.489043482092324	0.47720014178444486	1.0248183922653336
6	0.5014686594460851	0.4709662539120504	1.0647655862403484
6	0.4406920807207132	0.48953287352711977	0.9002297997793179
6	0.5575316924022427	0.563150987319276	0.9900216903751115
6	0.5047324083259564	0.49235039315675	1.0251487870047549
6	0.44572570725202043	0.478476655313147	0.9315516280732815
6	0.4962670201278218	0.5423944239007054	0.9149559771629806
6	0.4801677169869515	0.4940585555695994	0.9718842262196368
6	0.45802607601875145	0.5030334124159699	0.910528137323807
6	0.502393394123847	0.5162331124473938	0.9731909519365496
6	0.5238746147562536	0.46741242163952235	1.1207973740164656
6	0.522484965539141	0.5425177028899119	0.9630745001608991
6	0.553809018795803	0.5237113964883303	1.0574698631904669
6	0.467515881387207	0.4732239438467044	0.987937925513451
6	0.5198633651044734	0.5013386720854112	1.0369504569476067
6	0.3393202980029707	0.31878564024779843	1.0644152532692823
6	0.5782384300333738	0.5638782405358577	1.025466826816849
6	0.49891268762009355	0.5173870007592025	0.9642930473475364
6	0.5245140492491911	0.4937363925836971	1.0623362124562787
6	0.5423802599981968	0.5425650972535375	0.9996593270443006
6	0.37898362138598524	0.3999713479602291	0.9475269249128047
6	0.41772950913668194	0.42705800641725045	0.978156369532025
6	0.389937196994862	0.42112852881049534	0.9259339377844211
6	0.35930578564722926	0.3981376405956782	0.9024662554127004
6	0.4458665377106051	0.4195661490576205	1.0626847249523284
6	0.48262328771814195	0.4766078919726218	1.0126212676013886
6	0.5199952651528188	0.46308576266509643	1.122891928614267
6	0.29029699193089387	0.359020967454258	0.8085794932516857
6	0.442993327604125	0.4226416247777684	1.048153569438547
6	0.5884770063524332	0.5218169399765388	1.127746075815192
6	0.4836124496582632	0.36846779012723674	1.3124958615548608
6	0.4290551009513672	0.45638700276724736	0.9401124448107494
6	0.45492996113714085	0.4866906719433845	0.9347414844023592
7	0.5094033380370133	0.5074053267110149	1.0039377027019984
7	0.5552950140727919	0.549518477588367	1.0105119968117833
7	0.46050787762578504	0.4394239847014973	1.047980751297884
7	0.4937047664239632	0.4445049459420199	1.1106845287799358
7	0.5445489807605349	0.5232119656436683	1.0407808240597427
7	0.3721617596857154	0.4042936667059156	0.9205233480850615
7	0.3696720564658742	0.3975728035839453	0.9298222945167324
7	0.469827561378292	0.5392913172952941	0.8711943736357867
7	0.5268005055540486	0.5109349187368432	1.0310520699122092
7	0.47896353506661626	0.43726324278377254	1.0953665622963524
7	0.530967184401284	0.5355525470250596	0.9914380714847743
7	0.47243851230341827	0.5007854958461277	0.9433949589637887
7	0.4786045971476061	0.48657532358479755	0.9836187203689907
7	0.5160847541907144	0.4983403556116919	1.0356069870304645
7	0.3916492620400571	0.3280613100691678	1.1938294764398842
7	0.5426696393195329	0.5355959541472647	1.0132071295862017
7	0.3938268103831311	0.42050359140468646	0.936559921087851
7	0.489043482092324	0.47720014178444486	1.0248183922653336
7	0.5014686594460851	0.4709662539120504	1.0647655862403484
7	0.4406920807207132	0.48953287352711977	0.9002297997793179
7	0.5575316924022427	0.563150987319276	0.9900216903751115
7	0.5047324083259564	0.49235039315675	1.0251487870047549
7	0.44572570725202043	0.478476655313147	0.9315516280732815
7	0.4962670201278218	0.5423944239007054	0.9149559771629806
7	0.4801677169869515	0.4940585555695994	0.9718842262196368
7	0.45802607601875145	0.5030334124159699	0.910528137323807
7	0.502393394123847	0.5162331124473938	0.9731909519365496
7	0.5238746147562536	0.46741242163952235	1.1207973740164656
7	0.522484965539141	0.5425177028899119	0.9630745001608991
7	0.553809018795803	0.5237113964883303	1.0574698631904669
7	0.467515881387207	0.4732239438467044	0.987937925513451
7	0.5198633651044734	0.5013386720854112	1.0369504569476067
7	0.3393202980029707	0.31878564024779843	1.0644152532692823
7	0.5782384300333738	0.5638782405358577	1.025466826816849
7	0.49891268762009355	0.5173870007592025	0.9642930473475364
7	0.5245140492491911	0.4937363925836971	1.0623362124562787
7	0.5423802599981968	0.5425650972535375	0.9996593270443006
7	0.37898362138598524	0.3999713479602291	0.9475269249128047
7	0.41772950913668194	0.42705800641725045	0.978156369532025
7	0.389937196994862	0.42112852881049534	0.9259339377844211
7	0.35930578564722926	0.3981376405956782	0.9024662554127004
7	0.4458665377106051	0.4195661490576205	1.0626847249523284
7	0.48262328771814195	0.4766078919726218	1.0126212676013886
7	0.5199952651528188	0.46308576266509643	1.122891928614267
7	0.29029699193089387	0.359020967454258	0.8085794932516857
7	0.442993327604125	0.4226416247777684	1.048153569438547
7	0.5884770063524332	0.5218169399765388	1.127746075815192
7	0.4836124496582632	0.36846779012723674	1.3124958615548608
7	0.4290551009513672	0.45638700276724736	0.9401124448107494
7	0.45492996113714085	0.4866906719433845	0.9347414844023592
8	0.33229969421864397	0.3316728855723646	1.0018898398800304
8	0.3751885567186477	0.35801664585026144	1.047964001303918
8	0.3472677741037607	0.3437073889711912	1.010358768088247
8	0.39946168686622463	0.33928008507548185	1.1773802956261161
8	0.3752414962266929	0.3718979620646593	1.0089904611024791
8	0.27568528561145844	0.2939170835919032	0.937969587348794
8	0.2851098978179787	0.2785295936132442	1.0236251527867148
8	0.28390588613527173	0.35113018404720897	0.8085487919691375
8	0.35377619524180437	0.3198991757590176	1.1058990521073007
8	0.33046897094510386	0.2841614360232709	1.1629620668092369
8	0.27526120065839227	0.2960732095179962	0.9297065448998724
8	0.37103342267505407	0.35102457105651425	1.0570012850049704
8	0.33364918461863724	0.3382285107611802	0.9864608511794667
8	0.3613507928437899	0.35245671083549013	1.025234537277547
8	0.3097043171079743	0.24268298482770914	1.2761682378673824
8	0.4104006347164262	0.3815861720125114	1.0755123346109356
8	0.2828251318784525	0.32402636953870856	0.8728460349726749
8	0.3430798632064302	0.3191389305923028	1.0750172740432966
8	0.31086594502389725	0.31120678995445933	0.9989047638368945
8	0.30690437125879133	0.32944251501881433	0.9315870213086012
8	0.3670432326147426	0.3704798949960334	0.990723754709206
8	0.3790714192146436	0.37107328896342123	1.0215540446836386
8	0.2531200525819727	0.3223006896195491	0.7853537418140842
8	0.3205541167362125	0.37311379600391703	0.85913230807699
8	0.321978532546475	0.33492198574476817	0.9613538264156929
8	0.2551422706140365	0.3532180535828209	0.722336437863338
8	0.37702741837390963	0.36726942025274545	1.026569046000206
8	0.37092496671364733	0.3121635062734384	1.1882393657788333
8	0.32249726441842325	0.3884294895915967	0.8302594758124672
8	0.40906011370035233	0.3832109599319381	1.0674541087577591
8	0.3312782760835334	0.3257800994121357	1.0168769568224671
8	0.35337734852202407	0.3306352632924717	1.0687829997414258
8	0.28092055490076817	0.25815226336774283	1.0881971408501325
8	0.37878528428380276	0.36435096259549443	1.039616532327742
8	0.3117511492232361	0.37334897177553533	0.8350127435483256
8	0.3771824918726645	0.3513619519668205	1.0734870117874409
8	0.37658137038097184	0.3726494340602004	1.0105513009316318
8	0.29510592567470995	0.3164550416348759	0.9325366540224109
8	0.31128529067482585	0.3247793064751217	0.9584517377453988
8	0.27654529403061734	0.29317899874854364	0.9432643375244185
8	0.2854082212714881	0.2974064198648671	0.9596572306716492
8	0.35057174080054315	0.3091958961839355	1.133817573671786
8	0.31255470104999394	0.3173366707679054	0.9849309261790016
8	0.41005612718368056	0.34439300417475704	1.1906633474343276
8	0.21754204847790648	0.2724475436666052	0.7984731502814109
8	0.3129249565433979	0.2910629420074486	1.0751109515528428
8	0.3823287931983178	0.34537270193484576	1.107003509705419
8	0.36188955696934677	0.2883571346355843	1.2550046921040818
8	0.28817813801487435	0.30421236068940155	0.947292665432165
8	0.28976905330158365	0.33425073180370835	0.8669212232921992
9	0.522109854755828	0.5279066595622627	0.9890192618307916
9	0.5620008819855595	0.5632123915083004	0.9978489295672341
9	0.5525628554387818	0.512149658896669	1.0789089592076964
9	0.5786172853807967	0.508754764180949	1.1373206230556294
9	0.5744593138199132	0.5524736505634539	1.0397949535403845
9	0.40923024789168017	0.4564075146950919	0.8966334574159477
9	0.4752527272597312	0.46096060456588883	1.0310050849297676
9	0.5265529917620891	0.56429619948699	0.933114545589331
9	0.5664655275133851	0.5369157270709409	1.0550361983316234
9	0.5283839579830094	0.4857458796420406	1.087778569264221
9	0.5146972977415483	0.5100830914296518	1.0090459895444952
9	0.5211565572649322	0.5221300125612024	0.9981356074677739
9	0.5041720956568612	0.5338198872112097	0.944461058374511
9	0.5452967706656529	0.5386632893960898	1.012314708279081
9	0.47853267016548273	0.45435466162869603	1.053213955041459
9	0.560250954928854	0.5523504813015037	1.0143033705858904
9	0.4599478849106746	0.4800632923732153	0.9580984262239688
9	0.5010499362283103	0.49732871483404845	1.0074824181336555
9	0.5391127817790283	0.5039393407034443	1.0697969740296238
9	0.5282469510106469	0.5104795271164689	1.034805360353118
9	0.5706633714383965	0.5777016838479899	0.9878167008918648
9	0.5659231965540785	0.5355435764959149	1.056726700480545
9	0.48958099559703777	0.4950057854560146	0.98904095665472
9	0.522990631380922	0.5573654088214359	0.938326317176374
9	0.4838918963513804	0.5376450447944517	0.9000211218097959
9	0.5250051235708513	0.5476572439836048	0.9586381433613764
9	0.5352634553120871	0.5301450716496255	1.009654684983744
9	0.5048406522945302	0.49312547284585806	1.0237569951133596
9	0.5442706853211211	0.5724310430041323	0.9508056768982602
9	0.5791973397435004	0.56832918378953	1.019122994672741
9	0.5604363909113522	0.5366118391730732	1.0443981105131654
9	0.5485512209608474	0.5375613554944403	1.0204439276634736
9	0.43688241456995414	0.4602738971238788	0.9491792111173556
9	0.5849693990855063	0.5702799888776633	1.025758242432375
9	0.49076559790892815	0.539644447029299	0.9094239746384029
9	0.5654777720658422	0.5329515152841154	1.0610304236857024
9	0.5471273518539896	0.547175799411444	0.9999114588812106
9	0.4452127249414861	0.4860677596862214	0.9159478613205924
9	0.5264577576731453	0.5188899259749302	1.0145846572064317
9	0.4652917084707358	0.47599428159846785	0.9775153325544352
9	0.4538053618430957	0.48328093370546577	0.9390094460454468
9	0.526415547716861	0.5171572010725773	1.0179023836950971
9	0.5093363606668183	0.5042511314293594	1.010084715572267
9	0.5640402119468122	0.5089770044971096	1.1081840770077762
9	0.37983547265932566	0.44723230226560723	0.8493024111521909
9	0.48097712211463695	0.4617345355656742	1.0416745663726203
9	0.5682444970366193	0.5536383348162994	1.026382136679835
9	0.52129787695842	0.48096154431981303	1.0838660244565947
9	0.4847399003086709	0.4888907298158928	0.9915096988875509
9	0.4744296656509086	0.4989574144022218	0.9508419996510148
10	0.6158137593858658	0.6030074521897026	1.0212373945788888
10	0.6345093703063304	0.6191654719184468	1.0247815795353403
10	0.6207610496416374	0.5832857032403795	1.0642486969817153
10	0.6487361301766739	0.5947699569203848	1.0907345312727572
10	0.6060368256885127	0.6096186689057053	0.9941244528753981
10	0.5317379751405285	0.5648025043558447	0.9414582460943118
10	0.5446464365743726	0.5483340507917001	0.9932748764881496
10	0.5617127080590802	0.6301170089106918	0.8914419070041217
10	0.6332129630480096	0.6118459565166185	1.034922199458567
10	0.5881925981904369	0.5651896323717667	1.0406995537447146
10	0.5899670221258367	0.5918581765620518	0.9968047168880892
10	0.5917508429030186	0.6149469631944144	0.9622794782644329
10	0.5692222889012376	0.6031723364423764	0.9437141833437147
10	0.608138213936531	0.5866768822703188	1.0365811783535108
10	0.5764081392351743	0.556365071600358	1.0360250286330221
10	0.5989241200315719	0.6140292167864162	0.9754000357932505
10	0.5621518349207288	0.5686077041273334	0.9886461805569225
10	0.5901639356896506	0.5747916000935362	1.0267441897091274
10	0.5801123730927176	0.5541895498478817	1.046776095384605
10	0.5689214325581561	0.5753540324421649	0.9888197535407811
10	0.6194492008365552	0.6404755400313269	0.9671707381772249
10	0.6166357110170644	0.602436704384825	1.0235692920582231
10	0.5644179556811615	0.5679615638604673	0.9937608310055004
10	0.5873055601791433	0.6007617207183097	0.9776015014354154
10	0.5582727590547845	0.6125845573920404	0.9113399159644542
10	0.5681654770657464	0.594974180082966	0.9549414009638515
10	0.6374341187281425	0.6233262788071829	1.0226331544178704
10	0.59507112224744	0.5776974961513588	1.0300739162136323
10	0.582644056330546	0.619582030225347	0.9403824318769116
10	0.6123663076496088	0.6337989566809962	0.9661838366796572
10	0.6233737204784319	0.6134646754440396	1.016152592693654
10	0.5999139784334754	0.5817791987650829	1.0311712410943643
10	0.5188755575504871	0.538086109050105	0.9642983693938304
10	0.6550717387803955	0.6362548837693817	1.0295743977626335
10	0.5424619395596695	0.6006283074169613	0.9031574650428319
10	0.5812642787986043	0.5684520406111279	1.0225388199393257
10	0.5832535924078037	0.598071859688752	0.9752232661662764
10	0.5555989743096238	0.586933245835045	0.9466135684973149
10	0.5929168669790343	0.584442813967831	1.0144993706974892
10	0.5223931189870892	0.5561793360164051	0.9392530163538485
10	0.5692096680378536	0.5631211959003144	1.0108120102419604
10	0.6208104840518145	0.5908254619020242	1.0507510662341133
10	0.60898939426264	0.594960788653984	1.023579042310324
10	0.6216315801166293	0.5856066649500222	1.0615172560744022
10	0.4542446275496115	0.5179220469029446	0.8770521167536514
10	0.5258712388485252	0.535556254020896	0.9819159703585629
10	0.6474782740589642	0.6131179944953679	1.0560418710135508
10	0.6058039364917117	0.5585042660583716	1.0846898999843928
10	0.5622523063815628	0.5590467428131827	1.0057339812986823
10	0.5937028048422651	0.5912096440197124	1.0042170503268542
11	0.4641362186741437	0.4954739167384422	0.9367520731049067
11	0.5121710310903154	0.49805239323261696	1.0283476960447095
11	0.5236556766475222	0.4795097514767894	1.09206470782872
11	0.5290006944142929	0.5306491294415807	0.9968935499262525
11	0.4684994250430372	0.48549050643918085	0.9650022375910822
11	0.44424239384569975	0.45698393452578157	0.972118186838879
11	0.473863217844242	0.4780418195590145	0.9912589201534143
11	0.44556803119132216	0.5337380636373906	0.8348065494051607
11	0.5424638059275575	0.49844893692832193	1.088303667112776
11	0.529045630478052	0.48779323381943707	1.084569431879174
11	0.5206841429812976	0.4954203189063223	1.0509947273271858
11	0.4679242666497836	0.5320392397664786	0.8794920217823855
11	0.4793081848101727	0.49948522106902865	0.9596043378106927
11	0.5094790394242974	0.4991492604235533	1.020694769720742
11	0.4871736011329538	0.4526807543466733	1.0761968483419666
11	0.5427349183239001	0.5060547597459029	1.072482587845661
11	0.4369323887603003	0.47577595249321	0.9183574463371728
11	0.5181586113708472	0.4698888331136383	1.102725953152275
11	0.499705198783982	0.5061853968647129	0.9871979750485319
11	0.43944353785993073	0.5031393853241855	0.8734031774848755
11	0.5087831696501287	0.5585259952309773	0.9109391039887452
11	0.5542229279249355	0.5155394807483142	1.0750348879594471
11	0.4645599755701213	0.4923064615738229	0.9436398094085529
11	0.5106882109967648	0.5544373871825362	0.9210926658317723
11	0.4535467646225946	0.5088054939182708	0.8913951795800531
11	0.48157465962429635	0.5188637592719773	0.9281331583072951
11	0.5558987407077711	0.5174022410207878	1.074403426647386
11	0.5570847527587297	0.48527213975662664	1.1479842074554671
11	0.46372064272219626	0.5382198871613332	0.8615821410240727
11	0.5262356443848373	0.5574468812569513	0.9440103839100548
11	0.5376988650424281	0.5304819651053481	1.0136044209074042
11	0.5157402243330027	0.5083038689648288	1.014629743785579
11	0.44337578728426774	0.4546293684061771	0.9752466912523452
11	0.5663489988778858	0.5471265160924061	1.0351335243679418
11	0.4358734607001933	0.4920334006648664	0.8858615291384969
11	0.5275074868012974	0.4958715807675944	1.0637985866920052
11	0.48594582066914693	0.5024678284713786	0.9671182772984782
11	0.4868873053462962	0.5010038669405424	0.9718234478299514
11	0.4791868512480337	0.5006504882865649	0.9571285007391309
11	0.43422869678480697	0.47661351927225776	0.9110708765622757
11	0.4787284820311997	0.47847155829220833	1.0005369676306537
11	0.5414316392072367	0.495159900052711	1.0934480743485084
11	0.47080707260423665	0.460868970438117	1.0215638344162599
11	0.5673013566583607	0.47494137632795186	1.1944660645162095
11	0.3859456145749729	0.4425452186820375	0.8721043596954312
11	0.4430511393913802	0.4551324198243955	0.9734554606378586
11	0.5846781768049667	0.5302341354842631	1.10267924616166
11	0.5468888230065739	0.4588944086645221	1.1917530758287813
11	0.5196028877539837	0.4983452106646588	1.0426565293182468
11	0.5341729072145693	0.5022920729055159	1.0634707096304312
12	0.4864504683248863	0.46926272273381814	1.0366271275308985
12	0.5304463905928898	0.4842969317738875	1.0952916605314131
12	0.4436553989346488	0.42577629559600394	1.041991777192804
12	0.44145105524487693	0.45641019176840997	0.9672243591547063
12	0.4668511183539643	0.46592343659736374	1.0019910605128075
12	0.41243218151865435	0.4088570123911626	1.0087443018442626
12	0.40925474817300955	0.41711812313559893	0.9811483257944342
12	0.43828257681950034	0.4981961032283713	0.8797390705775817
12	0.48656671180267996	0.4714868425487987	1.0319836480958013
12	0.43778769038935283	0.41107336355430585	1.0649867619834672
12	0.4358682193706874	0.4624259179736548	0.9425687497808451
12	0.40879040157131497	0.46466784733066735	0.8797475528372661
12	0.4696544473839743	0.46055314955285204	1.0197616666826808
12	0.43837122962322167	0.42645950428481666	1.0279316681155488
12	0.4107823241279268	0.3657970585619079	1.1229787515046559
12	0.5246724221964192	0.48435335874453816	1.0832430759980471
12	0.4225163985379468	0.4398723255856803	0.9605432621281086
12	0.4817650606150187	0.43745376488061327	1.1012936664209498
12	0.43004722415105046	0.43796926908479916	0.9819118703229955
12	0.3303404123152419	0.42688800514538267	0.7738339056932272
12	0.4910190446412816	0.5012159332432949	0.9796556974236019
12	0.4909990303209725	0.47200667304609323	1.0402374762041227
12	0.3694812736118305	0.42033983059074653	0.8790060963115502
12	0.4440346632360437	0.4641403580249807	0.9566818647822586
12	0.4593028159415041	0.45027191193682153	1.0200565564168473
12	0.43866834011616457	0.46530164330590074	0.9427612096950477
12	0.4464458301844637	0.47201207102004133	0.9458356207282417
12	0.5237483352190572	0.4422912329350645	1.1841707368772374
12	0.36102546297646076	0.4637795404347751	0.7784419783546587
12	0.4564438514028337	0.5033525422881964	0.9068074819447224
12	0.4849000848434603	0.4642670644793612	1.0444421367413546
12	0.5030815949967811	0.4549632708423551	1.1057630961403453
12	0.37610045016655935	0.3799625647652736	0.989835539190288
12	0.5113769615382618	0.49592525027710593	1.0311573392411901
12	0.3832027768444097	0.45570223717539066	0.8409060688831391
12	0.4630432088553938	0.44921140613891036	1.030791298990761
12	0.4655223092862934	0.46957049096204745	0.991378969177854
12	0.4475854717041346	0.44355763682796157	1.0090807474423786
12	0.4446827688421058	0.4428897549871241	1.0040484428343432
12	0.38819184464640916	0.40815754352097794	0.9510833520254597
12	0.41886486134493295	0.41533617980238713	1.0084959647489047
12	0.5075379033586283	0.43863498579343047	1.157084865085629
12	0.4723850812251596	0.4607998299150511	1.0251416136855873
12	0.5220503899775445	0.43563737564418065	1.1983599644212901
12	0.3435827143139931	0.3631660663167857	0.9460760411857692
12	0.4251772450176674	0.3887086278515886	1.0938199323427489
12	0.5250947205298832	0.4659124794501001	1.1270243740833765
12	0.4681651227453308	0.4156198422597435	1.1264263039028557
12	0.4230856018334578	0.42866263804768634	0.9869896843829712
12	0.44046037580235553	0.44084659068692317	0.9991239245290162
13	0.4864504683248863	0.46926272273381814	1.0366271275308985
13	0.5304463905928898	0.4842969317738875	1.0952916605314131
13	0.4436553989346488	0.42577629559600394	1.041991777192804
13	0.44145105524487693	0.45641019176840997	0.9672243591547063
13	0.4668511183539643	0.46592343659736374	1.0019910605128075
13	0.41243218151865435	0.4088570123911626	1.0087443018442626
13	0.40925474817300955	0.41711812313559893	0.9811483257944342
13	0.43828257681950034	0.4981961032283713	0.8797390705775817
13	0.48656671180267996	0.4714868425487987	1.0319836480958013
13	0.43778769038935283	0.41107336355430585	1.0649867619834672
13	0.4358682193706874	0.4624259179736548	0.9425687497808451
13	0.40879040157131497	0.46466784733066735	0.8797475528372661
13	0.4696544473839743	0.46055314955285204	1.0197616666826808
13	0.43837122962322167	0.42645950428481666	1.0279316681155488
13	0.4107823241279268	0.3657970585619079	1.1229787515046559
13	0.5246724221964192	0.48435335874453816	1.0832430759980471
13	0.4225163985379468	0.4398723255856803	0.9605432621281086
13	0.4817650606150187	0.43745376488061327	1.1012936664209498
13	0.43004722415105046	0.43796926908479916	0.9819118703229955
13	0.3303404123152419	0.42688800514538267	0.7738339056932272
13	0.4910190446412816	0.5012159332432949	0.9796556974236019
13	0.4909990303209725	0.47200667304609323	1.0402374762041227
13	0.3694812736118305	0.42033983059074653	0.8790060963115502
13	0.4440346632360437	0.4641403580249807	0.9566818647822586
13	0.4593028159415041	0.45027191193682153	1.0200565564168473
13	0.43866834011616457	0.46530164330590074	0.9427612096950477
13	0.4464458301844637	0.47201207102004133	0.9458356207282417
13	0.5237483352190572	0.4422912329350645	1.1841707368772374
13	0.36102546297646076	0.4637795404347751	0.7784419783546587
13	0.4564438514028337	0.5033525422881964	0.9068074819447224
13	0.4849000848434603	0.4642670644793612	1.0444421367413546
13	0.5030815949967811	0.4549632708423551	1.1057630961403453
13	0.37610045016655935	0.3799625647652736	0.989835539190288
13	0.5113769615382618	0.49592525027710593	1.0311573392411901
13	0.3832027768444097	0.45570223717539066	0.8409060688831391
13	0.4630432088553938	0.44921140613891036	1.030791298990761
13	0.4655223092862934	0.46957049096204745	0.991378969177854
13	0.4475854717041346	0.44355763682796157	1.0090807474423786
13	0.4446827688421058	0.4428897549871241	1.0040484428343432
13	0.38819184464640916	0.40815754352097794	0.9510833520254597
13	0.41886486134493295	0.41533617980238713	1.0084959647489047
13	0.5075379033586283	0.43863498579343047	1.157084865085629
13	0.4723850812251596	0.4607998299150511	1.0251416136855873
13	0.5220503899775445	0.43563737564418065	1.1983599644212901
13	0.3435827143139931	0.3631660663167857	0.9460760411857692
13	0.4251772450176674	0.3887086278515886	1.0938199323427489
13	0.5250947205298832	0.4659124794501001	1.1270243740833765
13	0.4681651227453308	0.4156198422597435	1.1264263039028557
13	0.4230856018334578	0.42866263804768634	0.9869896843829712
13	0.44046037580235553	0.44084659068692317	0.9991239245290162
14	0.5019689796940561	0.47753947560045995	1.051157035892956
14	0.515586372697863	0.4919354357951889	1.0480773190580255
14	0.4437202801148366	0.4360720780645826	1.0175388483578196
14	0.44741766946756917	0.45556950550184583	0.9821062737171208
14	0.4627101972705513	0.4730237584229755	0.9781965261389644
14	0.4247054922783938	0.4222266337414704	1.0058709194040119
14	0.4430764437684432	0.4545104215408913	0.9748433100088566
14	0.4398039897412171	0.496805722845542	0.8852635336448271
14	0.4629742297681816	0.47602998502496924	0.9725736704251879
14	0.4498897126101089	0.42005225480518055	1.071032728579845
14	0.48981985886248763	0.47318039021660135	1.0351651695419362
14	0.45241266617575615	0.4852503821094634	0.932328304841397
14	0.4490332471870423	0.46140319832479176	0.9731905821575125
14	0.4657973088487058	0.46843385805649745	0.9943715656704865
14	0.39524803881272064	0.3838525086581588	1.0296872624185718
14	0.527723801590154	0.49097159294715453	1.0748560796000173
14	0.45551201973006483	0.45862704391268444	0.9932079361128721
14	0.5054910179024592	0.4611408889692324	1.0961747916832114
14	0.4503526115083491	0.46071980300749943	0.9774978383141443
14	0.3825554157132949	0.44608652958190187	0.857581187380502
14	0.46785167880120393	0.4770945856484533	0.9806266783877107
14	0.4801172363754653	0.47857080372408567	1.0032313560278767
14	0.3864475703749368	0.4182560188136116	0.9239498130142877
14	0.4507809677201045	0.45251257628294406	0.996173347098851
14	0.4826804501889337	0.46396274254554304	1.0403431265637741
14	0.488721493613839	0.48329423738237176	1.0112297143472317
14	0.4379179068215293	0.4646079730736636	0.9425535767809509
14	0.48721943389287214	0.45948239921867545	1.0603658262457103
14	0.385213360609313	0.45433582860332544	0.8478604071210893
14	0.4340887591294742	0.48438044454853973	0.8961731713468755
14	0.48479859260809854	0.46614845312432496	1.040009012920181
14	0.4687483645275588	0.44315165671078344	1.0577606050415393
14	0.4100948730378303	0.4098101906528407	1.0006946688771603
14	0.5103484586749784	0.4998713380917648	1.0209596345795888
14	0.4161024714870525	0.4676323209410858	0.8898069120835528
14	0.4544499587833431	0.4549404784610527	0.9989217937270193
14	0.4791457922275396	0.47611945342146766	1.0063562595149689
14	0.46018572500094923	0.46328021565992783	0.9933204774251571
14	0.48013677432426505	0.4779246164945348	1.0046286752206988
14	0.4233801475381512	0.4340012260915725	0.9755275379079682
14	0.44383869420118893	0.434738085240583	1.0209335442869463
14	0.48427014839286786	0.4537004893547051	1.0673785013581136
14	0.4796719485807208	0.45303556320811983	1.0587953519233202
14	0.46490659168609927	0.44343898963539374	1.0484116249415882
14	0.40049471737530395	0.39900364898842117	1.003736979325034
14	0.4391069673580872	0.43747254274762876	1.003736062154194
14	0.5338855705355534	0.477735710547685	1.117533311301969
14	0.4463900502167218	0.43943560820823413	1.0158258499734327
14	0.4703499266221877	0.4566613441182035	1.0299753475530458
14	0.46025615055475094	0.4418425887857436	1.0416744837106147
15	0.08930915181321435	0.083005429369439	1.0759434954034013
15	0.09623983166113437	0.1014196278766725	0.9489270832088161
15	0.05947701705754982	0.0727799301998439	0.817217286334762
15	0.07782351083837258	0.08541046223762236	0.9111707020371584
15	0.08252893032784372	0.0910488590886931	0.9064246510486211
15	0.0716053631789688	0.07255791168098169	0.986871886470479
15	0.06067660175412704	0.0779095377130402	0.7788083915683565
15	0.08524580476619667	0.0938505639187666	0.9083142520057964
15	0.06824501468360497	0.09163970848861962	0.7447100804787049
15	0.08071941210381141	0.07893019221574767	1.0226683837684456
15	0.09880139824501852	0.0868200259998953	1.1380024033295921
15	0.07583076903913172	0.08811188457496193	0.860619079990487
15	0.0950799129326289	0.09393419793641918	1.0121969955711467
15	0.09702407060935139	0.08325579169025048	1.1653732267699188
15	0.06849455005757603	0.06322393917547593	1.0833641647584105
15	0.0824884687498241	0.08635807532940402	0.9551911437949525
15	0.09547627182666174	0.09393831169158286	1.0163720223131996
15	0.0834334553956845	0.08158208070389986	1.0226933987931022
15	0.07701293240747323	0.08167390357485241	0.9429319407623575
15	0.05283403598440212	0.07521711090062765	0.7024204380064968
15	0.08460169468327385	0.09155947522756006	0.9240080775147139
15	0.07020971574943016	0.0767027918062521	0.9153475916075758
15	0.05638685967809087	0.07683322174861455	0.7338864412399527
15	0.09667296297789048	0.0904850721273137	1.068385764691333
15	0.0997192157800138	0.07645759761627854	1.3042420752019894
15	0.08102843335378364	0.08046916546182956	1.0069500893757792
15	0.07575170015524463	0.08689777992941707	0.8717334345799643
15	0.08413478483807413	0.08348222754207663	1.0078167211777933
15	0.07742062071142308	0.08798666657355596	0.879913101909597
15	0.07688784740843264	0.09360592379217074	0.8213993761670839
15	0.07199712444337403	0.08461172277431778	0.8509119313810656
15	0.0866672157465907	0.08454647553637037	1.0250837210749018
15	0.07125536022202365	0.07726565222822174	0.9222126283429884
15	0.11183136363508372	0.09316074029497963	1.2004129988768482
15	0.09647361090748044	0.09489722306157859	1.016611527661657
15	0.08284919640451482	0.08638846389081208	0.9590307857450666
15	0.09995383219479217	0.09149407921115695	1.0924622998184523
15	0.0951582651833277	0.07818508581795014	1.2170897324957695
15	0.07114769722493347	0.08540321534964349	0.8330798428800664
15	0.07922214858957785	0.07132377314908411	1.1107397308325824
15	0.06748145206751502	0.06758644887276456	0.9984464814026964
15	0.08202506883451224	0.0817524894051553	1.0033342034149697
15	0.10298460469895582	0.08627608057962513	1.1936634581343808
15	0.08181193230173024	0.09739498067899835	0.8400015250413377
15	0.06997951640939104	0.06423191926988404	1.0894819461233478
15	0.09455119343668467	0.08664659674722981	1.0912280110956298
15	0.07108240865962634	0.07876205120211792	0.90249565082067
15	0.10210823649499252	0.08763920477480304	1.1650977066413255
15	0.10107456543712959	0.0869009126413736	1.163101311193916
15	0.08478096651474731	0.08338530562461922	1.0167374920517893
16	0.6986322998014649	0.6994780337308621	0.9987909070926985
16	0.701081340402437	0.7166373139708517	0.9782931013147782
16	0.6974661906139594	0.7058437295366384	0.9881311704388469
16	0.6890359690790788	0.6974456264181507	0.9879422036349113
16	0.6962654503226056	0.7033991973725904	0.9898581814187001
16	0.6864821093692046	0.6882582157028223	0.99741941862357
16	0.6903867046038608	0.6852881683257641	1.0074399887722458
16	0.70468742842797	0.704080331635532	1.0008622550086406
16	0.7198897239670818	0.706747546964722	1.0185952919947183
16	0.7041799341325929	0.6941762691274935	1.014410842677859
16	0.721038362226339	0.7108600440105013	1.0143183152599407
16	0.7053735945099944	0.6962352203184898	1.0131254121090345
16	0.7053566036465618	0.7073751873211185	0.9971463747799789
16	0.7072641659610398	0.6999507226471854	1.0104485116983597
16	0.6872485734468148	0.6813212303076298	1.0086997775432722
16	0.7263329035456482	0.7152570784343737	1.015485096820738
16	0.6983293841824769	0.6964842502937818	1.0026492112175067
16	0.697359279828321	0.6957487646135208	1.0023147942141082
16	0.6896838817124963	0.7004105782325251	0.9846851306171054
16	0.7154499074774614	0.7025777265099562	1.0183213621522669
16	0.7076883013256371	0.7106048395892369	0.995895696030883
16	0.691106246138248	0.7001748681519334	0.9870480612398708
16	0.6868659340580512	0.6883103903918822	0.9979014462748286
16	0.7068173753776926	0.712080177266238	0.9926092565745196
16	0.69185192003128	0.702215158125891	0.985242075773088
16	0.7157028569041963	0.7086920021895836	1.009892668032025
16	0.709785880971065	0.7096875249441511	1.0001385906098907
16	0.7024901908223253	0.6914901747333042	1.0159076968711285
16	0.7110067976874248	0.7061048002987123	1.0069423085449054
16	0.7086059697300002	0.7049759538707274	1.0051491342922292
16	0.709701072061925	0.6960955166888858	1.0195455293804458
16	0.6873077549868103	0.6969273972793274	0.986197066824937
16	0.7064275824636996	0.7007896514481236	1.0080451116878306
16	0.7023550911031802	0.7048151371704088	0.9965096577279755
16	0.7390934032288163	0.7200668265372272	1.0264233484870942
16	0.700227859683203	0.7035025062285651	0.9953452240519833
16	0.7116486854816487	0.7120128211305975	0.9994885827359533
16	0.6954306245266697	0.6970502912977281	0.9976763989753982
16	0.6949857548366769	0.7059405091850182	0.9844820431667987
16	0.7059244314524715	0.6920569243696069	1.0200381017724756
16	0.698229271531796	0.6933204375402006	1.0070801807155885
16	0.6893372009044207	0.694642244168702	0.9923629129831717
16	0.7064735372854712	0.7090748793054961	0.9963313578072703
16	0.712949442417177	0.7099170251573103	1.00427150941928
16	0.6707993484228099	0.681406942349857	0.9844328062017296
16	0.6944164880782775	0.6942332530034868	1.0002639387756174
16	0.6970456381878419	0.7089400407266565	0.9832222728926089
16	0.7090593300060211	0.7025916594658577	1.0092054473648042
16	0.6890407964950646	0.6858527864784546	1.0046482424209122
16	0.7016188948771912	0.7049206855347394	0.9953160820425584
17	0.02493587830511581	0.02051846303821413	1.2152897738331847
17	0.01104785925802057	0.021355319102711455	0.5173352458412968
17	0.02071194506403195	0.025620004802127862	0.8084286175587182
17	0.01078157680837017	0.020538569044238546	0.5249429395566682
17	0.019205730551198272	0.017596457201537016	1.0914543951222573
17	0.0370297797039729	0.02531561563875942	1.4627248348358763
17	0.01070150793696956	0.021661739455957212	0.4940280977309294
17	0.010543273631710273	0.019589102248072938	0.5382213793257146
17	0.009525651432400795	0.02243276573046959	0.42463116438034465
17	0.012401280971520013	0.01800481606504482	0.6887757657017276
17	0.020350467448721262	0.023669433383334167	0.8597783951621836
17	0.036233434804830364	0.02204020141514175	1.6439702216123024
17	0.014508934978207124	0.02195208995618144	0.6609363849714721
17	0.01728756943765318	0.01680170258051437	1.0289177156190283
17	0.020460083319896658	0.02155319997418211	0.9492828602901259
17	0.02809618386318166	0.026579944500060466	1.057044489431411
17	0.003145705741410127	0.018473183928035753	0.17028497922526822
17	0.022522789936644465	0.01959371366575817	1.149490613206476
17	0.021670733393272343	0.018799929790527078	1.1527028895709923
17	0.01370858019733592	0.022268763107695398	0.6155968398890846
17	0.01605013843168005	0.02200769056420352	0.7292968058077983
17	0.03439450310539793	0.0248721722796858	1.3828507907807248
17	0.002834763288799249	0.01644421014630578	0.17238671019027832
17	0.030693540059125557	0.02064881259851072	1.4864554517454096
17	0.032628652000001805	0.021981643294180002	1.4843590883235183
17	0.03588211940250512	0.020899677667922598	1.7168742969456408
17	0.020288945547700853	0.020525897434373278	0.9884559548526429
17	0.027982602657609712	0.0246658134783862	1.1344690772972033
17	0.021630653512860594	0.02352899289891601	0.9193191398284254
17	0.02760474447531093	0.025774476260703654	1.0710108789833197
17	0.017581285915334817	0.021894749242194273	0.8029909692435845
17	0.019511109872684083	0.021650150959449724	0.9011997149224493
17	0.025784376862070205	0.025622818783832657	1.006305242198391
17	0.03031442553052002	0.022832387982590883	1.3276940438132885
17	0.03383730754412553	0.023241608092868137	1.455893559899961
17	0.016954941925317442	0.016347988217949447	1.0371271192073397
17	0.018197076163952264	0.020235634488452975	0.8992589866325186
17	0.004251158518306396	0.020823323331376962	0.20415370066797517
17	0.015729998602014357	0.02337596394107403	0.6729133669809908
17	0.015806321191412107	0.022201310919192682	0.7119544088609556
17	0.018475871992391507	0.02738617147849318	0.674642383178712
17	0.021752577378851563	0.022880904347603655	0.9506869592385555
17	0.019042357813194112	0.021484212090700908	0.886341920886002
17	0.012272017126317177	0.023790027292441066	0.5158471226393435
17	0.008502510803775565	0.021486554551511047	0.3957130857528586
17	0.021272916792728195	0.01899793809311132	1.1197487163326312
17	0.024349920471991575	0.02290047102570247	1.0632934337753275
17	0.02970598516978508	0.021901075190475437	1.3563710873292614
17	0.018830485227002366	0.017169277475333394	1.0967546685674794
17	0.028859444991164086	0.02463413594703097	1.1715225187203033
