0	1.0	0.9999908745262873	1.0000091255569876
0	1.0	0.9999908745262873	1.0000091255569876
0	1.0	0.9999908745262873	1.0000091255569876
0	1.0	0.9999908745262873	1.0000091255569876
0	1.0	0.9999908745262873	1.0000091255569876
0	1.0	0.9999908745262873	1.0000091255569876
0	1.0	0.9999908745262873	1.0000091255569876
0	1.0	0.9999908745262873	1.0000091255569876
0	1.0	0.9999908745262873	1.0000091255569876
0	1.0	0.9999908745262873	1.0000091255569876
0	0.9994715756181195	0.9997305251986879	0.9997409806202358
0	1.0	0.9999908745262873	1.0000091255569876
0	1.0	0.9999908745262873	1.0000091255569876
0	1.0	0.9999908745262873	1.0000091255569876
0	1.0	0.9999908745262873	1.0000091255569876
0	1.0	0.9999908745262873	1.0000091255569876
0	1.0	0.9999908745262873	1.0000091255569876
0	1.0	0.9999908745262873	1.0000091255569876
0	1.0	0.9999908745262873	1.0000091255569876
0	1.0	0.9999908745262873	1.0000091255569876
0	1.0	0.9999908745262873	1.0000091255569876
0	1.0	0.9999908745262873	1.0000091255569876
0	1.0	0.9999908745262873	1.0000091255569876
0	1.0	0.9999908745262873	1.0000091255569876
0	1.0	0.9999908745262873	1.0000091255569876
0	1.0	0.9999908745262873	1.0000091255569876
0	1.0	0.9999908745262873	1.0000091255569876
0	1.0	0.9999908745262873	1.0000091255569876
0	1.0	0.9999908745262873	1.0000091255569876
0	1.0	0.9999908745262873	1.0000091255569876
0	1.0	0.9999908745262873	1.0000091255569876
0	1.0	0.9999908745262873	1.0000091255569876
0	1.0	0.9999908745262873	1.0000091255569876
0	1.0	0.9999908745262873	1.0000091255569876
0	1.0	0.9999908745262873	1.0000091255569876
0	1.0	0.9999908745262873	1.0000091255569876
0	1.0	0.9999908745262873	1.0000091255569876
0	1.0	0.9999908745262873	1.0000091255569876
0	1.0	0.9999908745262873	1.0000091255569876
0	1.0	0.9999908745262873	1.0000091255569876
0	1.0	0.9999908745262873	1.0000091255569876
0	1.0	0.9999908745262873	1.0000091255569876
0	1.0	0.9999908745262873	1.0000091255569876
0	0.9983882828890931	0.9989412370598596	0.9994464597613429
0	1.0	0.9999908745262873	1.0000091255569876
0	1.0	0.9999908745262873	1.0000091255569876
0	1.0	0.9999908745262873	1.0000091255569876
0	1.0	0.9999908745262873	1.0000091255569876
0	1.0	0.9999908745262873	1.0000091255569876
0	1.0	0.9999908745262873	1.0000091255569876
0	1.0	0.9999908745262873	1.0000091255569876
0	1.0	0.9999908745262873	1.0000091255569876
0	1.0	0.9999908745262873	1.0000091255569876
0	1.0	0.9999908745262873	1.0000091255569876
0	1.0	0.9999908745262873	1.0000091255569876
0	1.0	0.9999908745262873	1.0000091255569876
0	1.0	0.9999908745262873	1.0000091255569876
0	1.0	0.9999908745262873	1.0000091255569876
0	1.0	0.9999908745262873	1.0000091255569876
0	1.0	0.9999908745262873	1.0000091255569876
0	1.0	0.9999908745262873	1.0000091255569876
0	1.0	0.9999908745262873	1.0000091255569876
0	1.0	0.9999908745262873	1.0000091255569876
0	1.0	0.9999908745262873	1.0000091255569876
0	1.0	0.9999908745262873	1.0000091255569876
0	1.0	0.9999908745262873	1.0000091255569876
0	1.0	0.9999908745262873	1.0000091255569876
0	1.0	0.9999908745262873	1.0000091255569876
0	1.0	0.9999908745262873	1.0000091255569876
0	1.0	0.9999908745262873	1.0000091255569876
0	1.0	0.9999908745262873	1.0000091255569876
0	1.0	0.9999908745262873	1.0000091255569876
0	1.0	0.9999908745262873	1.0000091255569876
0	1.0	0.9999908745262873	1.0000091255569876
0	1.0	0.9999908745262873	1.0000091255569876
0	1.0	0.9999908745262873	1.0000091255569876
0	1.0	0.9999908745262873	1.0000091255569876
0	1.0	0.9999908745262873	1.0000091255569876
0	1.0	0.9999908745262873	1.0000091255569876
0	1.0	0.9999908745262873	1.0000091255569876
0	1.0	0.9999908745262873	1.0000091255569876
0	1.0	0.9999908745262873	1.0000091255569876
0	1.0	0.9999908745262873	1.0000091255569876
0	1.0	0.9999908745262873	1.0000091255569876
0	1.0	0.9999908745262873	1.0000091255569876
0	1.0	0.9999908745262873	1.0000091255569876
0	1.0	0.9999908745262873	1.0000091255569876
0	1.0	0.9999908745262873	1.0000091255569876
0	1.0	0.9999908745262873	1.0000091255569876
0	1.0	0.9999908745262873	1.0000091255569876
0	1.0	0.9999908745262873	1.0000091255569876
0	1.0	0.9999908745262873	1.0000091255569876
0	1.0	0.9999908745262873	1.0000091255569876
0	1.0	0.9999908745262873	1.0000091255569876
0	1.0	0.9999908745262873	1.0000091255569876
0	1.0	0.9999908745262873	1.0000091255569876
0	1.0	0.9999908745262873	1.0000091255569876
0	1.0	0.9999908745262873	1.0000091255569876
0	1.0	0.9999908745262873	1.0000091255569876
0	1.0	0.9999908745262873	1.0000091255569876
0	1.0	0.9999908745262873	1.0000091255569876
0	1.0	0.9999908745262873	1.0000091255569876
0	1.0	0.9999908745262873	1.0000091255569876
0	1.0	0.9999908745262873	1.0000091255569876
0	1.0	0.9999908745262873	1.0000091255569876
0	1.0	0.9999908745262873	1.0000091255569876
0	1.0	0.9999908745262873	1.0000091255569876
0	1.0	0.9999908745262873	1.0000091255569876
0	1.0	0.9999908745262873	1.0000091255569876
0	1.0	0.9999908745262873	1.0000091255569876
0	1.0	0.9999908745262873	1.0000091255569876
0	1.0	0.9999908745262873	1.0000091255569876
0	1.0	0.9999908745262873	1.0000091255569876
0	1.0	0.9999908745262873	1.0000091255569876
0	1.0	0.9999908745262873	1.0000091255569876
0	1.0	0.9999908745262873	1.0000091255569876
0	1.0	0.9999908745262873	1.0000091255569876
0	1.0	0.9999908745262873	1.0000091255569876
0	1.0	0.9999908745262873	1.0000091255569876
0	1.0	0.9999908745262873	1.0000091255569876
0	1.0	0.9999908745262873	1.0000091255569876
0	1.0	0.9999908745262873	1.0000091255569876
0	1.0	0.9999908745262873	1.0000091255569876
0	1.0	0.9999908745262873	1.0000091255569876
0	1.0	0.9999908745262873	1.0000091255569876
0	1.0	0.9999908745262873	1.0000091255569876
0	1.0	0.9999908745262873	1.0000091255569876
0	1.0	0.9999908745262873	1.0000091255569876
0	1.0	0.9999908745262873	1.0000091255569876
0	1.0	0.9999908745262873	1.0000091255569876
0	1.0	0.9999908745262873	1.0000091255569876
0	1.0	0.9999908745262873	1.0000091255569876
0	1.0	0.9999908745262873	1.0000091255569876
0	1.0	0.9999908745262873	1.0000091255569876
0	1.0	0.9999908745262873	1.0000091255569876
0	1.0	0.9999908745262873	1.0000091255569876
0	1.0	0.9999908745262873	1.0000091255569876
0	1.0	0.9999908745262873	1.0000091255569876
0	1.0	0.9999908745262873	1.0000091255569876
0	1.0	0.9999908745262873	1.0000091255569876
0	1.0	0.9999908745262873	1.0000091255569876
0	1.0	0.9999908745262873	1.0000091255569876
0	1.0	0.9999908745262873	1.0000091255569876
0	1.0	0.9999908745262873	1.0000091255569876
0	1.0	0.9999908745262873	1.0000091255569876
0	1.0	0.9999908745262873	1.0000091255569876
1	0.9393699958062965	0.9100935568520716	1.0321686036933273
1	0.9513058243567245	0.8481559287453392	1.1216166651855786
1	0.8918163712186942	0.8968312768808452	0.9944081949510138
1	0.8792151313865549	0.8946204126833461	0.9827800918932934
1	0.98016366560602	0.9214061600204076	1.0637693865475253
1	0.9684941354143671	0.9118952051019686	1.0620673625606678
1	0.9537280964370751	0.9143383174716404	1.043080092141776
1	0.9637908725362625	0.9237964713965047	1.0432935201401
1	0.9310026535439647	0.9027560510518962	1.0312892973236296
1	0.8480831336618501	0.8595103314909543	0.9867049907250306
1	0.9410847740408215	0.9082016077001217	1.036206901707619
1	0.9346545559975528	0.9099673507560417	1.027129770338463
1	0.9265385494628486	0.8982897278424768	1.0314473390319403
1	0.9238217233057437	0.8854202793978062	1.043370865566864
1	0.8627374627961177	0.7398299228739198	1.1661294523540697
1	0.7866468648124485	0.7850446647581445	1.002040903054602
1	0.9070435480069033	0.9005073971585938	1.0072582977873732
1	0.8865302766846268	0.8779535076946132	1.0097690468969536
1	0.9485176964772511	0.916760340767835	1.0346408481008436
1	0.9333876845802933	0.9068592862149563	1.0292530481504591
1	0.975447382911366	0.9191851865595627	1.0612087718280014
1	0.9461948073435356	0.9129867437198084	1.036372996488894
1	0.9182011058622865	0.9073552752930222	1.0119532347081597
1	0.9133356803213502	0.8890345801196995	1.0273342575700248
1	0.925300353680171	0.9103101848187818	1.016467100018631
1	0.9591570888991943	0.9232287215795524	1.0389159982568263
1	0.97925593963847	0.9269897773223561	1.05638267389214
1	0.9801928439608243	0.9330533057267905	1.0505218061440929
1	0.8538935900579542	0.8627069131641579	0.9897841051558529
1	0.8959924335385928	0.8705181641798034	1.0292633403954197
1	0.9507623880876931	0.9025200507699874	1.053452925812061
1	0.9409528095429707	0.9172939132408541	1.0257920563525036
1	0.9527655915366356	0.886863305096344	1.074309407167469
1	0.9487000067915394	0.8245214563391612	1.15060681501695
1	0.9787555078708019	0.9233559387446864	1.0599980644532725
1	0.9737338333966902	0.9204259860077749	1.0579164954046234
1	0.9649450176487928	0.8848753438603197	1.090486953155644
1	0.9705985837802935	0.9190532221100232	1.0560852847585138
1	0.899708753084127	0.881171384925807	1.0210371880833158
1	0.9482638829714322	0.9026794606610337	1.0504990135446495
1	0.899862096658729	0.8550185739556732	1.0524474252010585
1	0.9270703194326323	0.900954321959648	1.028987038339724
1	0.9586580379260422	0.9226510790352986	1.039025542492609
1	0.9277199912948179	0.909274583926316	1.0202858495052762
1	0.9467515152331363	0.9231398783834028	1.0255775288259479
1	0.9019884737971176	0.8246069660224994	1.0938404730533247
1	0.864890287272545	0.8805202013195343	0.9822492271914187
1	0.8816167252172569	0.890195151724617	0.9903634315568437
1	0.9599113299996074	0.9199321736220237	1.0434588087295336
1	0.966623536234249	0.8866990514006683	1.0901371042489878
1	0.9676831804140281	0.9143642726063205	1.0583125450163604
1	0.9283709930027282	0.9107780056079517	1.0193164385684006
1	0.9144203050344579	0.8975293268432247	1.0188194164647988
1	0.9582399793658434	0.9200843947177229	1.0414696574218352
1	0.9707989823408507	0.9101051815563939	1.066688776214484
1	0.9145718510333086	0.85623018876065	1.0681378244290887
1	0.9151580883057534	0.9031617810626008	1.0132825674144874
1	0.9381399045170575	0.9050569213107991	1.0365534834630559
1	0.9723722501793948	0.9258037617342288	1.0503006040480254
1	0.9487935630317121	0.9184557155532999	1.0330313666349564
1	0.9682177663646989	0.9279433498059423	1.0434018052580247
1	0.9498762772326341	0.9192916179966696	1.033269811926073
1	0.9510866847814118	0.9141382408273273	1.040418880103566
1	0.9817665625075016	0.9265267686947563	1.0596202891046143
1	0.8757729695171104	0.8773523371540422	0.9981998479173658
1	0.9203247756222599	0.9084710258160044	1.0130480218624565
1	0.9504490593078941	0.9231194018069818	1.029605766542676
1	0.97345773305999	0.923533239947453	1.0540581442584325
1	0.9456160016669145	0.9097350929119065	1.0394410516144423
1	0.9076431145403309	0.8970788601272105	1.0117762828695154
1	0.8814131340363284	0.8808890811193949	1.0005949136255243
1	0.9760856758871738	0.9192413273737257	1.0618383299583065
1	0.9771553654369285	0.9106282051264821	1.0730563362038694
1	0.9601972520515385	0.916362781482931	1.0478352803653495
1	0.9131808281760169	0.8588575279048455	1.063250653928238
1	0.9329051191784086	0.9107267765001695	1.0243523559979955
1	0.9208586608042101	0.898001372309236	1.025453511764905
1	0.9733644856353235	0.9269172336943233	1.0501093843685265
1	0.8779521815201361	0.8856372050421581	0.9913226053758026
1	0.9774409969294773	0.9242024867249088	1.057604811682805
1	0.9406990861229871	0.9078240274196673	1.03621302995996
1	0.9035723501230031	0.8877024018441168	1.0178775547367203
1	0.9687854502953392	0.9215417170658035	1.0512659734818737
1	0.9729923407710096	0.9262419414926532	1.0504732048767058
1	0.9391745461652207	0.9096565594228176	1.03244959478018
1	0.9124635927504354	0.9011835462710128	1.0125169245777934
1	0.8797350020408767	0.8529472421923374	1.031406115787052
1	0.891596175405682	0.891153643760492	1.0004965828825236
1	0.9073045901688968	0.885651176712642	1.024449144342164
1	0.9581190465507465	0.9058535381178103	1.0576975264031467
1	0.9252948667096931	0.900247638846455	1.0278225976747162
1	0.9618638458466175	0.9091407040266959	1.0579922795078962
1	0.9289083410669285	0.9096643724199219	1.021155020720239
1	0.8897438107630908	0.8997642900314845	0.988863217423262
1	0.9601589636614513	0.9178109036324772	1.046140288660083
1	0.9530518743211841	0.9200487199569977	1.035871094267409
1	0.9588249044355077	0.9174100787887387	1.045143198885987
1	0.9391180886962157	0.9046547128018342	1.0380956130628491
1	0.9576103062982625	0.9218658379305592	1.0387740459587307
1	0.94271333420136	0.9085383475591594	1.0376153485805126
1	0.9522401191232394	0.9140683813965518	1.0417602648812414
1	0.9174211874019049	0.9104501965582412	1.0076566415933743
1	0.9612866752183002	0.9182661145188439	1.0468497748302499
1	0.9343135923682986	0.9048316954480355	1.032582741153497
1	0.9417598128152331	0.8974860967862325	1.0493308099006085
1	0.9040875499196211	0.8875890305980916	1.0185880162471277
1	0.9591010478556278	0.9155507329884244	1.0475673420358171
1	0.91276987583154	0.8955417144618029	1.0192376983579048
1	0.9324899837614804	0.9004327316545107	1.0356020510805575
1	0.947541198738542	0.9165845011941812	1.0337739701075335
1	0.915780562023464	0.9019512568881963	1.0153326524350994
1	0.9848437634751027	0.9179179983855893	1.0729103963613533
1	0.9298192846908547	0.8850658503675405	1.0505650899362229
1	0.9482426860870194	0.8787488437155998	1.0790827127323206
1	0.8122848805695732	0.8456572076923016	0.9605368146582732
1	0.8643421220237764	0.8783952549401863	0.9840013560667892
1	0.9551857265640425	0.917048741599275	1.041586649907244
1	0.9599743426599308	0.8916302160045575	1.0766507521039685
1	0.9183826206617287	0.8894776967843342	1.0324965133829578
1	0.9106107945268154	0.8896840962307285	1.0235214930611278
1	0.9724908085751134	0.9051766072674496	1.0743658207328977
1	0.9571726097522923	0.9188636707529363	1.0416916461263126
1	0.8827327806349619	0.858884859052628	1.0277661450553905
1	0.9112209620010046	0.8861398456413836	1.0283037902910994
1	0.8628701034146683	0.8821358250054864	0.9781601415057616
1	0.9008313349911969	0.8815146623052089	1.0219130475214944
1	0.9438957436423892	0.9130237457208094	1.033812918958868
1	0.8953606397387748	0.799242400451133	1.1202616868591904
1	0.9384620152533838	0.8843208602387893	1.0612234285641242
1	0.9344619208242347	0.8980224839841775	1.040577421489927
1	0.9620354726617799	0.9218456433471944	1.043597135382294
1	0.9326261131464282	0.8976415126749203	1.0389739110519252
1	0.8972148247850231	0.8681160995653108	1.0335193935860456
1	0.8192784474488416	0.8581938110686432	0.9546543413412137
1	0.9458841084349727	0.916434159115235	1.0321353684024284
1	0.9374054740355128	0.8777393165057759	1.0679770820421535
1	0.9416603373984678	0.8505857488379734	1.1070727891748902
1	0.9126487479800641	0.8826403802408209	1.0339984079711555
1	0.9400499394637418	0.899217885368893	1.0454084096404488
1	0.956979808275302	0.901394054267482	1.0616664307298898
1	0.9626167811559195	0.9134561024554148	1.0538183264289969
1	0.9684432700530685	0.9049693308336234	1.0701393263360377
1	0.9334571804104916	0.911522970081252	1.0240632557260563
1	0.9657414990923474	0.92488778138999	1.044171540076959
1	0.8580355869077552	0.8621483459956545	0.9952296387193672
1	0.9255137999866166	0.9075054103461047	1.0198438372214707
2	0.9364518654626591	0.9152736583385623	1.0231386612420816
2	0.9480137796068335	0.8783153099462707	1.0793547247455204
2	0.9049351623833448	0.9081318256271254	0.9964799568151099
2	0.9061581597827271	0.9113866914687835	0.9942631028793825
2	0.9668429549744566	0.9230873824235163	1.047401333160965
2	0.9680739873259337	0.9200233491965294	1.0522276289741643
2	0.9552175424512044	0.920480735992491	1.0377376789110737
2	0.9653584130239246	0.930508675611705	1.0374523508760514
2	0.9454099703068725	0.918439399089362	1.029365651391101
2	0.8456455967272596	0.8620872647531512	0.9809280699319929
2	0.9400319205637118	0.9181348154665377	1.023849553168341
2	0.9465676903333422	0.9204565091044966	1.028367642545381
2	0.9330899991902409	0.9058501298309839	1.0300710553128027
2	0.930466217505154	0.9062708750959464	1.0266976938949364
2	0.885273964145439	0.7917423563168815	1.118133894293162
2	0.855098652540042	0.8211109068296575	1.041392393436366
2	0.9213357164444533	0.9131773037462022	1.0089340949066323
2	0.9155280292671719	0.9050851009526802	1.011538062336348
2	0.9582513744200227	0.9271630101926823	1.0335306347271982
2	0.9344337431362806	0.9138262409475719	1.0225507883942357
2	0.9763310158998768	0.922440556241883	1.0584216070004002
2	0.9458628602107586	0.916956436871072	1.0315243147627862
2	0.9359131265760524	0.9199731190357644	1.01732660140874
2	0.9162568148260931	0.9058839271803208	1.0114505703595593
2	0.9305464747119272	0.9177577778357741	1.0139347191437713
2	0.961652719480331	0.9298087467027197	1.03424787397466
2	0.9771021246183678	0.9334076234853315	1.0468118108676696
2	0.9801008052859587	0.9395099800583874	1.043204251247069
2	0.8815291342839858	0.8839693255968162	0.9972395067994211
2	0.8989940521975305	0.8898239553292066	1.0103055180897342
2	0.9521277993683113	0.9154238952230517	1.0400949815017844
2	0.9382095988108844	0.9217259113358699	1.0178835023213402
2	0.9528418243421195	0.9047274933984734	1.0531810200250595
2	0.9559117023195339	0.8557225624618987	1.1170813348305235
2	0.9761328037480508	0.9285982729119436	1.0511895533544835
2	0.9754913441788962	0.926268146739915	1.0531414122489549
2	0.959096753946525	0.9083065006973168	1.0559175269693832
2	0.970718940932666	0.9284008573380769	1.0455816937911109
2	0.914198319881708	0.9040996025570411	1.0111699167836208
2	0.9614048795815368	0.9187649023276592	1.0464101068138876
2	0.9180655798562881	0.8778630970915038	1.0457958455002623
2	0.9243120466909837	0.9086798190750114	1.01720322966112
2	0.9578708518344407	0.9289021541796668	1.0311859516359467
2	0.9231433367771704	0.9150538264198073	1.0088404748702202
2	0.9529104623135727	0.9313880777088376	1.0231078592477574
2	0.9288375461653459	0.8604158410567216	1.079521670619862
2	0.8889484211567318	0.8984521533788558	0.9894221053548786
2	0.8818017913560612	0.892877942518735	0.9875949996799911
2	0.9602469305540252	0.9248822923797334	1.0382369069725599
2	0.9650947991304266	0.8976817552991345	1.0750968184808747
2	0.9629363565587681	0.9132702992308306	1.0543826481270298
2	0.9398487887730808	0.9219601708216911	1.0194028099233903
2	0.9188984197156381	0.9042290570056069	1.0162230605136817
2	0.9627303676952128	0.9274354823901476	1.0380564319300192
2	0.9687430353487283	0.9189995161488033	1.0541279057560142
2	0.9207022977715645	0.8724912707411484	1.0552567442760346
2	0.9256548315406082	0.9155748962758968	1.0110094054628536
2	0.9360899968210667	0.91099700595762	1.0275445371382637
2	0.9720125692444533	0.9310351252836193	1.0440127798060799
2	0.9559134053732452	0.9275604139387315	1.0305672719624994
2	0.9731561763959414	0.936470112965313	1.039174836359126
2	0.9531483980996278	0.9280104312070052	1.0270880219093306
2	0.9576050391465593	0.9286361845933648	1.0311950525230495
2	0.9747756999983611	0.928733241304474	1.049575547257485
2	0.8866755111941005	0.8934097299848905	0.992462339993875
2	0.9409762304550444	0.9244509951354881	1.0178757288450258
2	0.9500638104964523	0.930587624888609	1.020928911031
2	0.9714084832978507	0.9296473600101584	1.0449214670896672
2	0.9475309604825931	0.9213073216621742	1.0284635085425216
2	0.9112210650279984	0.9092888435153585	1.0021249809963242
2	0.9070944209714977	0.9049131880185681	1.0024104333783728
2	0.9763532092724386	0.9300169416293045	1.0498230360857268
2	0.9760560406442398	0.9143702047402834	1.0674626486997982
2	0.9575188300335131	0.9214973025820123	1.0390902147521965
2	0.9262643778873659	0.8863688669278548	1.0450100544458298
2	0.9370062100988694	0.9185158738735895	1.0201306659484306
2	0.9263165415030457	0.8982790380748599	1.0312124654364352
2	0.9745488047126715	0.9344617014848674	1.0428986047947233
2	0.8906507905514601	0.8976154920496879	0.9922408853680499
2	0.9728519894132402	0.9302937121877586	1.0457471405728391
2	0.9517642116426173	0.9156644185466597	1.03942469791854
2	0.9263658282023798	0.9080413850868488	1.020180184974475
2	0.9644054336553255	0.9246469699628918	1.0429985334770842
2	0.9707176455810949	0.9316439191413324	1.0419406230609818
2	0.9416980441838139	0.9178976072911335	1.0259292939687679
2	0.9333291045489218	0.917956689187402	1.016746340587297
2	0.9079506555691286	0.878394144102714	1.0336483475724976
2	0.9302720533348563	0.9099692732980578	1.0223115006545374
2	0.9033149848746167	0.8908891722376028	1.0139476525523423
2	0.9573986852281153	0.9088722551195457	1.0533919149090836
2	0.9233746577416607	0.9104809530873692	1.0141614216207049
2	0.9596088885882607	0.9172503740270491	1.0461798825714759
2	0.9415147620835238	0.9227730259423396	1.0203102340600443
2	0.9216831124093618	0.9180876469711247	1.0039162551093015
2	0.9567264215864565	0.9265628927120292	1.0325542163534516
2	0.9537779579619062	0.9285125196283113	1.0272106598451778
2	0.960127991848356	0.9254484092162123	1.0374732748868354
2	0.9377949978914446	0.9117015437877093	1.0286206097615331
2	0.9514936353353172	0.9263849455152466	1.0271039484629203
2	0.9476437479882538	0.9183929255671479	1.0318500084297166
2	0.944482849972427	0.9149518495773029	1.0322760158458253
2	0.9264054421742856	0.9195598848242695	1.0074443844963117
2	0.9683618564296212	0.92536389604323	1.046466001721319
2	0.9415336894446206	0.9176304158823575	1.02604891157545
2	0.9498605879827192	0.9098489689337314	1.0439761107779
2	0.9016440065628568	0.8912466273303836	1.0116661078018518
2	0.9543034334337943	0.9204422000955657	1.0367880061721562
2	0.9203496102255608	0.9059260245144625	1.015921372519162
2	0.9344097445795055	0.903648021246546	1.0340417093931384
2	0.938179701853587	0.9188303107941751	1.0210587208890483
2	0.9061369759497968	0.9031022038208641	1.003360386140232
2	0.9807888176714226	0.9211020049217894	1.0647993516795147
2	0.9349718615240852	0.904557887620456	1.0336230265855475
2	0.9445986972685144	0.9000172836479776	1.049533952770149
2	0.8585411024467607	0.87625207692973	0.9797878088403212
2	0.8847624441327667	0.8959947095947918	0.9874639154207676
2	0.9456558335698618	0.9193756562522635	1.0285848087654688
2	0.9662664371596286	0.9167552470864715	1.0540069884852123
2	0.9388488925442868	0.9081942910432599	1.033753351902062
2	0.9161124459268001	0.9021437076011058	1.0154839392083537
2	0.9681030130616988	0.9202115722213227	1.0520439454209098
2	0.9553979496507544	0.9263334848412953	1.0313758115031744
2	0.8717113073282713	0.8625973084030591	1.0105657632320753
2	0.9069285255458741	0.9025277619338271	1.00487604237527
2	0.8788975730971987	0.8971053976593125	0.9797038066991673
2	0.9220191748432075	0.9018196440212662	1.0223986369734313
2	0.9498412768441671	0.9228018653988279	1.0293014269467833
2	0.8895055534176958	0.8240759113647	1.0793975908659215
2	0.925217912568877	0.8832252802213959	1.0475446449369687
2	0.932168384684072	0.9070683404652192	1.0276716131509775
2	0.9618696521418112	0.9272297945085487	1.0373584389095503
2	0.9302600692388978	0.905023321672807	1.0278851903169128
2	0.924502514753058	0.895860544428746	1.0319714608511705
2	0.873038344780572	0.8862070134939799	0.9851404146966871
2	0.9457379398038807	0.9230823567095544	1.0245434038790266
2	0.9266001367458567	0.8909851927015789	1.0399725431309232
2	0.9454733829187593	0.8759051969420579	1.0794243329296096
2	0.9089620782868726	0.8926096349427831	1.0183198149604755
2	0.9535652220803652	0.9163692320963712	1.040590614220974
2	0.9448756514153803	0.9008640950550514	1.048854823498809
2	0.9661136919878558	0.9276895281428928	1.0414192061883925
2	0.967316983492643	0.9202818563812623	1.05110947997642
2	0.9466991660247102	0.924123577803433	1.024429187571361
2	0.9684209338691453	0.9331039323353574	1.0378489472714976
2	0.8812404648024874	0.8772939978349685	1.0044984543120759
2	0.9375863678011551	0.9151275909709394	1.0245416891063106
3	0.9393329695658087	0.917105926824569	1.0242360692381518
3	0.9480127764133401	0.8787700438714401	1.078795053409934
3	0.9062598524104224	0.909113696501161	0.9968608501865917
3	0.9064130502929393	0.9118267053227035	0.9940628465933685
3	0.9668425347842217	0.9235790957502421	1.0468432419411093
3	0.96807351437259	0.9204593556629547	1.051728692219486
3	0.955217013659601	0.9209785054589806	1.0371762294099982
3	0.9653579541137738	0.9309900189951172	1.036915471076427
3	0.9457674462946872	0.9189190111932692	1.0292174117352886
3	0.8482681828602594	0.86379728230229	0.9820222872192411
3	0.9400309273461052	0.9186085059084681	1.0233205128189524
3	0.9465669854015634	0.9208918878714643	1.02788068596135
3	0.9361200594654393	0.907921040318612	1.0310588893687622
3	0.9318064024420247	0.907656346311216	1.0266070481729748
3	0.8860362075319472	0.7921374032858908	1.11853853113936
3	0.857273546583869	0.8254082161321974	1.0386055406632493
3	0.9228086465017176	0.9142028847881859	1.0094134046793404
3	0.9167923889001832	0.9072733745928563	1.0104918920513881
3	0.9584809192104149	0.9276130851711797	1.03327662635714
3	0.934432654102255	0.9142556725942808	1.0220692986795699
3	0.97633076073554	0.9228501373899564	1.0579515797622785
3	0.9458621401168014	0.9174239594997032	1.0309978612642798
3	0.93665915500677	0.9206400143296074	1.01740000480951
3	0.9162553370477673	0.9062712279025087	1.0110166899685937
3	0.9305455511746995	0.9182134941369782	1.0134304898767712
3	0.9616520213849995	0.9304090011798165	1.0335798774147336
3	0.9771017273813765	0.9338266078696406	1.0463417074937074
3	0.9801005418143809	0.9399218988225994	1.0427467889003454
3	0.8815269644396949	0.8843942466239553	0.9967579140239708
3	0.8994361956504328	0.8903897132155448	1.0101601380840504
3	0.9521271198517237	0.9158791119651924	1.039577284177553
3	0.9382087085706399	0.9221249448639612	1.0174420655207972
3	0.9528410240731819	0.9051888892358086	1.052643305064872
3	0.9558536896632501	0.8564942066678981	1.1160071862971495
3	0.9761324422104621	0.9290398892780379	1.0506894843546708
3	0.9754910704747572	0.926768691863589	1.0525723182482514
3	0.9590961208360301	0.9087657932970765	1.0553831668293225
3	0.9707185360560869	0.9288328419747973	1.0450949753157266
3	0.914197069169304	0.9044610053779465	1.0107644925911308
3	0.9614042798237925	0.9191792824011528	1.0459377166468942
3	0.919078877208468	0.8803998152816777	1.0439335189029035
3	0.9243039957598645	0.9091537184495052	1.0166641537101087
3	0.957870196701006	0.9293074213182906	1.0307355507203386
3	0.9272408920907627	0.917115515557629	1.0110404593111448
3	0.9529095513555269	0.9318155680280893	1.022637509021315
3	0.9293324560474057	0.8610042248168247	1.0793587641746096
3	0.8890314498724848	0.8988230246911505	0.989106226087132
3	0.8861568250003025	0.8952292691907469	0.9898657868965282
3	0.9602463936427024	0.9253665676110071	1.0376929827081862
3	0.9656382333840983	0.8982315025026896	1.0750438285604516
3	0.9629358066654901	0.9137781360470201	1.053796067862955
3	0.9400098833336928	0.9223635872169765	1.019131605324924
3	0.9209147974323765	0.905386297632686	1.0171512423374343
3	0.9627954379443047	0.9278516013941303	1.0376610187422968
3	0.9687426409715286	0.9194793313487314	1.0535773974935747
3	0.9227861866926947	0.8739776967599603	1.0558463792768156
3	0.9257746066262313	0.9159798378837056	1.0106932143453677
3	0.936089004064035	0.9114053525292226	1.0270830662408479
3	0.972012176753787	0.9315002268074195	1.0434910789933098
3	0.9559128491242344	0.9279947754978368	1.0300843004330713
3	0.973155792830499	0.9369076895238114	1.0386890872089127
3	0.95314778275684	0.928427879041365	1.026625550862388
3	0.9576042502960785	0.9290088477389541	1.0307805492129818
3	0.9747754270042005	0.9292358376330436	1.0490075689365959
3	0.8866735545045558	0.8939059935747746	0.9919091726398478
3	0.9409752324254846	0.9248240277974128	1.0174640841312677
3	0.9500628633350197	0.9309437685981468	1.020537325004778
3	0.9714081697987282	0.9301376902142222	1.0443702905695618
3	0.9481921972571381	0.922028448668945	1.028376292104613
3	0.9116961543940325	0.9100477175547521	1.0018113740713614
3	0.9083965563433083	0.9062177868593345	1.0024042448907615
3	0.9763528412751932	0.9304732653199763	1.0493077852585475
3	0.9760558245879057	0.9148059431297291	1.066953961021098
3	0.9575183816790773	0.9219776959857431	1.0385483139647271
3	0.92626311052584	0.8867387220399522	1.0445727557661646
3	0.9370053751060577	0.9190031200223894	1.0195888944133615
3	0.9268742305197495	0.8989182255461367	1.0310996085952404
3	0.9745484008823428	0.9347362201254166	1.0425918883849228
3	0.8908891875042066	0.8980681947072494	0.9920061669644331
3	0.9728516354954848	0.930783180095071	1.0451968367070372
3	0.9517634206957031	0.9160488374956838	1.0389876409839203
3	0.9266912513378525	0.908597559334142	1.0199138681562938
3	0.9644050283917854	0.9251830867111464	1.042393708060602
3	0.970717192745141	0.9320582836179072	1.0414769224271836
3	0.9427419870811449	0.9192194321120315	1.0255897059476506
3	0.933328131171951	0.9184328973551864	1.01621809699942
3	0.907949023493957	0.8788337350930416	1.0331294615105244
3	0.9302709273274623	0.9103514105140358	1.0218811291808498
3	0.9095027902408251	0.8934564237135519	1.0179598759395319
3	0.9573981142698816	0.9094271784172049	1.0527485179584877
3	0.9261639549760752	0.9122265751080343	1.0152784190335502
3	0.9596081799030973	0.9175946042830629	1.045786641970133
3	0.941513937521918	0.923232668188797	1.0198013674808382
3	0.9269649370426866	0.9204818176412484	1.007043180296653
3	0.9567257853934981	0.9270180497204703	1.0320465558162386
3	0.9537770753526132	0.9289634056552531	1.026711137969808
3	0.960127417646621	0.9259007629363262	1.0369657916705364
3	0.9390991628761178	0.9125127793026356	1.0291353547879079
3	0.9529012716772136	0.9273226645437542	1.0275832869307084
3	0.9476428379898515	0.9187877553416214	1.0314056020887015
3	0.944481930238964	0.9154294269779857	1.0317364751501232
3	0.9264045372369732	0.9200157219254683	1.0069442457984674
3	0.9683614835785583	0.9258120254097048	1.0459590683649027
3	0.9415330892695369	0.918051240352824	1.0255779284255293
3	0.9501780213543316	0.9104722516645043	1.043610082149388
3	0.9047769181901465	0.893238050397404	1.0129180208877229
3	0.9543028736080938	0.9208286765603305	1.036352253030176
3	0.9203483296446742	0.9063454006318388	1.0154498814724204
3	0.9344086948248714	0.9041443546161313	1.0334729073451876
3	0.9381789849107234	0.9192980275129402	1.0205384508969997
3	0.9061357769620951	0.9036068705433047	1.0027986799361872
3	0.9807885825993793	0.9215266517791806	1.0643084285254065
3	0.9352078343594498	0.9050176727510235	1.033358643170642
3	0.9446934477458667	0.9004283179226813	1.0491600818656022
3	0.8597661677164279	0.8771407169005375	0.9801918337054238
3	0.8851044288026877	0.8964363615533256	0.9873589099721455
3	0.9456908367563746	0.9198458115430278	1.0280971276805535
3	0.9663284647888315	0.9171578905770708	1.053611896835803
3	0.9388479353135673	0.9086271238302397	1.0332598606080945
3	0.9161110280357434	0.9025835350037201	1.0149875247081341
3	0.9681128950859609	0.9206431650341745	1.0515614864202292
3	0.9553972932568421	0.9267271625114019	1.0309369703459916
3	0.8728798899918937	0.8637532634059322	1.0105662426674646
3	0.9104241459915221	0.9043988063927892	1.0066622595652963
3	0.8797098459297367	0.8979458650456215	0.9796914047652993
3	0.9233132306028219	0.9025653851871014	1.0229876369692812
3	0.9498405526628868	0.9232724710218644	1.028775992434408
3	0.8952357883897285	0.8267576470301626	1.0828273456018818
3	0.9307282432015791	0.8853643713720333	1.0512375167743042
3	0.9372284735483806	0.9095272038315569	1.0304567797424053
3	0.9622050206831242	0.9277758836065177	1.0371093253068522
3	0.9319261468836034	0.9063400621845533	1.0282301155676379
3	0.9252009419048111	0.8964184962446985	1.0321082683821103
3	0.8750564736402235	0.887597607744306	0.9858706986198917
3	0.9457369536476824	0.9235681593248147	1.0240034198873578
3	0.9265991814187228	0.8914253730768653	1.0394579393903167
3	0.9454720635147092	0.876445335535017	1.0787575963737153
3	0.9127327382505118	0.8968662515281752	1.0176910288410357
3	0.9536252502424185	0.916933940206686	1.040015216393301
3	0.94487482335376	0.9013562520114853	1.0482812109475668
3	0.9661131086817225	0.9281621270765912	1.04088831088666
3	0.9673165114512134	0.9206927968704685	1.0506398168197078
3	0.9468574247413294	0.9246060901753214	1.0240657451886228
3	0.9684204706305314	0.9335501349960106	1.0373523973992782
3	0.8812383280722427	0.8776561745577334	1.0040814998154766
3	0.9376484596086098	0.9154902729653566	1.0242036286977476
4	0.9393329695658087	0.917105926824569	1.0242360692381518
4	0.9480127764133401	0.8787700438714401	1.078795053409934
4	0.9062598524104224	0.909113696501161	0.9968608501865917
4	0.9064130502929393	0.9118267053227035	0.9940628465933685
4	0.9668425347842217	0.9235790957502421	1.0468432419411093
4	0.96807351437259	0.9204593556629547	1.051728692219486
4	0.955217013659601	0.9209785054589806	1.0371762294099982
4	0.9653579541137738	0.9309900189951172	1.036915471076427
4	0.9457674462946872	0.9189190111932692	1.0292174117352886
4	0.8482681828602594	0.86379728230229	0.9820222872192411
4	0.9400309273461052	0.9186085059084681	1.0233205128189524
4	0.9465669854015634	0.9208918878714643	1.02788068596135
4	0.9361200594654393	0.907921040318612	1.0310588893687622
4	0.9318064024420247	0.907656346311216	1.0266070481729748
4	0.8860362075319472	0.7921374032858908	1.11853853113936
4	0.857273546583869	0.8254082161321974	1.0386055406632493
4	0.9228086465017176	0.9142028847881859	1.0094134046793404
4	0.9167923889001832	0.9072733745928563	1.0104918920513881
4	0.9584809192104149	0.9276130851711797	1.03327662635714
4	0.934432654102255	0.9142556725942808	1.0220692986795699
4	0.97633076073554	0.9228501373899564	1.0579515797622785
4	0.9458621401168014	0.9174239594997032	1.0309978612642798
4	0.93665915500677	0.9206400143296074	1.01740000480951
4	0.9162553370477673	0.9062712279025087	1.0110166899685937
4	0.9305455511746995	0.9182134941369782	1.0134304898767712
4	0.9616520213849995	0.9304090011798165	1.0335798774147336
4	0.9771017273813765	0.9338266078696406	1.0463417074937074
4	0.9801005418143809	0.9399218988225994	1.0427467889003454
4	0.8815269644396949	0.8843942466239553	0.9967579140239708
4	0.8994361956504328	0.8903897132155448	1.0101601380840504
4	0.9521271198517237	0.9158791119651924	1.039577284177553
4	0.9382087085706399	0.9221249448639612	1.0174420655207972
4	0.9528410240731819	0.9051888892358086	1.052643305064872
4	0.9558536896632501	0.8564942066678981	1.1160071862971495
4	0.9761324422104621	0.9290398892780379	1.0506894843546708
4	0.9754910704747572	0.926768691863589	1.0525723182482514
4	0.9590961208360301	0.9087657932970765	1.0553831668293225
4	0.9707185360560869	0.9288328419747973	1.0450949753157266
4	0.914197069169304	0.9044610053779465	1.0107644925911308
4	0.9614042798237925	0.9191792824011528	1.0459377166468942
4	0.919078877208468	0.8803998152816777	1.0439335189029035
4	0.9243039957598645	0.9091537184495052	1.0166641537101087
4	0.957870196701006	0.9293074213182906	1.0307355507203386
4	0.9272408920907627	0.917115515557629	1.0110404593111448
4	0.9529095513555269	0.9318155680280893	1.022637509021315
4	0.9293324560474057	0.8610042248168247	1.0793587641746096
4	0.8890314498724848	0.8988230246911505	0.989106226087132
4	0.8861568250003025	0.8952292691907469	0.9898657868965282
4	0.9602463936427024	0.9253665676110071	1.0376929827081862
4	0.9656382333840983	0.8982315025026896	1.0750438285604516
4	0.9629358066654901	0.9137781360470201	1.053796067862955
4	0.9400098833336928	0.9223635872169765	1.019131605324924
4	0.9209147974323765	0.905386297632686	1.0171512423374343
4	0.9627954379443047	0.9278516013941303	1.0376610187422968
4	0.9687426409715286	0.9194793313487314	1.0535773974935747
4	0.9227861866926947	0.8739776967599603	1.0558463792768156
4	0.9257746066262313	0.9159798378837056	1.0106932143453677
4	0.936089004064035	0.9114053525292226	1.0270830662408479
4	0.972012176753787	0.9315002268074195	1.0434910789933098
4	0.9559128491242344	0.9279947754978368	1.0300843004330713
4	0.973155792830499	0.9369076895238114	1.0386890872089127
4	0.95314778275684	0.928427879041365	1.026625550862388
4	0.9576042502960785	0.9290088477389541	1.0307805492129818
4	0.9747754270042005	0.9292358376330436	1.0490075689365959
4	0.8866735545045558	0.8939059935747746	0.9919091726398478
4	0.9409752324254846	0.9248240277974128	1.0174640841312677
4	0.9500628633350197	0.9309437685981468	1.020537325004778
4	0.9714081697987282	0.9301376902142222	1.0443702905695618
4	0.9481921972571381	0.922028448668945	1.028376292104613
4	0.9116961543940325	0.9100477175547521	1.0018113740713614
4	0.9083965563433083	0.9062177868593345	1.0024042448907615
4	0.9763528412751932	0.9304732653199763	1.0493077852585475
4	0.9760558245879057	0.9148059431297291	1.066953961021098
4	0.9575183816790773	0.9219776959857431	1.0385483139647271
4	0.92626311052584	0.8867387220399522	1.0445727557661646
4	0.9370053751060577	0.9190031200223894	1.0195888944133615
4	0.9268742305197495	0.8989182255461367	1.0310996085952404
4	0.9745484008823428	0.9347362201254166	1.0425918883849228
4	0.8908891875042066	0.8980681947072494	0.9920061669644331
4	0.9728516354954848	0.930783180095071	1.0451968367070372
4	0.9517634206957031	0.9160488374956838	1.0389876409839203
4	0.9266912513378525	0.908597559334142	1.0199138681562938
4	0.9644050283917854	0.9251830867111464	1.042393708060602
4	0.970717192745141	0.9320582836179072	1.0414769224271836
4	0.9427419870811449	0.9192194321120315	1.0255897059476506
4	0.933328131171951	0.9184328973551864	1.01621809699942
4	0.907949023493957	0.8788337350930416	1.0331294615105244
4	0.9302709273274623	0.9103514105140358	1.0218811291808498
4	0.9095027902408251	0.8934564237135519	1.0179598759395319
4	0.9573981142698816	0.9094271784172049	1.0527485179584877
4	0.9261639549760752	0.9122265751080343	1.0152784190335502
4	0.9596081799030973	0.9175946042830629	1.045786641970133
4	0.941513937521918	0.923232668188797	1.0198013674808382
4	0.9269649370426866	0.9204818176412484	1.007043180296653
4	0.9567257853934981	0.9270180497204703	1.0320465558162386
4	0.9537770753526132	0.9289634056552531	1.026711137969808
4	0.960127417646621	0.9259007629363262	1.0369657916705364
4	0.9390991628761178	0.9125127793026356	1.0291353547879079
4	0.9529012716772136	0.9273226645437542	1.0275832869307084
4	0.9476428379898515	0.9187877553416214	1.0314056020887015
4	0.944481930238964	0.9154294269779857	1.0317364751501232
4	0.9264045372369732	0.9200157219254683	1.0069442457984674
4	0.9683614835785583	0.9258120254097048	1.0459590683649027
4	0.9415330892695369	0.918051240352824	1.0255779284255293
4	0.9501780213543316	0.9104722516645043	1.043610082149388
4	0.9047769181901465	0.893238050397404	1.0129180208877229
4	0.9543028736080938	0.9208286765603305	1.036352253030176
4	0.9203483296446742	0.9063454006318388	1.0154498814724204
4	0.9344086948248714	0.9041443546161313	1.0334729073451876
4	0.9381789849107234	0.9192980275129402	1.0205384508969997
4	0.9061357769620951	0.9036068705433047	1.0027986799361872
4	0.9807885825993793	0.9215266517791806	1.0643084285254065
4	0.9352078343594498	0.9050176727510235	1.033358643170642
4	0.9446934477458667	0.9004283179226813	1.0491600818656022
4	0.8597661677164279	0.8771407169005375	0.9801918337054238
4	0.8851044288026877	0.8964363615533256	0.9873589099721455
4	0.9456908367563746	0.9198458115430278	1.0280971276805535
4	0.9663284647888315	0.9171578905770708	1.053611896835803
4	0.9388479353135673	0.9086271238302397	1.0332598606080945
4	0.9161110280357434	0.9025835350037201	1.0149875247081341
4	0.9681128950859609	0.9206431650341745	1.0515614864202292
4	0.9553972932568421	0.9267271625114019	1.0309369703459916
4	0.8728798899918937	0.8637532634059322	1.0105662426674646
4	0.9104241459915221	0.9043988063927892	1.0066622595652963
4	0.8797098459297367	0.8979458650456215	0.9796914047652993
4	0.9233132306028219	0.9025653851871014	1.0229876369692812
4	0.9498405526628868	0.9232724710218644	1.028775992434408
4	0.8952357883897285	0.8267576470301626	1.0828273456018818
4	0.9307282432015791	0.8853643713720333	1.0512375167743042
4	0.9372284735483806	0.9095272038315569	1.0304567797424053
4	0.9622050206831242	0.9277758836065177	1.0371093253068522
4	0.9319261468836034	0.9063400621845533	1.0282301155676379
4	0.9252009419048111	0.8964184962446985	1.0321082683821103
4	0.8750564736402235	0.887597607744306	0.9858706986198917
4	0.9457369536476824	0.9235681593248147	1.0240034198873578
4	0.9265991814187228	0.8914253730768653	1.0394579393903167
4	0.9454720635147092	0.876445335535017	1.0787575963737153
4	0.9127327382505118	0.8968662515281752	1.0176910288410357
4	0.9536252502424185	0.916933940206686	1.040015216393301
4	0.94487482335376	0.9013562520114853	1.0482812109475668
4	0.9661131086817225	0.9281621270765912	1.04088831088666
4	0.9673165114512134	0.9206927968704685	1.0506398168197078
4	0.9468574247413294	0.9246060901753214	1.0240657451886228
4	0.9684204706305314	0.9335501349960106	1.0373523973992782
4	0.8812383280722427	0.8776561745577334	1.0040814998154766
4	0.9376484596086098	0.9154902729653566	1.0242036286977476
5	0.8658609659094196	0.7702882704397761	1.1240739332757577
5	0.7174790999265724	0.6202146275996336	1.1568238928891013
5	0.7757443445529815	0.7449317175437706	1.0413630219838241
5	0.7137591209953055	0.7212087492388917	0.9896706352336297
5	0.9135971833255063	0.7849471204125605	1.1638964709435822
5	0.9037988407349195	0.77032286019383	1.1732727761805017
5	0.8262812093183101	0.7467628277451867	1.10648411867691
5	0.8129036399404743	0.7536627423504889	1.078603988576147
5	0.8162755650631395	0.7451641758666329	1.0954304990759969
5	0.6470817521161827	0.6507836734704954	0.9943115946124292
5	0.7636232200278232	0.7278312339759655	1.0491762161075924
5	0.7659421915601566	0.7320681515400819	1.0462717029129223
5	0.8013428843848324	0.7455634652448213	1.0748151186856973
5	0.8547876921445864	0.7570579238428038	1.1290915334532252
5	0.6912692993292451	0.5355645282594428	1.290730178818666
5	0.6665869558590816	0.6342481031582071	1.0509877010902275
5	0.7536763830110516	0.7231044233685014	1.0422787617591025
5	0.7277663988552444	0.6987338916887432	1.0415501631047746
5	0.8171070797912581	0.7481391760825888	1.0921859273160903
5	0.8532244612889224	0.7470578906618079	1.142112909794799
5	0.8894505102899627	0.7689687382837253	1.1566796750088213
5	0.8699396796100857	0.7668073994389708	1.1344956768108534
5	0.8063818185961491	0.7535972432054701	1.0700434825984193
5	0.7066749631785584	0.6943466058727309	1.0177553360260643
5	0.7191194557727718	0.7154652175836682	1.0051074994273586
5	0.8687014339894837	0.7792712111532392	1.114761358505593
5	0.9192512876428787	0.798114679549292	1.1517784488840557
5	0.8932782393578741	0.7961055274424429	1.1220600894803567
5	0.7203608848448422	0.7099461278353955	1.01466978493312
5	0.6814165367237226	0.6566362345053999	1.0377382497586172
5	0.82058366649762	0.7442027797493885	1.1026345088014222
5	0.7282861422400124	0.7004517671388814	1.0397377469898113
5	0.804644410928206	0.690402733842409	1.1654710670828163
5	0.8046382173594415	0.6482630349762626	1.2412218095836745
5	0.8721788475633983	0.7651445018165071	1.1398877538723524
5	0.8503751874754177	0.7593673130107241	1.1198469737969987
5	0.8565635362732387	0.6973893027394832	1.2282430099063573
5	0.8230882736471518	0.7576324542269971	1.086395215852967
5	0.7055212354774628	0.6859644361118995	1.0285099319090254
5	0.7893626785392016	0.6568411173229174	1.2017558854360417
5	0.7855125615140504	0.7042199663073454	1.1154363680328059
5	0.7979714052009605	0.7382351954850633	1.0809175857250304
5	0.8245921384923847	0.760657600941338	1.084051664601689
5	0.8272360651385627	0.7665200296182971	1.0792099790927843
5	0.8161828453625821	0.7693217624531478	1.0609122024054118
5	0.6859538468971778	0.5860852521466617	1.1703994331621996
5	0.5843178061385936	0.6465479498074226	0.9037501492544141
5	0.744161248955573	0.7243922930327115	1.0272904006751613
5	0.8524242922922699	0.7615156751336034	1.119378523813994
5	0.881880698131328	0.7301144998206276	1.2078662981600636
5	0.8551037909859595	0.7570799989508852	1.1294761348482454
5	0.7470619580243472	0.7329580061974883	1.0192425100859854
5	0.8067120211785909	0.7520271611827027	1.0727166022964996
5	0.8858397669621851	0.7894912967216731	1.122038673055162
5	0.8577570359689446	0.725488685112851	1.1823162146705555
5	0.7753175506730303	0.6678892865268461	1.1608474133562345
5	0.7367390095863332	0.7294346053254895	1.0100137890463592
5	0.8228159388613131	0.7551818403697137	1.089560017039721
5	0.8329768466537406	0.7439568493916352	1.1196574738641103
5	0.8560831104378984	0.7670180749155828	1.1161185615242744
5	0.8534357333455489	0.7785756639941688	1.096150024735349
5	0.8022803050109311	0.742936736755607	1.0798770141781877
5	0.8183792189021665	0.7515790523126609	1.0888797610630003
5	0.8798850311760834	0.7808821910412206	1.126783324387067
5	0.7177233770049485	0.7071138124554885	1.0150040408807992
5	0.6863634902062244	0.7110543286618446	0.9652757356781912
5	0.8016745106682756	0.7521913795287417	1.0657852941235988
5	0.8730246790813586	0.7724696401306502	1.1301734511322687
5	0.8528665397332759	0.7687735558692602	1.109385895524113
5	0.7183398196951802	0.7251637843442257	0.9905897608286982
5	0.7246908127526421	0.7089797770196414	1.0221600618836346
5	0.8612258172938769	0.7593360123888537	1.1341827639446207
5	0.8788891448867456	0.7705978979637766	1.1405288636383737
5	0.8202160389060836	0.7535735663316837	1.0884352577530134
5	0.7135439713732723	0.5898426434557945	1.2097192010274662
5	0.8451542951598892	0.7594260457546276	1.1128855796881116
5	0.7642819581209285	0.7063049018332275	1.0820850260804087
5	0.8873517994065365	0.78506283267811	1.1302939872716748
5	0.7763163168583084	0.742041607027868	1.046189741256858
5	0.8820139889352703	0.7818518997077776	1.1281087751592456
5	0.846527775555663	0.7445630187808462	1.1369457711474509
5	0.7448133190280037	0.7294898608902112	1.0210057177752863
5	0.8510691151675782	0.7686550181128525	1.107218576751197
5	0.8605308143549927	0.7701528947258577	1.1173506199198353
5	0.8121012053575619	0.7448875918787338	1.0902332301029527
5	0.8069148647498479	0.7576127968077788	1.065075548023746
5	0.7288242557656315	0.657011608235037	1.109301946313412
5	0.8002556038909837	0.7346813952034903	1.0892553004820964
5	0.7850153003537791	0.7018436004305145	1.1185046068272855
5	0.8700902606196902	0.7536441095483533	1.154510795740341
5	0.8141262734986929	0.7554593889623795	1.0776572313395856
5	0.878901183303561	0.753870052950166	1.1658523638976015
5	0.7135361859158994	0.7196092924362489	0.9915605501705114
5	0.7879989069355355	0.7566544208367847	1.0414251013878792
5	0.8451007375954542	0.7567868800133004	1.1166958095000294
5	0.8653134973425411	0.7748821483053604	1.1167033583557846
5	0.8510227147957071	0.7707366607288761	1.1041679449773487
5	0.8141805470627531	0.7505186237431245	1.0848239088353626
5	0.8750516424840281	0.7723470514550058	1.1329772552837998
5	0.823406875542849	0.747885812306604	1.1009794035313032
5	0.8234285917147656	0.7304546653875356	1.12728226778852
5	0.7623883065809445	0.7391565604081431	1.031430075057405
5	0.8040502477784855	0.726947875356937	1.1060631374480472
5	0.8106840571723414	0.7561603534958385	1.072106006912994
5	0.8571090147715953	0.7653758730212362	1.1198537149965972
5	0.7642387013050786	0.7145637544070024	1.0695178653992885
5	0.8334970985432296	0.7567861281354221	1.1013641338759854
5	0.7732723551330644	0.7420870421675637	1.0420237939668255
5	0.7252358614901876	0.6846489119216248	1.0592814052017496
5	0.762797644770259	0.7370323509085354	1.0349581586615064
5	0.7757423205483823	0.7135505943238569	1.0871581170546942
5	0.9139345481146333	0.7829411789811461	1.1673093364484302
5	0.7850244278360847	0.7093086155439196	1.1067459363003844
5	0.8339688060959396	0.7197370459064292	1.1587131867662142
5	0.6544427976895154	0.6625814894027279	0.9877166932016936
5	0.6148590533919333	0.6496902604177398	0.9463879803224837
5	0.830396853967712	0.7591725532789931	1.0938183294181134
5	0.8475785778866454	0.7114625716439954	1.191318576222672
5	0.7542747675877649	0.6888576086983074	1.0949647039728172
5	0.6604492057606072	0.6973633033930834	0.9470661885234463
5	0.8505039690054073	0.7406022665215519	1.1483950393509323
5	0.827786300307635	0.7601218261307012	1.0890179335085939
5	0.6228534343662133	0.6184798338392894	1.0070715329548812
5	0.752861079522485	0.7102379001096919	1.0600125386243262
5	0.6362244284459688	0.6811502869005788	0.9340441319359418
5	0.7031241164261758	0.6626320670106165	1.0611078929491509
5	0.7596299161021985	0.7289062790549109	1.0421503256730391
5	0.7344468628219186	0.6256601392575867	1.1738751068486146
5	0.8695195420144411	0.7309936006283687	1.1895036307663902
5	0.8693224826300892	0.7636597113290402	1.1383636844179694
5	0.7985068038916365	0.7522361156609951	1.06151085711962
5	0.8092404096226004	0.7401263048758641	1.0933815002809937
5	0.6448791245489034	0.5954184426948994	1.08306877702703
5	0.7447244451805821	0.723175576593407	1.029797561317935
5	0.8011153937967324	0.7475079589263731	1.0717148683571935
5	0.7145911464503861	0.6273013480357387	1.1391513005479377
5	0.7710668767575957	0.6648529055126713	1.1597555946048281
5	0.7942148719621995	0.7386522933717994	1.075221561063282
5	0.8666581964785237	0.7447306255962919	1.1637203663869828
5	0.8559207611684247	0.7322129145705834	1.1689506482829406
5	0.8068071276405675	0.7437480719393508	1.0847855047701676
5	0.7817209527536846	0.6797872945299167	1.1499493430430419
5	0.6957549288497115	0.6979607201612931	0.9968396626803413
5	0.8239193295463039	0.7699605813319507	1.070079883987061
5	0.6277928773299177	0.6235930721508013	1.0067348490011783
5	0.7929228407158414	0.7486088557817466	1.0591951118288858
6	0.7131485826303212	0.5310285102082227	1.3429572403762031
6	0.7142050114437855	0.5543720084034539	1.2883136244570457
6	0.5938074083996405	0.5062181754515697	1.1730266458132155
6	0.7094714647100975	0.6033147441530683	1.1759557869019954
6	0.786092718980173	0.6169923333998316	1.2740721017529382
6	0.7246961474306092	0.5644702053083817	1.2838519032810471
6	0.7627712688991274	0.6025917901297958	1.2658175590723357
6	0.612813357433207	0.5603698186711238	1.0935873721508578
6	0.6557470733641395	0.5096022553116318	1.286782125724968
6	0.47060010954404374	0.3770459978693581	1.2481238687145566
6	0.7149935145501202	0.5840305843047184	1.2242398493587652
6	0.6277355788428878	0.5539637798446659	1.1331707986737107
6	0.6945501522150581	0.5914970174710769	1.174224267747927
6	0.7800933870487594	0.5974286394910788	1.3057515751392235
6	0.6218019984935388	0.4557607460382897	1.364316703223273
6	0.6600761341479011	0.5733605595922626	1.1512409130779855
6	0.6303975239875289	0.5583048882570161	1.1291277172148364
6	0.6386513474467177	0.5395085518135585	1.183765012250298
6	0.6241906879600625	0.5427266675989173	1.1501013774052251
6	0.6478519771208155	0.5081686333525771	1.2748759655760245
6	0.8278876845493187	0.6027996036755885	1.3734044938006744
6	0.6893636515932167	0.5932805342759294	1.161952249848467
6	0.617945902449701	0.5548679998339192	1.1136809162443357
6	0.590932211250507	0.5013352521743883	1.1787166545490653
6	0.6293623250395537	0.5542845943892354	1.1354497877269099
6	0.7182795864121173	0.6015221393358398	1.194103324617766
6	0.7174472540217135	0.6034360610377947	1.188936658488459
6	0.7662769248197737	0.6130443409810481	1.249953508409374
6	0.7138310429963168	0.5802976884733814	1.230111815324008
6	0.5674752942772272	0.5096294074068128	1.113505786812335
6	0.6806700392394743	0.5967184896734962	1.1406887016554716
6	0.6053164849216337	0.5497743206765493	1.1010272072670373
6	0.6735245167165488	0.4901925348158108	1.3739999467140491
6	0.6861909685988561	0.5298555997891415	1.2950527820635074
6	0.6805115881544426	0.5909209896543032	1.1516118060936558
6	0.7529969861267265	0.6032264002959973	1.2482825449238266
6	0.6555856949047308	0.43589723646582795	1.5039913999457653
6	0.6495636991633024	0.5774838315818798	1.124817118055023
6	0.5639986073839914	0.5046877203189915	1.1175199726030824
6	0.7322256215454711	0.47466992524404655	1.5425995678344377
6	0.643141667294292	0.5241315203500096	1.2270616101561849
6	0.6138436826665717	0.5334118834816747	1.1507874152707367
6	0.5946336286785057	0.4603601682996573	1.2916704563620003
6	0.7395270564093337	0.5996100474276165	1.233346671861111
6	0.6962923850379885	0.6100403760066135	1.1413873776617696
6	0.6039229053720077	0.522722139085196	1.1553421219711857
6	0.5264953037042049	0.45860783669489574	1.1480294525679324
6	0.6181658463148411	0.5465885709578496	1.1309527479353592
6	0.7479007685831945	0.6139877161405424	1.218103797392584
6	0.7423079017387536	0.5234513483108594	1.4181029509889103
6	0.6944113416856362	0.5925927234121862	1.1718188804060437
6	0.5481648803515535	0.5102605190759245	1.0742843309615122
6	0.7882568761142945	0.6065761384785723	1.2995184381822502
6	0.700158734078071	0.5722350195047091	1.2235510065149189
6	0.7929642029769213	0.567445753370661	1.3974273281043472
6	0.6989551655971045	0.5655407307166678	1.235905970399993
6	0.6798533451647313	0.5961158436478724	1.1404718603089552
6	0.6968407166626779	0.590635846015407	1.1798144683627965
6	0.7175094382720311	0.5344498630937328	1.34251964088574
6	0.7526920692827463	0.5629484858671262	1.3370531907965832
6	0.728843489412613	0.6001149287240223	1.2145065128812846
6	0.6867161371811502	0.5745176303645996	1.1952916688480864
6	0.7055957140982478	0.5538977173063468	1.2738736630467113
6	0.7928105046532226	0.6204867667952748	1.2777234698299451
6	0.5938869237426276	0.5459185676307292	1.0878672369032614
6	0.5421950851672906	0.513233626918219	1.0564293856249727
6	0.6282297538571647	0.5680218008877549	1.105995848883461
6	0.7067382110298922	0.5967032338870217	1.18440486140168
6	0.750248091496134	0.6197374899329222	1.210590134828438
6	0.6377913402236818	0.5768212857526265	1.1057000772631034
6	0.7140823482089974	0.5892605890295886	1.2118277745079964
6	0.7512214260135204	0.517529839914694	1.4515519069148677
6	0.7924011463854569	0.5809753192766073	1.3639153335671872
6	0.6475940564549674	0.5842853867940453	1.1083523070948165
6	0.6413980055111417	0.4700081603443627	1.3646529137732546
6	0.7718793206325646	0.5951949132476283	1.2968513397079848
6	0.626778682829641	0.4879844003851643	1.2844236052114102
6	0.7547218698665852	0.6106880784093853	1.2358549258606033
6	0.7335990923177043	0.6075904722866255	1.207390710978159
6	0.7495819564870363	0.6186385235771508	1.2116638843516112
6	0.7263962968344624	0.5194828553529437	1.3983065838446946
6	0.5426679458052918	0.5247662819100605	1.0341135940176496
6	0.7121865003129761	0.5861417813850274	1.2150413482384939
6	0.7619548702813311	0.6195374470421545	1.2298770218315573
6	0.7079752283529179	0.5834392181337389	1.2134515581889325
6	0.683695596903856	0.601129749177534	1.1373511256750952
6	0.5711325306591201	0.5120924348209069	1.115291872762895
6	0.6312826460804886	0.5620414582407738	1.1231958725188071
6	0.6666209173863695	0.48529706035351566	1.3736347731032372
6	0.7626411345441566	0.5660609309335738	1.3472774623155386
6	0.6477467110926443	0.5492948507023219	1.179233175523934
6	0.7791934918251984	0.599815571529665	1.299055124291087
6	0.5213971239857536	0.5216406757209495	0.9995331044020688
6	0.7166912154319659	0.5901398927583181	1.2144429214607844
6	0.7602754884467142	0.5764527875752051	1.3188859605393568
6	0.7231366580669034	0.5422109828504174	1.3336813176770324
6	0.6941610530386286	0.560031624246065	1.2395033119301675
6	0.674873300840444	0.5572420103547742	1.2110955173871019
6	0.7703109198875181	0.595773642930903	1.2929590441396175
6	0.6365043713127682	0.5348443385422661	1.1900740560283005
6	0.6751659848575725	0.4819223043550301	1.4009851354798069
6	0.7159346672447452	0.6021685636966569	1.1889273376373033
6	0.767261154292363	0.5780904400816572	1.3272337701761419
6	0.6659422654316758	0.5968649536564162	1.1157335698001523
6	0.67507702967079	0.544552361152578	1.239691676741514
6	0.6875257363375361	0.5540386294753704	1.240934656467126
6	0.7906803460386455	0.6024239851708886	1.3124981167779277
6	0.6481217476271202	0.540106772425152	1.1999881888482278
6	0.5641641236344125	0.5171560412026333	1.0908972895733038
6	0.6950487431110629	0.5482141485170356	1.2678416728047368
6	0.6382162200807681	0.5168116423016099	1.2349106866836153
6	0.804069397948355	0.6144540982985566	1.3085914801038017
6	0.6579039450871565	0.5439907698347539	1.209402772195943
6	0.6444105801764266	0.5389410811359419	1.1956976425292791
6	0.6084392896143317	0.5541184891623623	1.098031019564216
6	0.5448624105934654	0.4953732145521727	1.0999028501894919
6	0.7838322147101223	0.601595472224614	1.3029223970247366
6	0.6864874511940698	0.4993767388644939	1.374688482196902
6	0.6683417674673475	0.5531721321117915	1.2081985491855565
6	0.6886714147620587	0.5815675563569701	1.184164087618649
6	0.6802240845694648	0.5526295016801878	1.2308863035747182
6	0.7368793952289714	0.6132657751698	1.2015661480945117
6	0.5028342131999616	0.39485363513681626	1.2734698846718993
6	0.5698534457219182	0.49092820315467955	1.1607673832142238
6	0.4680738324445512	0.46019324976751036	1.0171245073260464
6	0.6619512421508063	0.5026443674741157	1.3169375506528367
6	0.6454350272923943	0.5355423639974044	1.2051988240010132
6	0.6930542510601126	0.5542164031372733	1.2505119789614938
6	0.7666903574575258	0.6084972614319648	1.2599733902717791
6	0.7858413910533077	0.6138193492535358	1.2802486464608318
6	0.6817294220640668	0.5693983434840351	1.1972803044924583
6	0.5708498914021598	0.525335623555928	1.0866384570270557
6	0.5621192168810165	0.4616028435198468	1.2177551000221427
6	0.6329427059354739	0.5639971228207189	1.1222445653090167
6	0.6741918934457173	0.5743997084591463	1.1737330007605125
6	0.73776696573604	0.5475188456124482	1.3474731904630284
6	0.7921750047657266	0.5915775903551524	1.3390889338626668
6	0.6774567054719874	0.5716230124457	1.185145962849669
6	0.7162166963142982	0.4784798232333465	1.4968587211774893
6	0.6651194709838922	0.4927067834434809	1.3499295997823197
6	0.7858922595392528	0.5934114279659404	1.3243632031710049
6	0.7056868744012548	0.5514273703584568	1.2797458239015616
6	0.6200978859090138	0.551750018160901	1.1238746995893734
6	0.6513626156225909	0.5910226453869488	1.1020941764357217
6	0.44003075755084603	0.45320467882522913	0.9709316300340681
6	0.6609086269133044	0.5364002824112936	1.2321183425599729
7	0.6522270776822623	0.36889550249661807	1.7680537530767042
7	0.577168280661651	0.29841152259238174	1.9341353700005746
7	0.5573887882102888	0.3196611666489839	1.7436862727287445
7	0.5898273670689129	0.3902705895804535	1.5113292746527116
7	0.6069496182872495	0.4203579234495377	1.4438876596080419
7	0.5424752135922242	0.33826960921440224	1.6036770635472375
7	0.6286711439280441	0.41299088807895645	1.522239744446501
7	0.5204325728973846	0.390317868761117	1.333355745534419
7	0.5872556573283834	0.30986052309817963	1.8952257985516625
7	0.4861542790683139	0.30213133278317916	1.609082628372068
7	0.6144306684619819	0.3876703972457107	1.5849305823383455
7	0.5386482856231469	0.39145870179412917	1.3760028405408287
7	0.596524812069509	0.38476867317900115	1.5503466203237268
7	0.5431486140612226	0.36272161801830854	1.4974255381541857
7	0.6549303061986688	0.3436864033282933	1.9056043528526545
7	0.5448167517446314	0.3803557763964401	1.4323872162697897
7	0.5928696727548569	0.39379364183830057	1.5055338882243834
7	0.6388284757609055	0.39543150796502086	1.6155224429344541
7	0.4894610947417112	0.3277928133312672	1.4932026415327846
7	0.5778230228554904	0.33222519937979	1.7392510379531452
7	0.8092518438942339	0.398627069904391	2.0300975648450805
7	0.56504583835278	0.3649165853536083	1.5484246565697861
7	0.4162172724751324	0.31031321385725047	1.3412811762073389
7	0.4084526240660923	0.2983276295709701	1.3691411172793306
7	0.4424993846241353	0.3480440730501265	1.2713889386083728
7	0.5479834478222672	0.3796450900435746	1.4434098114093117
7	0.5703789148674911	0.4045802685764335	1.409804083808736
7	0.6858924237354481	0.4014521490906087	1.7085284641997036
7	0.5848238311338682	0.3602759543221789	1.6232663438062425
7	0.456992365537205	0.3104446459511381	1.4720574875339696
7	0.49712151973594787	0.35440687429426954	1.402685883917647
7	0.5296228218851435	0.36048614112974964	1.4691905220692425
7	0.6160927062338868	0.2814906073220787	2.188679445097647
7	0.5701571561987337	0.31637746238895537	1.802142137096292
7	0.6309320144325928	0.43028199500867265	1.4663221369973334
7	0.6597982854412539	0.4087913546706295	1.6140221115313584
7	0.6477059710110735	0.28012381315950735	2.3122131735450084
7	0.5104173945376701	0.3781797698257035	1.349668690033083
7	0.41445895067228944	0.29800833459017945	1.3907629504465124
7	0.7063617439944686	0.29885713562986677	2.363543177598056
7	0.5936688374806319	0.34704976113445535	1.7106158942164795
7	0.4707183968198903	0.35345760327522807	1.3317534902576544
7	0.6565063132069285	0.29980239820327376	2.189796736588479
7	0.5523790150921375	0.3619733644073573	1.5260211645586763
7	0.5271712403187582	0.38906025350775086	1.3549861122173352
7	0.5486928974467087	0.34453883534170054	1.5925429622542722
7	0.5693483409135818	0.288164722679621	1.975773910210995
7	0.5270881429512443	0.38809775577440225	1.3581324166626614
7	0.5477797233564522	0.38316753787018676	1.4296089026780614
7	0.6079104128613059	0.31262349720796745	1.9445448544032626
7	0.5681876573626944	0.3682216573227962	1.543058769258107
7	0.6103810474595003	0.3357398885289448	1.818017662821968
7	0.6536931997606189	0.4055840210703424	1.6117331201449026
7	0.5602388364520868	0.3530810065267245	1.5867147371170833
7	0.6568739167640322	0.3578270622712972	1.8357301222398985
7	0.5506698333775125	0.3602110118456127	1.5287423628612744
7	0.5188981104672159	0.3890918448935154	1.3336134315773829
7	0.5516636495493094	0.3878201202964207	1.4224729988935563
7	0.6349154825728075	0.31546737203219205	2.012618542712611
7	0.6245642029581223	0.41506680182115796	1.5047317690014428
7	0.6376090227769492	0.3494156948692689	1.8247864424507478
7	0.5652563645871513	0.38374353951205664	1.473005552890596
7	0.6085163946860626	0.32685684126145603	1.8617214568236748
7	0.6161904718715728	0.35021171188296696	1.7594799116184046
7	0.48045628769076176	0.35455314399976273	1.3551037293610442
7	0.393834906171078	0.31815456526285685	1.2378728742920746
7	0.4662341348838063	0.3398586469829492	1.3718472047798076
7	0.5666736521297399	0.37734434587142385	1.5017414685811352
7	0.5302491544658892	0.3845148299102902	1.3790083326294587
7	0.5439979005893814	0.386252903779909	1.4083982159506485
7	0.6088065128316715	0.4155780831853854	1.46496299363335
7	0.5034893677193903	0.29095491392686285	1.7304721234093066
7	0.6852074949720389	0.3613565963735442	1.8962086256306254
7	0.5321636352136424	0.3874474171610384	1.3735118925633572
7	0.4383503265306343	0.2645985243677972	1.656662022503643
7	0.7123444872965218	0.4060838387857625	1.75418083474219
7	0.53874786500099	0.3041811736674965	1.771141384278768
7	0.6499983274680361	0.3774659360702066	1.7220052602233753
7	0.47571227758252166	0.37959710800380614	1.2532031133855523
7	0.6574401022974105	0.4270030959379867	1.539661207498341
7	0.6433024145316655	0.31559183845218197	2.038400034952544
7	0.5173529686927857	0.33978693109054225	1.5225805390229321
7	0.7053930165087907	0.3419234777412567	2.063014277839622
7	0.5895609382320496	0.39338783155845847	1.4986760924872158
7	0.5336798569216114	0.3965620570699865	1.345766311746325
7	0.5496604954689476	0.4117198808981292	1.3350351075345537
7	0.4510996198012568	0.3426200097922363	1.3166178474946697
7	0.5135434946683783	0.36452981491530567	1.408783242566028
7	0.5843610434067035	0.32084152153158807	1.8213385867800496
7	0.6703099118329783	0.36682330725879975	1.827337299917161
7	0.4774704687863272	0.3422046985822303	1.39527736107806
7	0.5877839677706188	0.3967460822488306	1.4815117125768449
7	0.32231551329809927	0.31743616629407767	1.015371112438087
7	0.5608076311947018	0.33627300140739874	1.6677153052655471
7	0.6422016156408326	0.407668119030228	1.5753049739786356
7	0.660230478011537	0.3332817594576642	1.980997937258562
7	0.4899736083985429	0.36353112404499277	1.347817493442187
7	0.6725859445069255	0.3736060164092185	1.8002545862918549
7	0.619856690916853	0.3858418905283572	1.6065043898371036
7	0.6158373861471762	0.35354544297257495	1.7418903238273322
7	0.6229831171574851	0.30842128611146696	2.019909601610091
7	0.6122920264785119	0.39515560789527343	1.5494959814433034
7	0.6602171230726123	0.32631569738801014	2.0232465932755055
7	0.543396326506968	0.3655764880453123	1.4864093952333592
7	0.5889145525590372	0.33391996430713183	1.76363984040609
7	0.6096758830319768	0.3700150012292954	1.6477058524828982
7	0.7394463349084799	0.4040590481320366	1.830045233059221
7	0.5364317462126845	0.3803214628394679	1.4104692967041677
7	0.5629207722502414	0.3455758395864561	1.6289355555755223
7	0.5226766833611215	0.3261898410590792	1.6023695945406673
7	0.5309631649649658	0.34887386368282025	1.5219344876109508
7	0.6851145096803236	0.43335192758970187	1.5809656449226432
7	0.5103689346905821	0.32516391975862674	1.5695743090728989
7	0.520253973442526	0.3088652704597234	1.6844042474188372
7	0.49840081823840815	0.36453897014507525	1.367208608835593
7	0.3932638750013188	0.2743191035471538	1.4336000297322318
7	0.6907759714431002	0.43155602282076483	1.60066349422725
7	0.6890975957972373	0.2997821826480787	2.298660946792108
7	0.6074988096145546	0.391035814390258	1.5535630938609224
7	0.5441688134114587	0.29988926163693996	1.8145658515450782
7	0.6499185856243429	0.35883181470147824	1.8112066962764366
7	0.47593691987450615	0.36034252393855476	1.3207903265828886
7	0.5169362718821301	0.2911217748863701	1.7756702400014541
7	0.5112212624191008	0.2786383958226309	1.834712193593456
7	0.4606333033227221	0.33133262170681715	1.3902443440366035
7	0.5031976328301921	0.28105749605934466	1.7903725745992667
7	0.6469669864549324	0.3753478618729267	1.723646388250806
7	0.6259857418893293	0.3507614185275475	1.7846482219086097
7	0.5927643321474967	0.4109471815980734	1.4424343533453148
7	0.6779765194769058	0.41134822638783214	1.648181457910768
7	0.6751512120547251	0.39447159778686147	1.7115331391222715
7	0.41377281932494514	0.34259744450786533	1.2077522058558314
7	0.49505533744188124	0.2896566189608008	1.7091110820045752
7	0.5129660266135841	0.35802160648457193	1.4327795231422413
7	0.5350150463350912	0.27812309763253734	1.923662762601492
7	0.5669571030908246	0.34414709456200754	1.6474266732147922
7	0.7632654715448443	0.40801890690531106	1.8706620174392439
7	0.5811189287314292	0.402943800758194	1.4421835691180116
7	0.6699701044243135	0.2541229142634338	2.636401783625841
7	0.626113271059209	0.30904129694555893	2.0259857735760987
7	0.5353777821394147	0.32362074949330183	1.6543370070604688
7	0.4995271274393051	0.30587841796833753	1.6330904637116725
7	0.5079085619111501	0.37650622806587336	1.3490044096223732
7	0.4682293560479668	0.3504218824973635	1.336187548308972
7	0.32919854090413014	0.3104459570361539	1.0604053086952985
7	0.6560400678829289	0.3833158839592894	1.7114867797980544
8	0.5778888771923183	0.23864406207310876	2.4215514610846745
8	0.5686227461907887	0.28028457510407767	2.028733639657633
8	0.6455500357597128	0.15706785721702743	4.110007274548404
8	0.5682079208133313	0.36741963393772964	1.5464821918298228
8	0.5611534706950347	0.30439658806297365	1.843494614265989
8	0.6420108827906038	0.12005368148007281	5.347698420203535
8	0.6802902969598691	0.3332027389356474	2.0416707831782137
8	0.5822382277155131	0.3555213811912324	1.6377024238728737
8	0.5909677352906467	0.3342799047213981	1.7678829236928921
8	0.5540505830636586	0.27201484149096145	2.0368395342945607
8	0.6127575256367166	0.3376431505552893	1.8148081032562724
8	0.4315585320469985	0.3190956614410041	1.3524424935711232
8	0.7224562738945377	0.30943865256470954	2.334731837495506
8	0.5839230794339834	0.35339879186963324	1.6523063826697777
8	0.6944419664393454	0.3564686762631515	1.9481149752599751
8	0.7099091957428497	0.3697124983569687	1.9201655310484278
8	0.45411270104056456	0.303478792751031	1.4963572805995413
8	0.6609849469130712	0.31927964835358463	2.070238270185849
8	0.5058463525750072	0.21313202848503152	2.37339435171065
8	0.5447590003468524	0.1951588124516804	2.7913625498296675
8	0.8267777925601486	0.2621403152934743	3.1539513166242474
8	0.6655177703888009	0.3852444376201097	1.7275207774578418
8	0.49019427175234853	0.1929296096219985	2.540793363511035
8	0.507778658809136	0.29329073801700845	1.731315016090583
8	0.5529841591700748	0.2876825430532683	1.9222026936395733
8	0.41730894680098307	0.28143557209176245	1.4827867838430848
8	0.5394680902229041	0.34387159293477687	1.56880679098499
8	0.5514681339318134	0.2797755723154882	1.9711089476745014
8	0.6558153579434359	0.34726414363320335	1.8885202229117521
8	0.6718681194520852	0.37174869313725195	1.807318039996518
8	0.6208476309184541	0.383130076291719	1.6204617422040617
8	0.5697652946123444	0.35133302401218336	1.6217242777399323
8	0.7613752302980418	0.22834795556233406	3.3342765361006386
8	0.6206346502291342	0.2560600051013442	2.4237859793195646
8	0.6317802765090219	0.37882757226601993	1.6677251677588394
8	0.7345279974390628	0.36807484993637374	1.9955940960541994
8	0.7008307486841282	0.164132309427464	4.269913407840341
8	0.6399508483910819	0.34690168944195793	1.8447614060932835
8	0.4416615951074486	0.31230431105477435	1.4142026846052298
8	0.7251934311935596	0.3170589866623858	2.287250832494989
8	0.6055402462778379	0.3354046152177644	1.8054022479228127
8	0.48608099792474196	0.29833074987752406	1.6293358901966908
8	0.7232244549771547	0.27722728887259845	2.6087780099798077
8	0.6846622939677627	0.3132332218788457	2.1857907978630076
8	0.4721769684590721	0.30525959527284235	1.5468046730424256
8	0.629394688028384	0.3648905614174127	1.7248861839108922
8	0.5545971039221493	0.2908737660813624	1.9066590686181681
8	0.4971405103160717	0.35905154959434404	1.384593691011055
8	0.6344287798969053	0.3688942202869408	1.7198121982052768
8	0.7878419401614126	0.2977311068902138	2.6461525918147464
8	0.7261481553536882	0.3156898280807373	2.300194972287725
8	0.6106076960842918	0.25923911402752214	2.3553841339677875
8	0.7651600332841184	0.34406941437084543	2.223853679883945
8	0.5558195085986067	0.2907427103097342	1.9117229388364743
8	0.7873572966180891	0.24973394924047038	3.152784389197873
8	0.669685027169935	0.3554811628193765	1.88388330300981
8	0.6674998469155925	0.3937030644922699	1.6954398050632864
8	0.6715605350738899	0.3962755401720696	1.6946807637490995
8	0.6796237217937868	0.2365040096478239	2.873624522500945
8	0.5938121021379326	0.28749765609135614	2.0654502377899076
8	0.6914304670949697	0.23544256424544144	2.936726710019074
8	0.5940686630862395	0.3521481430797139	1.6869850793214698
8	0.6746702171895503	0.2842813929617562	2.373247894139566
8	0.6127647099925364	0.24034324955221448	2.5495399231481786
8	0.6837884830933861	0.2951362637332326	2.3168568797477493
8	0.45568247132542294	0.27056536983811974	1.6841862341734992
8	0.5861035441593444	0.3559620288251282	1.6465338904090716
8	0.6056208633382312	0.334584260139059	1.8100697955322962
8	0.5962627457148727	0.32226143894552156	1.8502454021986514
8	0.5998120676846174	0.34491221260701976	1.7390282099637366
8	0.6749806577886364	0.40107427638541465	1.682931809717983
8	0.7355951119433755	0.22482967817438476	3.2717883062254147
8	0.6616352643414484	0.2603449605030994	2.541379188069867
8	0.5876465265580529	0.34896364960455206	1.6839763317009606
8	0.603565355609619	0.2783083614108667	2.1686928576269953
8	0.5204622701052669	0.2668114561606335	1.950674373561843
8	0.5416552058436199	0.278357274484406	1.9458992291360586
8	0.5935434907945527	0.28868218297710696	2.0560447640844597
8	0.5247716633768251	0.3717211603648332	1.411734706901747
8	0.6713566295546199	0.3256569234356688	2.0615456980672535
8	0.7768310618195727	0.3386426603730268	2.2939551117507344
8	0.6848006289947588	0.27981208687753745	2.447358999521949
8	0.7873610807292117	0.19603888903675337	4.016351472903916
8	0.5685276921532589	0.3496329714344849	1.6260700179982628
8	0.5182556408074086	0.33769102597407946	1.5347036223793193
8	0.5594174492481525	0.3638346593377149	1.537559533955493
8	0.6441332972656404	0.35223587035619575	1.8286987540884625
8	0.6073853295488565	0.3491285429579781	1.7397183409950034
8	0.6353527565091819	0.22792007958013993	2.7876120334794057
8	0.7212099639719174	0.2757313366410103	2.615625676637908
8	0.4915674483671456	0.281693249885213	1.7450451814782715
8	0.5884075872980343	0.3118866325822749	1.8866072663207645
8	0.3570000822152739	0.282740995898147	1.2626399687149634
8	0.7475844390476126	0.22691876787629453	3.2945024602599666
8	0.6913587959554051	0.27975684202343537	2.4712846733431797
8	0.779441566496272	0.19979151075047658	3.901274701655024
8	0.4491009097928152	0.23255685195379203	1.9311446040817988
8	0.6467438979697455	0.28550036759074376	2.2652997032103075
8	0.6256051179538982	0.25495178281806347	2.4538173886798713
8	0.5584464366838258	0.26201514830415995	2.131351718777549
8	0.7158107722811323	0.3053200136588465	2.3444606978203315
8	0.610376589581924	0.3700884023911286	1.6492724052910104
8	0.8281006448774356	0.2510971689444327	3.2979290382230184
8	0.6558748540498863	0.34547553921439333	1.898469731146051
8	0.6052929982909415	0.2685051400445983	2.2543069312952566
8	0.5433515138228482	0.2888914714020793	1.8808153497429185
8	0.7174525459074903	0.40143960790730393	1.7871991995198357
8	0.5599650251338328	0.3169543917368027	1.7667053674991353
8	0.6399876571139828	0.24023208021565826	2.6640391097619465
8	0.593168031411506	0.2664464714704734	2.2262183775146696
8	0.5912979736854377	0.23434968658452165	2.5231438637839925
8	0.6220176677185728	0.31686201889086896	1.963055306836264
8	0.6563770609751085	0.2959633313138086	2.2177648091112845
8	0.6664628720025572	0.25000997758839216	2.665745097180876
8	0.5986270228573181	0.3812093470264089	1.5703366864607524
8	0.5945434716091237	0.2832423327636772	2.099062897159444
8	0.6530119128226051	0.3827801860349455	1.705971041988545
8	0.8022401815278363	0.17445142078903378	4.5986451580580425
8	0.6275803760097288	0.27026971502320635	2.3220521616927834
8	0.651273089475751	0.32915294749720914	1.9786336243617357
8	0.6895893672150365	0.27286355908339693	2.52723144685023
8	0.584075014360533	0.3364510605895031	1.7359880314752545
8	0.6766163826214818	0.31008764451098675	2.1820165833711846
8	0.6185192739074068	0.27136565871535623	2.279283520381592
8	0.5357741616751759	0.32203116720451147	1.663733874972801
8	0.6471026092047072	0.3179240436173331	2.035400034052119
8	0.6720327795990697	0.34671426526663396	1.9382899607036814
8	0.751112063014806	0.31147242615743553	2.411488144491969
8	0.673252418948082	0.40124553027086673	1.677906339526307
8	0.743503297391287	0.35801204904554207	2.076754956637527
8	0.7643657396568091	0.35755354316442917	2.137765809540022
8	0.45142310703104976	0.2905834059492832	1.5535061458734454
8	0.6486694372217515	0.23824110749890817	2.7227435434278457
8	0.5653439190080277	0.33924109410995645	1.6664959782990965
8	0.6679041578609773	0.24609616741965132	2.713996584603632
8	0.6167203688361529	0.3178814300536144	1.9400956159412515
8	0.8135191903629686	0.38314126634962503	2.1232878361387835
8	0.6757845621738665	0.3481920294101417	1.9408386898421721
8	0.7235256218957599	0.25980447633918036	2.7848851262715795
8	0.7744182013326182	0.16678171705541317	4.643303924466241
8	0.6271602938502241	0.3079006268957879	2.0368919029921067
8	0.598662690353563	0.29886964975179603	2.0030896106404175
8	0.5305930674523422	0.35296159553793904	1.5032600548047728
8	0.5042615626107507	0.27638392490335195	1.8244967133565557
8	0.405323000060541	0.30239577717349536	1.3403725536418207
8	0.735438864521982	0.28088997769202567	2.6182453021813914
9	0.6943200164545879	0.36305053312024416	1.9124610849273305
9	0.6095099939075993	0.34253103960842535	1.7794299594115002
9	0.6921791727862416	0.19455113001183544	3.5578265350817198
9	0.6781666717121058	0.4698778491863442	1.443282914669081
9	0.6673366928219592	0.39764764133442204	1.6782111182214416
9	0.6988158751333591	0.18756490995365438	3.725728204204242
9	0.7811486630899911	0.43879414499792746	1.7802166961313504
9	0.6836170011177677	0.4595005136412589	1.4877393622490724
9	0.6483087681650099	0.4144177437028876	1.5643846770948302
9	0.6409512139027183	0.3826150339456877	1.6751856488569172
9	0.6640968988696159	0.421582525008083	1.5752476904892656
9	0.5873756402559419	0.4450390775035862	1.3198293586953806
9	0.8045238353819542	0.42218942306490875	1.9055992202302616
9	0.6497579226177475	0.4427826483619363	1.4674421525358121
9	0.7890480869406744	0.43807422374396415	1.8011744224463653
9	0.7916604874484522	0.463411825917531	1.7083303514773411
9	0.5711024809705668	0.40634482751180323	1.4054626570925843
9	0.743273604384061	0.4409053162997936	1.685789617194527
9	0.5671064264610702	0.25763398714247754	2.2012096802563836
9	0.6147103630142468	0.2511753328102502	2.4473357161972125
9	0.8831361364538404	0.34072780409849796	2.591910979470705
9	0.7573246725551952	0.4945938174083961	1.5312052959405615
9	0.5560868879605803	0.2697853773869508	2.0612195269686158
9	0.6387334834662829	0.40168700297627696	1.5901273347995417
9	0.6499163647085566	0.3815046545714407	1.7035607742155423
9	0.5277356624106775	0.39294001400637263	1.343043832644946
9	0.6477434694717268	0.4547447596719276	1.424411069495417
9	0.6334073921708537	0.36713723807024434	1.7252605469828803
9	0.7511381985499004	0.43957961152057856	1.7087648718547004
9	0.7970473528890581	0.4980906553051115	1.6002053931343423
9	0.7492748417749071	0.4899867664984753	1.5291736287682756
9	0.7315517106355722	0.48781742669118133	1.4996424289259551
9	0.8252368835847275	0.3053836751940189	2.7022953439159156
9	0.6672222948781948	0.3414763175202693	1.953934315923944
9	0.7461915950949092	0.48802210414764496	1.5290118803085162
9	0.7955357507580739	0.4752428993056298	1.6739561010178567
9	0.7394278547616612	0.19547087672172578	3.7828031835878946
9	0.7509153715320164	0.46257342403204543	1.6233430900258456
9	0.5158302961179493	0.3964234633182459	1.3012103062725235
9	0.8090788279800767	0.4151464977113108	1.948899563022938
9	0.6742252244889506	0.42698515680193266	1.5790366801947315
9	0.622517899901996	0.41884377301819314	1.4862770799148444
9	0.800540689691245	0.38004163546431136	2.106455227499466
9	0.7798592084195277	0.43984181055594845	1.7730447395026094
9	0.5845151831678919	0.429428680775378	1.3611461211963978
9	0.7418640461416093	0.48094973116257667	1.5424980992261643
9	0.6829603261850229	0.40054724703415484	1.7050680818355157
9	0.6097304827760623	0.4716546387606008	1.2927477706533173
9	0.7631439474604246	0.49139270501116095	1.5530225411935885
9	0.8473105514477496	0.39154838991549923	2.1639995803088583
9	0.8123630147764672	0.4291909185029691	1.8927777353957396
9	0.7267632194502844	0.36339091740655394	1.9999487731753003
9	0.831693055485512	0.42004885028203454	1.9799912675087339
9	0.6378358555140121	0.37942069482554613	1.6810781916028137
9	0.8472070988010902	0.3400021528778091	2.4917698068387284
9	0.7727756436600387	0.4753462388567716	1.6257110722461965
9	0.7639355676034164	0.5084124590463658	1.5025901785261868
9	0.7423539503367536	0.4934984338152698	1.5042680978692575
9	0.7493616220873349	0.34615947324359225	2.1647872729457545
9	0.6897159299065677	0.36801396918913637	1.874156927864052
9	0.7798872605220566	0.2971990425749757	2.6241244041871736
9	0.7025403355704057	0.46195395788563576	1.5208016374314322
9	0.7558309039365476	0.38986636656215595	1.9386922514026261
9	0.689814297613275	0.3317445542501438	2.079353794284555
9	0.7707146351920479	0.38948978355433517	1.978780106011511
9	0.4826294231745657	0.30999327252284864	1.556902894203914
9	0.6946017285557119	0.4621567844526322	1.5029569010403734
9	0.7154221435197969	0.4383044036812582	1.6322494994598846
9	0.7255787562366024	0.446240587071894	1.6259810901506009
9	0.6952607369372185	0.4512284753867906	1.5408175123284156
9	0.7646105365187399	0.5024170636881049	1.5218641877048227
9	0.8101938894509916	0.3368719834932502	2.405049778997799
9	0.7526216190649148	0.3463862190782116	2.1727816454931714
9	0.7198244989488763	0.4679309856499199	1.5383133859987832
9	0.7270038362971949	0.43178261820102404	1.6837264995200094
9	0.6213485567461025	0.3502904500452187	1.7738095819223536
9	0.638208662985372	0.3879807808616204	1.644949168791429
9	0.7126466463853696	0.3838805337099122	1.8564281952465365
9	0.6104052618633627	0.46684559873763576	1.3075099422890921
9	0.7562312870146257	0.41849565959792956	1.8070230112808727
9	0.864739162465067	0.4514066253632047	1.9156545648156853
9	0.7534917447663136	0.3745164960082012	2.0119053574340118
9	0.8460844295516455	0.2661135454023439	3.1794113609377863
9	0.6914857013099024	0.46388855970316983	1.490628916894105
9	0.6519066367352897	0.4606120084673319	1.4153053432203886
9	0.6874112452085281	0.4830369571125387	1.4231027980088364
9	0.7292868505377715	0.44853769160518314	1.6259209965786166
9	0.7277821575445576	0.46698078710818036	1.5584841553148527
9	0.7728920134846614	0.31635559413841186	2.443111573827602
9	0.7838989248916739	0.35607505972214154	2.201499103878208
9	0.5924400558458125	0.3829534350210986	1.5470289640127457
9	0.666426317894109	0.3980979983416466	1.6740257943276162
9	0.44140402125132405	0.3766878707261837	1.1718031175264012
9	0.8170119115785364	0.30547468111935316	2.674565068976432
9	0.7413571227266946	0.3756770536499537	1.9733894192469692
9	0.8011943624364797	0.2771917861280742	2.8903971998156335
9	0.515034636492149	0.31625107250848555	1.6285624975337585
9	0.7639056184761817	0.39847761588178665	1.9170603015824201
9	0.7322823198804059	0.3810876849518507	1.921558603954698
9	0.6835185500406002	0.38414271501581193	1.7793349276777657
9	0.7964437380365563	0.42146632458181643	1.8896972108668388
9	0.7175569657070173	0.46272927359348337	1.5507057941992342
9	0.8809801159806513	0.3129509036517817	2.8150745235134766
9	0.7138199692283365	0.4276636496726107	1.6691153661873928
9	0.6785851972176264	0.34352259516062617	1.9753728190727304
9	0.590982202661635	0.369694015534126	1.5985711908476434
9	0.8119549789137489	0.5123403436162474	1.584796100933091
9	0.6526873689381514	0.4145627277564123	1.5743995425504238
9	0.7194688492257445	0.33226644298050356	2.16533707939914
9	0.6750409988935037	0.3458311267334829	1.9519382343328762
9	0.6772612025639905	0.3337877845995721	2.029017339194919
9	0.7531889699310541	0.43680293680260024	1.7243221289774315
9	0.7578141673428451	0.4145713884530573	1.827946135334069
9	0.7432515436994368	0.3282188396208331	2.2644999432636475
9	0.7090785090583429	0.5071987635109219	1.3980288598299666
9	0.6351877879608043	0.3580147231624737	1.7741945983393101
9	0.752394382801065	0.4972807102861402	1.513017431076564
9	0.8561703475614483	0.16732577755900865	5.116786905469563
9	0.7413606507470856	0.40953420692205417	1.8102533029388368
9	0.7246440075271201	0.4444818735543465	1.6303117194238481
9	0.7648512825609941	0.4001979500189285	1.911182409916938
9	0.71533768999868	0.46005302170295864	1.5549027095849626
9	0.7701389595154531	0.4158575752947216	1.8519296154931153
9	0.7149726154383099	0.39548801277961515	1.807823732540604
9	0.6513443231136001	0.43441707302375243	1.499352496852689
9	0.7422872853319236	0.4310929999434964	1.7218727407524954
9	0.7708052909185235	0.46953232705760695	1.6416447739581375
9	0.8360488076913803	0.3895351564438044	2.1462730484302037
9	0.7708464627934379	0.5033827977337714	1.5313325490338319
9	0.8346782838641087	0.4594134355963723	1.8168347270484129
9	0.8639807075661816	0.4646642571048583	1.8593655405072649
9	0.5190286280380116	0.3852734848738906	1.3471693444149222
9	0.7380177453292562	0.3597092932924039	2.0517060834714917
9	0.6527961061197424	0.4538008450242934	1.4385079121763118
9	0.7864567641774318	0.3674119904795683	2.140531023908341
9	0.7107677384062644	0.3987455582161031	1.7825094819515421
9	0.8629830457579946	0.46763695693463625	1.8454124143969606
9	0.741909919445078	0.43782455904977213	1.694537010567142
9	0.8237270492905306	0.37543773780396	2.1940443550207283
9	0.8492122007104864	0.18377536548790324	4.62092510851997
9	0.6913228681094996	0.4013946287386097	1.7223022397733496
9	0.7080188276053839	0.4060379560634778	1.7437257207912258
9	0.6475562406039902	0.48120829709539836	1.3456880201623242
9	0.5877459931316353	0.37030485511258515	1.5871949422670701
9	0.4734397343365801	0.38039740646924397	1.2445924348720785
9	0.7786416911070884	0.39157952718577493	1.9884637399280622
