0	1.0	0.999990397723597	1.0000096023686076
0	1.0	0.9999945461442663	1.0000054538854783
0	1.0	0.9999905350952194	1.0000094649943658
0	1.0	0.9999905350952194	1.0000094649943658
0	1.0	0.9999905350952194	1.0000094649943658
0	0.9997357878090597	0.9998611882448749	0.9998745821547136
0	1.0	0.9999899605941704	1.0000100395066203
0	1.0	0.9999902563056824	1.000009743789258
0	1.0	0.9999902563056824	1.000009743789258
0	1.0	0.9999910345448308	1.0000089655355493
0	1.0	0.9999901106600274	1.0000098894377727
0	1.0	0.999990397723597	1.0000096023686076
0	1.0	0.999990397723597	1.0000096023686076
0	1.0	0.999990397723597	1.0000096023686076
0	1.0	0.9999905350952194	1.0000094649943658
0	1.0	0.9999905350952194	1.0000094649943658
0	1.0	1.0	1.0
0	1.0	0.9999901106600274	1.0000098894377727
0	1.0	0.9999902563056824	1.000009743789258
0	1.0	0.9999905350952194	1.0000094649943658
0	1.0	0.9999898059037879	1.0000101942001327
0	0.9989410185026011	0.999468920132245	0.9994718178634568
0	1.0	0.9999901106600274	1.0000098894377727
0	1.0	0.9999905350952194	1.0000094649943658
0	1.0	0.9999902563056824	1.000009743789258
0	1.0	0.999990397723597	1.0000096023686076
0	1.0	0.9999902563056824	1.000009743789258
0	1.0	0.9999902563056824	1.000009743789258
0	1.0	0.9999901106600274	1.0000098894377727
0	1.0	0.9999905350952194	1.0000094649943658
0	1.0	0.9999902563056824	1.000009743789258
0	1.0	1.0	1.0
0	1.0	0.9999905350952194	1.0000094649943658
0	1.0	0.999990397723597	1.0000096023686076
0	1.0	0.9999905350952194	1.0000094649943658
0	1.0	0.9999905350952194	1.0000094649943658
0	1.0	0.9999905350952194	1.0000094649943658
0	1.0	0.9999905350952194	1.0000094649943658
0	1.0	0.9999905350952194	1.0000094649943658
0	1.0	0.9999905350952194	1.0000094649943658
0	1.0	0.9999905350952194	1.0000094649943658
0	1.0	0.999990397723597	1.0000096023686076
0	1.0	0.999990397723597	1.0000096023686076
0	1.0	0.999990397723597	1.0000096023686076
0	1.0	0.9999944621095092	1.0000055379211592
0	1.0	0.9999944621095092	1.0000055379211592
0	1.0	0.9999902563056824	1.000009743789258
0	1.0	0.9999902563056824	1.000009743789258
0	1.0	0.9999902563056824	1.000009743789258
0	1.0	0.9999905350952194	1.0000094649943658
0	1.0	0.9999905350952194	1.0000094649943658
0	1.0	0.9999899605941704	1.0000100395066203
0	1.0	0.9999902563056824	1.000009743789258
0	1.0	0.9999901106600274	1.0000098894377727
0	1.0	0.9999902563056824	1.000009743789258
0	1.0	0.9999902563056824	1.000009743789258
0	1.0	0.9999905350952194	1.0000094649943658
0	1.0	0.999990397723597	1.0000096023686076
0	1.0	0.999990397723597	1.0000096023686076
0	1.0	0.9999898059037879	1.0000101942001327
0	1.0	0.9999898059037879	1.0000101942001327
0	1.0	0.9999905350952194	1.0000094649943658
0	1.0	0.9999909005320481	1.000009099550753
0	1.0	0.999990397723597	1.0000096023686076
0	1.0	0.9999909005320481	1.000009099550753
0	1.0	0.9999905350952194	1.0000094649943658
0	1.0	0.9999901106600274	1.0000098894377727
0	1.0	0.9999901106600274	1.0000098894377727
0	1.0	0.9999909005320481	1.000009099550753
0	1.0	0.9999902563056824	1.000009743789258
0	1.0	0.999990397723597	1.0000096023686076
0	1.0	0.9999905350952194	1.0000094649943658
0	1.0	0.999990811154942	1.0000091889294935
1	0.8428039342425726	0.8789317961112015	0.9588957163360398
1	0.8870880409652214	0.8958061466251985	0.9902678657733918
1	0.9632214882197117	0.9165314605033021	1.050942089528242
1	0.9559699221918021	0.9187715968957126	1.0404870213900526
1	0.8692850933005549	0.8810826085340863	0.9866102053096252
1	0.9324291355165123	0.9083296126640024	1.026531693469543
1	0.921585550960705	0.8930280592838564	1.0319782691931871
1	0.7966422735685401	0.76142149866272	1.046256606843487
1	0.8842310185397028	0.8902693596977755	0.9932173997764872
1	0.9469216923180964	0.9120228981690454	1.0382652609042087
1	0.9544798901205555	0.9157133609245159	1.0423347860261647
1	0.9001333347533172	0.8975774069699584	1.0028475848027272
1	0.9348528764504888	0.916297041803289	1.0202508944159434
1	0.9734115919778391	0.93000262542081	1.0466761763574455
1	0.8598980919039891	0.8661045489645776	0.9928340555790773
1	0.9390390968772973	0.9094076319980167	1.032583259516064
1	0.9151381222273792	0.8547145053654414	1.0706945026469432
1	0.9747899063947533	0.9216551115333544	1.0576514947907125
1	0.9106883810532633	0.901123509466042	1.0106143846950446
1	0.9297286221602902	0.8910346730815625	1.0434258623684174
1	0.8247727069576386	0.8783690723274318	0.938981952964512
1	0.9431655635703404	0.91582590807465	1.0298524591351284
1	0.8539503228540082	0.873885065656127	0.9771883699750018
1	0.8694953482955919	0.8852405970694276	0.9822135938794945
1	0.912047265672262	0.9029951335812012	1.010024563537968
1	0.9321423913399548	0.9122517573366873	1.0218038867486954
1	0.9324245398777278	0.9083065040739019	1.0265527503058192
1	0.8742988430958409	0.8821246392546278	0.9911284689140988
1	0.9158562291683034	0.9036309897828688	1.0135290174016411
1	0.9583971059374532	0.9213991370264148	1.0401541171727597
1	0.9602461553495002	0.9229742579888122	1.0403823801564136
1	0.9354661731431085	0.9236624548274092	1.0127792552939754
1	0.887946815325065	0.8922822919693782	0.9951411378626104
1	0.9556249520456284	0.9233639804560524	1.0349385207484942
1	0.9253709301905869	0.9035706179917153	1.0241268493737934
1	0.90795388370284	0.8999924062656969	1.0088461606805965
1	0.9608927073859839	0.9131627420075118	1.0522688488949317
1	0.8437656265611123	0.8843140701578838	0.9541470107000197
1	0.9313224839134746	0.9124585648756329	1.0206737267466088
1	0.9314318949789369	0.904761172462626	1.0294781908508708
1	0.9113716604550797	0.8978254974584151	1.015087745931711
1	0.9645653859587351	0.9231530873892574	1.044859622022816
1	0.9225783461768741	0.9053384952941527	1.019042436582927
1	0.8500712553688003	0.8714697173299963	0.9754455472913546
1	0.9262558660960871	0.8961921224500132	1.0335460922864235
1	0.9424365650764105	0.9052701424466243	1.041055615210437
1	0.9072088985255238	0.9043367565214282	1.0031759651295646
1	0.9479131732694124	0.9184224665808661	1.0321101756126843
1	0.9413838705770542	0.9105336904874132	1.0338814262579639
1	0.9427703520801921	0.9150839838593056	1.0302555488995897
1	0.9252327898632022	0.9120278155298068	1.014478696930668
1	0.9344753657665033	0.911170715294603	1.0255766017067014
1	0.9182572369881977	0.8934075195087515	1.0278145380879602
1	0.9281566394792549	0.905243345296753	1.0253117510352872
1	0.9355500669163831	0.9081609848099339	1.030158840298762
1	0.9451303421233487	0.9093905052966856	1.0393008686790755
1	0.9193924193434962	0.8808335446290532	1.0437754385599398
1	0.8486513734732378	0.8615505338415173	0.9850279700823071
1	0.887184806276472	0.9043620886612548	0.9810061892242623
1	0.9094949671330422	0.8879297841373995	1.0242870364086196
1	0.942291671026796	0.9121324696141112	1.0330644971178846
1	0.863641134547991	0.8721341608313194	0.990261789223767
1	0.8681300038048732	0.8824700250900243	0.9837501321547004
1	0.8172338087624834	0.8561866862272642	0.9545042242639578
1	0.9355136218474824	0.8921618254044593	1.048591853191398
1	0.9326213654125891	0.9098373750598782	1.025041827228972
1	0.8635030163143524	0.8625114342132106	1.0011496451662074
1	0.911086062146582	0.8964346562170642	1.0163440869090743
1	0.7997297190428241	0.8672681047829736	0.9221251359669794
1	0.9125825555650668	0.8997412137980495	1.0142722613681445
1	0.9586644070851433	0.9083654997155844	1.05537298299562
1	0.9340115543144435	0.917924132763455	1.0175258727565606
1	0.8640684117231759	0.8850982801155085	0.9762400754076845
2	0.8795759632175532	0.8966511558025312	0.9809567048740431
2	0.903298599614655	0.909614989120822	0.9930559746907073
2	0.9607317128265308	0.9213172940323401	1.0427805046638006
2	0.954627543002659	0.9251983812625225	1.0318084881428105
2	0.8771454243105369	0.8903236616611512	0.9851983745708538
2	0.9384716989454154	0.9186859359408268	1.0215370261266992
2	0.9244239724862271	0.9067110461853305	1.019535359556297
2	0.8565228721904959	0.8051795665800371	1.0637662798977092
2	0.9145460891538765	0.9096936974079427	1.0053340940579891
2	0.9511424195155648	0.9204802978311227	1.033311002697928
2	0.9521498659008857	0.9193202188658749	1.0357107853839125
2	0.9188846575763197	0.9124303266084123	1.007073779531089
2	0.9354313491027618	0.9234458385276382	1.0129791159102883
2	0.9736065929557506	0.9363101676630786	1.0398334083947411
2	0.8862644783473567	0.8864316126891709	0.9998114526383968
2	0.938340914657783	0.9182018027451972	1.0219332088571105
2	0.9190040227013064	0.8852382979532897	1.038143090765599
2	0.9738182843557128	0.927076981736807	1.0504179302686814
2	0.9333123785667752	0.9175102456273766	1.017222840850778
2	0.9418772075491612	0.9106606851834433	1.0342789832410846
2	0.8530905197655829	0.8935502910393053	0.954720208051566
2	0.9413723093793821	0.9218633624730191	1.0211625146421133
2	0.889374328289339	0.8957764045560033	0.9928530420827087
2	0.8793172702137817	0.8956488039968634	0.9817656946448187
2	0.9129689258152501	0.9110138299157446	1.0021460661027355
2	0.9273640499849877	0.9173729622199474	1.0108909769270538
2	0.9329162499234946	0.9154180827634985	1.0191149459350552
2	0.8858061514036725	0.8948453193446139	0.989898625219874
2	0.9253652645690663	0.9129356693140056	1.0136149738397235
2	0.9619148797061193	0.928626847458293	1.035846510725958
2	0.9652038656323871	0.9316549313707918	1.036010043130704
2	0.9435544560030523	0.9302746201454374	1.014275178071115
2	0.9059073401223077	0.9084587552124201	0.9971914904496507
2	0.9550408557540403	0.9300405469057124	1.0268808805503213
2	0.9278876529896277	0.9153267051061161	1.013722912063464
2	0.9259299219757828	0.9172485972112651	1.0094645277091858
2	0.956873551076598	0.9175642124149304	1.0428409675636865
2	0.8751423612273832	0.9020431908623832	0.9701778918044025
2	0.9252153060152497	0.9163344521293219	1.0096917166710158
2	0.9349251018660408	0.9137546292080507	1.023168662550403
2	0.9262736168343837	0.91174598966847	1.0159338536506164
2	0.9616129162284449	0.9274457514767881	1.0368400682166605
2	0.9279331514051853	0.9177439017049035	1.0111024978551784
2	0.8911441124710913	0.89349229773015	0.9973719020689668
2	0.9217374026863802	0.9001116743329535	1.0240256058999044
2	0.9405849513526957	0.9144319161210184	1.0286003088590974
2	0.9272804086469216	0.9200879579490827	1.0078171338247608
2	0.9507184535842409	0.9271287909144763	1.0254437818142794
2	0.9392548417630711	0.9180859648886104	1.0230576195302463
2	0.9437846170217474	0.9222029706495488	1.0234022737499942
2	0.9205799924487288	0.9170185332529992	1.0038837374236
2	0.948535628034307	0.9208390905605346	1.030077499704007
2	0.9228615835165722	0.9009067087507161	1.0243697538852838
2	0.9285017552326515	0.9131047886961454	1.0168622120123716
2	0.9279972211126898	0.9108860272219388	1.0187852194230462
2	0.9379969397632476	0.911671659638334	1.0288758346786353
2	0.9176204483230762	0.9016510758852962	1.017711255345756
2	0.8787447736287308	0.8856942633471858	0.992153624556411
2	0.9119389772800263	0.9180488297537662	0.993344741286388
2	0.9226711620952079	0.9038406064915488	1.0208339340680366
2	0.9435202763075785	0.9228630757942119	1.0223838195017056
2	0.8677160875823111	0.88240992446015	0.9833480602716154
2	0.8921001970971298	0.8998725357554209	0.9913628449036214
2	0.8268015543954046	0.873599296691669	0.9464311126697468
2	0.9279257996602742	0.8958167321668745	1.0358433442248078
2	0.935531259559856	0.9161702970825322	1.0211324930954182
2	0.8997562291066127	0.8903039299745018	1.0106169351991758
2	0.9133505730048574	0.9064855088610784	1.0075732751121464
2	0.8378687706682918	0.8847231594731252	0.9470406213478842
2	0.9140391270307981	0.9079822681598136	1.0066706796854743
2	0.9618922015884107	0.9233099609862288	1.04178687789848
2	0.9433990565196241	0.9283150750083896	1.016248773630115
2	0.8771742760684681	0.8966117176874907	0.9783212273099051
3	0.8812054188534344	0.8978031961175489	0.9815129002259184
3	0.9038848401550535	0.9103243490544912	0.9929261379132327
3	0.9607311540802947	0.9217967701316886	1.0422374922652897
3	0.954626986092579	0.9257042938677204	1.0312439862453437
3	0.8781991392142693	0.8914267552482049	0.9851612979349575
3	0.9384708088192022	0.919155858424945	1.0210137924022538
3	0.9259900652984632	0.9084284690912373	1.019331842632358
3	0.8588956665754014	0.8075230798408646	1.0636174841524786
3	0.9167951797468148	0.9113000812456068	1.006029955021728
3	0.9512339146978479	0.9209219125217661	1.032914845182778
3	0.9521492920939966	0.9197936356864709	1.0351770822847428
3	0.9192226994402337	0.9129733461795507	1.006845055539501
3	0.9354303704120791	0.923996078532183	1.0123748272807176
3	0.9736061380756017	0.9367428666888895	1.0393526043246137
3	0.8864380977274432	0.8869398295085823	0.9994343113653864
3	0.938340034451821	0.9186421939198454	1.0214423424727803
3	0.9197412881343372	0.8855889271902961	1.0385645753864563
3	0.9738179582411195	0.9275855860639397	1.0498416241819362
3	0.9333114044127264	0.9179688257769839	1.0167136161979753
3	0.9418763397307677	0.9110617376390068	1.0338227376024112
3	0.8562715768554576	0.895046028714036	0.9566788180555498
3	0.9431154628553646	0.9230912389276099	1.0216925728284645
3	0.8898120631974811	0.8962822182722172	0.9927811185552595
3	0.8809870662378756	0.8970034146671167	0.9821446070690991
3	0.9131816853207236	0.9115355536040218	1.0018058886569956
3	0.9275356966568676	0.9178312951482513	1.0105731865539067
3	0.9337716826339849	0.916197207541066	1.0191819784520912
3	0.887327635429169	0.8958361800238063	0.9905021199362465
3	0.9254243958955416	0.9133445383027802	1.0132259591930213
3	0.9619143661959277	0.9290915697838448	1.035327837943594
3	0.9652033885193574	0.9320998404574627	1.0355150238472821
3	0.9435537875323354	0.9302983555257163	1.0142485815737343
3	0.9059056582573908	0.9089079634113764	0.9966967995937486
3	0.9550403002949776	0.9304745603601202	1.0264013020682152
3	0.9283652511293932	0.9160763734685454	1.013414686828259
3	0.9272518363133535	0.9181309970216226	1.0099341371997226
3	0.9568731175678876	0.9180378225482293	1.0423025000341073
3	0.8751405097095897	0.9024864034301144	0.9696993842604275
3	0.9252624112925474	0.9168020021098898	1.009228174854753
3	0.9351264253172634	0.9142383017134469	1.0228475700095572
3	0.9263778696880054	0.912228134169621	1.015511180798282
3	0.9616124258536471	0.9279440419916116	1.0362827738941827
3	0.9290614994797486	0.9186522749140931	1.011330973481374
3	0.891142278172881	0.8939228202560233	0.9968895054247011
3	0.9253576191644204	0.9016576363836594	1.0262849021895009
3	0.9421455844629467	0.9154675419342084	1.0291414400912267
3	0.9296826772962458	0.92150722699316	1.008871824402031
3	0.9507177102069122	0.9275820535203141	1.0249418976992868
3	0.939881641067662	0.918716351891609	1.0230378931783182
3	0.9444759402285718	0.9228801173604438	1.023400463897624
3	0.9205788526067572	0.9175010436102964	1.0033545563984863
3	0.9485350580816181	0.921311526161072	1.0295486718091775
3	0.9243375930657842	0.9022183656625576	1.0245164898488661
3	0.9285007520792108	0.9135229572958289	1.0163956413615685
3	0.9279962561553258	0.9113898987671883	1.0182209144632834
3	0.9379961829848561	0.9121582574786741	1.0283261432918467
3	0.9177452971707867	0.9020966365222297	1.017346989241514
3	0.8793133494896154	0.8863663967168555	0.992042740729607
3	0.9120146694314816	0.9184914257254045	0.9929484847517136
3	0.9226699103964647	0.9043182146022549	1.0202934050181456
3	0.9435282788630722	0.9233133079085399	1.0218939451878177
3	0.8694014805262374	0.8839193888362407	0.9835755290659284
3	0.8929606903930734	0.9006492074073151	0.9914633611499258
3	0.8297777098900819	0.8751813436208428	0.9481208848180941
3	0.9320254852049736	0.8981072516485541	1.037766350838566
3	0.9367895880508676	0.9171075946772831	1.0214609425195202
3	0.9009634470858144	0.8912743650898963	1.0108710430541115
3	0.9133490834455337	0.9069463083955447	1.0070597068323879
3	0.8429542956433093	0.8870828802359597	0.9502542709640474
3	0.9143760974940683	0.9085140623009175	1.0064523329207526
3	0.9618915840502704	0.9237665986499692	1.0412712317765316
3	0.943489562747759	0.9287934764442906	1.0158227708055505
3	0.8772126174479156	0.896979443022424	0.9779629001218768
4	0.8812054188534344	0.8978031961175489	0.9815129002259184
4	0.9038848401550535	0.9103243490544912	0.9929261379132327
4	0.9607311540802947	0.9217967701316886	1.0422374922652897
4	0.954626986092579	0.9257042938677204	1.0312439862453437
4	0.8781991392142693	0.8914267552482049	0.9851612979349575
4	0.9384708088192022	0.919155858424945	1.0210137924022538
4	0.9259900652984632	0.9084284690912373	1.019331842632358
4	0.8588956665754014	0.8075230798408646	1.0636174841524786
4	0.9167951797468148	0.9113000812456068	1.006029955021728
4	0.9512339146978479	0.9209219125217661	1.032914845182778
4	0.9521492920939966	0.9197936356864709	1.0351770822847428
4	0.9192226994402337	0.9129733461795507	1.006845055539501
4	0.9354303704120791	0.923996078532183	1.0123748272807176
4	0.9736061380756017	0.9367428666888895	1.0393526043246137
4	0.8864380977274432	0.8869398295085823	0.9994343113653864
4	0.938340034451821	0.9186421939198454	1.0214423424727803
4	0.9197412881343372	0.8855889271902961	1.0385645753864563
4	0.9738179582411195	0.9275855860639397	1.0498416241819362
4	0.9333114044127264	0.9179688257769839	1.0167136161979753
4	0.9418763397307677	0.9110617376390068	1.0338227376024112
4	0.8562715768554576	0.895046028714036	0.9566788180555498
4	0.9431154628553646	0.9230912389276099	1.0216925728284645
4	0.8898120631974811	0.8962822182722172	0.9927811185552595
4	0.8809870662378756	0.8970034146671167	0.9821446070690991
4	0.9131816853207236	0.9115355536040218	1.0018058886569956
4	0.9275356966568676	0.9178312951482513	1.0105731865539067
4	0.9337716826339849	0.916197207541066	1.0191819784520912
4	0.887327635429169	0.8958361800238063	0.9905021199362465
4	0.9254243958955416	0.9133445383027802	1.0132259591930213
4	0.9619143661959277	0.9290915697838448	1.035327837943594
4	0.9652033885193574	0.9320998404574627	1.0355150238472821
4	0.9435537875323354	0.9302983555257163	1.0142485815737343
4	0.9059056582573908	0.9089079634113764	0.9966967995937486
4	0.9550403002949776	0.9304745603601202	1.0264013020682152
4	0.9283652511293932	0.9160763734685454	1.013414686828259
4	0.9272518363133535	0.9181309970216226	1.0099341371997226
4	0.9568731175678876	0.9180378225482293	1.0423025000341073
4	0.8751405097095897	0.9024864034301144	0.9696993842604275
4	0.9252624112925474	0.9168020021098898	1.009228174854753
4	0.9351264253172634	0.9142383017134469	1.0228475700095572
4	0.9263778696880054	0.912228134169621	1.015511180798282
4	0.9616124258536471	0.9279440419916116	1.0362827738941827
4	0.9290614994797486	0.9186522749140931	1.011330973481374
4	0.891142278172881	0.8939228202560233	0.9968895054247011
4	0.9253576191644204	0.9016576363836594	1.0262849021895009
4	0.9421455844629467	0.9154675419342084	1.0291414400912267
4	0.9296826772962458	0.92150722699316	1.008871824402031
4	0.9507177102069122	0.9275820535203141	1.0249418976992868
4	0.939881641067662	0.918716351891609	1.0230378931783182
4	0.9444759402285718	0.9228801173604438	1.023400463897624
4	0.9205788526067572	0.9175010436102964	1.0033545563984863
4	0.9485350580816181	0.921311526161072	1.0295486718091775
4	0.9243375930657842	0.9022183656625576	1.0245164898488661
4	0.9285007520792108	0.9135229572958289	1.0163956413615685
4	0.9279962561553258	0.9113898987671883	1.0182209144632834
4	0.9379961829848561	0.9121582574786741	1.0283261432918467
4	0.9177452971707867	0.9020966365222297	1.017346989241514
4	0.8793133494896154	0.8863663967168555	0.992042740729607
4	0.9120146694314816	0.9184914257254045	0.9929484847517136
4	0.9226699103964647	0.9043182146022549	1.0202934050181456
4	0.9435282788630722	0.9233133079085399	1.0218939451878177
4	0.8694014805262374	0.8839193888362407	0.9835755290659284
4	0.8929606903930734	0.9006492074073151	0.9914633611499258
4	0.8297777098900819	0.8751813436208428	0.9481208848180941
4	0.9320254852049736	0.8981072516485541	1.037766350838566
4	0.9367895880508676	0.9171075946772831	1.0214609425195202
4	0.9009634470858144	0.8912743650898963	1.0108710430541115
4	0.9133490834455337	0.9069463083955447	1.0070597068323879
4	0.8429542956433093	0.8870828802359597	0.9502542709640474
4	0.9143760974940683	0.9085140623009175	1.0064523329207526
4	0.9618915840502704	0.9237665986499692	1.0412712317765316
4	0.943489562747759	0.9287934764442906	1.0158227708055505
4	0.8772126174479156	0.896979443022424	0.9779629001218768
5	0.6229138619417909	0.6954460302364723	0.8957041019128136
5	0.732769507557548	0.7337030462882603	0.998727634108329
5	0.8862029821964608	0.7776854469768567	1.1395391101138008
5	0.8160203602588948	0.7502335952785589	1.0876883751865438
5	0.6729351104712384	0.6985315463899969	0.9633567931884529
5	0.75577308351979	0.7298292539742802	1.035547807112736
5	0.8161495850299804	0.7538333453401167	1.082665804152969
5	0.662566291943933	0.5830250733181468	1.1364284698308025
5	0.7227041439085966	0.7117817718824975	1.015345113428814
5	0.8259698927397089	0.7479682722839837	1.1042846646657094
5	0.8486850433303134	0.7684384118561248	1.1044281886955087
5	0.7263588896288092	0.7235101475727521	1.0039373906027638
5	0.7878461303862941	0.7469249275547556	1.0547862326211341
5	0.8984369536940274	0.79706245080804	1.1271851443801133
5	0.661560377219055	0.6830996246949257	0.9684683658178115
5	0.7348167133135023	0.7223313938225523	1.0172847526740851
5	0.7324443608221253	0.6749753672988885	1.0851423567547593
5	0.8559234054351392	0.7628632861034905	1.121987938110085
5	0.7326085185454234	0.726860745244522	1.0079076677871326
5	0.7445238091274347	0.6699877716825456	1.111249847527375
5	0.6925240241500983	0.7229584124640416	0.9579029889005448
5	0.8065858367749752	0.763777499115021	1.0560481785723665
5	0.6393650604360614	0.6775526786239647	0.9436388942252311
5	0.6327018800313807	0.6856998948299018	0.9227096063480249
5	0.7792226462267707	0.7456657251370603	1.0450026331618532
5	0.7643054824702858	0.7450198944181534	1.025886004114285
5	0.8330702099924839	0.7701185142036189	1.081742867659744
5	0.6960042607912231	0.6953031195310075	1.0010083965403298
5	0.7834691506225824	0.7416783437953929	1.0563462681319955
5	0.8158440531894481	0.7547866187284001	1.0808936366199924
5	0.8204645392268329	0.7601525540828986	1.079341948954837
5	0.8015104936053312	0.7387587278580626	1.0849421649869497
5	0.6829678177808863	0.7091549771239699	0.9630727271360521
5	0.8011163482190125	0.7631759247077442	1.049713863190584
5	0.7855910657563172	0.7475644641681581	1.0508673210282575
5	0.742213041103478	0.7343944265039585	1.0106463425066277
5	0.8396721001591902	0.76195921125097	1.1019908779377214
5	0.5526354122280067	0.6746150902493601	0.8191862592693181
5	0.7673005262317625	0.7460759196941266	1.0284483200400536
5	0.8088775724540167	0.7621150448370415	1.0613588826697078
5	0.7325556182019771	0.7373241837563638	0.9935326066071877
5	0.8477326550998504	0.7689170171732141	1.1025021376381912
5	0.8007077124642695	0.7513047263687579	1.0657562562321263
5	0.7066697883604632	0.69466476590556	1.0172817494770352
5	0.8089271368298285	0.72870150041092	1.1100939635415445
5	0.8510111810037603	0.756370016680669	1.125125483871537
5	0.7369061800806462	0.7381469641297076	0.9983190555412982
5	0.8350310173355959	0.7653168683632463	1.0910918756063022
5	0.8155632898814469	0.7599901381052431	1.0731235169903062
5	0.8263202150680853	0.760248250042331	1.0869084079076479
5	0.7311208266316062	0.7350691579383847	0.9946286260766916
5	0.7558448137241867	0.7413312158085213	1.0195777509514912
5	0.798491064114166	0.7410546334080799	1.0775063377472434
5	0.7792501438048025	0.7502132208975764	1.0387048936200904
5	0.7371898919585653	0.7104536665335157	1.0376326095345563
5	0.8280798437461386	0.7478306480242366	1.1073093165329877
5	0.7295092842598356	0.7139093465876412	1.0218514265806427
5	0.646623035020371	0.6558007400891012	0.9860053450572758
5	0.7133941973960468	0.7356997468961542	0.9696811782330871
5	0.7064331769605112	0.69156135523326	1.0215047032554834
5	0.7766580146353725	0.7500996749909186	1.035406414013945
5	0.6344385749482134	0.6643439330581645	0.9549851264957171
5	0.6346835163209991	0.6725116354276602	0.9437509819698425
5	0.6227033244244848	0.6778900624885487	0.9185904306349142
5	0.855645216804264	0.749801324171564	1.1411625843014404
5	0.7974596350754375	0.7466042210013657	1.0681156262495586
5	0.6478223167273529	0.6584323963483306	0.9838858481450469
5	0.6734852398959923	0.6871208765741066	0.9801554033024004
5	0.620205748310753	0.7034136318527154	0.881708457479276
5	0.7707075304360458	0.7373735842057125	1.0452063200314399
5	0.7303821083961826	0.7115689692876735	1.0264389538056193
5	0.7345083972839389	0.7342815927034819	1.0003088795670636
5	0.6312576276468432	0.6882138847432971	0.9172404707909976
6	0.4487131152732618	0.5427497717692347	0.8267403113050866
6	0.5378276827917952	0.555495971140386	0.9681936696816733
6	0.6962481021845346	0.5910493977184474	1.1779863153099763
6	0.6428201318662837	0.5814753845053448	1.1054984424028962
6	0.43328020975572196	0.4437667045661675	0.9763693519533032
6	0.6091303851132035	0.5688564502589943	1.070798063089331
6	0.6980567026000695	0.5951156048119073	1.172976640094487
6	0.5410793733923562	0.5131039353938901	1.0545219712201008
6	0.565866767901166	0.549598498472666	1.0296002799747626
6	0.5364675305673283	0.52527657137001	1.021304889285525
6	0.6417446362221503	0.5974469460119483	1.0741449772333695
6	0.5187832767084349	0.5272588439828397	0.9839252250177891
6	0.6223230411898	0.5770425005229892	1.0784700271223902
6	0.7072713142317566	0.6077020028146888	1.1638456199846197
6	0.547823038705322	0.5446939079802541	1.0057447507292139
6	0.6174904651584064	0.573302120874248	1.0770768896106193
6	0.5673512126767348	0.5106656513615793	1.1110032781018575
6	0.7051891398692909	0.5963604718576765	1.1824880640942057
6	0.43596867658064775	0.5079233381082604	0.858335587028537
6	0.5812884212499577	0.48837442049303204	1.1902515710448667
6	0.47269308680765415	0.530069158729271	0.8917573849058417
6	0.47384652715634723	0.5307383465289656	0.8928062768694001
6	0.5593715841235722	0.5673462671037953	0.985943887458831
6	0.49456350517530756	0.5026586458581718	0.9838953517470218
6	0.6039202777686229	0.5689546871947201	1.0614558441311093
6	0.5441799624556378	0.5514605312781692	0.9867976611024971
6	0.6163159372456508	0.5891135331301858	1.046175147209619
6	0.5419455490397777	0.5661597453447275	0.9572308054324736
6	0.6625595759815164	0.5936589575307448	1.1160609430326052
6	0.6490032843484344	0.5474655912025341	1.1854686299514603
6	0.6803249701748162	0.5864106838603717	1.160151049254768
6	0.6419189612913818	0.5643639558201712	1.137420196083399
6	0.4980972386657621	0.5296534198356111	0.940421075389935
6	0.601956935823119	0.5827230281155434	1.0330069463185207
6	0.6780132048648033	0.5984326389557726	1.1329816603049825
6	0.5735011548701202	0.5532296135490794	1.036642184049033
6	0.6485743735180428	0.5824591204982048	1.1135105463938593
6	0.4606332548847563	0.5320645698214349	0.8657469055670226
6	0.5084025165722207	0.5494853162269353	0.925234035484676
6	0.6907020561712884	0.6128488483356195	1.127034925572763
6	0.5889776562838855	0.522076146994748	1.128145117669608
6	0.682066732307657	0.6021975570821961	1.1326295237935666
6	0.6479867053502385	0.5918606665086056	1.0948298172485784
6	0.5194337421363494	0.5364201876500289	0.968333694546258
6	0.6619711198929172	0.5256567033595797	1.2593221310831273
6	0.6692952102920409	0.5751418040707871	1.1637046821407293
6	0.5286629265181682	0.5557769905949103	0.9512141298837886
6	0.5968075496852042	0.5617865173111334	1.0623386843488007
6	0.587421428746126	0.5598792190968737	1.0491931272135444
6	0.6069122824539763	0.565850353935342	1.072566762984346
6	0.519139339876482	0.5424630953483892	0.9570039774651806
6	0.6300440587258277	0.5864340189588334	1.074364785051898
6	0.6621269242957635	0.5482064847624992	1.2078057131750608
6	0.5843757962151996	0.5721943653126534	1.0212889738889515
6	0.6139587330264861	0.5318018084374888	1.1544878623680996
6	0.6272626541674838	0.5654162993325955	1.1093819808659395
6	0.5980830415806042	0.5405869467364891	1.1063586444164397
6	0.5280521978259458	0.5243632538736672	1.0070350924192857
6	0.5016509566781978	0.550690069264636	0.9109497059717772
6	0.6177583703660678	0.565368357938459	1.0926652715738145
6	0.6223616408268667	0.5824787957433226	1.0684708960652347
6	0.40071807324017306	0.4422733093576608	0.9060417275059153
6	0.41909835533034107	0.4806445746044136	0.8719506626601847
6	0.5808165077824013	0.5446948318436473	1.0663154372449097
6	0.731786370924207	0.6119199410990386	1.1958858042930949
6	0.6080531354636051	0.5475817146339228	1.1104336014399412
6	0.44276077159976507	0.5131643024968613	0.8628050888291731
6	0.5947652387736723	0.5602518029895934	1.0616034354551107
6	0.620048777029999	0.5821037495833421	1.065186021347255
6	0.4383351945220971	0.48668512177226286	0.9006546017390061
6	0.6343536731221814	0.5711920282457417	1.1105786526300503
6	0.5995017861685396	0.5714581571389169	1.049073810005665
6	0.4201211160876209	0.4985563114958011	0.8426753536168186
7	0.16809210753009401	0.33447563108294065	0.5025541232581212
7	0.2922528250000268	0.3568626397524476	0.8189504656546843
7	0.4574155311610715	0.38062155466556247	1.2017593999976826
7	0.519944504233419	0.4014577436367544	1.2951413006093946
7	0.269078592522201	0.3069016537778493	0.8767583661082957
7	0.46083275770593446	0.3899397266200034	1.1818051002405723
7	0.43205113469105433	0.37384022632461483	1.1557106599756162
7	0.5338136695679752	0.3603070889835424	1.4815519480172035
7	0.4485464731384425	0.3962329273329675	1.1320272551743642
7	0.3762487409143003	0.3308239742973157	1.137307964797499
7	0.38711237137452387	0.3825156992659344	1.0120169501994578
7	0.23479894337952265	0.30441369304452226	0.7713153144697139
7	0.4150198725118188	0.3632646693482368	1.1424724382264873
7	0.542646626609923	0.40188282304760675	1.3502608110863237
7	0.36149428805738565	0.33472986537331273	1.0799582751727979
7	0.4272081111678746	0.35717325862391364	1.196080895904092
7	0.3786871098953392	0.2976749197349523	1.2721498681599364
7	0.5202708383560508	0.41851023375956314	1.2431496206970887
7	0.28214654911563136	0.3304272312858074	0.8538840700801229
7	0.41377250845985375	0.29706905484091595	1.3928495806519932
7	0.3067458915660168	0.3520455843434702	0.8713243545947812
7	0.2892841333325721	0.33203341049517526	0.8712500736029865
7	0.40421973807813105	0.3667447278967917	1.1021828190857743
7	0.39105987972331024	0.3385250664505063	1.1551873656613985
7	0.34757820435916925	0.34931175751708693	0.9950372321554826
7	0.35819179549889163	0.3517673673672355	1.0182632862727974
7	0.42920055341915037	0.3785985697292824	1.1336560350084022
7	0.40255269601831195	0.3578176512667583	1.1250219059713267
7	0.4346736486954913	0.3891937173552515	1.1168567973021164
7	0.442980992566384	0.3646988097683982	1.2146488573617744
7	0.4879403790114713	0.36631028456116865	1.3320411672197867
7	0.5148949762346784	0.3293853126781233	1.5631995611711924
7	0.3576791856695421	0.3359388051861898	1.0647152997740257
7	0.3412043710054297	0.35843272382150265	0.9519342078134234
7	0.44537416136471697	0.38569586052165944	1.154728911952391
7	0.3607754383683477	0.3542221332392362	1.0185005523770745
7	0.4510603847919315	0.37430669183669163	1.2050556258522014
7	0.27865407523652086	0.33468521008188884	0.8325855665039438
7	0.2937799341401364	0.34120345709666466	0.8610110127251938
7	0.48968004686581673	0.40295623117845364	1.2152189468164756
7	0.48249872292739504	0.3275241397549817	1.4731699571468189
7	0.5363276810126187	0.3655361828068139	1.467235546682032
7	0.47184478300118826	0.40411317416464954	1.1676055450964895
7	0.3394807622287507	0.35314291064400466	0.9613126923875119
7	0.5207153714260578	0.3442564319708542	1.5125799348032027
7	0.4162044390519817	0.3704545413553543	1.1234966577255219
7	0.24427878316868884	0.3275438061233647	0.7457896580608357
7	0.46456131924891486	0.3732531406158267	1.244628025051416
7	0.38467231698472176	0.36979958944546554	1.0402183451895084
7	0.46847279452360785	0.37048225054942174	1.2644945711403637
7	0.28475013721129094	0.3528926834552228	0.806902921373324
7	0.40486190486330964	0.34394794960229924	1.1771022485566323
7	0.5717045081990729	0.3493531140299271	1.6364660432083575
7	0.42340090495903554	0.3938140822953841	1.0751289097921581
7	0.4945112387426283	0.3351986308980624	1.475278217627967
7	0.4650299704039653	0.39099587183655976	1.1893475197568135
7	0.3542027731270478	0.31705918969681507	1.1171503133713012
7	0.29851537362864927	0.3199601951969881	0.9329765955570317
7	0.33276147234969755	0.3662573629629759	0.9085454819466268
7	0.39755864905090815	0.34421375436238344	1.1549760694116946
7	0.45854088494564543	0.359493846725328	1.275518034933139
7	0.2583847034125127	0.28480647609787446	0.9072290312798861
7	0.30963763913152037	0.3050517041665051	1.0150333038707173
7	0.403011225885158	0.3630491277864486	1.1100735273552722
7	0.5552891855568298	0.41197879884679706	1.3478586449380026
7	0.4880639046326224	0.3685232993757597	1.3243773336973592
7	0.22655087206357663	0.32435172120742417	0.6984728529271361
7	0.2866610047040878	0.30963239725874914	0.9258107589579363
7	0.4792687385420413	0.40390892209687984	1.1865762609400492
7	0.30139035206066106	0.28299118414045527	1.0650167529991812
7	0.37627153798435126	0.3130784537511611	1.2018442453514122
7	0.4124384398565961	0.36367002635441514	1.1341007230952096
7	0.3296803363567536	0.34571584818345835	0.9536164977366172
8	0.1584451392912274	0.2595937979415985	0.6103579536475414
8	0.16152615841805898	0.2628564453870426	0.6145033201686191
8	0.2939171862782131	0.21302899172532766	1.3797050997508356
8	0.4107496972614901	0.34462216025895076	1.191884169470851
8	0.2310391324628332	0.30329259951887794	0.7617697656630509
8	0.366609624254687	0.3285419080447364	1.1158686769566308
8	0.43249571841962237	0.3302379629362957	1.3096486986962568
8	0.5736434596798572	0.3603668592040834	1.5918318930514936
8	0.34903346472787566	0.3121035306256423	1.118325909444868
8	0.24399766249680863	0.2037735828869691	1.1973959481889829
8	0.36444196901246023	0.3234554628413308	1.1267145275924282
8	0.1475427166265796	0.24254195602647416	0.6083183258012271
8	0.30824314171141953	0.28286026116780666	1.0897364671828345
8	0.43605492336322144	0.3098281076557891	1.4074091813763618
8	0.4525758447070523	0.3575564971369667	1.2657463878601742
8	0.5080185253227063	0.36610021846648644	1.3876487904068577
8	0.582001066260697	0.22068319567112998	2.63726952335789
8	0.5070449238278001	0.3730648207193294	1.3591335759028025
8	0.1898309746485637	0.2584487420252302	0.7345014456678302
8	0.43734631724014217	0.3134636187855736	1.3952059857361347
8	0.2681837193811468	0.31748248915792127	0.8447197201095007
8	0.24410607719936478	0.2967267567009176	0.8226628427897683
8	0.3638304812278671	0.33593453121376543	1.083039840868132
8	0.4351874897513863	0.32488469777994233	1.339513657384247
8	0.3023144692498388	0.33541131965741205	0.9013245872519202
8	0.2498517492613259	0.2869144710403724	0.8708231005405395
8	0.4920095125449273	0.3161023873690854	1.5564878096616537
8	0.2696541805874447	0.3030193149432706	0.8898910640000876
8	0.5059591427526989	0.39671392094741836	1.275375317166549
8	0.35456303867411615	0.2606812882672984	1.3601399664350011
8	0.42686194348642575	0.2927733289569244	1.4579946370361823
8	0.5767585903196967	0.2636369668275537	2.1876999923798905
8	0.30112515667253326	0.2806832360778466	1.0728291467646367
8	0.4133169098178396	0.34412478772012284	1.2010669517767805
8	0.3647024260719156	0.33333223165059	1.0941108943050215
8	0.3624762268704879	0.3134653784314351	1.1563517115807194
8	0.367345068405468	0.3045341864492388	1.2062523182982572
8	0.1601693782455051	0.27257996112189387	0.5876051107582323
8	0.24500785992971572	0.28383798663793547	0.8631961593014272
8	0.5087294448122687	0.3480397182810959	1.4616993926003323
8	0.561945190633612	0.3091396952552002	1.8177710570935142
8	0.4068915010948571	0.2707496026874087	1.5028332343099675
8	0.36731546437477874	0.35132948167324674	1.045501398360869
8	0.419296242220034	0.35067734380362625	1.1956753113050647
8	0.3673416190738773	0.25309946823900525	1.4513725438845713
8	0.31021986290411113	0.2974680880146479	1.042867707170106
8	0.2180257485283582	0.25569340566822607	0.8526842839711581
8	0.3232875195383378	0.2411208810500085	1.3407694851251306
8	0.1844651566633267	0.2604345586691252	0.7082975377998298
8	0.3770397823878524	0.2588510279307227	1.456589859433593
8	0.39206683725713437	0.3377845225966287	1.1607010121222392
8	0.44455763908369	0.2973753375708966	1.494937820718586
8	0.42532073487801936	0.2742990336780966	1.5505732162992383
8	0.4630984703449434	0.36018330652102337	1.2857299657165344
8	0.5243919818566166	0.25152157618278337	2.084878720207826
8	0.39767681713243375	0.2743036283899646	1.449768708735691
8	0.43258670721199804	0.2710405806231884	1.5960219175201575
8	0.36982042060327813	0.3317608503886285	1.114719895883032
8	0.15091390921332729	0.27861016384735393	0.5416669195744438
8	0.3349894261544392	0.2994524314049536	1.118673254989967
8	0.45097516189448056	0.30586595430706864	1.4744209204850962
8	0.2188653234833656	0.2908435653588476	0.7525190499343726
8	0.3771231844631743	0.31697940252710954	1.1897403473429822
8	0.3565467232173456	0.3270613624317596	1.0901523817009662
8	0.6012034468541974	0.37879184298958984	1.587160489278857
8	0.5415235466549373	0.3232646002262946	1.6751711949772883
8	0.21812154801768732	0.28840515393520083	0.7563025314960048
8	0.22358583733013485	0.28030601388643184	0.7976490915415122
8	0.47584782122637215	0.3615230782837626	1.3162308295374576
8	0.2778827804852704	0.21522208900412068	1.2911443326802297
8	0.37120975698319625	0.3004640047690031	1.2354549999045061
8	0.46856390952459215	0.3138463034606267	1.4929725294131921
8	0.2185335361627612	0.2905325391333106	0.7521826533257511
9	0.23743863322838862	0.3529694982790989	0.6726888141497198
9	0.20410728283544854	0.3325593388761283	0.6137469587389167
9	0.3469075256260823	0.2937941277421975	1.1807844094504554
9	0.5079438311729105	0.4492849026262513	1.1305606491644258
9	0.33267022890314246	0.3983941651907671	0.8350278642857297
9	0.4723144401604483	0.4332438523344304	1.0901815169805535
9	0.5259076028820705	0.43142366503806695	1.2190049955550462
9	0.6579610509322452	0.448388259242216	1.467391345268966
9	0.4837150704455281	0.42444512767058606	1.1396410016536735
9	0.28245358973855433	0.254132819536587	1.1114408215893188
9	0.44106649196450687	0.41691192862878423	1.0579368487132679
9	0.2258824577324154	0.33524467795301194	0.673783873652053
9	0.42146884674873986	0.38541080396045924	1.0935574260444965
9	0.524006847270115	0.40864226733877446	1.282311912281214
9	0.5696912733364041	0.4667210904109248	1.2206246622256114
9	0.6371332033872369	0.48761395685934544	1.306634468567972
9	0.6381979090215683	0.30254911881598673	2.1094026368978662
9	0.6251488277057559	0.4810876977887446	1.2994487919337139
9	0.2237868575139737	0.3324468308374351	0.6731508221938937
9	0.5131165394585687	0.4046112760732368	1.2681716249689785
9	0.3935220291808438	0.42313476987865306	0.9300158181132181
9	0.38449857002048715	0.4114294211850417	0.934543205279327
9	0.508329897125554	0.45673639349675815	1.1129612274463125
9	0.5758442629400968	0.435550173297727	1.3221077575980429
9	0.42266218138174055	0.44316400118267235	0.9537376236647864
9	0.3853059703871579	0.3950861533900313	0.9752454422435344
9	0.5715735719504024	0.398486876442269	1.4343598390327652
9	0.3716848715031085	0.4079462310438971	0.9111124045735168
9	0.6149332649815377	0.5029084761079392	1.2227538293658717
9	0.46161384759083757	0.3556833448315919	1.297822499418412
9	0.47658242337553314	0.37854680347592845	1.2589788607364074
9	0.6758733464135469	0.35126263954282305	1.9241253419185504
9	0.32970798279512503	0.3478660709118675	0.9478014970843682
9	0.5216523027856773	0.4488432256331659	1.1622149405280706
9	0.5095204007249584	0.4482232421729939	1.1367558680241454
9	0.4542657259790574	0.41997544954109717	1.0816482879545195
9	0.4589789823368563	0.40698387357700927	1.1277571720541613
9	0.29687802535426955	0.3916180354598585	0.758080574623331
9	0.3364029253574747	0.38635124185308	0.8707178570048457
9	0.593824651978618	0.4417651996240951	1.3442087617673657
9	0.6411919017475359	0.41265141223286383	1.5538342599581463
9	0.48502676392077054	0.362988576642619	1.3362039334871532
9	0.5168759210657057	0.47206950495191724	1.0949148708903622
9	0.525936380389386	0.4574663982898885	1.1496721559341923
9	0.46777011893319503	0.3367609038096753	1.3890273889915714
9	0.4080290058427814	0.3906236513689354	1.0445578612888624
9	0.28487173397060506	0.3415901407707097	0.8339577170695435
9	0.4242408729563977	0.32807366309597313	1.2931268817890214
9	0.28006588819970185	0.35903158817022884	0.7800591853965598
9	0.5462265103181899	0.38277233396962324	1.4270271434025281
9	0.49219617415093725	0.4422514263195727	1.1129329265187586
9	0.5080327150575847	0.3695349706700903	1.3747892767397678
9	0.4813301082112711	0.35215400716059186	1.3668170698729871
9	0.5769873444784497	0.4641460266928161	1.243115983540057
9	0.6254666615046519	0.3373795528036363	1.8538961721509242
9	0.5425666865566796	0.38372832262869283	1.4139344285036881
9	0.5517425088323993	0.3693394461851526	1.4938629343040892
9	0.4780899380102364	0.4324505385048242	1.105536692504091
9	0.1437840876896651	0.332460938823205	0.4324841534726164
9	0.4729842899689055	0.42867752484301375	1.103356865145
9	0.5890273708977757	0.43258123960950967	1.3616572263501063
9	0.34147369006898215	0.4055545899374482	0.8419919254807355
9	0.5133932041494652	0.42984125608312895	1.194378615090818
9	0.4389437460778078	0.42780854607615343	1.0260284655455953
9	0.7186260042038962	0.47992633548578423	1.4973673063314994
9	0.6171182991561178	0.42408220211538306	1.4551855656234638
9	0.3649808482529663	0.4066212070688532	0.8975942275218421
9	0.31004536276527367	0.3820409815571011	0.8115500109480618
9	0.5459879989838398	0.44831933271273505	1.2178551294679207
9	0.3283421004071444	0.2816929021451757	1.1656030304871763
9	0.47419640594498197	0.40057734522325333	1.1837823870960515
9	0.5500073868595926	0.4251069859905149	1.2938093350266997
9	0.3168063362357364	0.38288646004768895	0.8274158772714967
