0	1.0	0.9999908745262873	1.0000091255569876
0	1.0	0.9999908745262873	1.0000091255569876
0	1.0	0.9999908745262873	1.0000091255569876
0	1.0	0.9999908745262873	1.0000091255569876
0	1.0	0.9999908745262873	1.0000091255569876
0	1.0	0.9999908745262873	1.0000091255569876
0	1.0	0.9999908745262873	1.0000091255569876
0	1.0	0.9999908745262873	1.0000091255569876
0	1.0	0.9999908745262873	1.0000091255569876
0	1.0	0.9999908745262873	1.0000091255569876
0	0.9994715756181195	0.9997305251986879	0.9997409806202358
0	1.0	0.9999908745262873	1.0000091255569876
0	1.0	0.9999908745262873	1.0000091255569876
0	1.0	0.9999908745262873	1.0000091255569876
0	1.0	0.9999908745262873	1.0000091255569876
0	1.0	0.9999908745262873	1.0000091255569876
0	1.0	0.9999908745262873	1.0000091255569876
0	1.0	0.9999908745262873	1.0000091255569876
0	1.0	0.9999908745262873	1.0000091255569876
0	1.0	0.9999908745262873	1.0000091255569876
0	1.0	0.9999908745262873	1.0000091255569876
0	1.0	0.9999908745262873	1.0000091255569876
0	1.0	0.9999908745262873	1.0000091255569876
0	1.0	0.9999908745262873	1.0000091255569876
0	1.0	0.9999908745262873	1.0000091255569876
0	1.0	0.9999908745262873	1.0000091255569876
0	1.0	0.9999908745262873	1.0000091255569876
0	1.0	0.9999908745262873	1.0000091255569876
0	1.0	0.9999908745262873	1.0000091255569876
0	1.0	0.9999908745262873	1.0000091255569876
0	1.0	0.9999908745262873	1.0000091255569876
0	1.0	0.9999908745262873	1.0000091255569876
0	1.0	0.9999908745262873	1.0000091255569876
0	1.0	0.9999908745262873	1.0000091255569876
0	1.0	0.9999908745262873	1.0000091255569876
0	1.0	0.9999908745262873	1.0000091255569876
0	1.0	0.9999908745262873	1.0000091255569876
0	1.0	0.9999908745262873	1.0000091255569876
0	1.0	0.9999908745262873	1.0000091255569876
0	1.0	0.9999908745262873	1.0000091255569876
0	1.0	0.9999908745262873	1.0000091255569876
0	1.0	0.9999908745262873	1.0000091255569876
0	1.0	0.9999908745262873	1.0000091255569876
0	0.9983882828890931	0.9989412370598596	0.9994464597613429
0	1.0	0.9999908745262873	1.0000091255569876
0	1.0	0.9999908745262873	1.0000091255569876
0	1.0	0.9999908745262873	1.0000091255569876
0	1.0	0.9999908745262873	1.0000091255569876
0	1.0	0.9999908745262873	1.0000091255569876
0	1.0	0.9999908745262873	1.0000091255569876
0	1.0	0.9999908745262873	1.0000091255569876
0	1.0	0.9999908745262873	1.0000091255569876
0	1.0	0.9999908745262873	1.0000091255569876
0	1.0	0.9999908745262873	1.0000091255569876
0	1.0	0.9999908745262873	1.0000091255569876
0	1.0	0.9999908745262873	1.0000091255569876
0	1.0	0.9999908745262873	1.0000091255569876
0	1.0	0.9999908745262873	1.0000091255569876
0	1.0	0.9999908745262873	1.0000091255569876
0	1.0	0.9999908745262873	1.0000091255569876
0	1.0	0.9999908745262873	1.0000091255569876
0	1.0	0.9999908745262873	1.0000091255569876
0	1.0	0.9999908745262873	1.0000091255569876
0	1.0	0.9999908745262873	1.0000091255569876
0	1.0	0.9999908745262873	1.0000091255569876
0	1.0	0.9999908745262873	1.0000091255569876
0	1.0	0.9999908745262873	1.0000091255569876
0	1.0	0.9999908745262873	1.0000091255569876
0	1.0	0.9999908745262873	1.0000091255569876
0	1.0	0.9999908745262873	1.0000091255569876
0	1.0	0.9999908745262873	1.0000091255569876
0	1.0	0.9999908745262873	1.0000091255569876
0	1.0	0.9999908745262873	1.0000091255569876
0	1.0	0.9999908745262873	1.0000091255569876
0	1.0	0.9999908745262873	1.0000091255569876
0	1.0	0.9999908745262873	1.0000091255569876
0	1.0	0.9999908745262873	1.0000091255569876
0	1.0	0.9999908745262873	1.0000091255569876
0	1.0	0.9999908745262873	1.0000091255569876
0	1.0	0.9999908745262873	1.0000091255569876
0	1.0	0.9999908745262873	1.0000091255569876
0	1.0	0.9999908745262873	1.0000091255569876
0	1.0	0.9999908745262873	1.0000091255569876
0	1.0	0.9999908745262873	1.0000091255569876
0	1.0	0.9999908745262873	1.0000091255569876
0	1.0	0.9999908745262873	1.0000091255569876
0	1.0	0.9999908745262873	1.0000091255569876
0	1.0	0.9999908745262873	1.0000091255569876
0	1.0	0.9999908745262873	1.0000091255569876
0	1.0	0.9999908745262873	1.0000091255569876
0	1.0	0.9999908745262873	1.0000091255569876
0	1.0	0.9999908745262873	1.0000091255569876
0	1.0	0.9999908745262873	1.0000091255569876
0	1.0	0.9999908745262873	1.0000091255569876
0	1.0	0.9999908745262873	1.0000091255569876
0	1.0	0.9999908745262873	1.0000091255569876
0	1.0	0.9999908745262873	1.0000091255569876
0	1.0	0.9999908745262873	1.0000091255569876
0	1.0	0.9999908745262873	1.0000091255569876
0	1.0	0.9999908745262873	1.0000091255569876
0	1.0	0.9999908745262873	1.0000091255569876
0	1.0	0.9999908745262873	1.0000091255569876
0	1.0	0.9999908745262873	1.0000091255569876
0	1.0	0.9999908745262873	1.0000091255569876
0	1.0	0.9999908745262873	1.0000091255569876
0	1.0	0.9999908745262873	1.0000091255569876
0	1.0	0.9999908745262873	1.0000091255569876
0	1.0	0.9999908745262873	1.0000091255569876
0	1.0	0.9999908745262873	1.0000091255569876
0	1.0	0.9999908745262873	1.0000091255569876
0	1.0	0.9999908745262873	1.0000091255569876
0	1.0	0.9999908745262873	1.0000091255569876
0	1.0	0.9999908745262873	1.0000091255569876
0	1.0	0.9999908745262873	1.0000091255569876
0	1.0	0.9999908745262873	1.0000091255569876
0	1.0	0.9999908745262873	1.0000091255569876
0	1.0	0.9999908745262873	1.0000091255569876
0	1.0	0.9999908745262873	1.0000091255569876
0	1.0	0.9999908745262873	1.0000091255569876
0	1.0	0.9999908745262873	1.0000091255569876
0	1.0	0.9999908745262873	1.0000091255569876
0	1.0	0.9999908745262873	1.0000091255569876
0	1.0	0.9999908745262873	1.0000091255569876
0	1.0	0.9999908745262873	1.0000091255569876
0	1.0	0.9999908745262873	1.0000091255569876
0	1.0	0.9999908745262873	1.0000091255569876
0	1.0	0.9999908745262873	1.0000091255569876
0	1.0	0.9999908745262873	1.0000091255569876
0	1.0	0.9999908745262873	1.0000091255569876
0	1.0	0.9999908745262873	1.0000091255569876
0	1.0	0.9999908745262873	1.0000091255569876
0	1.0	0.9999908745262873	1.0000091255569876
0	1.0	0.9999908745262873	1.0000091255569876
0	1.0	0.9999908745262873	1.0000091255569876
0	1.0	0.9999908745262873	1.0000091255569876
0	1.0	0.9999908745262873	1.0000091255569876
0	1.0	0.9999908745262873	1.0000091255569876
0	1.0	0.9999908745262873	1.0000091255569876
0	1.0	0.9999908745262873	1.0000091255569876
0	1.0	0.9999908745262873	1.0000091255569876
0	1.0	0.9999908745262873	1.0000091255569876
0	1.0	0.9999908745262873	1.0000091255569876
0	1.0	0.9999908745262873	1.0000091255569876
0	1.0	0.9999908745262873	1.0000091255569876
0	1.0	0.9999908745262873	1.0000091255569876
0	1.0	0.9999908745262873	1.0000091255569876
1	0.9193289077299447	0.8768620622326277	1.0484304742175636
1	0.9551640816501358	0.7674986119231353	1.2445157122261938
1	0.8500262897273376	0.8564560787387469	0.9924925642177962
1	0.8211306179824327	0.8510909437585699	0.9647977387189353
1	0.9760809292091895	0.8846920954241588	1.1033001586175752
1	0.9563181274945354	0.8787846988335535	1.0882280139423173
1	0.9297019038031863	0.8759880332311217	1.0613180414964558
1	0.9390178407570813	0.8854803069457406	1.0604615747988861
1	0.9217752252269286	0.8667063540592792	1.063538095584197
1	0.8271282908197918	0.8315917896043156	0.9946325843516954
1	0.9058253181369389	0.860839736691835	1.0522577891420084
1	0.9193970973814883	0.8766467149144971	1.0487658046732782
1	0.9039417977284299	0.8585171422178399	1.0529105981427962
1	0.9127992041384481	0.8469578526835546	1.0777386398228408
1	0.8273401090030414	0.675842360233767	1.2241613691051756
1	0.6803762121161933	0.6937204489765904	0.9807642446174346
1	0.8524471795410047	0.8562522752720806	0.9955561043853964
1	0.8357218908268795	0.8184579133946513	1.0210932989341184
1	0.9393332518421268	0.8823548742435847	1.0645753531393907
1	0.9386709585376078	0.87416054305132	1.0737969884354535
1	0.9643187455328561	0.8779145988024029	1.0984197629795889
1	0.9331070502341763	0.8778025851262415	1.0630033062616022
1	0.891255941821214	0.8738213140111537	1.0199521658839255
1	0.8662245676366449	0.8138368289704904	1.0643713049118524
1	0.9169005171969055	0.8770703803654613	1.0454127031571259
1	0.955201487811195	0.8980630985741397	1.0636240252247022
1	0.9645906453455467	0.8882169595373729	1.0859853946584774
1	0.967748376641811	0.9028823113715189	1.071843322715845
1	0.8160199296728365	0.828383978365178	0.9850744956261202
1	0.8603766536948886	0.8196674336177607	1.0496655331265874
1	0.9314332373991133	0.8525191089348935	1.092565817747842
1	0.8969513313412495	0.8759556566215078	1.023968878516888
1	0.9417392591847242	0.8219365389199497	1.1457566546709301
1	0.9591661880498826	0.7573646660487081	1.2664522535148162
1	0.9590210154623662	0.8778481005722703	1.092468064619812
1	0.9558077940425864	0.8808165057068414	1.0851383776869232
1	0.9591784042674615	0.8534410757855271	1.1238952887106017
1	0.9542376324120528	0.8745895190925101	1.0910691376706492
1	0.8505492003507792	0.8304289164715148	1.024228785246009
1	0.9330941104829215	0.8401125629470981	1.11067748732342
1	0.8763337235163821	0.8196881703346012	1.069106222624462
1	0.9141778437973891	0.858238952505123	1.0651786907701932
1	0.9361292245441615	0.8872086696576247	1.0551398521673772
1	0.8994527017252288	0.8748920083397995	1.0280728285906233
1	0.9201337561869796	0.8864211171510404	1.0380323058461103
1	0.8388363903903464	0.7352809377958051	1.1408379399919921
1	0.80739226002684	0.8235614988279423	0.9803666892829331
1	0.8458406881386702	0.8453793638507188	1.000545700909767
1	0.9440375552789917	0.8863457265958355	1.065089532167918
1	0.95648096095514	0.8586180270670088	1.1139772643982626
1	0.9511397741498155	0.8815513558387127	1.078938586901606
1	0.9190917627231194	0.8800597589666399	1.0443515379027335
1	0.8670285224417826	0.8548322140592136	1.0142674880309601
1	0.9410668479584825	0.8852485845243385	1.0630537731547305
1	0.9594875306454925	0.8629242450713841	1.1119023901873568
1	0.9064167531824673	0.807459851239782	1.1225533403187116
1	0.8765960900702371	0.8560633073605327	1.0239851218165306
1	0.885499027789615	0.8516941296199325	1.0396913598368558
1	0.9605897082837354	0.8910315681331762	1.0780647315294252
1	0.9098085136807921	0.8747013643290316	1.0401361547877437
1	0.9267421294224251	0.8861487223288212	1.0458087971812715
1	0.9119109884616355	0.880062853189729	1.0361884780802588
1	0.9337979277940711	0.8691610868232017	1.0743669291582278
1	0.9747659892133264	0.8983739105365071	1.085033723465097
1	0.8200706189112908	0.8234331747589527	0.9959164192666318
1	0.8732278052080865	0.8598996474421904	1.0154996665082272
1	0.9297967589637255	0.8908764189005293	1.0436876981335184
1	0.9527848746727472	0.8861981328212827	1.0751375334536988
1	0.9411977309464639	0.8685206589005966	1.0836791517865152
1	0.8775738096722172	0.8601173754157556	1.0202954093887753
1	0.8272415301343404	0.8253013940408189	1.0023508212969594
1	0.9623185836325862	0.8727041112040899	1.1026859748659292
1	0.9613229669864696	0.8804884196277003	1.091806485533278
1	0.9257413787054976	0.877049391531326	1.0555179533152124
1	0.885033339792877	0.7634690161810864	1.1592262698751836
1	0.8996995475815586	0.8663319454129776	1.0385159549353506
1	0.8918895264523357	0.8580322967027284	1.039459155418409
1	0.9562473814486185	0.8891976407506739	1.0754047667528002
1	0.8570057957909558	0.8467730715212435	1.012084376102477
1	0.9670131569056583	0.8875562237783755	1.0895232673700717
1	0.9116555304298906	0.865688926172856	1.0530982930095334
1	0.8587361202089655	0.8387702277972281	1.0238037686008141
1	0.959801210253783	0.8938499314814352	1.0737833907567038
1	0.9586395172326991	0.8966905922048127	1.0690861770675706
1	0.9068676389608642	0.8664913869528873	1.0465974072171271
1	0.8971780215464161	0.860297118649409	1.0428699598051738
1	0.8440256897184046	0.7901279729012978	1.0682139079561985
1	0.8254134365982033	0.8381752138534716	0.9847743323301144
1	0.9030928388066567	0.8403904655377247	1.0746110002911704
1	0.9556148511953838	0.8635425441936893	1.106621622317016
1	0.9022403194462063	0.8548259710239463	1.0554666681049303
1	0.9508187024813367	0.8672644785307685	1.0963422646942917
1	0.8746407466770346	0.8644341346055499	1.011807275607114
1	0.8294016512313682	0.8532973241332455	0.9719960766006739
1	0.9543023329118017	0.8908493932111086	1.0712274602017453
1	0.9404474217097306	0.8870239969348306	1.0602277108167402
1	0.9461787618681944	0.8885021253686997	1.0649144609255277
1	0.9289769157061828	0.8742935997469942	1.0625457123042112
1	0.9394591950735063	0.8888115227911512	1.0569835909904783
1	0.9258733919053828	0.8756805015043807	1.0573187256251257
1	0.9539598958120589	0.8830183806017033	1.0803397944695272
1	0.9000098592625626	0.8791927040682208	1.0236775795545348
1	0.9284023040931902	0.8772239882442351	1.0583412179042078
1	0.9047548339071424	0.8603746650731661	1.0515823752553224
1	0.9361107802276976	0.8636400461955653	1.0839131237039947
1	0.88246742260397	0.8561725459349242	1.0307121231507514
1	0.9449773282254412	0.8808123502552705	1.072847500323508
1	0.866188734006383	0.8561196041273137	1.0117613588458043
1	0.898007399549364	0.8527696210336164	1.0530480652686904
1	0.9229762059143045	0.8805093929398911	1.0482298239120686
1	0.8754943888738401	0.8589211157860882	1.0192954542427146
1	0.9766397598531633	0.873511292045024	1.1180619744098554
1	0.9262676498402881	0.8393345479812151	1.103573839618739
1	0.9287922691100936	0.8189825501224592	1.134080657727341
1	0.7575871564882359	0.7975008483075987	0.9499515368490643
1	0.8190474641266594	0.8243766692369181	0.9935354731530774
1	0.9475194928114549	0.8836568868577345	1.072270817897221
1	0.9517693210151752	0.835439197620468	1.1392442726245589
1	0.8803275293551931	0.8379308054829251	1.050596927090935
1	0.8663134212178795	0.82984349406774	1.0439479581521698
1	0.9614319819195221	0.8519725495664365	1.1284776515496757
1	0.9345861915172217	0.8786618860504046	1.0636471279278967
1	0.8381363315201746	0.8221682946475741	1.01942185921855
1	0.878598998825009	0.8326173634050363	1.0552254101835303
1	0.8322373687294504	0.8463221132052964	0.9833577023971376
1	0.8368869358755366	0.8222134026920932	1.0178463804352973
1	0.9074597210698299	0.8692975415300703	1.043900020092763
1	0.8954276986479316	0.6822364713938973	1.3124887574809025
1	0.9185862814361027	0.8481427373501531	1.0830562368617762
1	0.9164457032593557	0.8497552953431985	1.0784818974140342
1	0.9392213013838729	0.8908994557524111	1.0542393929185325
1	0.9296849717735853	0.858290558504561	1.0831821025660797
1	0.910490215527053	0.8438719288384516	1.0789435984442546
1	0.7158361375392136	0.7931713185529915	0.9024987676623721
1	0.9345954540307606	0.88217877831124	1.059417293873088
1	0.9283102337070475	0.8058344088787238	1.1519863429494681
1	0.9511778041836021	0.7739356363925907	1.2290140929769806
1	0.8717329631632562	0.8357470778907926	1.043058344114445
1	0.912214909156642	0.860880802865084	1.0596297491135984
1	0.9526189389976146	0.8615531322741588	1.105699582895228
1	0.9549724962935215	0.8718049176195186	1.0953970056754139
1	0.9440699122926833	0.8534221356099898	1.1062168098298768
1	0.8954141188899716	0.8717576044102604	1.0271365736989637
1	0.9486372810440231	0.8981571324820792	1.0562041392717563
1	0.799637383789095	0.8011707940480076	0.9980860382451476
1	0.9029067460203806	0.8768978405846666	1.0296601316960396
2	0.8627300236460655	0.7839824807415628	1.1004455390763528
2	0.888547669821877	0.8662559852531801	1.025733368597946
2	0.8587497434246382	0.8465853858714728	1.0143687308524034
2	0.9174801731553599	0.8812204082934141	1.0411472141596982
2	0.9374115064119272	0.8822176635267017	1.0625626137030466
2	0.9234750325196825	0.8803499124588725	1.0489863399206332
2	0.9373994132811058	0.8867239057100329	1.057149138807186
2	0.8876485646682235	0.8600948902995242	1.0320356215104403
2	0.9230048624660455	0.8523696737811844	1.08286919497208
2	0.7804376463681738	0.7881695037289743	0.9901901084421312
2	0.9121938745886382	0.8500147663435368	1.0731506212681152
2	0.8823311118694349	0.8386788463909403	1.0520488452359829
2	0.8247620182239415	0.829283268373141	0.9945480026890339
2	0.8712691825785276	0.85059247114416	1.0243085991656553
2	0.9386170287084689	0.8426800001657244	1.1138475204394043
2	0.8897426846458389	0.8221472671636739	1.0822181380172466
2	0.8983977299283351	0.850721237004356	1.05604243887441
2	0.8952902739332412	0.8452389466420687	1.0592155951757956
2	0.8911514948691364	0.8570452142283145	1.03979519408615
2	0.8794901145370165	0.8372630726315868	1.0504346164135803
2	0.8658703193344028	0.7093049232960235	1.2207307335621551
2	0.9128418354369738	0.8581735877110821	1.0637030182573
2	0.8808849165162502	0.8455510647329704	1.0417879572943811
2	0.915661505768389	0.8765997053732898	1.0445605903762711
2	0.9163722496542406	0.8749607842679992	1.047329510225863
2	0.9436330548108278	0.8760178541669016	1.0771847289667729
2	0.9173682435762377	0.8622083840088242	1.0639750906978527
2	0.9511774540167682	0.8863489034552273	1.0731411189305045
2	0.9245788907026619	0.8555240431563902	1.0807164311729909
2	0.8594969261214549	0.8457531311731727	1.0162503624777808
2	0.9445412382002747	0.8679218911859207	1.0882790810929566
2	0.8452065663878537	0.8294280474529547	1.0190233727727829
2	0.9537847286929587	0.8900342274717751	1.0716270220329311
2	0.9439435966351674	0.8685802639904753	1.0867661122052832
2	0.784563277117778	0.800667696021474	0.9798862636975126
2	0.8564742350840051	0.8401445001321332	1.0194368170586174
2	0.9747047049567394	0.858493428409642	1.1353665301345155
2	0.8492355388780993	0.8407196289785003	1.010129310183879
2	0.94739321285224	0.8738010211834061	1.0842207663813055
2	0.9006861575138085	0.8241253829761346	1.0928994254019853
2	0.8943774348432296	0.8377511872986679	1.0675931570173636
2	0.8680263702842901	0.8400320941053869	1.0333252459939835
2	0.9514969265667996	0.8768899032405926	1.0850814030934703
2	0.9039757220841309	0.8589594627341369	1.052407897349083
2	0.8717345998010224	0.8528619358752857	1.0221286273098444
2	0.9273258257907553	0.8699784804419826	1.0659181193995029
2	0.897712028229742	0.8596603014291312	1.0442636780334653
2	0.8671358057588743	0.8553773254011109	1.0137465420330725
2	0.9104260581902246	0.8700952947203242	1.0463521222498553
2	0.9370679729087925	0.8347855611307873	1.12252537243152
2	0.9070311098036999	0.8469739198161019	1.070907956647163
2	0.9070923407605267	0.8303630789587202	1.0924044719064645
2	0.9041025862428448	0.8593499469795313	1.0520773166049657
2	0.8850225960574676	0.8447710313786692	1.0476478988787148
2	0.944426259962109	0.8819483863123669	1.0708407369630515
2	0.9134267807079762	0.8561187243085044	1.0669393797522184
2	0.8903962509040223	0.859480040116404	1.0359708304377042
2	0.9203701757994107	0.8741271808387454	1.0529019071530232
2	0.9000335009874607	0.8194157135334701	1.0983844782599446
2	0.814644440796713	0.816428761133207	0.997814481285523
2	0.9410084011003488	0.8845908380588454	1.0637781453460524
2	0.9173236991275445	0.8787114841366542	1.0439418576949946
2	0.8996016681927967	0.8466056562993436	1.0625982256309363
2	0.9230108756026951	0.8787095588019042	1.0504163364982562
2	0.884465911271965	0.8664039787722898	1.0208470101040734
2	0.8662769269990825	0.8600119743727455	1.0072847272049978
2	0.9152540774068882	0.8561386172709348	1.0690489354684087
2	0.8080749901415857	0.811077402672411	0.9962982416709765
2	0.8615071807220925	0.8566818507603995	1.0056325810537599
2	0.9287736482550244	0.8432744948592528	1.1013894691669075
2	0.930913999099225	0.8705419571053178	1.0693499509140871
2	0.9514758926313341	0.8863478998140938	1.0734790400371013
2	0.9168605909085652	0.860289095972648	1.0657587027439388
2	0.8987239493540382	0.8587750989585398	1.04651840795564
2	0.9183647012255536	0.8798283618257488	1.043799837640875
2	0.8797771976157952	0.804648241241908	1.0933686951927364
2	0.8993849188064476	0.8333009181815368	1.0793038855268777
2	0.939567620030239	0.8714720938999352	1.0781385044994025
2	0.9247384375132064	0.8856368257371113	1.044150842241176
2	0.7954892353808567	0.7411919032062285	1.0732567799779655
2	0.9163157287452728	0.8596008252844957	1.065978186377388
2	0.9372377770006268	0.860590267355352	1.0890638815621485
2	0.9362874247095592	0.8767034559304793	1.0679636522201696
2	0.9413988007948746	0.8796279051052144	1.0702238927746064
2	0.8386833035466548	0.8059478372162237	1.0406173511718833
2	0.901841487100709	0.8687455145162829	1.0380962802471032
2	0.8916369366219158	0.8503986078078636	1.0484929401758492
2	0.9379937740227249	0.8512848396806708	1.1018565470689925
2	0.8574680030584554	0.810378754776476	1.0581077033478843
2	0.803578768522625	0.8269556930657993	0.9717313457792299
2	0.9074884864774606	0.8658746530565821	1.0480598817322804
2	0.9217168685765301	0.8598993988071439	1.0718891882645105
2	0.9076975283533134	0.876915580110841	1.035102521771345
2	0.8910961247216974	0.866280440494039	1.0286462478750023
2	0.909426177508216	0.8623119150019719	1.0546371465899742
2	0.9192482605449243	0.8330428357229239	1.1034825835182778
2	0.9043992349520191	0.8669715453706324	1.0431706089793136
2	0.9166065417142913	0.7719782301569456	1.1873476555523366
2	0.9259791316599728	0.8704647023580447	1.06377562370024
2	0.9343673891947617	0.8594326463617661	1.0871909429438325
2	0.9164884635895814	0.8481131173719708	1.0806205502745716
2	0.9308247453780905	0.8624057608009573	1.0793350273003617
2	0.9032856280120788	0.8446267102486672	1.0694495178185186
2	0.8266386015260828	0.8151718812396217	1.0140666288305036
2	0.9236857269915365	0.8713322793678205	1.0600843660488513
2	0.8666547328611939	0.847333038930297	1.0228029511929444
2	0.896017049996437	0.8602929642287683	1.041525488703368
2	0.9221169069685384	0.8509578789378817	1.0836222682601793
2	0.8744043319918735	0.8536734949472907	1.024284269298841
2	0.7663094079734613	0.754304851517283	1.015914727887579
2	0.8918951292878676	0.8698832846365323	1.0253043655857035
2	0.9292315496682173	0.8811973394336408	1.054510162576579
2	0.928272070674766	0.8835740078141975	1.050587797360793
2	0.9321954434147312	0.8678025944204475	1.0742021853913535
2	0.862103613074326	0.843875846029913	1.0216000577930595
2	0.8880700320567009	0.8637149003232072	1.0281981145912613
2	0.8928163465010328	0.8621395333510942	1.0355821905425209
2	0.9460169861959609	0.8492982708562624	1.1138807397337411
2	0.9394861568974834	0.8765035563778607	1.0718566400117044
2	0.8877954719572848	0.8603778769729274	1.0318669223351267
2	0.9415834415050229	0.8613591276202762	1.0931368941389021
2	0.8494729258829363	0.825603433259595	1.0289115714176496
2	0.7824422736363367	0.8017954985973461	0.975862642039191
2	0.8864063350798622	0.8609267316248245	1.0295955538596766
2	0.8404325263549687	0.8078675955371462	1.0403097376324029
2	0.8286964871957636	0.8198395461423411	1.0108032615590425
2	0.871844813694478	0.8201821872357675	1.062989208084154
2	0.9032809282533366	0.8114770814557235	1.1131317801766187
2	0.9180491572617004	0.8255766026990048	1.1120096599884022
2	0.8649712366850668	0.8520045162585693	1.0152190747573013
2	0.9113449274952894	0.8630093174730601	1.0560082134034876
2	0.8451155503548797	0.8196876620507623	1.0310214359461016
2	0.9201946707244051	0.867942081827612	1.0602028522303766
2	0.9156006059270517	0.8576911689861565	1.0675178188080772
2	0.9178972019630048	0.8789729133440989	1.0442838317631615
2	0.9547220564022249	0.8817204893582358	1.0827944546203339
2	0.9421521175659539	0.8421854896154795	1.1186990623599045
2	0.8504621227624067	0.8134635130399336	1.0454828140775587
2	0.7741918125408616	0.7213663728714892	1.0732296952782732
2	0.8685665162192473	0.8104007329128619	1.0717741000767822
2	0.917078179974894	0.8596599667101169	1.0667917728965723
2	0.9465592516325503	0.8839288860944635	1.0708545297289827
2	0.9323723035853358	0.8823627542996235	1.0566768588565454
2	0.9240577199725204	0.8834984179723153	1.0459076113495385
2	0.907245744990297	0.87158372759166	1.0409163414479725
2	0.8508708748966793	0.8494973129663689	1.0016169114479174
3	0.8627912445584943	0.7839859118307406	1.1005188123135143
3	0.8885476671166366	0.8662585869224961	1.025730284848691
3	0.8587497393634834	0.8465946053913512	1.0143576794545168
3	0.9174801707333291	0.8812276312216777	1.041138677711902
3	0.9374115047206718	0.8822133660283745	1.062567787813954
3	0.9234750302279526	0.8803418226146772	1.0489959769094768
3	0.9373994117028257	0.8867193366049956	1.0571545843263892
3	0.8876343506586764	0.8601023793835602	1.032010109418426
3	0.9230048603940333	0.8523902563517352	1.082843044621992
3	0.7806071167687982	0.7881488812947564	0.9904310407526448
3	0.912193872348638	0.8500118993377245	1.073154238263443
3	0.8823311096671074	0.8386830917493009	1.0520435172083495
3	0.8247620147696104	0.829292269371811	0.9945372038670609
3	0.8712691792045308	0.8505906722243882	1.0243107615159546
3	0.9386155241714663	0.8426594760286218	1.113872864273807
3	0.8897426823385415	0.8221707726515727	1.082187195087273
3	0.8984325287945765	0.8507335589025722	1.0560680478545303
3	0.8953415154785965	0.8452666306379838	1.0592415257216738
3	0.8911514921010589	0.8570540776356498	1.0397844375928686
3	0.8794901119214937	0.8372724732037717	1.05042281941526
3	0.8658241650651458	0.7092633774799547	1.220737165566702
3	0.9128418336022946	0.858176023539833	1.0636999969271739
3	0.8808849131941126	0.8455625590632528	1.0417737916044807
3	0.9156615039218625	0.8765945531549908	1.0445667277149557
3	0.9163630332086757	0.8749513610936046	1.0473302562365416
3	0.9436330534468261	0.8760156259652072	1.0771874672978772
3	0.9173682415858269	0.8621952794584095	1.0639912598014623
3	0.9512047280820859	0.8863570238471248	1.0731620582792898
3	0.9246062344289054	0.8555367584892382	1.080732330030605
3	0.8595125837383076	0.845759959987749	1.0162606701678782
3	0.9445412369769424	0.86793218963871	1.088266166703786
3	0.8452251858422748	0.829432700788906	1.0190401042041723
3	0.9537847274069364	0.8900388392734059	1.0716214678738856
3	0.9439435950449887	0.8686362752117133	1.0866960337512046
3	0.7845215466972573	0.8006608948690118	0.9798424672977254
3	0.8564990881906291	0.8401652551537465	1.019441214614253
3	0.9747047039999861	0.858506021288901	1.135349875049953
3	0.8490640698388603	0.8407029835142291	1.009945351079499
3	0.9473932111189949	0.8738049924670401	1.0842158368129609
3	0.9006861552001986	0.8241301410409824	1.092893112806815
3	0.8943774324734195	0.8377623033490301	1.0675789885723734
3	0.8680252303252443	0.8400287123838021	1.0333280488258487
3	0.9515230214802181	0.8768966531490175	1.0851028089378723
3	0.9040752917973197	0.8589843855706435	1.0524932780899403
3	0.8717345968454733	0.8528584510984987	1.0221328002585444
3	0.9273258241054577	0.8699770848553552	1.0659198273706687
3	0.8977707530616386	0.8596652560005698	1.0443259708300268
3	0.8672499701218968	0.8554006126193828	1.0138524070800337
3	0.9103828506044762	0.8700816707905435	1.0463188470311249
3	0.9370679716757755	0.8347871820805358	1.1225231912884979
3	0.9070311080251408	0.8469748554672485	1.070906771517746
3	0.90709233907513	0.830372711777004	1.092391797333929
3	0.9041025840480679	0.8593614147066563	1.052063274631296
3	0.8850225936592446	0.8447727671573629	1.0476457434078057
3	0.9444262585327289	0.881943410694478	1.0708467766532201
3	0.9134267790531719	0.8561409659892163	1.0669116598079915
3	0.8903962483242236	0.8594896200592516	1.0359592804190485
3	0.9203768053426247	0.8741278883328564	1.0529086391442957
3	0.8999828705569832	0.8193812890540711	1.0983688333864225
3	0.8146467153151453	0.8164230426442012	0.9978242562540828
3	0.9410083994828137	0.8845852788129291	1.063784828915084
3	0.9173216942209594	0.878707156578704	1.043944717364774
3	0.8996016659702898	0.8466065777239623	1.0625970665014213
3	0.9229534412507355	0.878712441933766	1.0503475280486632
3	0.8844659086092245	0.8664088169323334	1.0208413064641069
3	0.8662718090564827	0.860005702930747	1.00728612159708
3	0.9152540749883918	0.8561394302952667	1.0690479174317875
3	0.8080749863831315	0.8110792638098845	0.9962959508881524
3	0.8615071775467719	0.8566824665374057	1.0056318545059841
3	0.9287736468963106	0.843280711367984	1.101381348317144
3	0.9309139973787979	0.8705395999311172	1.0693528444340246
3	0.9514737828589963	0.8863496196452224	1.0734745768152312
3	0.9168379356236095	0.8602778114321973	1.0657463477957783
3	0.8986815292936559	0.8587707513860323	1.0464743097540392
3	0.9183646991633658	0.8798428851638355	1.0437826055641255
3	0.8797771943341128	0.8046436858329465	1.093374881110749
3	0.899329894759974	0.8332628729556496	1.079287130086547
3	0.939564201416663	0.8714651303135288	1.0781431967090112
3	0.9247625933628818	0.8856469536130888	1.0441661765901376
3	0.7954171203855441	0.7411502981267915	1.0732197266814956
3	0.9163154313108463	0.8595960493999667	1.0659837628970863
3	0.9372377756020196	0.8605812448284459	1.0890752979271061
3	0.9362874232556081	0.8766986989905053	1.0679694452994142
3	0.9413987993300802	0.8796259142571894	1.0702263133357726
3	0.838684119588871	0.8059393433150881	1.04062933091105
3	0.9017942158506991	0.8687541945991596	1.0380314955104004
3	0.8915661908438086	0.8504095431754638	1.0483962674203586
3	0.9379937727142765	0.8512842983664415	1.101857246179948
3	0.8574680005359923	0.8103857147686726	1.0580986126844047
3	0.8035787645093645	0.8269591838042036	0.9717272390793416
3	0.9074884837239214	0.8658699302695639	1.0480655950731546
3	0.9217168666462274	0.8598935175648301	1.0718965172065462
3	0.9076975256804765	0.8769139876598538	1.0351043984402302
3	0.8910961221914896	0.8662828187528495	1.0286434209492492
3	0.9094261755455539	0.8623100098647608	1.0546394743674408
3	0.9192482589896397	0.8330470903357627	1.1034769458460425
3	0.9043992326319067	0.866970901922415	1.043171380523266
3	0.9166065404686183	0.7719756046434397	1.1873516921457392
3	0.925974309827124	0.8704648758210646	1.0637698723382725
3	0.9343673878322027	0.859429049182549	1.08719549184535
3	0.9164122281875816	0.8480853591841641	1.0805660282464329
3	0.9308362255441003	0.8624045894801617	1.0793498050667698
3	0.9032856255168671	0.8446209617609952	1.0694567935344144
3	0.8266385982858211	0.8151782290994877	1.0140587282354112
3	0.9236857249976026	0.8713422784066833	1.0600721988225261
3	0.8666547295270751	0.8473506103520948	1.0227817374993793
3	0.8959509796182115	0.8602918658891295	1.0414500184681248
3	0.9221169052170474	0.850956928586445	1.0836234763947556
3	0.8743389860934242	0.8536747788694838	1.0242061821848665
3	0.766309404773545	0.7543084970200469	1.0159098138240636
3	0.8919033700977639	0.8698914167373368	1.025304253998719
3	0.9292300502997375	0.8811990340208332	1.0545064331944884
3	0.9282720688707349	0.8835826552107093	1.0505775134861248
3	0.9321954414964931	0.8678186179140832	1.0741823489995503
3	0.862232226502735	0.8438865432549395	1.021739513912658
3	0.8880725504098242	0.8637132576977089	1.0282029857652606
3	0.8928163444392588	0.8621313717973763	1.0355919917145693
3	0.9460169842748807	0.8493199331802403	1.1138523273939451
3	0.9395702419936013	0.8765269514235399	1.0719239613427456
3	0.887794396644875	0.8603745212264157	1.0318696971400012
3	0.9415842930061817	0.8613571118776834	1.0931404408487557
3	0.8493667557795106	0.8255832448469552	1.0288081318037945
3	0.7824422692973927	0.8018182928218699	0.97583489464142
3	0.8864063323437051	0.8609431309429587	1.029575938857724
3	0.8404397331354968	0.8078675880622239	1.040318668002762
3	0.8287052761694864	0.8198426081521124	1.0108102066533844
3	0.8718448106735359	0.8201699224064063	1.0630051003522707
3	0.9032809261412197	0.8114872699947371	1.1131178017704184
3	0.9180491557648024	0.8255774350512263	1.112008537040306
3	0.8649712337497208	0.8520047575383222	1.0152187838115627
3	0.9113379685861196	0.8630272467272286	1.055978211629001
3	0.8451063230393163	0.8196832112304693	1.0310157771447863
3	0.9201946687756006	0.8679446322363547	1.060199734635858
3	0.9156676303851496	0.857696707923813	1.0675890695694334
3	0.9178971998905749	0.8789706310139432	1.0442865409868447
3	0.9547220552856668	0.8817199127330487	1.0827951614774525
3	0.9421521164982615	0.8421932463414608	1.1186887577061775
3	0.8504621200605396	0.8134645756467341	1.0454814450701693
3	0.7741884839975335	0.7213583149517686	1.0732370694989455
3	0.8685665135610579	0.8104189080706135	1.0717500602606596
3	0.9170781778327601	0.8596656716006682	1.0667846909894538
3	0.9465592502924014	0.8839391827470512	1.0708420542584653
3	0.932344702497977	0.8823787591031047	1.0566264122740898
3	0.9240577180618587	0.8834916314847411	1.0459156432630208
3	0.907245977761483	0.8715830173982678	1.0409174566866521
3	0.8508532483566734	0.8494906465760002	1.0016040221115623
4	0.8627912445584943	0.7839859118307406	1.1005188123135143
4	0.8885476671166366	0.8662585869224961	1.025730284848691
4	0.8587497393634834	0.8465946053913512	1.0143576794545168
4	0.9174801707333291	0.8812276312216777	1.041138677711902
4	0.9374115047206718	0.8822133660283745	1.062567787813954
4	0.9234750302279526	0.8803418226146772	1.0489959769094768
4	0.9373994117028257	0.8867193366049956	1.0571545843263892
4	0.8876343506586764	0.8601023793835602	1.032010109418426
4	0.9230048603940333	0.8523902563517352	1.082843044621992
4	0.7806071167687982	0.7881488812947564	0.9904310407526448
4	0.912193872348638	0.8500118993377245	1.073154238263443
4	0.8823311096671074	0.8386830917493009	1.0520435172083495
4	0.8247620147696104	0.829292269371811	0.9945372038670609
4	0.8712691792045308	0.8505906722243882	1.0243107615159546
4	0.9386155241714663	0.8426594760286218	1.113872864273807
4	0.8897426823385415	0.8221707726515727	1.082187195087273
4	0.8984325287945765	0.8507335589025722	1.0560680478545303
4	0.8953415154785965	0.8452666306379838	1.0592415257216738
4	0.8911514921010589	0.8570540776356498	1.0397844375928686
4	0.8794901119214937	0.8372724732037717	1.05042281941526
4	0.8658241650651458	0.7092633774799547	1.220737165566702
4	0.9128418336022946	0.858176023539833	1.0636999969271739
4	0.8808849131941126	0.8455625590632528	1.0417737916044807
4	0.9156615039218625	0.8765945531549908	1.0445667277149557
4	0.9163630332086757	0.8749513610936046	1.0473302562365416
4	0.9436330534468261	0.8760156259652072	1.0771874672978772
4	0.9173682415858269	0.8621952794584095	1.0639912598014623
4	0.9512047280820859	0.8863570238471248	1.0731620582792898
4	0.9246062344289054	0.8555367584892382	1.080732330030605
4	0.8595125837383076	0.845759959987749	1.0162606701678782
4	0.9445412369769424	0.86793218963871	1.088266166703786
4	0.8452251858422748	0.829432700788906	1.0190401042041723
4	0.9537847274069364	0.8900388392734059	1.0716214678738856
4	0.9439435950449887	0.8686362752117133	1.0866960337512046
4	0.7845215466972573	0.8006608948690118	0.9798424672977254
4	0.8564990881906291	0.8401652551537465	1.019441214614253
4	0.9747047039999861	0.858506021288901	1.135349875049953
4	0.8490640698388603	0.8407029835142291	1.009945351079499
4	0.9473932111189949	0.8738049924670401	1.0842158368129609
4	0.9006861552001986	0.8241301410409824	1.092893112806815
4	0.8943774324734195	0.8377623033490301	1.0675789885723734
4	0.8680252303252443	0.8400287123838021	1.0333280488258487
4	0.9515230214802181	0.8768966531490175	1.0851028089378723
4	0.9040752917973197	0.8589843855706435	1.0524932780899403
4	0.8717345968454733	0.8528584510984987	1.0221328002585444
4	0.9273258241054577	0.8699770848553552	1.0659198273706687
4	0.8977707530616386	0.8596652560005698	1.0443259708300268
4	0.8672499701218968	0.8554006126193828	1.0138524070800337
4	0.9103828506044762	0.8700816707905435	1.0463188470311249
4	0.9370679716757755	0.8347871820805358	1.1225231912884979
4	0.9070311080251408	0.8469748554672485	1.070906771517746
4	0.90709233907513	0.830372711777004	1.092391797333929
4	0.9041025840480679	0.8593614147066563	1.052063274631296
4	0.8850225936592446	0.8447727671573629	1.0476457434078057
4	0.9444262585327289	0.881943410694478	1.0708467766532201
4	0.9134267790531719	0.8561409659892163	1.0669116598079915
4	0.8903962483242236	0.8594896200592516	1.0359592804190485
4	0.9203768053426247	0.8741278883328564	1.0529086391442957
4	0.8999828705569832	0.8193812890540711	1.0983688333864225
4	0.8146467153151453	0.8164230426442012	0.9978242562540828
4	0.9410083994828137	0.8845852788129291	1.063784828915084
4	0.9173216942209594	0.878707156578704	1.043944717364774
4	0.8996016659702898	0.8466065777239623	1.0625970665014213
4	0.9229534412507355	0.878712441933766	1.0503475280486632
4	0.8844659086092245	0.8664088169323334	1.0208413064641069
4	0.8662718090564827	0.860005702930747	1.00728612159708
4	0.9152540749883918	0.8561394302952667	1.0690479174317875
4	0.8080749863831315	0.8110792638098845	0.9962959508881524
4	0.8615071775467719	0.8566824665374057	1.0056318545059841
4	0.9287736468963106	0.843280711367984	1.101381348317144
4	0.9309139973787979	0.8705395999311172	1.0693528444340246
4	0.9514737828589963	0.8863496196452224	1.0734745768152312
4	0.9168379356236095	0.8602778114321973	1.0657463477957783
4	0.8986815292936559	0.8587707513860323	1.0464743097540392
4	0.9183646991633658	0.8798428851638355	1.0437826055641255
4	0.8797771943341128	0.8046436858329465	1.093374881110749
4	0.899329894759974	0.8332628729556496	1.079287130086547
4	0.939564201416663	0.8714651303135288	1.0781431967090112
4	0.9247625933628818	0.8856469536130888	1.0441661765901376
4	0.7954171203855441	0.7411502981267915	1.0732197266814956
4	0.9163154313108463	0.8595960493999667	1.0659837628970863
4	0.9372377756020196	0.8605812448284459	1.0890752979271061
4	0.9362874232556081	0.8766986989905053	1.0679694452994142
4	0.9413987993300802	0.8796259142571894	1.0702263133357726
4	0.838684119588871	0.8059393433150881	1.04062933091105
4	0.9017942158506991	0.8687541945991596	1.0380314955104004
4	0.8915661908438086	0.8504095431754638	1.0483962674203586
4	0.9379937727142765	0.8512842983664415	1.101857246179948
4	0.8574680005359923	0.8103857147686726	1.0580986126844047
4	0.8035787645093645	0.8269591838042036	0.9717272390793416
4	0.9074884837239214	0.8658699302695639	1.0480655950731546
4	0.9217168666462274	0.8598935175648301	1.0718965172065462
4	0.9076975256804765	0.8769139876598538	1.0351043984402302
4	0.8910961221914896	0.8662828187528495	1.0286434209492492
4	0.9094261755455539	0.8623100098647608	1.0546394743674408
4	0.9192482589896397	0.8330470903357627	1.1034769458460425
4	0.9043992326319067	0.866970901922415	1.043171380523266
4	0.9166065404686183	0.7719756046434397	1.1873516921457392
4	0.925974309827124	0.8704648758210646	1.0637698723382725
4	0.9343673878322027	0.859429049182549	1.08719549184535
4	0.9164122281875816	0.8480853591841641	1.0805660282464329
4	0.9308362255441003	0.8624045894801617	1.0793498050667698
4	0.9032856255168671	0.8446209617609952	1.0694567935344144
4	0.8266385982858211	0.8151782290994877	1.0140587282354112
4	0.9236857249976026	0.8713422784066833	1.0600721988225261
4	0.8666547295270751	0.8473506103520948	1.0227817374993793
4	0.8959509796182115	0.8602918658891295	1.0414500184681248
4	0.9221169052170474	0.850956928586445	1.0836234763947556
4	0.8743389860934242	0.8536747788694838	1.0242061821848665
4	0.766309404773545	0.7543084970200469	1.0159098138240636
4	0.8919033700977639	0.8698914167373368	1.025304253998719
4	0.9292300502997375	0.8811990340208332	1.0545064331944884
4	0.9282720688707349	0.8835826552107093	1.0505775134861248
4	0.9321954414964931	0.8678186179140832	1.0741823489995503
4	0.862232226502735	0.8438865432549395	1.021739513912658
4	0.8880725504098242	0.8637132576977089	1.0282029857652606
4	0.8928163444392588	0.8621313717973763	1.0355919917145693
4	0.9460169842748807	0.8493199331802403	1.1138523273939451
4	0.9395702419936013	0.8765269514235399	1.0719239613427456
4	0.887794396644875	0.8603745212264157	1.0318696971400012
4	0.9415842930061817	0.8613571118776834	1.0931404408487557
4	0.8493667557795106	0.8255832448469552	1.0288081318037945
4	0.7824422692973927	0.8018182928218699	0.97583489464142
4	0.8864063323437051	0.8609431309429587	1.029575938857724
4	0.8404397331354968	0.8078675880622239	1.040318668002762
4	0.8287052761694864	0.8198426081521124	1.0108102066533844
4	0.8718448106735359	0.8201699224064063	1.0630051003522707
4	0.9032809261412197	0.8114872699947371	1.1131178017704184
4	0.9180491557648024	0.8255774350512263	1.112008537040306
4	0.8649712337497208	0.8520047575383222	1.0152187838115627
4	0.9113379685861196	0.8630272467272286	1.055978211629001
4	0.8451063230393163	0.8196832112304693	1.0310157771447863
4	0.9201946687756006	0.8679446322363547	1.060199734635858
4	0.9156676303851496	0.857696707923813	1.0675890695694334
4	0.9178971998905749	0.8789706310139432	1.0442865409868447
4	0.9547220552856668	0.8817199127330487	1.0827951614774525
4	0.9421521164982615	0.8421932463414608	1.1186887577061775
4	0.8504621200605396	0.8134645756467341	1.0454814450701693
4	0.7741884839975335	0.7213583149517686	1.0732370694989455
4	0.8685665135610579	0.8104189080706135	1.0717500602606596
4	0.9170781778327601	0.8596656716006682	1.0667846909894538
4	0.9465592502924014	0.8839391827470512	1.0708420542584653
4	0.932344702497977	0.8823787591031047	1.0566264122740898
4	0.9240577180618587	0.8834916314847411	1.0459156432630208
4	0.907245977761483	0.8715830173982678	1.0409174566866521
4	0.8508532483566734	0.8494906465760002	1.0016040221115623
5	0.7515438757245929	0.5736022593366074	1.3102177745843988
5	0.7088595558062026	0.6780349866470801	1.045461620367928
5	0.675865155912937	0.643702811823018	1.0499645853632869
5	0.7708614147949706	0.6932725150244687	1.11191688418192
5	0.8206827787427244	0.7029946234775201	1.1674097515611621
5	0.7538698190836459	0.6953565027053488	1.0841486577757535
5	0.7756016773045655	0.7062029905618908	1.0982701683087714
5	0.7201808819924714	0.660636201451377	1.0901323306386759
5	0.7973844138237866	0.684969775873329	1.1641162017800422
5	0.6505801367426727	0.5809465512632199	1.1198622925431614
5	0.7989890820058537	0.6751471020334643	1.183429625335563
5	0.7287387064118949	0.6333035711734237	1.15069413719181
5	0.6430531792619121	0.6403932616114155	1.0041535690800423
5	0.709307006624817	0.6426648602593572	1.1036965773086853
5	0.8441320729369826	0.678643131306682	1.2438526730708417
5	0.748586636586672	0.6252648542944698	1.1972312715886693
5	0.7110796398850674	0.6137526046453141	1.1585769811860893
5	0.7639578182343623	0.6619005745314438	1.1541881781492096
5	0.7502616578571157	0.6589380416864262	1.1385921139671404
5	0.7455375933558044	0.6571818975228789	1.1344463323867644
5	0.7811785770350491	0.5334767410677386	1.4643160927157617
5	0.8007441433427889	0.6820794070347831	1.1739749581707493
5	0.7071762888920918	0.6631482182073561	1.0663925039318567
5	0.7538036219893696	0.6948249847179252	1.0848827238061793
5	0.7346885118759708	0.6884918294891826	1.067098374168163
5	0.7686577695679553	0.6789560485662376	1.1321171247993773
5	0.7593196446023172	0.6375887384275424	1.1909238649274052
5	0.7883108769216527	0.6708863408177003	1.1750289564113516
5	0.7664225737251555	0.649581798115854	1.1798707660039187
5	0.6725473841037697	0.6375670748484993	1.0548653006643771
5	0.7947630575069417	0.682314772844647	1.164804118476704
5	0.7153419137605137	0.6473407555139521	1.1050469287887992
5	0.8504088812069718	0.7072656033369665	1.2023897064902316
5	0.8382032425801638	0.7011800689966438	1.195417952737296
5	0.7064455204101996	0.6060895468789299	1.16557944951873
5	0.7314741908127569	0.6611744357661998	1.1063255795198592
5	0.8852195764997541	0.6398989781661891	1.3833739491764783
5	0.7008768826528865	0.636754658847043	1.1007016170434436
5	0.7638072394456816	0.6700023565077252	1.1400067955385986
5	0.8281864686933854	0.6642335036585071	1.2468303151404556
5	0.7632860116625804	0.6503081796194601	1.1737296801483128
5	0.6645366103339889	0.644217105779278	1.0315413924473977
5	0.832304916943975	0.7007987500125804	1.1876518286156101
5	0.7336676420290432	0.6802836813447594	1.078473087254947
5	0.7246624438966052	0.6809704945011752	1.0641612958979012
5	0.8050676372141885	0.6905400252237244	1.1658522428925955
5	0.6984212656422498	0.6460061615077726	1.0811371582155516
5	0.7113882074191658	0.6818763626952201	1.0432803457320263
5	0.7779598637329386	0.6950569662216901	1.1192749681539145
5	0.7731330743375233	0.6400458153867958	1.2079339568376046
5	0.7622123123852166	0.6835139312681328	1.1151379328451634
5	0.7811298487214497	0.5875517853512745	1.329465535117798
5	0.7675768400617159	0.6749211849011932	1.1372836669426627
5	0.7404365485284423	0.6568843792578587	1.1271946356297589
5	0.8066211159875781	0.6764664464397745	1.1924037330052426
5	0.7790676148026655	0.6811151160021197	1.1438119585063518
5	0.7434998295850368	0.678083244054574	1.096472794607498
5	0.7567391939739292	0.6976434153780293	1.0847077135586205
5	0.7561702417284615	0.6406702001224508	1.1802800279830954
5	0.7058865643062985	0.6616487999163219	1.0668598875953095
5	0.8386942035135423	0.7107618752735443	1.179993233585808
5	0.7808800672292036	0.7039540587991902	1.1092770294715457
5	0.776402187806801	0.6824071517672725	1.1377404029194356
5	0.8562758749841759	0.7062826830432813	1.2123699129852556
5	0.6543312869977482	0.6476258336439652	1.010353900362581
5	0.6971770880933417	0.6697142261720249	1.0410068367194316
5	0.8026315989727715	0.6855559958700833	1.170774676041014
5	0.7222305893922318	0.6365260009506661	1.1346442852508207
5	0.6772063958451529	0.6727154724447906	1.0066758140466745
5	0.7967344616273161	0.6574118483706631	1.2119259237598952
5	0.7335361196283333	0.6781120937105957	1.0817328380245517
5	0.8371196046253706	0.7067367346634841	1.1844857689815274
5	0.8089466246297669	0.6898075434794381	1.1727135086829912
5	0.7218469018268369	0.6504593690720014	1.1097494111841033
5	0.7799419438429727	0.6984045638934044	1.1167480628921163
5	0.6904519779960836	0.611259525026426	1.1295561864107295
5	0.7079457014729161	0.6414476721659711	1.10366867352157
5	0.8008627580975674	0.696805939950961	1.1493339998707957
5	0.7628216825090437	0.700407405552331	1.0891113892599318
5	0.7089693621251231	0.5698926801499555	1.244040126885947
5	0.8016516149251182	0.686943553802262	1.1669832411818148
5	0.7646597922976746	0.67075665773449	1.1399958293076755
5	0.8408671187915834	0.7196157988276621	1.1684945218843914
5	0.8082219170189685	0.7141153779663323	1.1317805805003585
5	0.6912058490599939	0.6104361779813112	1.1323146857805593
5	0.6865338952966435	0.6773095023126395	1.0136191696004675
5	0.7312681398651586	0.6680562191297541	1.0946206605452273
5	0.8458689370329229	0.6851910221263292	1.2345009051752716
5	0.7449749826169729	0.6300706322575806	1.1823674116466643
5	0.7029693383093398	0.6527939436463129	1.0768625308972108
5	0.7519100363865615	0.6797540763020175	1.1061500954537635
5	0.7297950022673998	0.6588080984813995	1.1077505026875507
5	0.7328599749673355	0.6865513031520571	1.0674511454608977
5	0.7280392236770332	0.6871003332682758	1.0595821140327886
5	0.7924846442360678	0.6962000245380072	1.1383002245108427
5	0.7899584087412819	0.6616036348361685	1.1940055452338887
5	0.7284332605964524	0.6778609122397299	1.0746057892460943
5	0.8220117381599735	0.5311841822856127	1.547507937120736
5	0.8103985300946033	0.6992074513980114	1.1590244475717097
5	0.7708379353706348	0.6842427656832066	1.126556207870118
5	0.8009256258128559	0.6585294698979778	1.2162335361194065
5	0.8200199534469661	0.6854046700332913	1.196402635259454
5	0.8072436060285424	0.6812305361071511	1.1849785986422232
5	0.7341628062618041	0.6331996933392529	1.1594490868909149
5	0.7396076173157162	0.6783233904791601	1.0903466218277769
5	0.7461165489279704	0.6635754182987732	1.1243884694234307
5	0.7487706381865694	0.637729883867965	1.1741187877932253
5	0.7445916617458757	0.6632171412534831	1.122696648549515
5	0.6655689666187721	0.647275916945313	1.0282615947767522
5	0.6247620321080103	0.581257738305192	1.074845100436282
5	0.6822622194337251	0.6659632786995544	1.0244742334231973
5	0.7123948904036794	0.6800869541080347	1.0475055963071929
5	0.7784991887601368	0.6894657388174619	1.1291339727705407
5	0.8372428655180387	0.6940093107491779	1.206385638564764
5	0.6162373902680409	0.6231724997931861	0.9888712843916463
5	0.7137293936665671	0.6834157623422451	1.0443560611192655
5	0.7186756698891437	0.66382147195116	1.0826339614727307
5	0.8309417448886322	0.6525078771351911	1.2734585650319619
5	0.8016559838636018	0.686510173959126	1.167726297835364
5	0.8114620343001689	0.7080423167694643	1.1460643171760845
5	0.8216359564248947	0.6638963784517011	1.237596683899774
5	0.7369161165188052	0.6459819507718398	1.140768895536964
5	0.6556955506197273	0.6201476340160645	1.0573216999530501
5	0.7313379196607542	0.6796218547470391	1.076095352956188
5	0.6934998443044901	0.5509794768150662	1.2586672888675674
5	0.669557955018503	0.6140385620789431	1.0904167854728675
5	0.781708264555054	0.6264857191637059	1.2477670929172247
5	0.7672931471296423	0.6189078024176559	1.2397535531663113
5	0.7869003982005754	0.6471323312291156	1.215980658401033
5	0.7071405617381246	0.6515089548321052	1.0853888599587334
5	0.7578396957300952	0.6501714419554949	1.1655997892659984
5	0.5957718269701203	0.5840269736582518	1.0201101213498764
5	0.7386148156843685	0.6512742823641958	1.1341071430045067
5	0.7976349960212513	0.6772759113832859	1.1777105646532458
5	0.7280442642522319	0.6824598335562427	1.0667943056200866
5	0.8675269296911757	0.702572568350223	1.2347862253265847
5	0.8098945959928571	0.596530330550607	1.3576754684800545
5	0.6873557738547739	0.6205250560887946	1.107700272712946
5	0.6743099184454369	0.5635358127870768	1.196569770979603
5	0.7991575155614115	0.6343289880845909	1.2598470676462918
5	0.8227446084178913	0.6856091331910908	1.2000199072444073
5	0.8521458024075752	0.7091103888092767	1.2017110676357183
5	0.7564450989258862	0.68856614363084	1.0985801522815475
5	0.7887716594753824	0.7178886963618473	1.0987380961321156
5	0.7336765482215736	0.6803260469765523	1.0784190190602243
5	0.6312084372948981	0.6466798575100638	0.976075611393347
6	0.6518761729124811	0.5352358907644532	1.2179231328852702
6	0.5927745797506903	0.5570077339215681	1.0642124761487755
6	0.6212817861740201	0.5493356921252541	1.1309692690282385
6	0.6711581639313395	0.5917332143451111	1.1342242545470942
6	0.6733770747828505	0.5992804320348728	1.1236426867741711
6	0.6843609029405269	0.6051273484294657	1.130936991555087
6	0.6856295972462245	0.6095208710333112	1.1248664809194924
6	0.6581607508725114	0.597459373363084	1.1015991717859255
6	0.6298080794132519	0.5550501655466078	1.1346867697859764
6	0.571613162140931	0.4891925387450658	1.1684829936435668
6	0.6584035675977983	0.5539376410423298	1.1885878821285691
6	0.5857211101120718	0.5646072634310411	1.0373956341842379
6	0.5819951041395178	0.5638557136004682	1.0321702699848896
6	0.6296786894104001	0.5572042953465807	1.1300679026868239
6	0.6881252317600979	0.5512413098215289	1.2483194192809803
6	0.6512919622081181	0.549870404888816	1.1844462921036996
6	0.6501702942828729	0.5773464467846559	1.1261354389617981
6	0.6627932280258608	0.5681369414901511	1.1666082235163906
6	0.6222270344031138	0.5326473429088114	1.1681782377906995
6	0.6164934650769023	0.5632035455886111	1.094619289785538
6	0.7296306429052665	0.4896051565178116	1.4902429706716596
6	0.6300502292856898	0.5622055422614397	1.120675948428663
6	0.6176886243650535	0.5583535757703815	1.1062678760726214
6	0.6403800684305706	0.5889006227530299	1.087416184817196
6	0.6488049771808957	0.5942106924126711	1.0918769814567888
6	0.6633897537333237	0.5656625266769282	1.1727659557554735
6	0.6672197330769993	0.5913573262760792	1.1282852235528122
6	0.7139705450810382	0.6078404930755897	1.1746018128348852
6	0.6750435827109544	0.5532441314639631	1.2201549809930972
6	0.6028113886210911	0.5498286907642186	1.096362191982435
6	0.6919635871144229	0.5969504845428633	1.1591641267270592
6	0.6289939229064974	0.5709924903318611	1.1015800269823617
6	0.7104727538624303	0.5882882748441157	1.207694907825064
6	0.6940225818244301	0.5943656823317313	1.1676693363279975
6	0.6066682585336004	0.5490995638896531	1.1048419966611307
6	0.6527980682183638	0.5800837519253637	1.1253514101225093
6	0.7662591845761753	0.5209281277958296	1.4709499136059314
6	0.6276291377534443	0.5741291450980393	1.0931845963790416
6	0.6156512017517517	0.5694640147140017	1.0811064190964663
6	0.7168902806519822	0.5596552697098133	1.2809497550584967
6	0.6436767543878915	0.540207601644618	1.1915359066186224
6	0.5948227911407497	0.5707320538512378	1.0422102405620117
6	0.629461595276647	0.5381411975097022	1.169695979771737
6	0.684964489726047	0.5986606264972604	1.1441615823872484
6	0.6538536232983159	0.586677468594324	1.114502700887671
6	0.6259102597391442	0.581318854101912	1.0767073101493019
6	0.5884242889369616	0.5442377450833366	1.0811897819524792
6	0.5985481775942801	0.575921335523105	1.039288077512571
6	0.654277664306333	0.5999380774040802	1.0905753259359352
6	0.6488883267373581	0.5591182942655613	1.1605564214093829
6	0.6274431762159797	0.5899948138121034	1.0634723586160242
6	0.6718640292730207	0.5324823016516621	1.261758423123214
6	0.6640227276327074	0.5795702638006782	1.1457156605623808
6	0.6407731775572637	0.5809105548555539	1.1030496385396111
6	0.6914932109568246	0.5957704625312703	1.1606705173312113
6	0.6904903388496487	0.5861213044329051	1.178067293625719
6	0.6015273256955382	0.5744463169013253	1.047142801681266
6	0.6532587536615468	0.598312296185638	1.091835748364531
6	0.6343369305959549	0.538087418090805	1.1788733749743752
6	0.6189551616830411	0.5783799060915412	1.0701532939926823
6	0.702616720363792	0.591316875342458	1.1882236913277255
6	0.6488855568786306	0.5907157704925226	1.0984733932828772
6	0.6516927170589195	0.5684706956333722	1.1463963262571064
6	0.7232864403040173	0.6184051867621531	1.1695995696462407
6	0.5731886215646134	0.5490356247152195	1.0439916751520848
6	0.600694476857058	0.5664560993786038	1.0604431261593148
6	0.6471319535777175	0.5710670227467598	1.1331979046261418
6	0.5627548736256426	0.5313422651061188	1.0591193484547103
6	0.6021311939070306	0.5783160759690265	1.0411801070860767
6	0.6700249565228894	0.5732719709322004	1.1687732707973817
6	0.6610420054102508	0.5940718635634448	1.1127307081084372
6	0.6719375974560913	0.5963718803008236	1.1267090546206684
6	0.6982272497565292	0.5958418914383806	1.1718330983257776
6	0.6659713724202373	0.5761346513975416	1.155930077812152
6	0.640400941157347	0.5805791103204246	1.1030382074957992
6	0.6309218998598709	0.5726111995251326	1.1018329721512528
6	0.6121944893370366	0.5453245330225025	1.1226241481268087
6	0.6526745577713721	0.5939859954931714	1.098804622875785
6	0.6575742023720765	0.6012617110094175	1.093657205059873
6	0.6531140852610331	0.4983352759220807	1.3105917176996185
6	0.6677224601238713	0.5827373990243807	1.1458376641721857
6	0.6393235472512858	0.565880257820619	1.1297859192217092
6	0.7076254907457834	0.6095959893203785	1.1608106075873224
6	0.7172953783333085	0.615862784746267	1.1646999885353218
6	0.6133777106040433	0.5427286329974886	1.1301738535819643
6	0.6635225463865154	0.607886250072652	1.0915241894469796
6	0.6289431620399173	0.5756704288207884	1.0925403330656631
6	0.7103704500530611	0.5983761413094183	1.187163726980436
6	0.5863885193928761	0.522210597514026	1.1228966286482271
6	0.6207107206433224	0.5715359287291137	1.0860397211135184
6	0.651661686773849	0.5951115623403992	1.0950244088873937
6	0.622839272686415	0.5768742508860824	1.0796794478688034
6	0.6321308421538356	0.5878361643294236	1.0753520802432108
6	0.5747184446062216	0.5688654948315979	1.0102888113759763
6	0.6864817980830388	0.5794918460609737	1.1846271914770095
6	0.6836212253463032	0.5824689097844725	1.1736613128403015
6	0.5854087235245288	0.5709550705119385	1.0253148693462528
6	0.6554344892382813	0.5083072898606017	1.2894453853259271
6	0.7115702004603165	0.6078053187008644	1.1707205885944554
6	0.6577183856678814	0.5757166288061084	1.1424342337163755
6	0.6832334595324575	0.5761105379405387	1.185941611092306
6	0.6975630185407642	0.5748437380727068	1.213482851669397
6	0.7156573314362447	0.5782967262599337	1.2375261676902005
6	0.5846056655128825	0.5248343832367187	1.113885988009297
6	0.6088546862491209	0.5728515712397912	1.0628489417099967
6	0.6607202938882331	0.5785551708788382	1.1420177835150693
6	0.6663474957608286	0.5692917225483096	1.1704851297996572
6	0.6374137617520583	0.5739524686058539	1.1105689000699894
6	0.5714939437853512	0.5683962678128863	1.0054498527662477
6	0.547275069173905	0.4603107471328946	1.1889252479605983
6	0.6229815041717174	0.579752350121553	1.0745648621193182
6	0.6818776324387091	0.5992038857862888	1.1379726477306367
6	0.6575654997464842	0.585091131754715	1.1238685121998262
6	0.6872241553105753	0.586483319311339	1.1717710166378275
6	0.550562726724011	0.5446557811982874	1.010845281973741
6	0.5977796157216482	0.5707874959075293	1.0472892626549264
6	0.6558650466729432	0.5801903574612151	1.1304307943738738
6	0.6410336790050923	0.520499435254462	1.231574206591989
6	0.7277041532004876	0.5935931257215503	1.2259308972217575
6	0.6789324678072267	0.5998023447743995	1.1319269984891271
6	0.6946661606780994	0.588047544534782	1.1813095167800858
6	0.626568184458644	0.5741326279608061	1.0913300410814093
6	0.5735333117793262	0.5240460626866402	1.0944330138442
6	0.6013592072909895	0.564347841869453	1.0655825409005428
6	0.5958958625311197	0.5049447415195483	1.1801209390514078
6	0.6187402394858721	0.5426211265233202	1.1402804078976099
6	0.6635195566218777	0.5773811126981316	1.1491881913511452
6	0.571179587406295	0.5091531575755592	1.1218227342948983
6	0.6480000647950455	0.5361217150854981	1.208680877049917
6	0.6098326519764112	0.5619737371121625	1.0851621912265568
6	0.6546251896502037	0.5628477479327685	1.1630590902326892
6	0.5538145435177773	0.5215646384606875	1.0618329976362473
6	0.620223958773451	0.5745038781763756	1.0795818485024031
6	0.6684090279767162	0.5974138827792207	1.1188374546423663
6	0.62966841253313	0.5820511824015994	1.0818093521175531
6	0.7244555497958377	0.5905640497489986	1.226717999688172
6	0.7064350138057277	0.5146481234166572	1.372656348411088
6	0.6164162477823194	0.5540567164898705	1.1125508083134823
6	0.622937104870176	0.4860378677018763	1.2816637267700925
6	0.6312623184072675	0.5479829702117837	1.1519743362887687
6	0.6899224199049673	0.5679825159407396	1.2146895380437208
6	0.6804607436392558	0.5839785512674422	1.1652153014223086
6	0.6664549870532746	0.5979471656609364	1.114571696843171
6	0.6670306072161439	0.6135628624180918	1.0871430591273603
6	0.616338026280512	0.5731071482927504	1.075432452930562
6	0.5801702038676323	0.5555955407459582	1.044231210150966
7	0.40754816730861887	0.2843148577997988	1.4334395692946698
7	0.47492125739551866	0.3064861042713346	1.54956864528862
7	0.39534495819934135	0.29123355641974547	1.3574842235197084
7	0.4357159531626246	0.30280276529372113	1.4389431111699942
7	0.38303230330849675	0.2915158707879355	1.3139329336450958
7	0.4279393568473596	0.3011050433239348	1.4212294557516725
7	0.4164615537924675	0.2959845802863288	1.4070380064717967
7	0.4129406667887704	0.2868449485356197	1.4395953942953694
7	0.4580280238564736	0.2795384311941071	1.6385153980435203
7	0.39147346425901774	0.2602729501457876	1.5040881660569811
7	0.46806614199104446	0.2902929784886058	1.6123922267359159
7	0.35063027474356223	0.29823632307739134	1.175679310707485
7	0.4172969464476738	0.2724103698525449	1.5318688002720147
7	0.38572021851759786	0.2864775842415305	1.3464237334268898
7	0.4553106760793494	0.2813545157114307	1.6182810321279348
7	0.40326971956421803	0.29114841216258086	1.3851001850527944
7	0.38566523405187647	0.2918281586802138	1.3215490780466106
7	0.43385872733992714	0.284813719782813	1.5233069799824588
7	0.4585228708922081	0.28462530213509457	1.6109701683323108
7	0.36844489793762447	0.29130966048384366	1.264787777122341
7	0.6002011421044496	0.2764311336051939	2.1712501565097675
7	0.4271020285911461	0.31049736658839794	1.3755415489797755
7	0.36769350842195186	0.2910818592897685	1.263196233936095
7	0.38263898741915564	0.23061386847908893	1.6592193259784447
7	0.3971099394134036	0.2418855560692457	1.6417265498057318
7	0.3765645772954155	0.2790589397345255	1.3494087580697078
7	0.3901377136564941	0.2885729065336611	1.3519554498127695
7	0.5293616265036336	0.28196800152038154	1.8773819144346053
7	0.49511995814668036	0.2800787477047335	1.7677883888164518
7	0.4440438955671061	0.2578723878252217	1.7219520837883038
7	0.3525402676729155	0.2801569808439037	1.2583668863469866
7	0.4180940288381304	0.2693305825946993	1.5523451693092611
7	0.5225310630171689	0.2945129316469006	1.7742211185607473
7	0.3942092516809382	0.29371330942446067	1.3421565827350557
7	0.37429298356391094	0.2901595020113003	1.2899559758319892
7	0.49492108682508257	0.29747981667583034	1.6637131633182627
7	0.4781007477069026	0.2834021435093523	1.6870046986469784
7	0.41726824981339894	0.2798288955956251	1.49115497499009
7	0.3772164870072432	0.2861702752857182	1.3181539788876486
7	0.6241294108996959	0.2785090286423434	2.2409665278793973
7	0.4233159378945087	0.2837796122580204	1.4917066611170713
7	0.32360669000204834	0.29035057433467765	1.1145377988095089
7	0.4058766077453921	0.267493323889884	1.5173335986227259
7	0.42345800601224254	0.27536599715672244	1.5378006376409454
7	0.44102204256909616	0.30165100129562167	1.4620274445463854
7	0.35597193338928895	0.27779347856180864	1.2814265303571037
7	0.4312826570141829	0.2666523344593483	1.6173968920565849
7	0.37830498504221255	0.29357330713219776	1.2886218734861328
7	0.41171588512782653	0.30482609190448895	1.3506582804493958
7	0.49939210874336687	0.27382081471745484	1.8237916254053599
7	0.41610851960677336	0.27714186228311805	1.5014278831023082
7	0.4880171569746608	0.2674721144185629	1.8245534045129297
7	0.5030517896890844	0.2929313778664455	1.7173025073416266
7	0.35049130263731565	0.2856304480103733	1.2270796236141701
7	0.440562680731578	0.267285881991252	1.6482826457178805
7	0.44073959946339725	0.28717759238910906	1.5347283741630529
7	0.34902516579855475	0.2882470811254277	1.2108541201382717
7	0.3764274487209491	0.28788570537936464	1.3075586654255984
7	0.4943159148570023	0.28576373015033435	1.7298063494515312
7	0.4152045928172342	0.30705372911039086	1.3522213002271057
7	0.5466051664392945	0.27527042726687534	1.9857024667214231
7	0.45331946613279384	0.28273457837410126	1.6033393182385445
7	0.42332903509679165	0.22527777402720306	1.8791424805434789
7	0.3540242517272992	0.23739131122273485	1.4913109073108926
7	0.4393315891894075	0.2563573563660818	1.7137467612282442
7	0.37624451419679056	0.2889007672798682	1.302331308218055
7	0.3880062077442755	0.28745848582132244	1.3497817141688113
7	0.493509120501718	0.31483953959445854	1.5674940991763673
7	0.3920534862563364	0.2936811271122616	1.3349631626361587
7	0.4170033187799714	0.28883020480282745	1.4437663092218573
7	0.3961146521484283	0.26426518996715265	1.4989286034897904
7	0.43547054790838036	0.2465919649808216	1.7659559505203204
7	0.4457885752823616	0.2951845647972426	1.5102028643962682
7	0.3607107417402441	0.2839578108346756	1.2702969524943097
7	0.42084314040292253	0.2913932230541055	1.4442447768415705
7	0.42636147967574606	0.30050243453894354	1.4188287037670966
7	0.3764867345927729	0.25367863325349904	1.4841089679655939
7	0.47960445177362415	0.3007157341505141	1.5948764807017803
7	0.3896495671783433	0.2740760282814539	1.4216842298159866
7	0.4256650818761439	0.30042506571865446	1.416876054792231
7	0.4328944974886822	0.26913466569896144	1.6084680000787899
7	0.44210820748862306	0.31008867848122224	1.425747659198707
7	0.4444756529044625	0.2087843407834173	2.128874470358579
7	0.4178179174861745	0.2893973129120706	1.4437518900292026
7	0.41394831224260525	0.28946144570738014	1.4300637213740386
7	0.3642974549505434	0.29687239741043453	1.227117974349403
7	0.37473579490106157	0.2875188677094847	1.3033433175582159
7	0.4660715447847387	0.29539272627877944	1.57780305106389
7	0.3821938761940391	0.2830983708153667	1.3500391227729858
7	0.4340008467773635	0.3009040894782865	1.4423228595192668
7	0.374321729814465	0.2902265942363655	1.2897568219045117
7	0.4185356578081144	0.3130305625176812	1.3370440714857479
7	0.35055471908858155	0.29595291766687704	1.1844948914582556
7	0.47864856590570215	0.3053658805014263	1.567459223406809
7	0.4425477040253547	0.27777483381525075	1.5931886195266167
7	0.42898380574684697	0.28854971839787524	1.4866893931787868
7	0.3290443182609448	0.27169222342290406	1.2110921472668323
7	0.46681502708187883	0.27044891487538847	1.7260746906563393
7	0.4470202439041137	0.293015158019528	1.5255874369281677
7	0.4481483933355682	0.28870575124854414	1.5522669409857421
7	0.43469579393376157	0.2708045272522724	1.6052013544397417
7	0.49347667630297154	0.28529341736029523	1.72971630705297
7	0.5256607787301624	0.29566549372959416	1.777890182920413
7	0.4679097387271042	0.31097549966699056	1.5046514571989347
7	0.38839877802374934	0.28243748122092177	1.3751672630161467
7	0.4479627969408934	0.26574414796182905	1.6856920476955823
7	0.5308354510328905	0.30963697476480306	1.7143800459751535
7	0.3737701303700557	0.2923346359672939	1.2785694351040657
7	0.46383505603951125	0.29706444744080895	1.561395380818608
7	0.42824674874648244	0.29726811740751874	1.4406077331172646
7	0.3970033475533824	0.3041546901755448	1.3052678797234702
7	0.44348342303617166	0.30521389603480553	1.4530250057343337
7	0.36469047159208434	0.266180209197248	1.370088605354717
7	0.43988893147954455	0.3113274233314444	1.412946301910678
7	0.4321697086629884	0.2977138149006555	1.4516279965281411
7	0.40550554812276723	0.2984810848628612	1.3585636366508085
7	0.4426356013895356	0.2996333872684437	1.4772572757153235
7	0.5077149788070088	0.27490098933385576	1.8469012426521687
7	0.49565501615499824	0.29833334600396644	1.6614133914095153
7	0.49066370318088987	0.30618287664988825	1.602518431303232
7	0.46878868071940827	0.280096021103518	1.6736713319685221
7	0.4079154201933104	0.28290567630974917	1.4418778213085055
7	0.3825978415438901	0.2664283939221785	1.436025026880745
7	0.430734910181766	0.31040116977989923	1.3876716717504436
7	0.41573862737868783	0.25738300949671	1.6152528023960417
7	0.4621782327696481	0.2710772908762925	1.7049684659146362
7	0.4688839584576585	0.2842337724105419	1.6496419636594466
7	0.41186959712966775	0.2726102363577434	1.5108368733049915
7	0.41082263659047846	0.2969847771734748	1.3833121027294562
7	0.37426585325133954	0.2908955922285164	1.2865985709310117
7	0.49279636280467753	0.28073430999477206	1.7553834542484479
7	0.36361039589343414	0.2725465031726285	1.3341224035559414
7	0.3933380970519857	0.2490315267476772	1.5794710902227342
7	0.43371145480472084	0.29914188337861397	1.4498519896519693
7	0.4013349640895928	0.23391634294508806	1.7157200691351706
7	0.41704745055609427	0.2751435326294681	1.515745060661579
7	0.4831533768242787	0.25859030244015185	1.8684125903603819
7	0.3784918163183022	0.3010038929335067	1.2574316319620258
7	0.4713938913325883	0.26270615656937946	1.794377023699844
7	0.48988703816611723	0.2991285435360565	1.6377141157278658
7	0.45530084705013846	0.2898971943491033	1.5705596877969465
7	0.39593980258896233	0.2890834235217334	1.3696385554227237
7	0.392816449042399	0.29302460031444366	1.3405579211467877
7	0.3956753869898163	0.28322869597655503	1.3970172959542535
7	0.40400166668251014	0.30021929524016505	1.3456885452992713
7	0.4786226021142504	0.3050053149783549	1.5692270875614625
8	0.4636362607980266	0.4283138872464237	1.0824684293537294
8	0.49489697456221726	0.4394657144849077	1.1261332983445134
8	0.4686406587723827	0.42897631840829464	1.0924627739621189
8	0.4662348646370432	0.4228975259268399	1.102477163031927
8	0.47188488740190176	0.43564892271533934	1.0831769867826337
8	0.4614466828687382	0.4323313085413183	1.0673450517050336
8	0.4697919016438318	0.4349957739647368	1.079991875235817
8	0.48059861174561397	0.43717572806564303	1.0993259252340077
8	0.4833239084463795	0.43870134040781694	1.1017151395003293
8	0.4805919163522455	0.42864288429164593	1.1211942014305172
8	0.45471485608427864	0.4294325619738266	1.0588737239538741
8	0.4247752201060194	0.42363827184736863	1.0026837713544927
8	0.4769396173262622	0.4338926045465819	1.0992112156985585
8	0.46112800946740906	0.43199911296397325	1.0674281396171872
8	0.4552199157401261	0.42003414037449593	1.0837688463472495
8	0.46604339751148477	0.4280794575795623	1.0886843301161364
8	0.4539164843735688	0.4298240689338401	1.0560518062645698
8	0.48504927847351487	0.4335514481476171	1.1187813592733373
8	0.4602813739382867	0.42565913651557746	1.0813379402733487
8	0.43818265808976686	0.4177624510009324	1.0488799484968285
8	0.528026722738973	0.43373256170541963	1.217401618782764
8	0.4588693011533363	0.4258882888455608	1.0774405241270566
8	0.455304299508172	0.433766597741197	1.0496527438468768
8	0.461021817305986	0.4164524128504718	1.1070216021812724
8	0.4738853260598196	0.4286918029183465	1.1054219437689625
8	0.4627783423765933	0.4206817301622255	1.1000676026461484
8	0.4510846825481152	0.42683817931610174	1.056804907355903
8	0.5075759969755026	0.4376299857441573	1.1598291102297464
8	0.48325855890322417	0.4308768934987345	1.1215699105587882
8	0.5032315563809645	0.4282994231279583	1.174952683115381
8	0.44588744877196324	0.42712743764183375	1.043921344022532
8	0.4512055252584952	0.4182752983009062	1.0787285959542825
8	0.5422137039032937	0.43692780109385904	1.240968650989589
8	0.4729786139786797	0.4339406836436061	1.0899614435947547
8	0.4749670517278144	0.4395567389130896	1.0805591398787
8	0.4821437928365781	0.43478113792847906	1.1089344747883016
8	0.4988305316414839	0.4370928853647743	1.1412460562591555
8	0.4868973780235333	0.42621276991883567	1.1423810180916303
8	0.465967111821252	0.44140558317324524	1.0556439011745955
8	0.5561273290189235	0.4346574088449057	1.2794612899773683
8	0.47444579635796663	0.43257834176466886	1.0967858317235737
8	0.4331177564449753	0.4286232979666688	1.0104858007010529
8	0.45830159665962106	0.41686994506206243	1.0993874758502689
8	0.4832188581958478	0.42696979957054443	1.1317401340373017
8	0.47017797367226954	0.4325710136325431	1.086938234080734
8	0.44318837207081785	0.4200783680408255	1.0550135541084238
8	0.476396591906019	0.40971415577827375	1.162753556808596
8	0.43305885159505164	0.42798377683152955	1.0118581007931986
8	0.4624952839354835	0.4278270839256934	1.0810332054990035
8	0.4761011954758243	0.43208033839182813	1.1018811854476847
8	0.4390177317268279	0.4175260393728935	1.051473897020205
8	0.47176675610912683	0.40782270848880636	1.1567937397533996
8	0.49230669223331613	0.4317211481574987	1.14033489981759
8	0.44550002851594106	0.42579177798762663	1.0462861228120923
8	0.515902365843287	0.4216527818771258	1.2235241602025682
8	0.4737795834444071	0.42349796055131483	1.118729315313904
8	0.44239267261906745	0.42968190063631145	1.0295818184660157
8	0.46380836251139357	0.42537599184861313	1.0903491767265938
8	0.4887790740154262	0.4184182826468593	1.1681589793913252
8	0.48291648997589515	0.439783967086466	1.0980766151507948
8	0.4978715891933567	0.41982642979241175	1.1858986330125412
8	0.477960809969014	0.4252456551981203	1.1239640055730469
8	0.4835451811143033	0.4192908385059688	1.1532452815742116
8	0.4504879687988435	0.41620540944866136	1.0823693267120087
8	0.5097059568572584	0.4283362636405698	1.189966855771447
8	0.48087761617910746	0.4444000717729508	1.0820826699253852
8	0.4580355703049254	0.4321915919419032	1.0597975038035823
8	0.4574240714657144	0.4337005612319513	1.0547002064428397
8	0.4519517623929971	0.43259331170655196	1.044749768807283
8	0.45399924685675525	0.42778422204155403	1.0612809530236829
8	0.4537347487934943	0.4227264996496671	1.073352981583897
8	0.48632038394728416	0.420239568854302	1.1572455808317577
8	0.4927668122130508	0.4333346168229813	1.1371508139040454
8	0.454717264281334	0.42389614365859357	1.0727091319036952
8	0.4726726354289214	0.41877370507559086	1.1287065775622218
8	0.4551938648838586	0.43018449416838084	1.0581363834692021
8	0.4759580678458123	0.42499813389458857	1.1199062534327815
8	0.5016393268828707	0.4283967275710772	1.1709690914939155
8	0.46068961820494625	0.4261432366384939	1.0810675345664555
8	0.4597406837485788	0.42987181052845386	1.069483209851342
8	0.45175915838798775	0.42183616953172437	1.0709350952278003
8	0.4448425683848972	0.4254254178883738	1.0456417263286752
8	0.45280599749137024	0.4054173560861393	1.116888536452204
8	0.4614953185370861	0.43322266250448765	1.0652612581926173
8	0.46794288232846337	0.4303200159576929	1.087429970662739
8	0.48004139886559505	0.4369447470539551	1.0986318112352047
8	0.457908093413734	0.4348888297291625	1.0529313748962172
8	0.45037992242169944	0.4230697766420073	1.0645523440517506
8	0.4548442154854512	0.422164116263859	1.0774108882365705
8	0.46383969997485686	0.43306441394615325	1.0710639919550864
8	0.46269706971936425	0.43746297597159683	1.0576828100520346
8	0.460574645756613	0.43362034978024516	1.0621610493834712
8	0.4336091194803623	0.4278328691390501	1.013501184125792
8	0.45437135141211354	0.4240801328351008	1.071428053878655
8	0.47888166733021953	0.4252784387652584	1.1260426668245662
8	0.47678748499284146	0.4358066099696728	1.0940345421241326
8	0.44679557996569874	0.42570786304231734	1.0495356528598703
8	0.4850015190367364	0.42052899845325253	1.1533129007051124
8	0.46802226428052995	0.42520385713358605	1.1007008907106213
8	0.47651938707403074	0.4261385131765879	1.1182265210480178
8	0.46894525048955876	0.4195689922588473	1.1176832872345568
8	0.4622581870818019	0.4357229712672091	1.0608992813425022
8	0.49963590165050953	0.4360328850331178	1.1458674765151278
8	0.4570301705662114	0.42927878372810885	1.0646465371456126
8	0.4636043473549707	0.43409829421593943	1.0679709032082805
8	0.49069639370437645	0.4326082206702887	1.1342743162487416
8	0.5245004580827254	0.43343471317810417	1.2101025647828099
8	0.45766219326826585	0.4276971183447624	1.070061437494533
8	0.4326253318440115	0.4121540133895648	1.0496690989033202
8	0.4481051216554931	0.4266689960971355	1.0502406449834416
8	0.4524346041001179	0.4289808075771867	1.0546733003170803
8	0.46732321214561817	0.4278402729464556	1.0922842978928817
8	0.45585475065520875	0.41886241740697167	1.0883161909756514
8	0.4827907063229627	0.4376019623575549	1.1032644911415757
8	0.4672340399866227	0.4268905982039501	1.0945053415381105
8	0.4476024733942031	0.429891420398682	1.0411988985011513
8	0.48607010752739377	0.4325942943460265	1.1236165476065958
8	0.4950790103269263	0.4356967948208821	1.1362925231764824
8	0.4651528724782059	0.4112311910627507	1.1311225475774458
8	0.4783999647056586	0.42590538888183543	1.1232540775350166
8	0.47303113229685395	0.41009977339096365	1.153453776346995
8	0.48092467987884174	0.42021579496127054	1.1444707353829155
8	0.4602680217169214	0.42878906035355435	1.0734136298566277
8	0.4636738800422844	0.41754725033318957	1.1104704429792969
8	0.47975553977114627	0.42008143527883435	1.1420536578882674
8	0.4832580832984766	0.4276305037968408	1.1300832821974351
8	0.4992169021477018	0.4327363205205758	1.153628384017202
8	0.47237384559048773	0.43588841094097897	1.0837036125157478
8	0.47464624592784377	0.4259953589341498	1.1142052042900645
8	0.44273377395327423	0.42754598790481607	1.035523163538233
8	0.4690087117980594	0.4161065286248431	1.1271361527252373
8	0.4377382954373295	0.4188987299147045	1.0449740335246687
8	0.44961301275875376	0.40990959657869636	1.0968589574663323
8	0.44765813568023294	0.4292065531476563	1.0429899832545866
8	0.4763066454346413	0.41992666222607444	1.1342614991619984
8	0.4503783755148937	0.4195509901189207	1.0734770888926637
8	0.4965881593493431	0.4203543900657774	1.1813559488973973
8	0.4436847416402424	0.43304710617411557	1.0245646150602603
8	0.49097202225011183	0.4268493508485813	1.1502231906269835
8	0.4392621625823221	0.40704484150078984	1.0791493167257586
8	0.4771545111908878	0.437503856374518	1.0906292692936346
8	0.47761487763955285	0.4363728271574428	1.094511041740988
8	0.4585369600708056	0.4228457052309936	1.0844072776388127
8	0.4602649401487661	0.4320872401821565	1.065212987902005
8	0.46510854372685256	0.4384147629376245	1.0608870481695571
8	0.5202876897600193	0.4422300940266468	1.1765090091961699
9	0.9009443148131894	0.8870342439825565	1.015681548852252
9	0.9021365337224416	0.8880514066108427	1.0158607114483984
9	0.9009973312933564	0.8854334009483362	1.0175777538190343
9	0.908385305047991	0.8890133346814042	1.0217904159711273
9	0.8966400297363286	0.8868387871690933	1.011051887568565
9	0.8991146977215072	0.8856276977938542	1.0152287467535737
9	0.89779957302367	0.8845445023391814	1.0149851936781422
9	0.8988350614402574	0.8843376725185225	1.016393499194089
9	0.9013542425246674	0.8859525205078275	1.0173843650312229
9	0.9085647243120277	0.8860670375764546	1.0253905018260336
9	0.8972103112148868	0.8844604875258832	1.0144153683164172
9	0.8888811710983553	0.8841328903636284	1.0053705509505184
9	0.9067866997077012	0.8877371791636497	1.0214585138385195
9	0.9057757884282118	0.8903705312313193	1.0173020744246648
9	0.8998856948847729	0.8876044520230782	1.0138363916874262
9	0.8986500767968207	0.8844288733934538	1.0160795331667563
9	0.8939335519186875	0.8840856751445718	1.011139052527353
9	0.8967962878300181	0.8846292467513924	1.0137538309108662
9	0.9028534307363548	0.887363893143057	1.0174556771049514
9	0.8966169393392531	0.8855979129548928	1.0124424710392488
9	0.9169494584930821	0.8828075344466145	1.0386742553889385
9	0.9052989239266548	0.8915220905109478	1.0154531598962526
9	0.8918514471091094	0.8835803321207523	1.0093609088926923
9	0.9007967256303584	0.8826954191560292	1.0205068544386877
9	0.9034495728786502	0.8810316619732889	1.02544506840441
9	0.898287946196892	0.8865832585259559	1.0132020174736849
9	0.8944325790217691	0.883876289427212	1.0119431754430228
9	0.9087655324973405	0.8843162354750861	1.0276476853431502
9	0.9059842878892714	0.8878849049449802	1.0203848301097234
9	0.9000882635081424	0.8819142107472595	1.020607506421156
9	0.8958860882631553	0.8874553581473609	1.0094998920660012
9	0.8893096086927713	0.8800012267366482	1.0105776920228189
9	0.9141814510126768	0.8804451859803744	1.0383172803594094
9	0.9026281570241835	0.885328488567218	1.0195403950966975
9	0.902757870290333	0.8899875836098025	1.0143488369003242
9	0.8996255961017642	0.8810061439257667	1.02113430457253
9	0.909581453879243	0.8870899946875882	1.0253542023090632
9	0.9028928716544407	0.8818420358790604	1.02387143606099
9	0.8917329696171532	0.8838298117336162	1.008941945359407
9	0.9148029553655963	0.8801688483489385	1.0393493897013353
9	0.9042071873757163	0.8857966911420934	1.0207841104146433
9	0.8897079397254928	0.8846022164953898	1.0057717730465685
9	0.9032111162004133	0.8830560625405124	1.022824206202623
9	0.8980745607566807	0.8788872850925611	1.021831326939835
9	0.9010559754017056	0.8868474263717677	1.0160214131624279
9	0.8914458985868052	0.880496535528376	1.0124354413863295
9	0.8925612580289191	0.8780661945428977	1.0165079393513916
9	0.8897445717054364	0.8839373673264657	1.0065697011956118
9	0.8931599181328937	0.8805494479825677	1.0143211379885797
9	0.9123379940163799	0.8911737115713898	1.0237487732977126
9	0.8949763744330312	0.8823280109117848	1.014335217022268
9	0.9048069643508022	0.8807086409474517	1.0273624241695027
9	0.8984954631756885	0.8847899355332964	1.0154901486691654
9	0.8980020671990289	0.888102597025786	1.0111467641310765
9	0.9035981953305688	0.8785586839281129	1.028500670314363
9	0.8968126368530086	0.8800118446410385	1.019091552362938
9	0.8938092948027594	0.8868495896377022	1.0078476725324983
9	0.8911224705033067	0.8810757142780301	1.011402829589406
9	0.9057113208314232	0.8765689081768385	1.0332460031182233
9	0.9030013309563802	0.8858022077815307	1.0194164374662424
9	0.9075238820074697	0.8767891391835332	1.0350537449090174
9	0.903199401873205	0.884747994449256	1.0208549864364878
9	0.9055611137119769	0.8812479054147192	1.0275895217995619
9	0.8979135856036431	0.8829763463147985	1.01691691895393
9	0.8996347003613252	0.8778271005146491	1.0248427051681257
9	0.8993724184085892	0.888200630903886	1.0125779999653164
9	0.8952942943322817	0.8824115474865901	1.0145994767207955
9	0.8994426980537968	0.8852279681392563	1.0160577053890647
9	0.9007243897761825	0.8881768947151667	1.0141272477765138
9	0.8943493887679963	0.8842333782700696	1.0114404304864828
9	0.8995091101413409	0.8842239864395415	1.0172864838957234
9	0.9039550621852506	0.8847291959956232	1.0217307920623007
9	0.9041042152589387	0.8840097406777531	1.0227310556168527
9	0.9020867949228186	0.88754485559945	1.0163844556493395
9	0.9033130189437341	0.884582917521297	1.0211739352540528
9	0.9027120072042137	0.887954883333694	1.0166192271110852
9	0.8957392382104288	0.8839451341879735	1.0133425747439515
9	0.9089398899314094	0.8842721896555055	1.0278960489365994
9	0.8974666662322152	0.8840452505823928	1.0151818197552451
9	0.904994688756234	0.8866527839075198	1.020686682748438
9	0.9000854664430911	0.8824574606167804	1.0199760403339893
9	0.9008499129126315	0.8871407317466946	1.0154532203012985
9	0.9147132731859873	0.881603240972216	1.0375566135365588
9	0.9057483564513749	0.8899990396510875	1.0176958806679854
9	0.8985656874544944	0.8863271337306127	1.0138081677273816
9	0.8953080285582953	0.8847293390686964	1.0119569782785032
9	0.8954460006828162	0.8855477752599342	1.0111775171248967
9	0.8996926503356342	0.8863681160741225	1.0150327319088692
9	0.9077578321293649	0.8902086288446012	1.019713584789153
9	0.9042265174817473	0.8897936255565622	1.0162204937309565
9	0.8960662948672373	0.8878951996365038	1.0092027699148263
9	0.9001320588690689	0.888253940245395	1.0133724356127172
9	0.8959935567692122	0.8882235574852538	1.0087477969014433
9	0.8935620197643889	0.8766444311571061	1.0192981190617418
9	0.9089948406527816	0.8870160547903213	1.0247783405314528
9	0.9029746813126873	0.886218208050993	1.0189078413301231
9	0.8910647060239036	0.8852650331653841	1.006551340718589
9	0.9086250644788972	0.8857028407609305	1.025880264421726
9	0.9055576221731425	0.8863364837302299	1.021686051286097
9	0.8992187516852808	0.8840049143897378	1.017210127509354
9	0.9035903966102736	0.8850079508048995	1.0209969252688338
9	0.8986609084638012	0.8859104907701427	1.014392444639158
9	0.9144420658653569	0.8843253470302094	1.034056152451456
9	0.905261638088723	0.8908881584168333	1.0161338766668897
9	0.8945276919527624	0.8815964513417168	1.0146679816954405
9	0.9096410866969753	0.8852431960223082	1.027560664441472
9	0.9076042158604023	0.8838937649318349	1.026825000774155
9	0.8972961527886083	0.886817078022432	1.011816500861197
9	0.896527458189895	0.8777568287848292	1.0213847717152504
9	0.899242302761041	0.8847672220194883	1.0163603266275092
9	0.8979129118190713	0.885739258423839	1.0137440598680192
9	0.9006823289717009	0.8867901220145978	1.0156657213609268
9	0.893137910426059	0.8782851691156917	1.0169110692434007
9	0.9030325193034944	0.8849578921254437	1.0204242793232117
9	0.8923581990135183	0.8835238446381566	1.00999899938069
9	0.8903816894886404	0.8815470384898569	1.0100217579017878
9	0.8972374040163056	0.881309917781723	1.0180725144619642
9	0.9105708937697374	0.88590382204374	1.0278439612881358
9	0.896438314813512	0.8796263750971057	1.0191125916552357
9	0.9001144259709373	0.8808089208134205	1.0219179264666032
9	0.9029096058015469	0.878393824553221	1.0279097832464787
9	0.8933491249231847	0.878279901593462	1.0171576547549166
9	0.9055044709287262	0.8864018467217106	1.02155074955864
9	0.8976616026877883	0.8822366699104326	1.0174838944054794
9	0.9016836895872185	0.8824445485416883	1.0218020963213206
9	0.9084482010088873	0.8824100039729655	1.0295080483207208
9	0.9082970988633783	0.8879712137269489	1.0228902523214898
9	0.9031007676151953	0.8877510257213996	1.017290593250875
9	0.9017051898145569	0.8874598243768331	1.0160518426259204
9	0.8951209556075517	0.886954686552226	1.009207087102803
9	0.9087950940457677	0.8830749254280172	1.0291256923700831
9	0.8966221451124137	0.8847115970472149	1.0134626335915016
9	0.8964303814769993	0.8779098067213618	1.0210962158229038
9	0.8925125956816451	0.882519079274148	1.0113238530952968
9	0.9072246362694653	0.8843944121189801	1.025814527814332
9	0.9001153040934817	0.8839402609091159	1.0182987967622723
9	0.9050144424536685	0.8832202748028862	1.024675800898758
9	0.8995946701335622	0.8890512289092336	1.0118592055007496
9	0.9046057832060519	0.8834685357914666	1.0239252973459312
9	0.9027591688099477	0.8840480291454155	1.0211652976395635
9	0.9013927680313095	0.8858556728054323	1.017539081932695
9	0.8994110522520575	0.8867995406408127	1.0142213781506153
9	0.8892789526995404	0.8821640190406347	1.0080653183595532
9	0.8917089733854848	0.8844103188493615	1.00825256600988
9	0.9037480697675704	0.8902008969549557	1.0152181073496493
9	0.9108132255566399	0.8883166612837098	1.025324937889176
